  1    0.147375
  2    0.085915
  3    0.026172
  4    0.032972
  5    0.031315
  6    0.018478
  7    0.016732
  8    0.007725
  9    0.003217
 10    0.004987
 11    0.014903
 12    0.010105
 13    0.010521
 14    0.010572
 15    0.009178
 16    0.006057
 17    0.002836
 18    0.011204
 19    0.007955
 20    0.004052
 21    0.004305
 22    0.005284
 23    0.003909
 24    0.005183
 25    0.004161
 26    0.006356
 27    0.005168
 28    0.004474
 29    0.004187
 30    0.004749
 31    0.003413
 32    0.006665
 33    0.004868
 34    0.003131
 35    0.003143
 36    0.004854
 37    0.004066
 38    0.003508
 39    0.003646
 40    0.003720
 41    0.003117
 42    0.002866
 43    0.004164
 44    0.002832
 45    0.002211
 46    0.002826
 47    0.002183
 48    0.002481
 49    0.002275
 50    0.001402
 51    0.001927
 52    0.004366
 53    0.001955
 54    0.001794
 55    0.003855
 56    0.002075
 57    0.003404
 58    0.002485
 59    0.001996
 60    0.003037
 61    0.002223
 62    0.002545
 63    0.001730
 64    0.001510
 65    0.001309
 66    0.002173
 67    0.001807
 68    0.001512
 69    0.001642
 70    0.001692
 71    0.001785
 72    0.001341
 73    0.002180
 74    0.001725
 75    0.001754
 76    0.001124
 77    0.002310
 78    0.001827
 79    0.001849
 80    0.002258
 81    0.002078
 82    0.001608
 83    0.001580
 84    0.001608
 85    0.002363
 86    0.001584
 87    0.001742
 88    0.001291
 89    0.001731
 90    0.001604
 91    0.001292
 92    0.001169
 93    0.001263
 94    0.001477
 95    0.000846
 96    0.000761
 97    0.001505
 98    0.001481
 99    0.001146
100    0.000897
101    0.001871
102    0.001636
103    0.001195
104    0.001416
105    0.001017
106    0.001440
107    0.003013
108    0.001837
109    0.000717
110    0.001144
111    0.001099
112    0.000924
113    0.000782
114    0.001495
115    0.000843
116    0.000964
117    0.000823
118    0.001101
119    0.001376
120    0.001216
121    0.001221
122    0.001178
123    0.001130
124    0.001103
125    0.001084
126    0.001360
127    0.001054
128    0.001338
129    0.000833
130    0.001557
131    0.001162
132    0.000614
133    0.000840
134    0.001208
135    0.001111
136    0.001167
137    0.001539
138    0.001517
139    0.001159
140    0.001276
141    0.001083
142    0.000797
143    0.000435
144    0.001299
145    0.001233
146    0.000942
147    0.001141
148    0.000866
149    0.000982
150    0.001297
151    0.000828
152    0.001026
153    0.000750
154    0.001013
155    0.000884
156    0.000842
157    0.000817
158    0.000598
159    0.001038
160    0.001001
161    0.000932
162    0.001457
163    0.000791
164    0.000633
165    0.001159
166    0.000778
167    0.000869
168    0.000776
169    0.000724
170    0.000894
171    0.001143
172    0.000716
173    0.000904
174    0.000720
175    0.000981
176    0.000996
177    0.000588
178    0.001356
179    0.001312
180    0.001023
181    0.000830
182    0.000618
183    0.000468
184    0.000627
185    0.001154
186    0.000653
187    0.000606
188    0.000995
189    0.000848
190    0.000604
191    0.000544
192    0.000558
193    0.001036
194    0.000655
195    0.000632
196    0.000433
197    0.001097
198    0.000902
199    0.000406
200    0.000601
201    0.000945
202    0.000662
203    0.000991
204    0.000532
205    0.000837
206    0.000441
207    0.000530
208    0.000902
209    0.000614
210    0.000659
211    0.000442
212    0.000458
213    0.000713
214    0.000496
215    0.000404
216    0.000965
217    0.000729
218    0.000496
219    0.000522
220    0.000396
221    0.001183
222    0.000793
223    0.000863
224    0.001040
225    0.000624
226    0.000791
227    0.000543
228    0.000841
229    0.000626
230    0.000656
231    0.000440
232    0.000548
233    0.000603
234    0.000591
235    0.000836
236    0.000602
237    0.000336
238    0.000959
239    0.001053
240    0.000811
241    0.000355
242    0.000637
243    0.000677
244    0.000785
245    0.000541
246    0.000763
247    0.000693
248    0.000780
249    0.000767
250    0.001057
251    0.000545
252    0.001087
253    0.000954
254    0.000625
255    0.001016
256    0.000645
257    0.000493
258    0.000914
259    0.000623
260    0.000400
261    0.000612
262    0.000538
263    0.000492
264    0.000409
265    0.000461
266    0.000429
267    0.000492
268    0.000540
269    0.000435
270    0.000492
271    0.000636
272    0.000348
273    0.000829
274    0.000445
275    0.000332
276    0.000622
277    0.000615
278    0.000534
279    0.000348
280    0.000415
281    0.000294
282    0.000660
283    0.000504
284    0.000470
285    0.000476
286    0.000316
287    0.000493
288    0.000785
289    0.000453
290    0.000442
291    0.000530
292    0.000637
293    0.000649
294    0.000629
295    0.000646
296    0.000391
297    0.000276
298    0.000469
299    0.000526
300    0.000405
301    0.000456
302    0.000557
303    0.000594
304    0.000324
305    0.000458
306    0.000440
307    0.000522
308    0.000487
309    0.000382
310    0.000377
311    0.000405
312    0.000675
313    0.000389
314    0.000274
315    0.000358
316    0.000336
317    0.000469
318    0.000489
319    0.000386
320    0.000377
321    0.000533
322    0.000451
323    0.000448
324    0.000518
325    0.000355
326    0.000371
327    0.000271
328    0.000318
329    0.000376
330    0.000597
331    0.000420
332    0.000766
333    0.000879
334    0.000423
335    0.000471
336    0.000552
337    0.000554
338    0.000353
339    0.000540
340    0.000465
341    0.000472
342    0.000430
343    0.000387
344    0.000565
345    0.000757
346    0.000425
347    0.000360
348    0.000401
349    0.000591
350    0.000306
351    0.000378
352    0.000408
353    0.000461
354    0.000460
355    0.000578
356    0.000426
357    0.000622
358    0.000295
359    0.000531
360    0.000354
361    0.000465
362    0.000472
363    0.000340
364    0.000378
365    0.000505
366    0.000488
367    0.000347
368    0.000440
369    0.000412
370    0.000491
371    0.000420
372    0.000562
373    0.000330
374    0.000445
375    0.000251
376    0.000363
377    0.000644
378    0.000376
379    0.000346
380    0.000397
381    0.000456
382    0.000418
383    0.000409
384    0.000327
385    0.000354
386    0.000444
387    0.000445
388    0.000740
389    0.000318
390    0.000423
391    0.000505
392    0.000449
393    0.000540
394    0.000298
395    0.000254
396    0.000414
397    0.000648
398    0.000230
399    0.000437
400    0.000499
401    0.000400
402    0.000488
403    0.000461
404    0.000451
405    0.000296
406    0.000372
407    0.000438
408    0.000571
409    0.000386
410    0.000432
411    0.000444
412    0.000316
413    0.000496
414    0.000535
415    0.000325
416    0.000330
417    0.000404
418    0.000557
419    0.000415
420    0.000383
421    0.000342
422    0.000673
423    0.000285
424    0.000486
425    0.000571
426    0.000457
427    0.000398
428    0.000252
429    0.000428
430    0.000731
431    0.000420
432    0.000510
433    0.000463
434    0.000375
435    0.000366
436    0.000438
437    0.000450
438    0.000365
439    0.000258
440    0.000320
441    0.000427
442    0.000533
443    0.000471
444    0.000316
445    0.000455
446    0.000485
447    0.000529
448    0.000329
449    0.000423
450    0.000586
451    0.000284
452    0.000427
453    0.000321
454    0.000284
455    0.000664
456    0.000314
457    0.000356
458    0.000523
459    0.000660
460    0.000298
461    0.000386
462    0.000409
463    0.000444
464    0.000544
465    0.000482
466    0.000484
467    0.000374
468    0.000455
469    0.000493
470    0.000335
471    0.000404
472    0.000358
473    0.000211
474    0.000383
475    0.000465
476    0.000413
477    0.000232
478    0.000478
479    0.000287
480    0.000225
481    0.000416
482    0.000436
483    0.000228
484    0.000382
485    0.000283
486    0.000323
487    0.000416
488    0.000304
489    0.000237
490    0.000310
491    0.000219
492    0.000467
493    0.000341
494    0.000449
495    0.000288
496    0.000326
497    0.000326
498    0.000178
499    0.000385
500    0.000422
501    0.000392
502    0.000269
503    0.000320
504    0.000533
505    0.000348
506    0.000371
507    0.000187
508    0.000303
509    0.000373
510    0.000328
511    0.000249
512    0.000292
513    0.000203
514    0.000353
515    0.000260
516    0.000232
517    0.000478
518    0.000368
519    0.000311
520    0.000315
521    0.000325
522    0.000322
523    0.000238
524    0.000417
525    0.000362
526    0.000435
527    0.000481
528    0.000345
529    0.000262
530    0.000245
531    0.000319
532    0.000318
533    0.000408
534    0.000322
535    0.000320
536    0.000341
537    0.000410
538    0.000412
539    0.000401
540    0.000324
541    0.000371
542    0.000244
543    0.000297
544    0.000300
545    0.000306
546    0.000301
547    0.000253
548    0.000350
549    0.000338
550    0.000273
551    0.000265
552    0.000199
553    0.000294
554    0.000300
555    0.000220
556    0.000214
557    0.000252
558    0.000344
559    0.000313
560    0.000220
561    0.000405
562    0.000312
563    0.000221
564    0.000241
565    0.000269
566    0.000238
567    0.000257
568    0.000348
569    0.000288
570    0.000209
571    0.000289
572    0.000288
573    0.000213
574    0.000282
575    0.000188
576    0.000307
577    0.000272
578    0.000331
579    0.000221
580    0.000189
581    0.000206
582    0.000262
583    0.000309
584    0.000243
585    0.000232
586    0.000187
587    0.000204
588    0.000336
589    0.000225
590    0.000225
591    0.000247
592    0.000277
593    0.000193
594    0.000356
595    0.000280
596    0.000197
597    0.000357
598    0.000385
599    0.000197
600    0.000288
601    0.000234
602    0.000263
603    0.000431
604    0.000213
605    0.000267
606    0.000303
607    0.000230
608    0.000286
609    0.000245
610    0.000282
611    0.000281
612    0.000270
613    0.000229
614    0.000229
615    0.000279
616    0.000272
617    0.000295
618    0.000245
619    0.000343
620    0.000175
621    0.000282
622    0.000266
623    0.000245
624    0.000210
625    0.000287
626    0.000253
627    0.000410
628    0.000244
629    0.000206
630    0.000224
631    0.000201
632    0.000240
633    0.000227
634    0.000196
635    0.000246
636    0.000316
637    0.000211
638    0.000353
639    0.000225
640    0.000249
641    0.000188
642    0.000192
643    0.000194
644    0.000227
645    0.000208
646    0.000216
647    0.000173
648    0.000272
649    0.000147
650    0.000256
651    0.000233
652    0.000210
653    0.000200
654    0.000218
655    0.000293
656    0.000223
657    0.000307
658    0.000182
659    0.000279
660    0.000322
661    0.000275
662    0.000326
663    0.000216
664    0.000301
665    0.000138
666    0.000166
667    0.000227
668    0.000198
669    0.000255
670    0.000158
671    0.000243
672    0.000365
673    0.000242
674    0.000149
675    0.000260
676    0.000345
677    0.000182
678    0.000245
679    0.000217
680    0.000291
681    0.000336
682    0.000335
683    0.000384
684    0.000449
685    0.000257
686    0.000316
687    0.000256
688    0.000248
689    0.000271
690    0.000273
691    0.000211
692    0.000157
693    0.000146
694    0.000159
695    0.000247
696    0.000407
697    0.000258
698    0.000147
699    0.000156
700    0.000175
701    0.000219
702    0.000299
703    0.000194
704    0.000198
705    0.000182
706    0.000288
707    0.000288
708    0.000157
709    0.000222
710    0.000213
711    0.000210
712    0.000173
713    0.000186
714    0.000237
715    0.000212
716    0.000282
717    0.000211
718    0.000232
719    0.000301
720    0.000321
721    0.000183
722    0.000209
723    0.000326
724    0.000180
725    0.000255
726    0.000342
727    0.000271
728    0.000192
729    0.000247
730    0.000266
731    0.000328
732    0.000228
733    0.000269
734    0.000397
735    0.000174
736    0.000221
737    0.000193
738    0.000287
739    0.000135
740    0.000354
741    0.000278
742    0.000166
743    0.000246
744    0.000193
745    0.000219
746    0.000182
747    0.000229
748    0.000222
749    0.000202
750    0.000101
751    0.000184
752    0.000302
753    0.000146
754    0.000175
755    0.000153
756    0.000284
757    0.000215
758    0.000125
759    0.000102
760    0.000246
761    0.000320
762    0.000239
763    0.000241
764    0.000162
765    0.000144
766    0.000130
767    0.000143
768    0.000248
769    0.000191
770    0.000133
771    0.000217
772    0.000175
773    0.000124
774    0.000128
775    0.000156
776    0.000165
777    0.000268
778    0.000256
779    0.000195
780    0.000223
781    0.000275
782    0.000140
783    0.000244
784    0.000280
785    0.000236
786    0.000382
787    0.000165
788    0.000130
789    0.000242
790    0.000186
791    0.000230
792    0.000188
793    0.000267
794    0.000229
795    0.000206
796    0.000174
797    0.000211
798    0.000121
799    0.000176
800    0.000146
801    0.000223
802    0.000248
803    0.000237
804    0.000127
805    0.000242
806    0.000112
807    0.000242
808    0.000181
809    0.000214
810    0.000286
811    0.000202
812    0.000181
813    0.000080
814    0.000134
815    0.000258
816    0.000075
817    0.000401
818    0.000278
819    0.000198
820    0.000497
821    0.000225
822    0.000311
823    0.000161
824    0.000117
825    0.000460
