  1    0.131587
  2    0.082368
  3    0.036093
  4    0.029306
  5    0.037105
  6    0.010066
  7    0.018877
  8    0.007007
  9    0.017340
 10    0.010673
 11    0.012428
 12    0.014191
 13    0.005541
 14    0.007985
 15    0.006185
 16    0.006334
 17    0.008440
 18    0.007779
 19    0.005295
 20    0.006412
 21    0.010741
 22    0.007771
 23    0.004314
 24    0.005955
 25    0.011452
 26    0.003486
 27    0.003819
 28    0.004418
 29    0.004211
 30    0.004840
 31    0.004896
 32    0.004635
 33    0.003838
 34    0.005085
 35    0.002814
 36    0.003104
 37    0.003881
 38    0.003072
 39    0.003327
 40    0.003253
 41    0.005713
 42    0.001824
 43    0.003166
 44    0.002725
 45    0.003086
 46    0.002367
 47    0.004064
 48    0.003572
 49    0.003135
 50    0.002630
 51    0.003459
 52    0.003033
 53    0.002026
 54    0.002437
 55    0.001329
 56    0.001602
 57    0.001121
 58    0.003081
 59    0.001070
 60    0.002057
 61    0.001552
 62    0.001652
 63    0.002149
 64    0.001932
 65    0.001194
 66    0.001885
 67    0.001188
 68    0.001122
 69    0.002003
 70    0.001141
 71    0.001539
 72    0.001652
 73    0.002240
 74    0.001362
 75    0.001186
 76    0.001847
 77    0.001835
 78    0.001365
 79    0.001985
 80    0.001501
 81    0.001423
 82    0.001124
 83    0.002058
 84    0.001785
 85    0.001170
 86    0.001862
 87    0.001676
 88    0.001633
 89    0.001770
 90    0.001905
 91    0.000904
 92    0.001660
 93    0.001769
 94    0.000888
 95    0.000903
 96    0.001468
 97    0.002894
 98    0.001283
 99    0.001241
100    0.001065
101    0.001584
102    0.001737
103    0.001937
104    0.001916
105    0.001236
106    0.001141
107    0.001203
108    0.001036
109    0.001142
110    0.001592
111    0.000982
112    0.001099
113    0.001174
114    0.000861
115    0.000675
116    0.001322
117    0.001081
118    0.000837
119    0.001331
120    0.000927
121    0.000807
122    0.000568
123    0.000557
124    0.001309
125    0.001318
126    0.000957
127    0.000903
128    0.000790
129    0.000972
130    0.000756
131    0.001353
132    0.000635
133    0.000970
134    0.001247
135    0.001735
136    0.001067
137    0.000818
138    0.001179
139    0.000880
140    0.001120
141    0.001015
142    0.000877
143    0.000834
144    0.001048
145    0.000845
146    0.001430
147    0.000979
148    0.001196
149    0.001037
150    0.000955
151    0.001013
152    0.000953
153    0.001036
154    0.000686
155    0.000976
156    0.001120
157    0.000832
158    0.001115
159    0.000895
160    0.001314
161    0.000744
162    0.000668
163    0.000538
164    0.000677
165    0.000932
166    0.001094
167    0.000687
168    0.000592
169    0.000854
170    0.000883
171    0.000702
172    0.000853
173    0.001375
174    0.000923
175    0.000592
176    0.001360
177    0.001263
178    0.001081
179    0.001044
180    0.000889
181    0.000684
182    0.000744
183    0.000950
184    0.000602
185    0.000871
186    0.000506
187    0.000668
188    0.000665
189    0.000624
190    0.001129
191    0.001593
192    0.000814
193    0.000654
194    0.000548
195    0.001133
196    0.000595
197    0.000880
198    0.001009
199    0.000742
200    0.000455
201    0.000737
202    0.000444
203    0.000495
204    0.000865
205    0.001152
206    0.000932
207    0.000853
208    0.001089
209    0.000576
210    0.000892
211    0.000818
212    0.000784
213    0.000792
214    0.000881
215    0.000550
216    0.001016
217    0.000545
218    0.000904
219    0.000521
220    0.000704
221    0.000541
222    0.000869
223    0.000460
224    0.000569
225    0.000782
226    0.000721
227    0.000659
228    0.000703
229    0.000690
230    0.001002
231    0.000679
232    0.000705
233    0.000737
234    0.000647
235    0.001155
236    0.000596
237    0.000610
238    0.000831
239    0.000476
240    0.000905
241    0.001240
242    0.000631
243    0.000703
244    0.000570
245    0.001247
246    0.000563
247    0.000500
248    0.001050
249    0.000264
250    0.000791
251    0.000420
252    0.000473
253    0.000481
254    0.000757
255    0.000994
256    0.000196
257    0.000639
258    0.000497
259    0.000629
260    0.000563
261    0.000585
262    0.000529
263    0.000737
264    0.000661
265    0.000504
266    0.000569
267    0.000309
268    0.000611
269    0.000740
270    0.000715
271    0.000695
272    0.000625
273    0.000473
274    0.000317
275    0.000413
276    0.000608
277    0.000970
278    0.000553
279    0.000902
280    0.000488
281    0.000539
282    0.000320
283    0.000252
284    0.000787
285    0.000330
286    0.000718
287    0.000412
288    0.000828
289    0.000326
290    0.000343
291    0.000656
292    0.000810
293    0.000800
294    0.000279
295    0.001022
296    0.000634
297    0.000569
298    0.000256
299    0.000420
300    0.000410
301    0.000389
302    0.000616
303    0.000652
304    0.000556
305    0.000573
306    0.000519
307    0.000322
308    0.000855
309    0.000800
310    0.000284
311    0.000558
312    0.000426
313    0.000673
314    0.000234
315    0.000551
316    0.000599
317    0.000547
318    0.000832
319    0.000374
320    0.000313
321    0.000815
322    0.000279
323    0.000646
324    0.000470
325    0.000542
326    0.000323
327    0.000527
328    0.000517
329    0.000359
330    0.000406
331    0.000344
332    0.000629
333    0.000778
334    0.000516
335    0.000386
336    0.000462
337    0.000397
338    0.000562
339    0.000444
340    0.000721
341    0.000673
342    0.000489
343    0.000545
344    0.000477
345    0.000322
346    0.000597
347    0.000632
348    0.000557
349    0.000324
350    0.000403
351    0.000229
352    0.000531
353    0.000261
354    0.000445
355    0.000604
356    0.000588
357    0.000635
358    0.000490
359    0.000481
360    0.000335
361    0.000372
362    0.000347
363    0.000507
364    0.000262
365    0.000354
366    0.000499
367    0.000315
368    0.000317
369    0.000255
370    0.000382
371    0.000394
372    0.000572
373    0.000460
374    0.000514
375    0.000372
376    0.000284
377    0.000382
378    0.000453
379    0.000415
380    0.000325
381    0.000367
382    0.000276
383    0.000274
384    0.000217
385    0.000180
386    0.000406
387    0.000346
388    0.000368
389    0.000254
390    0.000261
391    0.000376
392    0.000478
393    0.000425
394    0.000322
395    0.000433
396    0.000403
397    0.000469
398    0.000528
399    0.000586
400    0.000513
401    0.000304
402    0.000308
403    0.000518
404    0.000209
405    0.000446
406    0.000255
407    0.000377
408    0.000414
409    0.000391
410    0.000318
411    0.000299
412    0.000449
413    0.000354
414    0.000244
415    0.000323
416    0.000472
417    0.000284
418    0.000309
419    0.000322
420    0.000212
421    0.000399
422    0.000440
423    0.000373
424    0.000347
425    0.000416
426    0.000311
427    0.000368
428    0.000249
429    0.000355
430    0.000445
431    0.000388
432    0.000369
433    0.000287
434    0.000519
435    0.000368
436    0.000455
437    0.000381
438    0.000370
439    0.000483
440    0.000403
441    0.000351
442    0.000308
443    0.000626
444    0.000453
445    0.000267
446    0.000399
447    0.000271
448    0.000275
449    0.000445
450    0.000310
451    0.000381
452    0.000256
453    0.000386
454    0.000240
455    0.000429
456    0.000312
457    0.000495
458    0.000424
459    0.000500
460    0.000365
461    0.000250
462    0.000274
463    0.000313
464    0.000239
465    0.000190
466    0.000380
467    0.000284
468    0.000417
469    0.000315
470    0.000210
471    0.000245
472    0.000300
473    0.000294
474    0.000366
475    0.000336
476    0.000346
477    0.000252
478    0.000214
479    0.000242
480    0.000470
481    0.000346
482    0.000277
483    0.000406
484    0.000387
485    0.000303
486    0.000306
487    0.000235
488    0.000211
489    0.000162
490    0.000233
491    0.000249
492    0.000291
493    0.000361
494    0.000468
495    0.000298
496    0.000280
497    0.000259
498    0.000249
499    0.000325
500    0.000313
501    0.000528
502    0.000206
503    0.000331
504    0.000320
505    0.000409
506    0.000325
507    0.000407
508    0.000397
509    0.000384
510    0.000305
511    0.000332
512    0.000430
513    0.000304
514    0.000416
515    0.000394
516    0.000255
517    0.000420
518    0.000190
519    0.000320
520    0.000320
521    0.000275
522    0.000369
523    0.000204
524    0.000320
525    0.000284
526    0.000218
527    0.000218
528    0.000302
529    0.000274
530    0.000218
531    0.000282
532    0.000301
533    0.000363
534    0.000325
535    0.000421
536    0.000353
537    0.000372
538    0.000339
539    0.000333
540    0.000333
541    0.000197
542    0.000254
543    0.000270
544    0.000230
545    0.000283
546    0.000290
547    0.000222
548    0.000245
549    0.000303
550    0.000340
551    0.000331
552    0.000351
553    0.000231
554    0.000299
555    0.000245
556    0.000277
557    0.000300
558    0.000328
559    0.000254
560    0.000233
561    0.000239
562    0.000312
563    0.000317
564    0.000517
565    0.000369
566    0.000307
567    0.000304
568    0.000226
569    0.000230
570    0.000354
571    0.000317
572    0.000302
573    0.000318
574    0.000264
575    0.000325
576    0.000299
577    0.000415
578    0.000284
579    0.000241
580    0.000170
581    0.000291
582    0.000321
583    0.000278
584    0.000212
585    0.000247
586    0.000348
587    0.000246
588    0.000270
589    0.000121
590    0.000269
591    0.000260
592    0.000310
593    0.000247
594    0.000176
595    0.000227
596    0.000319
597    0.000261
598    0.000355
599    0.000274
600    0.000228
601    0.000307
602    0.000216
603    0.000315
604    0.000252
605    0.000270
606    0.000318
607    0.000313
608    0.000268
609    0.000225
610    0.000289
611    0.000198
612    0.000175
613    0.000363
614    0.000278
615    0.000195
616    0.000446
617    0.000245
618    0.000283
619    0.000235
620    0.000365
621    0.000268
622    0.000242
623    0.000243
624    0.000148
625    0.000171
626    0.000311
627    0.000211
628    0.000307
629    0.000159
630    0.000199
631    0.000212
632    0.000214
633    0.000150
634    0.000234
635    0.000234
636    0.000183
637    0.000173
638    0.000276
639    0.000248
640    0.000222
641    0.000163
642    0.000174
643    0.000245
644    0.000142
645    0.000198
646    0.000290
647    0.000212
648    0.000195
649    0.000293
650    0.000104
651    0.000275
652    0.000208
653    0.000238
654    0.000207
655    0.000208
656    0.000153
657    0.000173
658    0.000128
659    0.000239
660    0.000213
661    0.000196
662    0.000292
663    0.000282
664    0.000291
665    0.000199
666    0.000246
667    0.000212
668    0.000278
669    0.000227
670    0.000169
671    0.000277
672    0.000265
673    0.000183
674    0.000220
675    0.000305
676    0.000331
677    0.000205
678    0.000355
679    0.000196
680    0.000262
681    0.000445
682    0.000176
683    0.000253
684    0.000225
685    0.000295
686    0.000339
687    0.000162
688    0.000250
689    0.000283
690    0.000404
691    0.000281
692    0.000177
693    0.000163
694    0.000283
695    0.000265
696    0.000208
697    0.000261
698    0.000212
699    0.000170
700    0.000227
701    0.000225
702    0.000199
703    0.000221
704    0.000261
705    0.000199
706    0.000117
707    0.000139
708    0.000197
709    0.000276
710    0.000148
711    0.000171
712    0.000170
713    0.000223
714    0.000209
715    0.000150
716    0.000170
717    0.000197
718    0.000283
719    0.000357
720    0.000233
721    0.000212
722    0.000219
723    0.000348
724    0.000178
725    0.000307
726    0.000204
727    0.000349
728    0.000198
729    0.000329
730    0.000308
731    0.000205
732    0.000247
733    0.000337
734    0.000165
735    0.000112
736    0.000237
737    0.000204
738    0.000172
739    0.000171
740    0.000264
741    0.000187
742    0.000253
743    0.000113
744    0.000337
745    0.000163
746    0.000223
747    0.000182
748    0.000209
749    0.000233
750    0.000184
751    0.000143
752    0.000213
753    0.000122
754    0.000188
755    0.000174
756    0.000122
757    0.000180
758    0.000147
759    0.000328
760    0.000160
761    0.000241
762    0.000254
763    0.000149
764    0.000097
765    0.000098
766    0.000234
767    0.000201
768    0.000237
769    0.000175
770    0.000126
771    0.000209
772    0.000093
773    0.000200
774    0.000180
775    0.000171
776    0.000161
777    0.000231
778    0.000088
779    0.000199
780    0.000180
781    0.000284
782    0.000453
783    0.000170
784    0.000137
785    0.000154
786    0.000101
787    0.000199
788    0.000205
789    0.000243
790    0.000276
791    0.000256
792    0.000207
793    0.000255
794    0.000092
795    0.000315
796    0.000244
797    0.000247
798    0.000173
799    0.000272
800    0.000045
801    0.000198
802    0.000204
803    0.000086
804    0.000281
805    0.000113
806    0.000203
807    0.000338
808    0.000290
809    0.000042
810    0.000116
811    0.000153
812    0.000245
813    0.000191
814    0.000111
815    0.000194
816    0.000045
817    0.000367
818    0.000238
819    0.000188
820    0.000330
821    0.000108
822    0.000294
823    0.000101
824    0.000318
825    0.000408
