  1    0.142056
  2    0.087784
  3    0.029856
  4    0.038832
  5    0.032392
  6    0.015074
  7    0.016333
  8    0.006938
  9    0.006403
 10    0.004268
 11    0.011871
 12    0.010113
 13    0.004357
 14    0.007925
 15    0.011291
 16    0.006751
 17    0.005860
 18    0.004943
 19    0.007439
 20    0.006204
 21    0.007085
 22    0.005086
 23    0.003397
 24    0.006999
 25    0.003499
 26    0.003577
 27    0.004625
 28    0.004993
 29    0.006231
 30    0.005837
 31    0.004646
 32    0.004331
 33    0.002634
 34    0.004160
 35    0.004812
 36    0.004194
 37    0.003400
 38    0.003160
 39    0.003571
 40    0.002875
 41    0.003313
 42    0.003128
 43    0.003109
 44    0.003091
 45    0.002419
 46    0.002911
 47    0.001594
 48    0.003353
 49    0.001044
 50    0.002310
 51    0.002546
 52    0.001778
 53    0.003255
 54    0.002533
 55    0.003100
 56    0.001812
 57    0.001795
 58    0.001374
 59    0.001563
 60    0.002353
 61    0.001730
 62    0.001678
 63    0.002177
 64    0.001705
 65    0.001893
 66    0.001774
 67    0.001609
 68    0.001697
 69    0.001426
 70    0.001077
 71    0.001752
 72    0.001253
 73    0.002162
 74    0.001122
 75    0.001162
 76    0.002111
 77    0.002346
 78    0.001399
 79    0.000703
 80    0.002231
 81    0.003150
 82    0.001165
 83    0.001437
 84    0.001958
 85    0.001242
 86    0.001716
 87    0.001517
 88    0.001822
 89    0.001501
 90    0.001873
 91    0.001613
 92    0.001675
 93    0.000900
 94    0.001561
 95    0.001083
 96    0.001401
 97    0.001526
 98    0.001510
 99    0.001329
100    0.001075
101    0.001212
102    0.000938
103    0.001154
104    0.002122
105    0.001337
106    0.001341
107    0.001160
108    0.001034
109    0.001551
110    0.001701
111    0.001102
112    0.000925
113    0.000845
114    0.001249
115    0.000562
116    0.001129
117    0.000965
118    0.001374
119    0.001489
120    0.001190
121    0.001562
122    0.001779
123    0.000945
124    0.001051
125    0.000674
126    0.000984
127    0.002067
128    0.000814
129    0.002272
130    0.001209
131    0.001347
132    0.001806
133    0.001275
134    0.000932
135    0.001281
136    0.000778
137    0.001096
138    0.001302
139    0.001080
140    0.000944
141    0.001214
142    0.001099
143    0.001394
144    0.001098
145    0.000725
146    0.000874
147    0.000687
148    0.000771
149    0.001059
150    0.000861
151    0.000869
152    0.001091
153    0.000777
154    0.000562
155    0.001323
156    0.000837
157    0.000868
158    0.001358
159    0.000808
160    0.000770
161    0.000982
162    0.000812
163    0.000950
164    0.001109
165    0.001495
166    0.000908
167    0.000933
168    0.001222
169    0.001097
170    0.000757
171    0.001019
172    0.001091
173    0.000988
174    0.000809
175    0.000666
176    0.000684
177    0.000941
178    0.000698
179    0.000652
180    0.000916
181    0.000771
182    0.000781
183    0.000901
184    0.000862
185    0.000652
186    0.000473
187    0.000919
188    0.000870
189    0.000822
190    0.000864
191    0.000592
192    0.000981
193    0.000646
194    0.000900
195    0.001146
196    0.000901
197    0.000901
198    0.000714
199    0.001075
200    0.000511
201    0.000696
202    0.000860
203    0.000829
204    0.000758
205    0.000427
206    0.000636
207    0.000737
208    0.000940
209    0.001535
210    0.000491
211    0.000929
212    0.000549
213    0.000831
214    0.000788
215    0.000996
216    0.000716
217    0.000840
218    0.000492
219    0.000737
220    0.000540
221    0.000449
222    0.000777
223    0.001020
224    0.000660
225    0.000450
226    0.000327
227    0.000737
228    0.000615
229    0.001210
230    0.000293
231    0.000487
232    0.001234
233    0.000363
234    0.000760
235    0.000608
236    0.000620
237    0.000663
238    0.000628
239    0.000567
240    0.000741
241    0.000478
242    0.000610
243    0.000995
244    0.000664
245    0.000884
246    0.000687
247    0.000620
248    0.000705
249    0.000554
250    0.000963
251    0.000534
252    0.000672
253    0.000570
254    0.000710
255    0.000614
256    0.000819
257    0.000975
258    0.000471
259    0.000406
260    0.000638
261    0.000575
262    0.001056
263    0.000474
264    0.000547
265    0.000217
266    0.000532
267    0.000473
268    0.000702
269    0.000770
270    0.000587
271    0.000741
272    0.000608
273    0.000634
274    0.000775
275    0.000797
276    0.000785
277    0.000669
278    0.000711
279    0.000895
280    0.000557
281    0.000737
282    0.000521
283    0.000592
284    0.000576
285    0.000830
286    0.000522
287    0.000556
288    0.000483
289    0.000554
290    0.000778
291    0.000343
292    0.000501
293    0.000657
294    0.000948
295    0.000500
296    0.000415
297    0.000574
298    0.000500
299    0.000361
300    0.000370
301    0.000319
302    0.000475
303    0.000585
304    0.000519
305    0.000415
306    0.000367
307    0.000524
308    0.000487
309    0.000479
310    0.000424
311    0.000527
312    0.000430
313    0.000591
314    0.000337
315    0.000457
316    0.000605
317    0.000466
318    0.000487
319    0.000428
320    0.000499
321    0.000448
322    0.000617
323    0.000418
324    0.000682
325    0.000649
326    0.000658
327    0.000568
328    0.000499
329    0.000596
330    0.000644
331    0.000333
332    0.000588
333    0.000464
334    0.000662
335    0.000486
336    0.000818
337    0.000342
338    0.000720
339    0.000484
340    0.000553
341    0.000548
342    0.000403
343    0.000558
344    0.000709
345    0.000541
346    0.000296
347    0.000808
348    0.000413
349    0.000536
350    0.000279
351    0.000626
352    0.000550
353    0.000425
354    0.000182
355    0.000476
356    0.000367
357    0.000440
358    0.000664
359    0.000622
360    0.000403
361    0.000391
362    0.000383
363    0.000524
364    0.000505
365    0.000418
366    0.000372
367    0.000406
368    0.000566
369    0.000409
370    0.000381
371    0.000662
372    0.000446
373    0.000379
374    0.000382
375    0.000763
376    0.000940
377    0.000429
378    0.000367
379    0.000341
380    0.000750
381    0.000627
382    0.000429
383    0.000561
384    0.000700
385    0.000507
386    0.000313
387    0.000447
388    0.000316
389    0.000371
390    0.000520
391    0.000547
392    0.000763
393    0.000421
394    0.000608
395    0.000572
396    0.000407
397    0.000534
398    0.000356
399    0.000462
400    0.000388
401    0.000510
402    0.000455
403    0.000413
404    0.000403
405    0.000584
406    0.000251
407    0.000545
408    0.000579
409    0.000458
410    0.000364
411    0.000283
412    0.000409
413    0.000393
414    0.000308
415    0.000422
416    0.000316
417    0.000380
418    0.000329
419    0.000300
420    0.000690
421    0.000577
422    0.000367
423    0.000464
424    0.000215
425    0.000403
426    0.000465
427    0.000346
428    0.000447
429    0.000382
430    0.000238
431    0.000678
432    0.000493
433    0.000393
434    0.000286
435    0.000391
436    0.000361
437    0.000340
438    0.000405
439    0.000388
440    0.000260
441    0.000479
442    0.000337
443    0.000370
444    0.000326
445    0.000596
446    0.000292
447    0.000374
448    0.000364
449    0.000381
450    0.000373
451    0.000314
452    0.000649
453    0.000440
454    0.000257
455    0.000297
456    0.000210
457    0.000400
458    0.000441
459    0.000293
460    0.000334
461    0.000598
462    0.000369
463    0.000233
464    0.000258
465    0.000421
466    0.000234
467    0.000437
468    0.000381
469    0.000319
470    0.000341
471    0.000396
472    0.000335
473    0.000334
474    0.000361
475    0.000326
476    0.000220
477    0.000371
478    0.000276
479    0.000237
480    0.000335
481    0.000180
482    0.000252
483    0.000358
484    0.000541
485    0.000212
486    0.000314
487    0.000236
488    0.000309
489    0.000376
490    0.000254
491    0.000216
492    0.000364
493    0.000389
494    0.000170
495    0.000294
496    0.000330
497    0.000307
498    0.000334
499    0.000294
500    0.000279
501    0.000461
502    0.000292
503    0.000361
504    0.000400
505    0.000228
506    0.000369
507    0.000226
508    0.000367
509    0.000350
510    0.000448
511    0.000223
512    0.000287
513    0.000354
514    0.000222
515    0.000240
516    0.000310
517    0.000288
518    0.000284
519    0.000317
520    0.000288
521    0.000297
522    0.000320
523    0.000398
524    0.000268
525    0.000337
526    0.000250
527    0.000268
528    0.000302
529    0.000451
530    0.000304
531    0.000263
532    0.000359
533    0.000330
534    0.000288
535    0.000313
536    0.000164
537    0.000315
538    0.000279
539    0.000298
540    0.000335
541    0.000417
542    0.000212
543    0.000383
544    0.000267
545    0.000332
546    0.000280
547    0.000289
548    0.000312
549    0.000454
550    0.000393
551    0.000258
552    0.000290
553    0.000262
554    0.000344
555    0.000258
556    0.000319
557    0.000260
558    0.000326
559    0.000334
560    0.000360
561    0.000378
562    0.000187
563    0.000321
564    0.000203
565    0.000205
566    0.000276
567    0.000306
568    0.000244
569    0.000195
570    0.000293
571    0.000257
572    0.000378
573    0.000252
574    0.000320
575    0.000269
576    0.000218
577    0.000243
578    0.000257
579    0.000248
580    0.000237
581    0.000331
582    0.000312
583    0.000221
584    0.000218
585    0.000347
586    0.000247
587    0.000282
588    0.000361
589    0.000242
590    0.000289
591    0.000334
592    0.000248
593    0.000195
594    0.000184
595    0.000337
596    0.000309
597    0.000385
598    0.000257
599    0.000368
600    0.000132
601    0.000216
602    0.000253
603    0.000226
604    0.000225
605    0.000488
606    0.000338
607    0.000372
608    0.000186
609    0.000431
610    0.000272
611    0.000311
612    0.000239
613    0.000290
614    0.000290
615    0.000244
616    0.000355
617    0.000237
618    0.000322
619    0.000260
620    0.000293
621    0.000284
622    0.000313
623    0.000309
624    0.000176
625    0.000440
626    0.000259
627    0.000205
628    0.000236
629    0.000302
630    0.000268
631    0.000344
632    0.000423
633    0.000320
634    0.000243
635    0.000322
636    0.000298
637    0.000250
638    0.000277
639    0.000287
640    0.000256
641    0.000113
642    0.000339
643    0.000279
644    0.000410
645    0.000223
646    0.000291
647    0.000352
648    0.000398
649    0.000216
650    0.000316
651    0.000292
652    0.000241
653    0.000362
654    0.000271
655    0.000182
656    0.000213
657    0.000196
658    0.000271
659    0.000257
660    0.000293
661    0.000309
662    0.000201
663    0.000287
664    0.000291
665    0.000250
666    0.000246
667    0.000232
668    0.000458
669    0.000283
670    0.000353
671    0.000302
672    0.000227
673    0.000273
674    0.000239
675    0.000288
676    0.000265
677    0.000206
678    0.000233
679    0.000212
680    0.000281
681    0.000180
682    0.000282
683    0.000232
684    0.000274
685    0.000293
686    0.000198
687    0.000199
688    0.000225
689    0.000151
690    0.000271
691    0.000284
692    0.000182
693    0.000254
694    0.000300
695    0.000170
696    0.000262
697    0.000248
698    0.000140
699    0.000383
700    0.000182
701    0.000236
702    0.000180
703    0.000291
704    0.000319
705    0.000223
706    0.000332
707    0.000193
708    0.000285
709    0.000311
710    0.000237
711    0.000259
712    0.000191
713    0.000230
714    0.000210
715    0.000192
716    0.000193
717    0.000145
718    0.000113
719    0.000252
720    0.000246
721    0.000210
722    0.000364
723    0.000178
724    0.000101
725    0.000284
726    0.000234
727    0.000228
728    0.000474
729    0.000118
730    0.000362
731    0.000201
732    0.000247
733    0.000293
734    0.000233
735    0.000236
736    0.000292
737    0.000273
738    0.000309
739    0.000196
740    0.000228
741    0.000141
742    0.000333
743    0.000251
744    0.000258
745    0.000201
746    0.000196
747    0.000316
748    0.000309
749    0.000243
750    0.000293
751    0.000289
752    0.000228
753    0.000234
754    0.000328
755    0.000202
756    0.000198
757    0.000164
758    0.000179
759    0.000193
760    0.000190
761    0.000189
762    0.000147
763    0.000156
764    0.000104
765    0.000196
766    0.000232
767    0.000227
768    0.000112
769    0.000146
770    0.000230
771    0.000197
772    0.000347
773    0.000161
774    0.000196
775    0.000089
776    0.000185
777    0.000249
778    0.000187
779    0.000203
780    0.000211
781    0.000314
782    0.000175
783    0.000325
784    0.000171
785    0.000107
786    0.000282
787    0.000188
788    0.000192
789    0.000292
790    0.000190
791    0.000146
792    0.000210
793    0.000169
794    0.000259
795    0.000070
796    0.000220
797    0.000223
798    0.000136
799    0.000138
800    0.000132
801    0.000082
802    0.000312
803    0.000211
804    0.000151
805    0.000233
806    0.000140
807    0.000269
808    0.000219
809    0.000136
810    0.000125
811    0.000155
812    0.000151
813    0.000375
814    0.000095
815    0.000184
816    0.000121
817    0.000370
818    0.000286
819    0.000277
820    0.000477
821    0.000241
822    0.000211
823    0.000220
824    0.000163
825    0.000458
