0.00106
-0.022358
-0.004091
-0.003398
-0.017604
-0.00136
-0.005039
-0.008268
-0.014035
-0.012503
0.003422
-0.01755
-0.018373
0.025849
-0.032659
-0.00554
0.047676
-0.043651
0.006491
0.067562
-0.041269
0.005123
0.08792
-0.078296
-0.007898
0.054168
-0.087723
523e-6
0.069285
-0.061788
0.009864
0.101951
-0.059818
0.009269
0.110587
-0.024385
0.011449
0.121257
-0.022823
0.014248
0.134491
0.015182
0.019811
0.13221
0.047637
0.026765
0.10977
0.069412
0.036801
0.111979
0.099477
0.041521
0.110105
0.114632
0.051493
0.084026
0.138775
0.05763
0.068468
0.158751
0.046474
0.056166
0.115545
0.035174
0.08368
0.090665
0.028305
0.097552
0.074513
0.023962
0.080724
0.063629
0.014129
0.093467
0.035055
0.010829
0.078999
0.016137
0.00654
0.07278
-0.01942
0.001219
0.054173
-0.052217
-0.004115
0.028617
-0.064242
-0.016156
0.032597
-0.106021
-0.025037
-0.002567
-0.119649
-0.034535
0.012519
-0.159262
-0.051984
-0.003291
-0.207659
-0.046644
-0.015744
-0.186286
-0.043981
0.004027
-0.184839
-0.028553
-252e-6
-0.135227
-0.014916
0.027603
-0.100121
-0.003755
0.00551
-0.06147
0.003511
0.017456
-0.02891
0.00477
0.022727
-0.004982
0.007363
0.04066
0.024724
0.009136
0.053967
0.023267
0.017792
0.054465
0.047462
0.016001
0.072377
0.040484
0.023766
0.062034
0.05848
0.029368
0.086674
0.073723
0.022312
0.078988
0.058893
0.031616
0.056777
0.067477
0.044116
0.055957
0.08066
0.040474
0.024958
0.07144
0.024668
14e-5
0.052002
0.042568
-0.020382
0.06768
0.047595
0.00466
0.074883
0.024974
0.010128
0.051295
0.021626
-0.018545
0.049078
0.036084
-0.019677
0.062112
0.029761
0.001268
0.051824
0.016888
-0.012486
0.045652
0.014554
-0.014591
0.053526
0.015903
-0.015589
0.043181
0.01104
-0.007316
0.03699
0.002834
-0.016047
0.041926
0.001244
-0.01209
0.038079
0.002168
-0.013333
0.030508
-0.002715
-0.015447
0.027602
-0.005875
-0.021585
0.031637
-0.002041
-0.010411
0.026997
-0.002652
-0.004151
0.027027
-346e-6
791e-6
0.024275
2e-5
0.001405
0.02724
-591e-6
-0.002001
0.022365
-0.001881
-0.007612
0.021644
-0.00269
-0.011473
0.026837
-0.003015
-0.012531
0.028076
-143e-6
-0.008011
0.023917
-682e-6
-0.006517
0.007682
-622e-6
0.002702
0.003443
813e-6
0.016705
0.00695
0.003648
0.036078
-0.002514
0.005823
0.040436
0.006308
0.016114
0.06357
0.006166
0.010453
0.070443
0.016498
0.013383
0.070621
0.030927
0.009004
0.046937
0.025332
0.009836
0.047307
0.022165
0.0075
0.025264
0.02786
0.00311
0.016945
0.012578
0.00136
0.001025
0.020513
644e-6
-0.010409
0.011711
0.002588
0.003505
0.022754
-0.006441
-0.014245
0.035995
-0.005675
-0.016799
0.040894
-0.009013
-0.017676
0.038206
-0.014561
-0.02004
0.032265
-0.010725
-0.020923
0.025069
-0.007461
-0.01642
0.022136
-0.009665
-0.021419
0.017832
-0.012401
-0.023738
0.024486
-0.009432
-0.017981
0.028814
-0.007694
-0.016152
0.022877
-0.011042
-0.022621
0.022169
-0.011598
-0.022699
0.030134
-0.008319
-0.015531
0.030858
-0.007097
-0.014289
0.023893
-0.006159
-0.011332
0.027676
-0.004324
-0.006689
0.032262
-0.002543
-0.004015
0.027065
0.001178
0.003384
0.024386
0.00382
0.006956
0.017146
0.004722
0.010728
0.021987
0.001526
0.003187
0.024229
76e-5
175e-6
0.016516
0.00386
0.005975
0.012769
0.00367
0.006933
0.018744
504e-6
-127e-6
0.017584
0.001803
609e-6
0.009489
0.00421
0.007051
0.011519
0.002002
0.003042
0.016749
6e-6
-0.003026
0.012016
0.002416
0.001529
0.006204
0.003
0.005023
0.011758
306e-6
-0.001738
0.013482
27e-6
-0.003579
0.006189
0.00265
0.002937
0.004562
0.001266
87e-5
0.011363
-303e-6
-0.005283
0.008798
728e-6
-0.001772
0.002201
0.001656
0.002494
0.006026
19e-5
-0.002305
0.008121
-725e-6
-0.003373
0.003916
-0.003499
-0.009883
0.005983
-0.00396
-0.014739
-404e-6
-0.004802
-0.018754
0.002771
-0.005873
-0.025658
-0.003806
-0.00671
-0.026864
-773e-6
-0.005417
-0.020015
0.001768
-0.007158
-0.022947
0.005585
-0.007335
-0.019553
0.010245
-0.01055
-0.025197
0.014055
-0.008317
-0.023103
0.013812
-0.005982
-0.016495
0.01736
-0.006659
-0.01538
0.025319
-0.005523
-0.011641
0.030468
-0.003226
-0.009307
0.035084
-0.001916
-0.006121
0.038177
-0.002056
-0.005048
0.035014
968e-6
0.002025
0.032563
-498e-6
-286e-6
0.030496
-0.002271
-0.00551
0.025709
-0.002857
-0.008181
0.02344
-0.003907
-0.012197
0.017387
-0.00684
-0.018864
0.018633
-0.008145
-0.024867
0.015524
-0.005536
-0.0222
0.011462
-0.00528
-0.026825
0.008278
-0.004492
-0.028331
0.011298
-0.002544
-0.01486
0.011594
-0.005355
-0.007224
0.013215
-0.002479
-0.034037
-0.016849
-0.002859
-0.035869
-0.020337
-0.00663
-0.031259
-0.028692
-0.009771
-0.036075
-0.03462
-0.013221
-0.043841
-0.042017
-0.013365
-0.043993
-0.055455
-0.018577
-0.055328
-0.054794
-0.022817
-0.064935
-0.061115
-0.022422
-0.062745
-0.046951
-0.026709
-0.099462
-0.043296
-0.029017
-0.115662
-0.007251
-0.014918
-0.104335
-0.052917
-0.031642
-0.103308
-0.028428
-0.063956
-0.082517
-0.015059
-0.06502
-0.043914
-0.021119
-0.033825
-0.050631
-0.02079
-0.019916
-0.038818
-0.008168
-0.015576
-0.038971
-0.016008
-0.012436
-0.032054
-0.01328
-0.009361
-0.027709
-0.010865
-0.007518
-0.030675
-0.018942
-0.00441
-0.023888
-0.02444
-0.005353
-0.027583
-0.03411
-0.004549
-0.026972
-0.036732
-0.008015
-0.031983
-0.027826
-0.011734
-0.038788
-0.030921
-0.01045
-0.040825
-0.042563
-0.010116
-0.038692
-0.043226
-0.011527
-0.039013
-0.029942
-0.006058
-0.028212
-0.02971
-0.004551
-0.02341
-0.018251
-0.001515
-0.013923
-0.017413
116e-6
-0.008074
-0.011746
0.001271
-0.007989
-0.019538
-0.001873
-0.015581
-0.019261
-0.00211
-0.013739
-0.009589
707e-6
-0.007664
-0.012291
-0.00107
-0.013422
-0.01693
-0.003717
-0.017746
-0.009016
-0.00141
-0.010661
-0.00377
-205e-6
-0.009457
-0.008872
-0.003908
-0.016745
-0.007219
-0.004191
-0.015392
0.001657
-0.001246
-0.008667
0.001369
-0.002506
-0.012574
-0.002658
-0.005741
-0.017371
0.003748
-0.00384
-0.011467
0.009649
-0.001569
-0.008092
0.005786
-0.004808
-0.014901
0.005343
-0.006767
-0.016036
0.013781
-0.009584
-0.021948
0.011118
-0.010403
-0.025649
0.004225
-0.012105
-0.031677
-822e-6
-0.010359
-0.0282
-0.008474
-0.011816
-0.03206
-0.016976
-0.014727
-0.038271
-0.011902
-0.016852
-0.046142
-0.018054
-0.015078
-0.044118
-0.025111
-0.017897
-0.051335
-0.024727
-0.017402
-0.048768
-0.022313
-0.017425
-0.052506
-0.031161
-0.014212
-0.046652
-0.035797
-0.011547
-0.038613
-0.031863
-0.009431
-0.037519
-0.038365
-0.009008
-0.038784
-0.045144
-0.007438
-0.033959
-0.040138
-0.004569
-0.027847
-0.038732
-0.003222
-0.028225
-0.047531
-0.002588
-0.027668
-0.050185
63e-6
-0.020351
-0.044844
-0.002374
-0.022738
-0.037641
-0.002162
-0.019353
-0.028396
-0.003655
-0.019169
-0.019391
-0.001948
-0.01573
-0.018226
651e-6
-0.00869
-0.014148
-925e-6
-0.00941
-0.005673
-298e-6
-0.007123
-0.003021
0.00138
-0.001358
0.002349
0.003613
0.00148
-0.00337
0.007242
0.007371
-0.00774
0.007902
0.006768
-0.015725
0.009907
0.011523
-0.013033
0.006839
0.006662
-0.007996
0.004804
868e-6
-0.013373
0.007286
0.004453
-0.019974
0.006878
0.005007
-0.015021
0.00327
-0.002908
-0.01454
0.003642
-0.004187
-0.023586
0.005974
637e-6
-0.025488
0.003074
-0.004537
-0.020505
0.00109
-0.011095
-0.026453
0.003495
-0.008278
-0.034874
0.002073
-0.014421
-0.040787
0.004335
-0.008126
-0.041151
0.003475
-0.007941
-0.033461
0.006398
-297e-6
-0.033685
0.008077
0.002797
-0.034966
0.006083
866e-6
-0.026149
0.007381
0.006286
-0.01893
0.006206
0.006756
-0.013964
0.004558
0.005151
-0.005282
0.007789
0.013172
-0.003364
0.009143
0.015347
-0.008901
0.00672
0.009535
-0.00471
0.007264
0.013131
0.003187
0.010681
0.020375
14e-6
0.00982
0.01738
-0.004307
0.007524
0.013291
0.002718
0.009602
0.019332
0.00854
0.0123
0.02448
0.003902
0.010077
0.018951
0.004281
0.008807
0.018077
0.012946
0.012015
0.026179
0.014159
0.011714
0.024721
0.011599
0.008339
0.016767
0.012006
0.008748
0.017313
0.010883
0.010798
0.020007
0.00333
0.008656
0.013635
0.001365
0.005702
0.007423
0.005356
