  1    0.042006
  2    0.043692
  3    0.107325
  4    0.009967
  5    0.067596
  6    0.010544
  7    0.026786
  8    0.037571
  9    0.012836
 10    0.020355
 11    0.008252
 12    0.011519
 13    0.011123
 14    0.003725
 15    0.008197
 16    0.009826
 17    0.007126
 18    0.004861
 19    0.011768
 20    0.007088
 21    0.005298
 22    0.005373
 23    0.004022
 24    0.015176
 25    0.005852
 26    0.003910
 27    0.005080
 28    0.006201
 29    0.005207
 30    0.004112
 31    0.003249
 32    0.004924
 33    0.003924
 34    0.003985
 35    0.004399
 36    0.003208
 37    0.005589
 38    0.004511
 39    0.003116
 40    0.002886
 41    0.003435
 42    0.002640
 43    0.007507
 44    0.001193
 45    0.002256
 46    0.004169
 47    0.003324
 48    0.003280
 49    0.003099
 50    0.001287
 51    0.003611
 52    0.001588
 53    0.002361
 54    0.000613
 55    0.005314
 56    0.001791
 57    0.001374
 58    0.003059
 59    0.000671
 60    0.002494
 61    0.002216
 62    0.002029
 63    0.002574
 64    0.001570
 65    0.000363
 66    0.002106
 67    0.000997
 68    0.001013
 69    0.002381
 70    0.001064
 71    0.001109
 72    0.003193
 73    0.001018
 74    0.002131
 75    0.001838
 76    0.001336
 77    0.001473
 78    0.001441
 79    0.001136
 80    0.000971
 81    0.002450
 82    0.001760
 83    0.001515
 84    0.001583
 85    0.002477
 86    0.002056
 87    0.000420
 88    0.000927
 89    0.002217
 90    0.002092
 91    0.002042
 92    0.004090
 93    0.002599
 94    0.000879
 95    0.001522
 96    0.000651
 97    0.002075
 98    0.001243
 99    0.001258
100    0.001335
101    0.001635
102    0.001099
103    0.001430
104    0.000689
105    0.000740
106    0.001442
107    0.001554
108    0.001061
109    0.001310
110    0.001225
111    0.000780
112    0.000503
113    0.001338
114    0.000535
115    0.001248
116    0.001199
117    0.001721
118    0.000392
119    0.001140
120    0.001194
121    0.000535
122    0.000524
123    0.000424
124    0.000551
125    0.000989
126    0.000661
127    0.000823
128    0.000669
129    0.000896
130    0.000715
131    0.000675
132    0.000363
133    0.000767
134    0.000674
135    0.000796
136    0.000631
137    0.001104
138    0.000984
139    0.001188
140    0.000868
141    0.002192
142    0.001181
143    0.000710
144    0.000928
145    0.001292
146    0.001092
147    0.000974
148    0.000850
149    0.002013
150    0.000667
151    0.000393
152    0.001103
153    0.000335
154    0.000874
155    0.000275
156    0.000349
157    0.001008
158    0.000691
159    0.000738
160    0.001342
161    0.000924
162    0.001590
163    0.001281
164    0.000465
165    0.000833
166    0.000817
167    0.000469
168    0.001879
169    0.000832
170    0.001384
171    0.000504
172    0.000639
173    0.000564
174    0.000688
175    0.001302
176    0.000863
177    0.001368
178    0.001331
179    0.001024
180    0.000866
181    0.000234
182    0.000692
183    0.000676
184    0.000733
185    0.000755
186    0.000551
187    0.000881
188    0.000692
189    0.001407
190    0.001719
191    0.000578
192    0.000537
193    0.000733
194    0.000751
195    0.000392
196    0.000681
197    0.000909
198    0.000448
199    0.000894
200    0.000579
201    0.000268
202    0.000589
203    0.001149
204    0.000987
205    0.000242
206    0.000678
207    0.000469
208    0.000771
209    0.000904
210    0.000995
211    0.001163
212    0.001007
213    0.000836
214    0.000974
215    0.000885
216    0.000615
217    0.000779
218    0.000542
219    0.000366
220    0.000720
221    0.000663
222    0.000439
223    0.000322
224    0.000389
225    0.000613
226    0.000634
227    0.000718
228    0.000883
229    0.001259
230    0.000754
231    0.000861
232    0.000768
233    0.000793
234    0.000592
235    0.000546
236    0.000985
237    0.000534
238    0.000843
239    0.001438
240    0.000815
241    0.001469
242    0.000655
243    0.001265
244    0.001468
245    0.000444
246    0.000369
247    0.000477
248    0.000642
249    0.000356
250    0.000903
251    0.000563
252    0.000278
253    0.001206
254    0.000183
255    0.000627
256    0.000309
257    0.000343
258    0.000652
259    0.000802
260    0.000471
261    0.000855
262    0.000460
263    0.000665
264    0.000233
265    0.000470
266    0.000659
267    0.000757
268    0.000175
269    0.000583
270    0.000342
271    0.000673
272    0.000741
273    0.000482
274    0.000374
275    0.000324
276    0.000623
277    0.000239
278    0.000633
279    0.000350
280    0.000201
281    0.000363
282    0.000417
283    0.000468
284    0.000296
285    0.000328
286    0.000913
287    0.000264
288    0.000520
289    0.000213
290    0.000938
291    0.000291
292    0.000221
293    0.000941
294    0.000919
295    0.000950
296    0.000892
297    0.000203
298    0.000422
299    0.000746
300    0.000135
301    0.000455
302    0.000445
303    0.000446
304    0.000312
305    0.000693
306    0.000180
307    0.000483
308    0.001132
309    0.001013
310    0.000921
311    0.000205
312    0.000985
313    0.000612
314    0.000436
315    0.000425
316    0.001170
317    0.000598
318    0.000499
319    0.000247
320    0.000483
321    0.000578
322    0.000368
323    0.000295
324    0.000292
325    0.000274
326    0.000569
327    0.000283
328    0.000710
329    0.000414
330    0.000452
331    0.000432
332    0.000454
333    0.000590
334    0.000489
335    0.000494
336    0.000516
337    0.000872
338    0.000511
339    0.000455
340    0.000466
341    0.000766
342    0.000910
343    0.000643
344    0.000622
345    0.000337
346    0.000578
347    0.000436
348    0.000204
349    0.000584
350    0.000844
351    0.000536
352    0.000677
353    0.000222
354    0.000278
355    0.000533
356    0.000314
357    0.000517
358    0.000920
359    0.000285
360    0.000400
361    0.000262
362    0.000298
363    0.000650
364    0.000564
365    0.000365
366    0.000629
367    0.000401
368    0.000327
369    0.000299
370    0.000591
371    0.000253
372    0.000352
373    0.000417
374    0.000538
375    0.000547
376    0.000465
377    0.000422
378    0.000362
379    0.000079
380    0.000259
381    0.000360
382    0.000310
383    0.000247
384    0.000148
385    0.000269
386    0.000561
387    0.000453
388    0.000529
389    0.000237
390    0.000448
391    0.000238
392    0.000064
393    0.000346
394    0.000707
395    0.000428
396    0.000495
397    0.000653
398    0.000307
399    0.000457
400    0.000342
401    0.000627
402    0.000648
403    0.000418
404    0.000341
405    0.000203
406    0.000527
407    0.000309
408    0.000190
409    0.000321
410    0.000590
411    0.000293
412    0.000498
413    0.000236
414    0.000255
415    0.000361
416    0.000373
417    0.000511
418    0.000442
419    0.000352
420    0.000256
421    0.000426
422    0.000380
423    0.000168
424    0.000394
425    0.000406
426    0.000305
427    0.000441
428    0.000320
429    0.000603
430    0.000440
431    0.000344
432    0.000282
433    0.000113
434    0.000211
435    0.000542
436    0.000442
437    0.000283
438    0.000343
439    0.000641
440    0.000475
441    0.000616
442    0.000362
443    0.000574
444    0.000424
445    0.000503
446    0.000334
447    0.000281
448    0.000564
449    0.000305
450    0.000319
451    0.000246
452    0.000351
453    0.000123
454    0.000238
455    0.000462
456    0.000272
457    0.000455
458    0.000280
459    0.000458
460    0.000361
461    0.000709
462    0.000393
463    0.000453
464    0.000260
465    0.000345
466    0.000194
467    0.000220
468    0.000249
469    0.000373
470    0.000403
471    0.000256
472    0.000171
473    0.000250
474    0.000394
475    0.000232
476    0.000283
477    0.000287
478    0.000362
479    0.000369
480    0.000641
481    0.000254
482    0.000490
483    0.000269
484    0.000598
485    0.000351
486    0.000297
487    0.000259
488    0.000132
489    0.000197
490    0.000336
491    0.000206
492    0.000270
493    0.000302
494    0.000276
495    0.000357
496    0.000374
497    0.000148
498    0.000304
499    0.000222
500    0.000296
501    0.000655
502    0.000446
503    0.000310
504    0.000354
505    0.000298
506    0.000704
507    0.000301
508    0.000595
509    0.000524
510    0.000559
511    0.000502
512    0.000381
513    0.000304
514    0.000245
515    0.000428
516    0.000280
517    0.000354
518    0.000231
519    0.000333
520    0.000527
521    0.000389
522    0.000263
523    0.000200
524    0.000215
525    0.000351
526    0.000289
527    0.000183
528    0.000277
529    0.000340
530    0.000203
531    0.000216
532    0.000193
533    0.000283
534    0.000474
535    0.000351
536    0.000295
537    0.000287
538    0.000385
539    0.000430
540    0.000232
541    0.000139
542    0.000276
543    0.000350
544    0.000238
545    0.000373
546    0.000356
547    0.000213
548    0.000135
549    0.000255
550    0.000433
551    0.000192
552    0.000288
553    0.000315
554    0.000392
555    0.000311
556    0.000187
557    0.000152
558    0.000343
559    0.000241
560    0.000226
561    0.000239
562    0.000409
563    0.000354
564    0.000200
565    0.000197
566    0.000319
567    0.000363
568    0.000427
569    0.000264
570    0.000223
571    0.000303
572    0.000464
573    0.000189
574    0.000259
575    0.000199
576    0.000229
577    0.000283
578    0.000234
579    0.000120
580    0.000117
581    0.000120
582    0.000387
583    0.000529
584    0.000320
585    0.000133
586    0.000162
587    0.000337
588    0.000161
589    0.000181
590    0.000177
591    0.000279
592    0.000307
593    0.000174
594    0.000304
595    0.000195
596    0.000182
597    0.000202
598    0.000263
599    0.000380
600    0.000183
601    0.000276
602    0.000132
603    0.000415
604    0.000330
605    0.000389
606    0.000200
607    0.000305
608    0.000287
609    0.000370
610    0.000221
611    0.000206
612    0.000215
613    0.000253
614    0.000199
615    0.000255
616    0.000562
617    0.000282
618    0.000280
619    0.000261
620    0.000111
621    0.000227
622    0.000271
623    0.000239
624    0.000140
625    0.000197
626    0.000227
627    0.000286
628    0.000297
629    0.000276
630    0.000159
631    0.000187
632    0.000262
633    0.000126
634    0.000116
635    0.000257
636    0.000092
637    0.000248
638    0.000212
639    0.000115
640    0.000196
641    0.000234
642    0.000201
643    0.000203
644    0.000250
645    0.000063
646    0.000283
647    0.000184
648    0.000118
649    0.000305
650    0.000151
651    0.000291
652    0.000306
653    0.000183
654    0.000216
655    0.000168
656    0.000196
657    0.000119
658    0.000227
659    0.000155
660    0.000170
661    0.000233
662    0.000145
663    0.000207
664    0.000244
665    0.000171
666    0.000191
667    0.000198
668    0.000176
669    0.000348
670    0.000188
671    0.000260
672    0.000265
673    0.000241
674    0.000167
675    0.000329
676    0.000326
677    0.000318
678    0.000224
679    0.000341
680    0.000162
681    0.000280
682    0.000293
683    0.000123
684    0.000224
685    0.000251
686    0.000345
687    0.000531
688    0.000246
689    0.000229
690    0.000142
691    0.000094
692    0.000187
693    0.000140
694    0.000313
695    0.000178
696    0.000132
697    0.000303
698    0.000287
699    0.000125
700    0.000086
701    0.000244
702    0.000236
703    0.000160
704    0.000315
705    0.000202
706    0.000159
707    0.000264
708    0.000203
709    0.000254
710    0.000172
711    0.000150
712    0.000274
713    0.000190
714    0.000180
715    0.000187
716    0.000157
717    0.000232
718    0.000250
719    0.000171
720    0.000199
721    0.000265
722    0.000424
723    0.000166
724    0.000364
725    0.000368
726    0.000139
727    0.000290
728    0.000388
729    0.000375
730    0.000175
731    0.000366
732    0.000203
733    0.000417
734    0.000149
735    0.000225
736    0.000061
737    0.000184
738    0.000215
739    0.000173
740    0.000154
741    0.000170
742    0.000126
743    0.000327
744    0.000065
745    0.000064
746    0.000083
747    0.000202
748    0.000184
749    0.000164
750    0.000349
751    0.000133
752    0.000211
753    0.000162
754    0.000170
755    0.000255
756    0.000217
757    0.000226
758    0.000096
759    0.000393
760    0.000155
761    0.000238
762    0.000121
763    0.000104
764    0.000066
765    0.000103
766    0.000216
767    0.000108
768    0.000058
769    0.000297
770    0.000253
771    0.000119
772    0.000211
773    0.000183
774    0.000135
775    0.000044
776    0.000199
777    0.000266
778    0.000259
779    0.000099
780    0.000031
781    0.000201
782    0.000145
783    0.000352
784    0.000065
785    0.000304
786    0.000154
787    0.000084
788    0.000229
789    0.000172
790    0.000389
791    0.000105
792    0.000153
793    0.000300
794    0.000072
795    0.000231
796    0.000304
797    0.000291
798    0.000436
799    0.000167
800    0.000060
801    0.000416
802    0.000163
803    0.000048
804    0.000025
805    0.000216
806    0.000090
807    0.000104
808    0.000065
809    0.000266
810    0.000162
811    0.000132
812    0.000039
813    0.000114
814    0.000165
815    0.000293
816    0.000350
817    0.000161
818    0.000065
819    0.000235
820    0.000070
821    0.000344
822    0.000424
823    0.000440
824    0.000140
825    0.000534
