  1    0.065724
  2    0.018936
  3    0.095616
  4    0.020145
  5    0.056808
  6    0.011372
  7    0.013529
  8    0.022230
  9    0.026944
 10    0.020018
 11    0.005160
 12    0.019196
 13    0.001517
 14    0.007527
 15    0.004523
 16    0.008719
 17    0.002973
 18    0.007548
 19    0.005346
 20    0.005014
 21    0.005906
 22    0.007429
 23    0.005349
 24    0.012180
 25    0.003450
 26    0.006275
 27    0.004467
 28    0.006653
 29    0.011528
 30    0.002941
 31    0.004064
 32    0.003458
 33    0.002319
 34    0.007416
 35    0.002794
 36    0.001755
 37    0.005125
 38    0.001572
 39    0.005290
 40    0.002787
 41    0.002529
 42    0.004058
 43    0.005748
 44    0.003704
 45    0.002928
 46    0.004590
 47    0.004294
 48    0.003008
 49    0.002700
 50    0.001202
 51    0.004093
 52    0.002333
 53    0.001470
 54    0.001930
 55    0.002887
 56    0.002891
 57    0.000967
 58    0.001876
 59    0.002525
 60    0.001726
 61    0.000981
 62    0.001821
 63    0.004857
 64    0.001244
 65    0.000976
 66    0.001914
 67    0.001504
 68    0.001195
 69    0.001258
 70    0.003734
 71    0.000700
 72    0.002027
 73    0.004132
 74    0.001815
 75    0.001307
 76    0.001353
 77    0.002005
 78    0.000912
 79    0.002743
 80    0.001011
 81    0.004788
 82    0.000517
 83    0.001202
 84    0.001368
 85    0.000388
 86    0.001335
 87    0.000912
 88    0.000639
 89    0.002371
 90    0.001042
 91    0.001487
 92    0.001494
 93    0.004770
 94    0.003367
 95    0.001110
 96    0.001248
 97    0.001245
 98    0.002648
 99    0.001015
100    0.001783
101    0.003089
102    0.000947
103    0.001669
104    0.000451
105    0.000588
106    0.001314
107    0.001058
108    0.001170
109    0.001885
110    0.001329
111    0.002064
112    0.001195
113    0.000948
114    0.000386
115    0.000806
116    0.000594
117    0.001106
118    0.002499
119    0.000971
120    0.000783
121    0.000405
122    0.001049
123    0.000649
124    0.002086
125    0.003169
126    0.001466
127    0.001541
128    0.001159
129    0.001015
130    0.001482
131    0.001324
132    0.001613
133    0.001461
134    0.001286
135    0.001301
136    0.001047
137    0.001013
138    0.001197
139    0.000765
140    0.001898
141    0.001017
142    0.001065
143    0.000458
144    0.000980
145    0.000824
146    0.000890
147    0.001152
148    0.000317
149    0.000791
150    0.001159
151    0.001748
152    0.000612
153    0.001435
154    0.000967
155    0.002204
156    0.000683
157    0.002648
158    0.001488
159    0.000711
160    0.000682
161    0.000701
162    0.000514
163    0.000313
164    0.001257
165    0.001086
166    0.001037
167    0.001031
168    0.000903
169    0.001774
170    0.001321
171    0.001094
172    0.001284
173    0.000938
174    0.000943
175    0.000745
176    0.000530
177    0.001355
178    0.000524
179    0.001454
180    0.000292
181    0.000275
182    0.001984
183    0.000584
184    0.000386
185    0.001100
186    0.000502
187    0.001136
188    0.000711
189    0.000953
190    0.000419
191    0.000792
192    0.000840
193    0.000559
194    0.000994
195    0.000571
196    0.000685
197    0.000968
198    0.000887
199    0.000781
200    0.000896
201    0.000392
202    0.000717
203    0.000539
204    0.000507
205    0.001196
206    0.000463
207    0.000679
208    0.000803
209    0.000884
210    0.000183
211    0.000979
212    0.000826
213    0.000888
214    0.001219
215    0.000926
216    0.000845
217    0.000548
218    0.000861
219    0.000581
220    0.000914
221    0.000566
222    0.000562
223    0.000415
224    0.001841
225    0.000796
226    0.000637
227    0.000679
228    0.000671
229    0.000623
230    0.000517
231    0.000775
232    0.000631
233    0.000730
234    0.000714
235    0.000547
236    0.000886
237    0.000912
238    0.000395
239    0.000685
240    0.000428
241    0.000543
242    0.000663
243    0.000501
244    0.000784
245    0.000723
246    0.000460
247    0.000767
248    0.000736
249    0.000945
250    0.000921
251    0.000859
252    0.000438
253    0.000588
254    0.001116
255    0.000425
256    0.000901
257    0.000554
258    0.000743
259    0.000381
260    0.000350
261    0.000438
262    0.001543
263    0.001219
264    0.000724
265    0.000879
266    0.000264
267    0.000322
268    0.000866
269    0.000462
270    0.000594
271    0.000687
272    0.000989
273    0.000400
274    0.000693
275    0.000426
276    0.000366
277    0.000626
278    0.000689
279    0.000371
280    0.000731
281    0.000586
282    0.000428
283    0.000662
284    0.000552
285    0.000340
286    0.000347
287    0.000441
288    0.000603
289    0.000348
290    0.000447
291    0.000565
292    0.000197
293    0.000604
294    0.000927
295    0.000561
296    0.000628
297    0.001379
298    0.000552
299    0.000326
300    0.000386
301    0.000970
302    0.000523
303    0.000528
304    0.000431
305    0.000375
306    0.000578
307    0.000325
308    0.000891
309    0.000374
310    0.000911
311    0.000336
312    0.000361
313    0.000704
314    0.000715
315    0.000689
316    0.000830
317    0.000312
318    0.000303
319    0.000384
320    0.000437
321    0.000789
322    0.000243
323    0.000555
324    0.000705
325    0.000751
326    0.000462
327    0.000536
328    0.000336
329    0.000605
330    0.000479
331    0.000263
332    0.000212
333    0.000243
334    0.000458
335    0.000449
336    0.000740
337    0.000479
338    0.000832
339    0.000317
340    0.000595
341    0.000649
342    0.000484
343    0.000505
344    0.000704
345    0.000399
346    0.000482
347    0.000323
348    0.000432
349    0.000395
350    0.000718
351    0.000444
352    0.000961
353    0.000486
354    0.000621
355    0.000509
356    0.000516
357    0.000754
358    0.000635
359    0.000401
360    0.000605
361    0.000320
362    0.000385
363    0.000330
364    0.000381
365    0.000332
366    0.000563
367    0.000656
368    0.000657
369    0.000963
370    0.000368
371    0.000795
372    0.000498
373    0.000318
374    0.000926
375    0.000434
376    0.000667
377    0.000366
378    0.000439
379    0.000920
380    0.000501
381    0.000395
382    0.000399
383    0.000372
384    0.000715
385    0.000345
386    0.000439
387    0.000858
388    0.000518
389    0.000352
390    0.000248
391    0.000551
392    0.000375
393    0.000353
394    0.000560
395    0.000714
396    0.000442
397    0.000490
398    0.000612
399    0.000563
400    0.000608
401    0.000425
402    0.000447
403    0.000679
404    0.000752
405    0.000644
406    0.000699
407    0.000662
408    0.000295
409    0.000457
410    0.000618
411    0.000407
412    0.000289
413    0.000269
414    0.000375
415    0.000403
416    0.000510
417    0.000441
418    0.000312
419    0.000222
420    0.000624
421    0.000315
422    0.000232
423    0.000266
424    0.000334
425    0.000375
426    0.000339
427    0.000293
428    0.000374
429    0.000199
430    0.000624
431    0.000562
432    0.000279
433    0.000340
434    0.000255
435    0.000651
436    0.000257
437    0.000289
438    0.000449
439    0.000335
440    0.000389
441    0.000428
442    0.000353
443    0.000284
444    0.000268
445    0.000477
446    0.000262
447    0.000447
448    0.000328
449    0.000194
450    0.000416
451    0.000572
452    0.000317
453    0.000689
454    0.000403
455    0.000474
456    0.000303
457    0.000513
458    0.000437
459    0.000442
460    0.000186
461    0.000222
462    0.000318
463    0.000374
464    0.000398
465    0.000651
466    0.000363
467    0.000370
468    0.000383
469    0.000400
470    0.000282
471    0.000232
472    0.000293
473    0.000336
474    0.000340
475    0.000283
476    0.000334
477    0.000274
478    0.000323
479    0.000264
480    0.000261
481    0.000718
482    0.000219
483    0.000228
484    0.000302
485    0.000158
486    0.000343
487    0.000186
488    0.000738
489    0.000307
490    0.000313
491    0.000218
492    0.000344
493    0.000250
494    0.000279
495    0.000262
496    0.000309
497    0.000236
498    0.000561
499    0.000461
500    0.000265
501    0.000265
502    0.000310
503    0.000257
504    0.000285
505    0.000381
506    0.000218
507    0.000411
508    0.000582
509    0.000436
510    0.000384
511    0.000367
512    0.000479
513    0.000306
514    0.000392
515    0.000123
516    0.000471
517    0.000312
518    0.000420
519    0.000240
520    0.000236
521    0.000251
522    0.000296
523    0.000645
524    0.000397
525    0.000277
526    0.000250
527    0.000585
528    0.000086
529    0.000566
530    0.000354
531    0.000411
532    0.000152
533    0.000245
534    0.000272
535    0.000398
536    0.000134
537    0.000225
538    0.000358
539    0.000296
540    0.000375
541    0.000311
542    0.000471
543    0.000085
544    0.000686
545    0.000554
546    0.000566
547    0.000514
548    0.000320
549    0.000319
550    0.000076
551    0.000269
552    0.000401
553    0.000253
554    0.000247
555    0.000284
556    0.000294
557    0.000275
558    0.000343
559    0.000200
560    0.000283
561    0.000152
562    0.000321
563    0.000348
564    0.000168
565    0.000092
566    0.000266
567    0.000252
568    0.000242
569    0.000217
570    0.000393
571    0.000140
572    0.000317
573    0.000261
574    0.000036
575    0.000425
576    0.000477
577    0.000184
578    0.000078
579    0.000365
580    0.000234
581    0.000326
582    0.000248
583    0.000259
584    0.000136
585    0.000274
586    0.000244
587    0.000291
588    0.000175
589    0.000239
590    0.000282
591    0.000343
592    0.000242
593    0.000174
594    0.000344
595    0.000193
596    0.000213
597    0.000419
598    0.000296
599    0.000238
600    0.000263
601    0.000189
602    0.000192
603    0.000528
604    0.000186
605    0.000287
606    0.000341
607    0.000237
608    0.000101
609    0.000302
610    0.000494
611    0.000257
612    0.000248
613    0.000277
614    0.000347
615    0.000300
616    0.000239
617    0.000565
618    0.000263
619    0.000527
620    0.000108
621    0.000404
622    0.000104
623    0.000297
624    0.000094
625    0.000295
626    0.000305
627    0.000291
628    0.000337
629    0.000325
630    0.000215
631    0.000148
632    0.000344
633    0.000318
634    0.000214
635    0.000320
636    0.000171
637    0.000288
638    0.000296
639    0.000315
640    0.000281
641    0.000255
642    0.000263
643    0.000330
644    0.000210
645    0.000235
646    0.000211
647    0.000209
648    0.000127
649    0.000366
650    0.000397
651    0.000138
652    0.000229
653    0.000199
654    0.000183
655    0.000113
656    0.000351
657    0.000105
658    0.000151
659    0.000162
660    0.000176
661    0.000200
662    0.000209
663    0.000363
664    0.000196
665    0.000287
666    0.000178
667    0.000391
668    0.000095
669    0.000413
670    0.000160
671    0.000206
672    0.000278
673    0.000201
674    0.000154
675    0.000340
676    0.000149
677    0.000223
678    0.000253
679    0.000352
680    0.000257
681    0.000353
682    0.000448
683    0.000312
684    0.000292
685    0.000347
686    0.000299
687    0.000249
688    0.000308
689    0.000467
690    0.000253
691    0.000171
692    0.000342
693    0.000160
694    0.000386
695    0.000151
696    0.000281
697    0.000153
698    0.000300
699    0.000239
700    0.000337
701    0.000261
702    0.000175
703    0.000143
704    0.000245
705    0.000126
706    0.000120
707    0.000153
708    0.000105
709    0.000316
710    0.000294
711    0.000331
712    0.000256
713    0.000249
714    0.000302
715    0.000357
716    0.000182
717    0.000369
718    0.000116
719    0.000155
720    0.000194
721    0.000290
722    0.000181
723    0.000277
724    0.000172
725    0.000114
726    0.000094
727    0.000306
728    0.000099
729    0.000393
730    0.000107
731    0.000204
732    0.000256
733    0.000286
734    0.000516
735    0.000604
736    0.000311
737    0.000281
738    0.000259
739    0.000174
740    0.000205
741    0.000263
742    0.000195
743    0.000218
744    0.000278
745    0.000260
746    0.000172
747    0.000423
748    0.000080
749    0.000217
750    0.000195
751    0.000125
752    0.000124
753    0.000228
754    0.000112
755    0.000162
756    0.000220
757    0.000145
758    0.000139
759    0.000141
760    0.000364
761    0.000303
762    0.000188
763    0.000128
764    0.000083
765    0.000346
766    0.000260
767    0.000105
768    0.000119
769    0.000187
770    0.000116
771    0.000095
772    0.000163
773    0.000066
774    0.000277
775    0.000262
776    0.000214
777    0.000081
778    0.000148
779    0.000165
780    0.000175
781    0.000159
782    0.000095
783    0.000080
784    0.000123
785    0.000300
786    0.000139
787    0.000156
788    0.000347
789    0.000101
790    0.000396
791    0.000169
792    0.000154
793    0.000310
794    0.000300
795    0.000425
796    0.000097
797    0.000220
798    0.000189
799    0.000154
800    0.000114
801    0.000082
802    0.000131
803    0.000242
804    0.000268
805    0.000073
806    0.000054
807    0.000113
808    0.000089
809    0.000187
810    0.000132
811    0.000083
812    0.000067
813    0.000595
814    0.000298
815    0.000145
816    0.000247
817    0.000192
818    0.000159
819    0.000096
820    0.000189
821    0.000190
822    0.000280
823    0.000191
824    0.000147
825    0.000539
