  1    0.145884
  2    0.085575
  3    0.004090
  4    0.037167
  5    0.023911
  6    0.025337
  7    0.019326
  8    0.009037
  9    0.013269
 10    0.009410
 11    0.006481
 12    0.006128
 13    0.010088
 14    0.007770
 15    0.010042
 16    0.007411
 17    0.009072
 18    0.004409
 19    0.005923
 20    0.004429
 21    0.005974
 22    0.005921
 23    0.004870
 24    0.007423
 25    0.004602
 26    0.004439
 27    0.006184
 28    0.003832
 29    0.006080
 30    0.005277
 31    0.003917
 32    0.002750
 33    0.005532
 34    0.005162
 35    0.004576
 36    0.003014
 37    0.004544
 38    0.003809
 39    0.003375
 40    0.004123
 41    0.002932
 42    0.004605
 43    0.004709
 44    0.002186
 45    0.002382
 46    0.001634
 47    0.002651
 48    0.002567
 49    0.002878
 50    0.004148
 51    0.003047
 52    0.002598
 53    0.002402
 54    0.001899
 55    0.002518
 56    0.002293
 57    0.002729
 58    0.001924
 59    0.001532
 60    0.001817
 61    0.002004
 62    0.001772
 63    0.001761
 64    0.001434
 65    0.001958
 66    0.001843
 67    0.002554
 68    0.002066
 69    0.001755
 70    0.002203
 71    0.002191
 72    0.001760
 73    0.001086
 74    0.001833
 75    0.002423
 76    0.001481
 77    0.001518
 78    0.001937
 79    0.001429
 80    0.001474
 81    0.001465
 82    0.001983
 83    0.001540
 84    0.001475
 85    0.001340
 86    0.001360
 87    0.001400
 88    0.001386
 89    0.001113
 90    0.001812
 91    0.001172
 92    0.000846
 93    0.001605
 94    0.001668
 95    0.001073
 96    0.001657
 97    0.000734
 98    0.001785
 99    0.001477
100    0.001568
101    0.001472
102    0.001325
103    0.001216
104    0.001432
105    0.000923
106    0.001223
107    0.001903
108    0.001397
109    0.000822
110    0.000932
111    0.001371
112    0.001155
113    0.001083
114    0.001514
115    0.001507
116    0.001332
117    0.001573
118    0.002136
119    0.001915
120    0.001630
121    0.001052
122    0.001300
123    0.001457
124    0.001530
125    0.000790
126    0.001002
127    0.001150
128    0.001367
129    0.001874
130    0.001390
131    0.001051
132    0.002131
133    0.000925
134    0.000630
135    0.000871
136    0.000743
137    0.000958
138    0.000817
139    0.001549
140    0.001615
141    0.000525
142    0.000949
143    0.001462
144    0.001036
145    0.000781
146    0.000879
147    0.000710
148    0.001109
149    0.002149
150    0.000828
151    0.000938
152    0.001180
153    0.000634
154    0.000810
155    0.000760
156    0.000594
157    0.000800
158    0.000798
159    0.000882
160    0.000705
161    0.001666
162    0.000584
163    0.001201
164    0.000682
165    0.000668
166    0.001228
167    0.000850
168    0.001175
169    0.000863
170    0.000946
171    0.001383
172    0.000844
173    0.000779
174    0.000760
175    0.000974
176    0.001068
177    0.000686
178    0.000855
179    0.000859
180    0.001025
181    0.000920
182    0.000680
183    0.000713
184    0.000682
185    0.000715
186    0.000761
187    0.000664
188    0.000940
189    0.001288
190    0.000495
191    0.001148
192    0.001367
193    0.000830
194    0.000506
195    0.000923
196    0.000752
197    0.000800
198    0.000589
199    0.000738
200    0.000366
201    0.000556
202    0.000545
203    0.000840
204    0.000995
205    0.000652
206    0.000831
207    0.000820
208    0.001131
209    0.000866
210    0.000732
211    0.000653
212    0.000805
213    0.000854
214    0.000786
215    0.000659
216    0.000713
217    0.000443
218    0.000963
219    0.000777
220    0.000624
221    0.000761
222    0.000539
223    0.001031
224    0.000779
225    0.000885
226    0.000575
227    0.000717
228    0.000655
229    0.000797
230    0.000437
231    0.000585
232    0.000934
233    0.000667
234    0.000764
235    0.000587
236    0.000436
237    0.000396
238    0.000576
239    0.000780
240    0.000872
241    0.000832
242    0.000465
243    0.000500
244    0.000649
245    0.000481
246    0.000493
247    0.000636
248    0.000371
249    0.000512
250    0.000663
251    0.000540
252    0.000428
253    0.000605
254    0.000720
255    0.001091
256    0.000669
257    0.000875
258    0.000614
259    0.000735
260    0.000522
261    0.000423
262    0.000661
263    0.000736
264    0.000508
265    0.000807
266    0.000290
267    0.000592
268    0.000680
269    0.000428
270    0.000889
271    0.000565
272    0.000563
273    0.000735
274    0.000535
275    0.000547
276    0.000824
277    0.000398
278    0.000896
279    0.000218
280    0.000655
281    0.000562
282    0.000520
283    0.000596
284    0.000508
285    0.000690
286    0.000391
287    0.000426
288    0.000586
289    0.000480
290    0.000371
291    0.000541
292    0.000673
293    0.000629
294    0.000370
295    0.000359
296    0.000632
297    0.000564
298    0.000644
299    0.000418
300    0.000461
301    0.000829
302    0.000439
303    0.000507
304    0.000295
305    0.000539
306    0.000439
307    0.000464
308    0.000578
309    0.000536
310    0.000571
311    0.000512
312    0.000622
313    0.000427
314    0.000346
315    0.000574
316    0.000741
317    0.000759
318    0.000477
319    0.000407
320    0.000782
321    0.000609
322    0.000674
323    0.000769
324    0.000565
325    0.000580
326    0.000466
327    0.000479
328    0.000381
329    0.000366
330    0.000405
331    0.000575
332    0.000429
333    0.000425
334    0.000800
335    0.000445
336    0.000344
337    0.000683
338    0.000537
339    0.000483
340    0.000305
341    0.000467
342    0.000641
343    0.000593
344    0.000609
345    0.000662
346    0.000357
347    0.000571
348    0.000601
349    0.000235
350    0.000520
351    0.000333
352    0.000401
353    0.000567
354    0.000713
355    0.000340
356    0.000260
357    0.000694
358    0.000422
359    0.000514
360    0.000696
361    0.000424
362    0.000414
363    0.000430
364    0.000333
365    0.000698
366    0.000520
367    0.000340
368    0.000569
369    0.000543
370    0.000696
371    0.000337
372    0.000677
373    0.000448
374    0.000351
375    0.000431
376    0.000436
377    0.000589
378    0.000376
379    0.000309
380    0.000419
381    0.000440
382    0.000294
383    0.000279
384    0.000542
385    0.000524
386    0.000354
387    0.000391
388    0.000495
389    0.000421
390    0.000517
391    0.000318
392    0.000417
393    0.000488
394    0.000554
395    0.000589
396    0.000451
397    0.000365
398    0.000210
399    0.000402
400    0.000355
401    0.000563
402    0.000276
403    0.000398
404    0.000409
405    0.000278
406    0.000544
407    0.000419
408    0.000622
409    0.000308
410    0.000150
411    0.000253
412    0.000324
413    0.000407
414    0.000191
415    0.000347
416    0.000366
417    0.000355
418    0.000451
419    0.000324
420    0.000285
421    0.000576
422    0.000168
423    0.000464
424    0.000327
425    0.000487
426    0.000434
427    0.000673
428    0.000453
429    0.000298
430    0.000510
431    0.000335
432    0.000480
433    0.000409
434    0.000454
435    0.000516
436    0.000312
437    0.000340
438    0.000475
439    0.000462
440    0.000354
441    0.000362
442    0.000542
443    0.000551
444    0.000297
445    0.000759
446    0.000529
447    0.000407
448    0.000564
449    0.000485
450    0.000497
451    0.000279
452    0.000430
453    0.000376
454    0.000294
455    0.000295
456    0.000358
457    0.000468
458    0.000581
459    0.000126
460    0.000356
461    0.000296
462    0.000514
463    0.000437
464    0.000439
465    0.000412
466    0.000253
467    0.000245
468    0.000405
469    0.000342
470    0.000282
471    0.000357
472    0.000333
473    0.000337
474    0.000381
475    0.000503
476    0.000409
477    0.000313
478    0.000346
479    0.000269
480    0.000328
481    0.000427
482    0.000244
483    0.000335
484    0.000314
485    0.000124
486    0.000352
487    0.000346
488    0.000630
489    0.000391
490    0.000233
491    0.000278
492    0.000287
493    0.000445
494    0.000506
495    0.000230
496    0.000343
497    0.000242
498    0.000319
499    0.000355
500    0.000329
501    0.000294
502    0.000389
503    0.000375
504    0.000425
505    0.000381
506    0.000249
507    0.000371
508    0.000208
509    0.000415
510    0.000307
511    0.000196
512    0.000371
513    0.000323
514    0.000426
515    0.000134
516    0.000338
517    0.000251
518    0.000237
519    0.000269
520    0.000190
521    0.000188
522    0.000249
523    0.000275
524    0.000443
525    0.000465
526    0.000448
527    0.000329
528    0.000318
529    0.000488
530    0.000250
531    0.000289
532    0.000226
533    0.000318
534    0.000212
535    0.000182
536    0.000241
537    0.000187
538    0.000441
539    0.000299
540    0.000271
541    0.000420
542    0.000280
543    0.000245
544    0.000641
545    0.000201
546    0.000246
547    0.000344
548    0.000208
549    0.000312
550    0.000378
551    0.000377
552    0.000280
553    0.000179
554    0.000366
555    0.000245
556    0.000355
557    0.000312
558    0.000261
559    0.000317
560    0.000218
561    0.000416
562    0.000347
563    0.000257
564    0.000278
565    0.000335
566    0.000252
567    0.000220
568    0.000384
569    0.000386
570    0.000258
571    0.000209
572    0.000251
573    0.000185
574    0.000288
575    0.000327
576    0.000210
577    0.000344
578    0.000322
579    0.000312
580    0.000177
581    0.000313
582    0.000142
583    0.000278
584    0.000229
585    0.000253
586    0.000267
587    0.000282
588    0.000265
589    0.000361
590    0.000229
591    0.000250
592    0.000269
593    0.000248
594    0.000329
595    0.000199
596    0.000403
597    0.000198
598    0.000316
599    0.000219
600    0.000450
601    0.000235
602    0.000417
603    0.000354
604    0.000214
605    0.000169
606    0.000298
607    0.000250
608    0.000377
609    0.000353
610    0.000304
611    0.000184
612    0.000264
613    0.000214
614    0.000295
615    0.000218
616    0.000302
617    0.000284
618    0.000340
619    0.000169
620    0.000282
621    0.000312
622    0.000315
623    0.000202
624    0.000198
625    0.000233
626    0.000245
627    0.000263
628    0.000268
629    0.000263
630    0.000245
631    0.000368
632    0.000248
633    0.000212
634    0.000319
635    0.000412
636    0.000198
637    0.000287
638    0.000241
639    0.000241
640    0.000324
641    0.000170
642    0.000286
643    0.000272
644    0.000226
645    0.000352
646    0.000149
647    0.000354
648    0.000254
649    0.000188
650    0.000226
651    0.000215
652    0.000242
653    0.000279
654    0.000336
655    0.000208
656    0.000201
657    0.000203
658    0.000303
659    0.000243
660    0.000328
661    0.000264
662    0.000230
663    0.000406
664    0.000176
665    0.000286
666    0.000264
667    0.000202
668    0.000290
669    0.000370
670    0.000299
671    0.000250
672    0.000212
673    0.000369
674    0.000218
675    0.000304
676    0.000411
677    0.000300
678    0.000245
679    0.000298
680    0.000411
681    0.000222
682    0.000339
683    0.000183
684    0.000285
685    0.000240
686    0.000287
687    0.000302
688    0.000272
689    0.000303
690    0.000232
691    0.000311
692    0.000273
693    0.000213
694    0.000160
695    0.000159
696    0.000222
697    0.000163
698    0.000271
699    0.000250
700    0.000299
701    0.000306
702    0.000276
703    0.000366
704    0.000193
705    0.000226
706    0.000201
707    0.000257
708    0.000276
709    0.000283
710    0.000131
711    0.000160
712    0.000155
713    0.000373
714    0.000229
715    0.000186
716    0.000206
717    0.000148
718    0.000195
719    0.000281
720    0.000272
721    0.000308
722    0.000186
723    0.000184
724    0.000249
725    0.000262
726    0.000279
727    0.000317
728    0.000325
729    0.000274
730    0.000294
731    0.000204
732    0.000289
733    0.000174
734    0.000296
735    0.000210
736    0.000316
737    0.000307
738    0.000218
739    0.000270
740    0.000225
741    0.000166
742    0.000199
743    0.000191
744    0.000225
745    0.000229
746    0.000234
747    0.000315
748    0.000256
749    0.000231
750    0.000197
751    0.000216
752    0.000201
753    0.000250
754    0.000137
755    0.000190
756    0.000186
757    0.000154
758    0.000222
759    0.000162
760    0.000151
761    0.000220
762    0.000202
763    0.000241
764    0.000239
765    0.000148
766    0.000273
767    0.000210
768    0.000163
769    0.000144
770    0.000128
771    0.000125
772    0.000189
773    0.000147
774    0.000270
775    0.000213
776    0.000204
777    0.000193
778    0.000235
779    0.000244
780    0.000206
781    0.000233
782    0.000211
783    0.000253
784    0.000299
785    0.000263
786    0.000262
787    0.000236
788    0.000225
789    0.000168
790    0.000207
791    0.000284
792    0.000239
793    0.000264
794    0.000321
795    0.000162
796    0.000162
797    0.000250
798    0.000157
799    0.000105
800    0.000185
801    0.000137
802    0.000153
803    0.000219
804    0.000217
805    0.000230
806    0.000122
807    0.000279
808    0.000070
809    0.000241
810    0.000097
811    0.000355
812    0.000322
813    0.000161
814    0.000297
815    0.000111
816    0.000499
817    0.000107
818    0.000175
819    0.000195
820    0.000229
821    0.000314
822    0.000100
823    0.000268
824    0.000362
825    0.000489
