  1    0.138293
  2    0.042934
  3    0.043481
  4    0.071538
  5    0.029706
  6    0.029620
  7    0.014140
  8    0.015500
  9    0.008171
 10    0.015798
 11    0.011560
 12    0.009187
 13    0.003508
 14    0.004870
 15    0.008403
 16    0.007433
 17    0.008760
 18    0.006073
 19    0.002886
 20    0.004339
 21    0.007853
 22    0.004058
 23    0.006428
 24    0.005910
 25    0.003964
 26    0.004382
 27    0.005842
 28    0.004891
 29    0.003424
 30    0.005287
 31    0.004211
 32    0.004819
 33    0.002368
 34    0.003375
 35    0.003292
 36    0.002875
 37    0.004296
 38    0.004247
 39    0.002427
 40    0.003709
 41    0.005428
 42    0.003273
 43    0.004684
 44    0.002671
 45    0.002734
 46    0.002111
 47    0.002087
 48    0.002086
 49    0.003069
 50    0.003485
 51    0.003358
 52    0.002026
 53    0.001940
 54    0.003008
 55    0.002975
 56    0.002390
 57    0.002031
 58    0.002863
 59    0.001803
 60    0.002183
 61    0.001510
 62    0.001173
 63    0.000814
 64    0.001787
 65    0.001602
 66    0.001915
 67    0.001078
 68    0.001332
 69    0.001756
 70    0.001524
 71    0.001199
 72    0.001739
 73    0.001107
 74    0.001824
 75    0.001588
 76    0.001421
 77    0.002127
 78    0.000968
 79    0.001788
 80    0.001623
 81    0.002028
 82    0.001859
 83    0.001395
 84    0.002435
 85    0.001917
 86    0.002065
 87    0.002523
 88    0.001128
 89    0.001076
 90    0.001483
 91    0.001347
 92    0.000649
 93    0.001469
 94    0.001232
 95    0.001595
 96    0.001512
 97    0.002271
 98    0.000911
 99    0.001332
100    0.001356
101    0.001408
102    0.001265
103    0.000940
104    0.001125
105    0.000983
106    0.001222
107    0.000943
108    0.001871
109    0.000827
110    0.000794
111    0.001425
112    0.001886
113    0.001436
114    0.001330
115    0.001288
116    0.000877
117    0.000950
118    0.001082
119    0.000643
120    0.001210
121    0.001262
122    0.001145
123    0.001733
124    0.000938
125    0.001025
126    0.001272
127    0.000971
128    0.001509
129    0.001454
130    0.001299
131    0.000868
132    0.000820
133    0.001687
134    0.001377
135    0.001592
136    0.001849
137    0.001177
138    0.001287
139    0.000846
140    0.001570
141    0.000665
142    0.001082
143    0.001026
144    0.000813
145    0.000877
146    0.000818
147    0.000740
148    0.000981
149    0.000894
150    0.001444
151    0.001148
152    0.001256
153    0.000750
154    0.001336
155    0.001124
156    0.001091
157    0.000996
158    0.000735
159    0.000814
160    0.001220
161    0.000457
162    0.000751
163    0.001405
164    0.000529
165    0.001416
166    0.000837
167    0.000841
168    0.000825
169    0.001016
170    0.000568
171    0.001216
172    0.000939
173    0.000698
174    0.000934
175    0.001220
176    0.000814
177    0.000646
178    0.000627
179    0.000477
180    0.000751
181    0.000639
182    0.001018
183    0.000539
184    0.000916
185    0.000643
186    0.000560
187    0.001048
188    0.000705
189    0.001005
190    0.000508
191    0.000669
192    0.000677
193    0.000893
194    0.000584
195    0.000687
196    0.000557
197    0.000687
198    0.000664
199    0.000793
200    0.000556
201    0.000416
202    0.000969
203    0.000576
204    0.001010
205    0.000878
206    0.000749
207    0.000619
208    0.000821
209    0.000695
210    0.000571
211    0.000290
212    0.000946
213    0.000804
214    0.000414
215    0.000554
216    0.000419
217    0.000716
218    0.000352
219    0.000683
220    0.000987
221    0.000535
222    0.000379
223    0.000651
224    0.000777
225    0.000492
226    0.000524
227    0.000566
228    0.000749
229    0.000462
230    0.000404
231    0.000918
232    0.000591
233    0.000760
234    0.000788
235    0.000635
236    0.000451
237    0.000629
238    0.000578
239    0.000769
240    0.000935
241    0.000587
242    0.000754
243    0.000938
244    0.000753
245    0.000580
246    0.000533
247    0.000842
248    0.000549
249    0.000671
250    0.000483
251    0.000402
252    0.000729
253    0.000490
254    0.000891
255    0.000484
256    0.000586
257    0.000707
258    0.000816
259    0.000918
260    0.000741
261    0.000736
262    0.000656
263    0.000610
264    0.000523
265    0.000451
266    0.000460
267    0.000410
268    0.000538
269    0.000401
270    0.000443
271    0.000463
272    0.000656
273    0.000500
274    0.000485
275    0.000527
276    0.000708
277    0.000591
278    0.000844
279    0.000637
280    0.000526
281    0.000390
282    0.000528
283    0.000392
284    0.000358
285    0.000491
286    0.000790
287    0.000414
288    0.000445
289    0.000238
290    0.000467
291    0.000551
292    0.000498
293    0.000588
294    0.000829
295    0.000316
296    0.000648
297    0.000283
298    0.000252
299    0.000636
300    0.000790
301    0.000661
302    0.000394
303    0.000393
304    0.000295
305    0.000606
306    0.000395
307    0.000448
308    0.000249
309    0.000342
310    0.000376
311    0.000789
312    0.000796
313    0.000345
314    0.000483
315    0.000532
316    0.000421
317    0.000533
318    0.000511
319    0.000553
320    0.000408
321    0.000367
322    0.000475
323    0.000450
324    0.000698
325    0.000511
326    0.000511
327    0.000443
328    0.000461
329    0.000580
330    0.000364
331    0.000355
332    0.000492
333    0.000448
334    0.000488
335    0.000401
336    0.000479
337    0.000259
338    0.000608
339    0.000363
340    0.000397
341    0.000547
342    0.000429
343    0.000413
344    0.000516
345    0.000730
346    0.000630
347    0.000668
348    0.000450
349    0.000595
350    0.000355
351    0.000809
352    0.000463
353    0.000297
354    0.000555
355    0.000527
356    0.000482
357    0.000494
358    0.000566
359    0.000554
360    0.000412
361    0.000243
362    0.000533
363    0.000522
364    0.000344
365    0.000393
366    0.000440
367    0.000444
368    0.000472
369    0.000403
370    0.000752
371    0.000339
372    0.000452
373    0.000553
374    0.000369
375    0.000433
376    0.000383
377    0.000335
378    0.000447
379    0.000336
380    0.000686
381    0.000311
382    0.000366
383    0.000357
384    0.000368
385    0.000345
386    0.000566
387    0.000512
388    0.000619
389    0.000501
390    0.000646
391    0.000482
392    0.000314
393    0.000453
394    0.000455
395    0.000515
396    0.000533
397    0.000289
398    0.000231
399    0.000381
400    0.000460
401    0.000232
402    0.000326
403    0.000309
404    0.000376
405    0.000369
406    0.000255
407    0.000344
408    0.000434
409    0.000333
410    0.000348
411    0.000508
412    0.000236
413    0.000436
414    0.000295
415    0.000707
416    0.000437
417    0.000445
418    0.000187
419    0.000477
420    0.000395
421    0.000652
422    0.000356
423    0.000325
424    0.000306
425    0.000200
426    0.000251
427    0.000201
428    0.000175
429    0.000384
430    0.000317
431    0.000407
432    0.000175
433    0.000413
434    0.000423
435    0.000157
436    0.000226
437    0.000392
438    0.000284
439    0.000340
440    0.000397
441    0.000254
442    0.000241
443    0.000261
444    0.000227
445    0.000307
446    0.000240
447    0.000263
448    0.000394
449    0.000267
450    0.000306
451    0.000258
452    0.000352
453    0.000347
454    0.000518
455    0.000292
456    0.000331
457    0.000402
458    0.000321
459    0.000336
460    0.000377
461    0.000231
462    0.000340
463    0.000312
464    0.000404
465    0.000312
466    0.000464
467    0.000317
468    0.000310
469    0.000294
470    0.000276
471    0.000367
472    0.000360
473    0.000365
474    0.000349
475    0.000374
476    0.000432
477    0.000489
478    0.000318
479    0.000412
480    0.000467
481    0.000445
482    0.000296
483    0.000307
484    0.000284
485    0.000259
486    0.000322
487    0.000451
488    0.000338
489    0.000195
490    0.000377
491    0.000380
492    0.000285
493    0.000177
494    0.000358
495    0.000322
496    0.000316
497    0.000317
498    0.000294
499    0.000389
500    0.000407
501    0.000178
502    0.000333
503    0.000333
504    0.000342
505    0.000186
506    0.000212
507    0.000415
508    0.000338
509    0.000323
510    0.000371
511    0.000337
512    0.000280
513    0.000259
514    0.000322
515    0.000285
516    0.000392
517    0.000312
518    0.000317
519    0.000304
520    0.000271
521    0.000398
522    0.000365
523    0.000369
524    0.000360
525    0.000394
526    0.000331
527    0.000395
528    0.000418
529    0.000366
530    0.000447
531    0.000282
532    0.000276
533    0.000173
534    0.000281
535    0.000435
536    0.000243
537    0.000304
538    0.000310
539    0.000244
540    0.000466
541    0.000290
542    0.000253
543    0.000370
544    0.000292
545    0.000311
546    0.000405
547    0.000158
548    0.000325
549    0.000174
550    0.000287
551    0.000143
552    0.000219
553    0.000284
554    0.000208
555    0.000203
556    0.000212
557    0.000230
558    0.000256
559    0.000202
560    0.000260
561    0.000217
562    0.000244
563    0.000283
564    0.000298
565    0.000216
566    0.000428
567    0.000285
568    0.000285
569    0.000311
570    0.000319
571    0.000327
572    0.000253
573    0.000246
574    0.000189
575    0.000181
576    0.000253
577    0.000326
578    0.000260
579    0.000293
580    0.000228
581    0.000226
582    0.000317
583    0.000219
584    0.000229
585    0.000156
586    0.000255
587    0.000192
588    0.000342
589    0.000169
590    0.000227
591    0.000174
592    0.000197
593    0.000162
594    0.000251
595    0.000207
596    0.000181
597    0.000373
598    0.000307
599    0.000274
600    0.000234
601    0.000157
602    0.000163
603    0.000279
604    0.000211
605    0.000164
606    0.000209
607    0.000230
608    0.000227
609    0.000220
610    0.000275
611    0.000226
612    0.000189
613    0.000194
614    0.000396
615    0.000224
616    0.000278
617    0.000259
618    0.000251
619    0.000214
620    0.000254
621    0.000180
622    0.000155
623    0.000256
624    0.000158
625    0.000300
626    0.000231
627    0.000258
628    0.000133
629    0.000270
630    0.000136
631    0.000239
632    0.000265
633    0.000305
634    0.000174
635    0.000199
636    0.000279
637    0.000259
638    0.000236
639    0.000299
640    0.000162
641    0.000297
642    0.000254
643    0.000265
644    0.000312
645    0.000246
646    0.000162
647    0.000207
648    0.000268
649    0.000186
650    0.000199
651    0.000257
652    0.000244
653    0.000256
654    0.000236
655    0.000255
656    0.000214
657    0.000241
658    0.000271
659    0.000149
660    0.000243
661    0.000213
662    0.000262
663    0.000241
664    0.000296
665    0.000287
666    0.000376
667    0.000203
668    0.000217
669    0.000300
670    0.000263
671    0.000380
672    0.000213
673    0.000329
674    0.000304
675    0.000227
676    0.000306
677    0.000248
678    0.000213
679    0.000238
680    0.000182
681    0.000322
682    0.000183
683    0.000212
684    0.000230
685    0.000227
686    0.000214
687    0.000194
688    0.000260
689    0.000293
690    0.000158
691    0.000158
692    0.000147
693    0.000256
694    0.000222
695    0.000188
696    0.000232
697    0.000312
698    0.000146
699    0.000150
700    0.000266
701    0.000227
702    0.000260
703    0.000157
704    0.000181
705    0.000186
706    0.000151
707    0.000157
708    0.000250
709    0.000133
710    0.000195
711    0.000155
712    0.000262
713    0.000204
714    0.000159
715    0.000198
716    0.000293
717    0.000242
718    0.000255
719    0.000220
720    0.000207
721    0.000192
722    0.000200
723    0.000244
724    0.000177
725    0.000165
726    0.000175
727    0.000287
728    0.000227
729    0.000150
730    0.000250
731    0.000199
732    0.000197
733    0.000224
734    0.000200
735    0.000158
736    0.000265
737    0.000241
738    0.000250
739    0.000343
740    0.000304
741    0.000307
742    0.000266
743    0.000239
744    0.000338
745    0.000184
746    0.000125
747    0.000185
748    0.000141
749    0.000174
750    0.000168
751    0.000287
752    0.000231
753    0.000159
754    0.000344
755    0.000220
756    0.000236
757    0.000241
758    0.000213
759    0.000166
760    0.000202
761    0.000148
762    0.000164
763    0.000157
764    0.000152
765    0.000171
766    0.000137
767    0.000173
768    0.000264
769    0.000169
770    0.000169
771    0.000206
772    0.000214
773    0.000236
774    0.000283
775    0.000208
776    0.000135
777    0.000205
778    0.000165
779    0.000160
780    0.000243
781    0.000166
782    0.000162
783    0.000257
784    0.000135
785    0.000237
786    0.000164
787    0.000258
788    0.000182
789    0.000185
790    0.000241
791    0.000200
792    0.000155
793    0.000266
794    0.000164
795    0.000095
796    0.000127
797    0.000132
798    0.000330
799    0.000143
800    0.000199
801    0.000207
802    0.000076
803    0.000103
804    0.000224
805    0.000151
806    0.000122
807    0.000131
808    0.000151
809    0.000106
810    0.000071
811    0.000142
812    0.000115
813    0.000102
814    0.000185
815    0.000215
816    0.000212
817    0.000166
818    0.000147
819    0.000289
820    0.000387
821    0.000292
822    0.000198
823    0.000296
824    0.000127
825    0.000534
