  1    0.151510
  2    0.082007
  3    0.012810
  4    0.039078
  5    0.019339
  6    0.014940
  7    0.031027
  8    0.016034
  9    0.006276
 10    0.008803
 11    0.008594
 12    0.013303
 13    0.005294
 14    0.006962
 15    0.008193
 16    0.008613
 17    0.007888
 18    0.008133
 19    0.009425
 20    0.005500
 21    0.004424
 22    0.006293
 23    0.006152
 24    0.009565
 25    0.003362
 26    0.005334
 27    0.004924
 28    0.004777
 29    0.004136
 30    0.004190
 31    0.002274
 32    0.003932
 33    0.004116
 34    0.004143
 35    0.002626
 36    0.004544
 37    0.004620
 38    0.003596
 39    0.002503
 40    0.003536
 41    0.003954
 42    0.003102
 43    0.003302
 44    0.003222
 45    0.002593
 46    0.001419
 47    0.004008
 48    0.003040
 49    0.003105
 50    0.003765
 51    0.001995
 52    0.002023
 53    0.003163
 54    0.001479
 55    0.004294
 56    0.001762
 57    0.002067
 58    0.000884
 59    0.003275
 60    0.001972
 61    0.001983
 62    0.002630
 63    0.001573
 64    0.001430
 65    0.001703
 66    0.002239
 67    0.001187
 68    0.001398
 69    0.001712
 70    0.001950
 71    0.002381
 72    0.001439
 73    0.001422
 74    0.001630
 75    0.001992
 76    0.001979
 77    0.001250
 78    0.001797
 79    0.001528
 80    0.001668
 81    0.002185
 82    0.001908
 83    0.002415
 84    0.001147
 85    0.001494
 86    0.001822
 87    0.001151
 88    0.002464
 89    0.001360
 90    0.002258
 91    0.001866
 92    0.001645
 93    0.001438
 94    0.001787
 95    0.001195
 96    0.001914
 97    0.000783
 98    0.000953
 99    0.001083
100    0.001508
101    0.002047
102    0.001064
103    0.001049
104    0.001879
105    0.000956
106    0.000480
107    0.000872
108    0.000962
109    0.001626
110    0.000754
111    0.001270
112    0.001878
113    0.001094
114    0.000805
115    0.000885
116    0.002007
117    0.001021
118    0.001092
119    0.001401
120    0.001376
121    0.001485
122    0.000753
123    0.001880
124    0.001276
125    0.001236
126    0.001575
127    0.001301
128    0.001859
129    0.000972
130    0.001495
131    0.000824
132    0.000848
133    0.001583
134    0.001551
135    0.001224
136    0.001336
137    0.001469
138    0.001066
139    0.001311
140    0.001677
141    0.000531
142    0.001210
143    0.001257
144    0.000816
145    0.000966
146    0.000516
147    0.001219
148    0.000887
149    0.000769
150    0.001571
151    0.000633
152    0.000750
153    0.001421
154    0.000922
155    0.001808
156    0.001026
157    0.001556
158    0.001113
159    0.000594
160    0.000814
161    0.000774
162    0.001130
163    0.000619
164    0.001316
165    0.001071
166    0.000883
167    0.001183
168    0.001458
169    0.001342
170    0.000805
171    0.001017
172    0.001464
173    0.000898
174    0.000808
175    0.000822
176    0.000697
177    0.001135
178    0.001082
179    0.000742
180    0.001053
181    0.000602
182    0.000757
183    0.001457
184    0.000734
185    0.000959
186    0.001170
187    0.000780
188    0.000622
189    0.000607
190    0.001602
191    0.000696
192    0.000801
193    0.001212
194    0.000652
195    0.000720
196    0.000900
197    0.001151
198    0.000903
199    0.001069
200    0.000766
201    0.000664
202    0.000675
203    0.000787
204    0.001082
205    0.000731
206    0.000458
207    0.000508
208    0.000517
209    0.000770
210    0.000595
211    0.000637
212    0.000692
213    0.000656
214    0.001023
215    0.000646
216    0.000582
217    0.000789
218    0.000699
219    0.000573
220    0.000635
221    0.000908
222    0.000820
223    0.000589
224    0.000734
225    0.000382
226    0.000426
227    0.001053
228    0.000419
229    0.001119
230    0.000598
231    0.000458
232    0.000665
233    0.000650
234    0.000547
235    0.000495
236    0.000611
237    0.000630
238    0.000445
239    0.000550
240    0.000619
241    0.000662
242    0.000890
243    0.000493
244    0.000756
245    0.000563
246    0.000872
247    0.000249
248    0.000847
249    0.000509
250    0.000622
251    0.000741
252    0.000471
253    0.000571
254    0.000656
255    0.000570
256    0.000641
257    0.000265
258    0.000368
259    0.000557
260    0.000711
261    0.000669
262    0.000472
263    0.001016
264    0.000638
265    0.000600
266    0.000611
267    0.000663
268    0.000336
269    0.000527
270    0.000687
271    0.000452
272    0.000585
273    0.000511
274    0.000796
275    0.000659
276    0.000556
277    0.000745
278    0.000599
279    0.000625
280    0.000511
281    0.000469
282    0.000450
283    0.000796
284    0.000327
285    0.000523
286    0.000630
287    0.000263
288    0.000484
289    0.000585
290    0.000681
291    0.000445
292    0.000571
293    0.000577
294    0.000792
295    0.000510
296    0.000523
297    0.000401
298    0.000385
299    0.000418
300    0.000313
301    0.000602
302    0.000696
303    0.000562
304    0.000474
305    0.000373
306    0.000300
307    0.000257
308    0.000458
309    0.000523
310    0.000429
311    0.000354
312    0.000336
313    0.000558
314    0.000552
315    0.000381
316    0.000425
317    0.000529
318    0.000612
319    0.000655
320    0.000531
321    0.000470
322    0.000534
323    0.000506
324    0.000389
325    0.000543
326    0.000508
327    0.000622
328    0.000520
329    0.000308
330    0.000374
331    0.000467
332    0.000404
333    0.000302
334    0.000476
335    0.000357
336    0.000556
337    0.000429
338    0.000268
339    0.000374
340    0.000616
341    0.000540
342    0.000463
343    0.000412
344    0.000522
345    0.000691
346    0.000351
347    0.000571
348    0.000307
349    0.000215
350    0.000314
351    0.000452
352    0.000420
353    0.000540
354    0.000410
355    0.000760
356    0.000462
357    0.000513
358    0.000542
359    0.000672
360    0.000305
361    0.000461
362    0.000671
363    0.000536
364    0.000460
365    0.000530
366    0.000383
367    0.000537
368    0.000432
369    0.000347
370    0.000344
371    0.000428
372    0.000336
373    0.000419
374    0.000374
375    0.000442
376    0.000350
377    0.000282
378    0.000354
379    0.000399
380    0.000453
381    0.000516
382    0.000486
383    0.000594
384    0.000391
385    0.000422
386    0.000327
387    0.000486
388    0.000310
389    0.000525
390    0.000396
391    0.000451
392    0.000248
393    0.000418
394    0.000563
395    0.000496
396    0.000381
397    0.000292
398    0.000355
399    0.000387
400    0.000383
401    0.000527
402    0.000325
403    0.000472
404    0.000395
405    0.000348
406    0.000452
407    0.000529
408    0.000159
409    0.000339
410    0.000500
411    0.000507
412    0.000352
413    0.000355
414    0.000297
415    0.000285
416    0.000774
417    0.000696
418    0.000355
419    0.000280
420    0.000556
421    0.000562
422    0.000435
423    0.000372
424    0.000354
425    0.000439
426    0.000572
427    0.000346
428    0.000344
429    0.000246
430    0.000390
431    0.000286
432    0.000553
433    0.000243
434    0.000325
435    0.000290
436    0.000386
437    0.000326
438    0.000387
439    0.000335
440    0.000360
441    0.000149
442    0.000344
443    0.000243
444    0.000306
445    0.000263
446    0.000372
447    0.000416
448    0.000259
449    0.000310
450    0.000388
451    0.000376
452    0.000367
453    0.000322
454    0.000264
455    0.000313
456    0.000424
457    0.000299
458    0.000279
459    0.000209
460    0.000271
461    0.000412
462    0.000363
463    0.000263
464    0.000347
465    0.000317
466    0.000231
467    0.000316
468    0.000376
469    0.000294
470    0.000423
471    0.000246
472    0.000471
473    0.000372
474    0.000195
475    0.000298
476    0.000282
477    0.000151
478    0.000166
479    0.000229
480    0.000403
481    0.000406
482    0.000323
483    0.000342
484    0.000457
485    0.000260
486    0.000306
487    0.000210
488    0.000222
489    0.000260
490    0.000159
491    0.000203
492    0.000293
493    0.000359
494    0.000261
495    0.000283
496    0.000230
497    0.000204
498    0.000318
499    0.000178
500    0.000294
501    0.000227
502    0.000221
503    0.000169
504    0.000442
505    0.000300
506    0.000415
507    0.000229
508    0.000286
509    0.000467
510    0.000278
511    0.000243
512    0.000440
513    0.000223
514    0.000205
515    0.000170
516    0.000252
517    0.000201
518    0.000400
519    0.000157
520    0.000461
521    0.000316
522    0.000252
523    0.000206
524    0.000255
525    0.000208
526    0.000253
527    0.000239
528    0.000280
529    0.000234
530    0.000247
531    0.000243
532    0.000319
533    0.000306
534    0.000178
535    0.000247
536    0.000268
537    0.000248
538    0.000577
539    0.000285
540    0.000291
541    0.000288
542    0.000362
543    0.000276
544    0.000232
545    0.000392
546    0.000262
547    0.000234
548    0.000450
549    0.000315
550    0.000275
551    0.000200
552    0.000330
553    0.000360
554    0.000242
555    0.000294
556    0.000144
557    0.000236
558    0.000149
559    0.000258
560    0.000370
561    0.000173
562    0.000254
563    0.000406
564    0.000207
565    0.000302
566    0.000207
567    0.000271
568    0.000196
569    0.000260
570    0.000354
571    0.000211
572    0.000433
573    0.000211
574    0.000253
575    0.000159
576    0.000257
577    0.000246
578    0.000223
579    0.000199
580    0.000196
581    0.000227
582    0.000314
583    0.000175
584    0.000221
585    0.000228
586    0.000353
587    0.000227
588    0.000157
589    0.000144
590    0.000328
591    0.000260
592    0.000330
593    0.000262
594    0.000225
595    0.000354
596    0.000237
597    0.000279
598    0.000244
599    0.000234
600    0.000268
601    0.000378
602    0.000251
603    0.000190
604    0.000243
605    0.000245
606    0.000269
607    0.000217
608    0.000242
609    0.000233
610    0.000189
611    0.000183
612    0.000230
613    0.000165
614    0.000309
615    0.000277
616    0.000272
617    0.000195
618    0.000246
619    0.000288
620    0.000211
621    0.000231
622    0.000313
623    0.000260
624    0.000298
625    0.000288
626    0.000349
627    0.000211
628    0.000246
629    0.000311
630    0.000217
631    0.000234
632    0.000180
633    0.000244
634    0.000183
635    0.000225
636    0.000250
637    0.000290
638    0.000202
639    0.000238
640    0.000195
641    0.000157
642    0.000260
643    0.000303
644    0.000306
645    0.000249
646    0.000216
647    0.000224
648    0.000227
649    0.000204
650    0.000247
651    0.000234
652    0.000244
653    0.000237
654    0.000152
655    0.000217
656    0.000264
657    0.000218
658    0.000179
659    0.000182
660    0.000233
661    0.000221
662    0.000424
663    0.000180
664    0.000339
665    0.000221
666    0.000211
667    0.000242
668    0.000255
669    0.000240
670    0.000203
671    0.000264
672    0.000247
673    0.000163
674    0.000244
675    0.000329
676    0.000400
677    0.000193
678    0.000305
679    0.000208
680    0.000218
681    0.000297
682    0.000284
683    0.000279
684    0.000257
685    0.000135
686    0.000292
687    0.000406
688    0.000187
689    0.000204
690    0.000161
691    0.000231
692    0.000162
693    0.000306
694    0.000257
695    0.000272
696    0.000112
697    0.000221
698    0.000265
699    0.000211
700    0.000335
701    0.000263
702    0.000231
703    0.000232
704    0.000185
705    0.000303
706    0.000229
707    0.000161
708    0.000201
709    0.000203
710    0.000158
711    0.000219
712    0.000209
713    0.000174
714    0.000189
715    0.000117
716    0.000221
717    0.000198
718    0.000250
719    0.000101
720    0.000237
721    0.000222
722    0.000209
723    0.000240
724    0.000282
725    0.000207
726    0.000153
727    0.000185
728    0.000198
729    0.000242
730    0.000293
731    0.000268
732    0.000178
733    0.000224
734    0.000128
735    0.000248
736    0.000249
737    0.000154
738    0.000180
739    0.000181
740    0.000261
741    0.000223
742    0.000300
743    0.000263
744    0.000303
745    0.000245
746    0.000235
747    0.000166
748    0.000118
749    0.000254
750    0.000144
751    0.000105
752    0.000120
753    0.000169
754    0.000174
755    0.000174
756    0.000131
757    0.000303
758    0.000159
759    0.000187
760    0.000239
761    0.000121
762    0.000107
763    0.000258
764    0.000202
765    0.000161
766    0.000225
767    0.000233
768    0.000141
769    0.000099
770    0.000215
771    0.000165
772    0.000148
773    0.000210
774    0.000163
775    0.000134
776    0.000103
777    0.000154
778    0.000220
779    0.000099
780    0.000100
781    0.000246
782    0.000169
783    0.000146
784    0.000131
785    0.000151
786    0.000215
787    0.000167
788    0.000154
789    0.000120
790    0.000276
791    0.000281
792    0.000130
793    0.000213
794    0.000171
795    0.000152
796    0.000198
797    0.000242
798    0.000079
799    0.000081
800    0.000221
801    0.000169
802    0.000165
803    0.000140
804    0.000157
805    0.000060
806    0.000165
807    0.000230
808    0.000130
809    0.000121
810    0.000140
811    0.000196
812    0.000164
813    0.000106
814    0.000275
815    0.000194
816    0.000220
817    0.000228
818    0.000210
819    0.000304
820    0.000220
821    0.000419
822    0.000111
823    0.000146
824    0.000268
825    0.000535
