  1    0.029865
  2    0.197343
  3    0.068465
  4    0.048976
  5    0.010259
  6    0.011664
  7    0.016852
  8    0.033004
  9    0.013996
 10    0.012238
 11    0.004181
 12    0.006062
 13    0.011124
 14    0.012036
 15    0.015899
 16    0.008325
 17    0.006724
 18    0.007453
 19    0.004395
 20    0.008680
 21    0.005067
 22    0.003866
 23    0.004226
 24    0.002658
 25    0.002736
 26    0.004199
 27    0.003764
 28    0.004440
 29    0.004592
 30    0.002057
 31    0.002856
 32    0.006003
 33    0.004061
 34    0.003029
 35    0.004852
 36    0.004550
 37    0.002634
 38    0.005162
 39    0.003324
 40    0.004204
 41    0.003282
 42    0.002415
 43    0.003124
 44    0.002762
 45    0.002887
 46    0.002716
 47    0.001410
 48    0.003057
 49    0.002502
 50    0.001911
 51    0.003671
 52    0.002451
 53    0.003236
 54    0.002759
 55    0.002569
 56    0.002367
 57    0.001830
 58    0.002181
 59    0.001849
 60    0.002470
 61    0.001313
 62    0.001779
 63    0.001405
 64    0.001669
 65    0.002911
 66    0.002594
 67    0.002144
 68    0.001529
 69    0.001557
 70    0.001036
 71    0.001628
 72    0.001911
 73    0.002652
 74    0.001345
 75    0.001682
 76    0.002121
 77    0.001552
 78    0.001588
 79    0.000839
 80    0.001177
 81    0.001031
 82    0.001642
 83    0.001416
 84    0.001058
 85    0.001148
 86    0.001148
 87    0.001079
 88    0.001502
 89    0.001148
 90    0.001293
 91    0.001731
 92    0.000904
 93    0.001576
 94    0.001416
 95    0.000980
 96    0.001603
 97    0.001107
 98    0.001097
 99    0.001416
100    0.001022
101    0.001300
102    0.001057
103    0.001346
104    0.001129
105    0.001388
106    0.001548
107    0.000936
108    0.001584
109    0.001719
110    0.000999
111    0.000687
112    0.000769
113    0.001053
114    0.001172
115    0.001177
116    0.000695
117    0.001156
118    0.001049
119    0.000216
120    0.001338
121    0.000486
122    0.000968
123    0.000440
124    0.001045
125    0.001166
126    0.000842
127    0.000877
128    0.000909
129    0.000775
130    0.000667
131    0.000884
132    0.001238
133    0.001220
134    0.000976
135    0.000751
136    0.001088
137    0.001248
138    0.000827
139    0.000799
140    0.000790
141    0.001239
142    0.000672
143    0.000942
144    0.001061
145    0.000855
146    0.000830
147    0.000556
148    0.000734
149    0.001035
150    0.000950
151    0.000730
152    0.000917
153    0.000551
154    0.000578
155    0.000629
156    0.000898
157    0.000836
158    0.001343
159    0.000806
160    0.001206
161    0.000575
162    0.000678
163    0.000469
164    0.000817
165    0.000524
166    0.000567
167    0.000949
168    0.000723
169    0.000544
170    0.000905
171    0.000858
172    0.001147
173    0.000878
174    0.000574
175    0.001166
176    0.000737
177    0.000610
178    0.000999
179    0.000737
180    0.000696
181    0.000470
182    0.000636
183    0.000722
184    0.000767
185    0.000816
186    0.000640
187    0.000759
188    0.000559
189    0.000740
190    0.000779
191    0.000782
192    0.000776
193    0.000759
194    0.000838
195    0.000517
196    0.000708
197    0.000521
198    0.000906
199    0.000793
200    0.000525
201    0.000692
202    0.000894
203    0.001174
204    0.000788
205    0.000789
206    0.000525
207    0.000699
208    0.000605
209    0.000263
210    0.000663
211    0.000702
212    0.001055
213    0.000830
214    0.000568
215    0.000825
216    0.000673
217    0.000970
218    0.000733
219    0.000639
220    0.000928
221    0.000466
222    0.000890
223    0.000411
224    0.000781
225    0.000626
226    0.000699
227    0.000607
228    0.000486
229    0.000711
230    0.000668
231    0.000868
232    0.000673
233    0.000794
234    0.000675
235    0.000431
236    0.000669
237    0.000827
238    0.000512
239    0.000343
240    0.000485
241    0.000729
242    0.000471
243    0.000489
244    0.000560
245    0.000723
246    0.000330
247    0.001022
248    0.000641
249    0.000775
250    0.000614
251    0.000551
252    0.000768
253    0.000536
254    0.001079
255    0.000913
256    0.000740
257    0.000692
258    0.000696
259    0.000469
260    0.000640
261    0.000752
262    0.000746
263    0.000671
264    0.000634
265    0.001140
266    0.000531
267    0.000461
268    0.000944
269    0.000546
270    0.000643
271    0.000382
272    0.000668
273    0.000674
274    0.000472
275    0.000537
276    0.000728
277    0.000585
278    0.000323
279    0.000479
280    0.000383
281    0.000441
282    0.000487
283    0.000360
284    0.000708
285    0.000375
286    0.000428
287    0.000481
288    0.000668
289    0.000430
290    0.000553
291    0.000425
292    0.000277
293    0.000489
294    0.000286
295    0.000648
296    0.000400
297    0.000607
298    0.000504
299    0.000408
300    0.000409
301    0.000673
302    0.000471
303    0.000627
304    0.000652
305    0.000584
306    0.000489
307    0.000556
308    0.000337
309    0.000551
310    0.000297
311    0.000395
312    0.000382
313    0.000757
314    0.000534
315    0.000383
316    0.000330
317    0.000539
318    0.000289
319    0.000598
320    0.000583
321    0.000527
322    0.000301
323    0.000319
324    0.000342
325    0.000470
326    0.000821
327    0.000600
328    0.000442
329    0.000435
330    0.000348
331    0.000434
332    0.000474
333    0.000527
334    0.000407
335    0.000310
336    0.000380
337    0.000378
338    0.000503
339    0.000459
340    0.000367
341    0.000442
342    0.000582
343    0.000289
344    0.000408
345    0.000281
346    0.000556
347    0.000488
348    0.000521
349    0.000348
350    0.000305
351    0.000461
352    0.000351
353    0.000300
354    0.000313
355    0.000495
356    0.000295
357    0.000230
358    0.000402
359    0.000501
360    0.000471
361    0.000146
362    0.000601
363    0.000502
364    0.000204
365    0.000479
366    0.000334
367    0.000439
368    0.000498
369    0.000346
370    0.000297
371    0.000366
372    0.000640
373    0.000313
374    0.000371
375    0.000246
376    0.000251
377    0.000301
378    0.000251
379    0.000384
380    0.000338
381    0.000144
382    0.000196
383    0.000348
384    0.000129
385    0.000304
386    0.000290
387    0.000467
388    0.000325
389    0.000380
390    0.000269
391    0.000622
392    0.000342
393    0.000373
394    0.000622
395    0.000495
396    0.000635
397    0.000458
398    0.000366
399    0.000398
400    0.000394
401    0.000451
402    0.000424
403    0.000215
404    0.000336
405    0.000493
406    0.000429
407    0.000434
408    0.000334
409    0.000296
410    0.000355
411    0.000284
412    0.000332
413    0.000206
414    0.000258
415    0.000205
416    0.000372
417    0.000226
418    0.000280
419    0.000431
420    0.000238
421    0.000438
422    0.000342
423    0.000301
424    0.000395
425    0.000241
426    0.000349
427    0.000303
428    0.000219
429    0.000224
430    0.000400
431    0.000175
432    0.000315
433    0.000252
434    0.000170
435    0.000193
436    0.000386
437    0.000234
438    0.000278
439    0.000177
440    0.000312
441    0.000182
442    0.000245
443    0.000314
444    0.000362
445    0.000261
446    0.000462
447    0.000245
448    0.000164
449    0.000194
450    0.000448
451    0.000270
452    0.000267
453    0.000198
454    0.000480
455    0.000469
456    0.000226
457    0.000265
458    0.000300
459    0.000197
460    0.000229
461    0.000205
462    0.000290
463    0.000227
464    0.000331
465    0.000258
466    0.000365
467    0.000490
468    0.000332
469    0.000246
470    0.000379
471    0.000336
472    0.000252
473    0.000333
474    0.000228
475    0.000242
476    0.000148
477    0.000256
478    0.000287
479    0.000285
480    0.000233
481    0.000289
482    0.000430
483    0.000277
484    0.000195
485    0.000246
486    0.000438
487    0.000309
488    0.000266
489    0.000360
490    0.000216
491    0.000347
492    0.000198
493    0.000307
494    0.000311
495    0.000147
496    0.000225
497    0.000319
498    0.000232
499    0.000349
500    0.000212
501    0.000268
502    0.000266
503    0.000239
504    0.000228
505    0.000242
506    0.000379
507    0.000283
508    0.000269
509    0.000344
510    0.000205
511    0.000194
512    0.000234
513    0.000183
514    0.000178
515    0.000256
516    0.000326
517    0.000247
518    0.000185
519    0.000134
520    0.000190
521    0.000216
522    0.000312
523    0.000348
524    0.000264
525    0.000246
526    0.000311
527    0.000137
528    0.000239
529    0.000198
530    0.000234
531    0.000133
532    0.000222
533    0.000204
534    0.000379
535    0.000182
536    0.000289
537    0.000243
538    0.000308
539    0.000226
540    0.000133
541    0.000203
542    0.000282
543    0.000103
544    0.000324
545    0.000201
546    0.000138
547    0.000171
548    0.000187
549    0.000246
550    0.000251
551    0.000321
552    0.000289
553    0.000188
554    0.000345
555    0.000245
556    0.000320
557    0.000287
558    0.000189
559    0.000195
560    0.000366
561    0.000191
562    0.000142
563    0.000142
564    0.000265
565    0.000244
566    0.000191
567    0.000156
568    0.000338
569    0.000148
570    0.000258
571    0.000473
572    0.000254
573    0.000222
574    0.000143
575    0.000223
576    0.000118
577    0.000250
578    0.000148
579    0.000172
580    0.000158
581    0.000186
582    0.000209
583    0.000229
584    0.000228
585    0.000237
586    0.000155
587    0.000318
588    0.000222
589    0.000208
590    0.000160
591    0.000137
592    0.000326
593    0.000271
594    0.000258
595    0.000265
596    0.000200
597    0.000171
598    0.000207
599    0.000217
600    0.000184
601    0.000135
602    0.000091
603    0.000174
604    0.000251
605    0.000175
606    0.000202
607    0.000189
608    0.000328
609    0.000270
610    0.000292
611    0.000130
612    0.000171
613    0.000183
614    0.000265
615    0.000149
616    0.000238
617    0.000236
618    0.000201
619    0.000221
620    0.000176
621    0.000270
622    0.000252
623    0.000197
624    0.000266
625    0.000176
626    0.000151
627    0.000166
628    0.000163
629    0.000242
630    0.000248
631    0.000224
632    0.000150
633    0.000155
634    0.000214
635    0.000241
636    0.000244
637    0.000294
638    0.000155
639    0.000091
640    0.000237
641    0.000162
642    0.000228
643    0.000134
644    0.000163
645    0.000130
646    0.000124
647    0.000202
648    0.000225
649    0.000139
650    0.000256
651    0.000233
652    0.000140
653    0.000155
654    0.000189
655    0.000207
656    0.000218
657    0.000250
658    0.000246
659    0.000262
660    0.000255
661    0.000140
662    0.000133
663    0.000172
664    0.000123
665    0.000156
666    0.000163
667    0.000229
668    0.000181
669    0.000192
670    0.000168
671    0.000153
672    0.000167
673    0.000221
674    0.000123
675    0.000281
676    0.000207
677    0.000262
678    0.000229
679    0.000175
680    0.000134
681    0.000174
682    0.000168
683    0.000262
684    0.000154
685    0.000221
686    0.000154
687    0.000216
688    0.000167
689    0.000256
690    0.000291
691    0.000177
692    0.000231
693    0.000205
694    0.000202
695    0.000130
696    0.000191
697    0.000162
698    0.000168
699    0.000119
700    0.000098
701    0.000162
702    0.000198
703    0.000101
704    0.000154
705    0.000163
706    0.000109
707    0.000144
708    0.000126
709    0.000182
710    0.000177
711    0.000177
712    0.000093
713    0.000171
714    0.000085
715    0.000187
716    0.000132
717    0.000162
718    0.000090
719    0.000147
720    0.000112
721    0.000134
722    0.000120
723    0.000182
724    0.000177
725    0.000127
726    0.000099
727    0.000135
728    0.000316
729    0.000115
730    0.000222
731    0.000245
732    0.000222
733    0.000165
734    0.000174
735    0.000177
736    0.000258
737    0.000146
738    0.000161
739    0.000172
740    0.000135
741    0.000130
742    0.000137
743    0.000149
744    0.000229
745    0.000137
746    0.000257
747    0.000154
748    0.000172
749    0.000142
750    0.000146
751    0.000129
752    0.000140
753    0.000152
754    0.000173
755    0.000188
756    0.000147
757    0.000202
758    0.000177
759    0.000169
760    0.000088
761    0.000149
762    0.000174
763    0.000121
764    0.000118
765    0.000151
766    0.000202
767    0.000211
768    0.000287
769    0.000124
770    0.000207
771    0.000114
772    0.000193
773    0.000135
774    0.000071
775    0.000100
776    0.000371
777    0.000169
778    0.000175
779    0.000082
780    0.000157
781    0.000112
782    0.000073
783    0.000092
784    0.000166
785    0.000185
786    0.000144
787    0.000056
788    0.000231
789    0.000134
790    0.000165
791    0.000123
792    0.000208
793    0.000144
794    0.000119
795    0.000260
796    0.000169
797    0.000190
798    0.000241
799    0.000152
800    0.000071
801    0.000147
802    0.000208
803    0.000037
804    0.000124
805    0.000162
806    0.000101
807    0.000117
808    0.000085
809    0.000033
810    0.000192
811    0.000116
812    0.000177
813    0.000146
814    0.000068
815    0.000036
816    0.000226
817    0.000388
818    0.000093
819    0.000161
820    0.000094
821    0.000157
822    0.000026
823    0.000225
824    0.000138
825    0.000319
