Frame	Volume
1	1120.39
2	1081.85
3	1105.94
4	1061.12
5	1097.02
6	1118.46
7	1096.37
8	1105.25
9	1104.06
10	1102.75
11	1109.92
12	1093.77
13	1108.54
14	1099.58
15	1116.48
16	1102.31
17	1103.79
18	1096.94
19	1119.69
20	1099.64
21	1120.44
22	1144.91
23	1103.77
24	1114.84
25	1089.67
26	1092.79
27	1089.44
28	1092.17
29	1111.3
30	1138.17
31	1102.9
32	1107.55
33	1107.92
34	1115.88
35	1102.34
36	1095.86
37	1088.87
38	1096.98
39	1121.26
40	1114.75
41	1090.75
42	1092.71
43	1105.16
44	1097.3
45	1100.01
46	1122.25
47	1108.12
48	1121.79
49	1100.42
50	1110.47
51	1124.5
52	1103.62
53	1101.78
54	1091.77
55	1108.4
56	1107.81
57	1113.53
58	1098.41
59	1095.61
60	1124.37
61	1110.91
62	1108.84
63	1105.63
64	1106.03
65	1109.77
66	1085.04
67	1102.25
68	1106.38
69	1096.72
70	1105.55
71	1099.23
72	1109.49
73	1083.93
74	1080.47
75	1118.79
76	1090.86
77	1114.07
78	1104.73
79	1107.49
80	1090.15
81	1100.35
82	1088.41
83	1113.95
84	1092.29
85	1091.61
86	1111.12
87	1129.7
88	1085.15
89	1096.58
90	1120.71
91	1108.87
92	1087.33
93	1108.53
94	1107.83
95	1069.17
96	1094.4
97	1096.32
98	1129.75
99	1113.99
100	1118.65
101	1102.46
102	1102.03
103	1128.5
104	1152.9
105	1108.74
106	1108.15
107	1111.56
108	1089.1
109	1100.14
110	1108.16
111	1120.24
112	1130.22
113	1098.84
114	1140.94
115	1104.8
116	1112.89
117	1130.29
118	1082.51
119	1086.95
120	1099.93
121	1102.38
122	1121.6
123	1096.45
124	1111.25
125	1085.09
126	1095.15
127	1119.86
128	1119.58
129	1102.87
130	1080.04
131	1129.65
132	1088.11
133	1064.41
134	1085.07
135	1121.9
136	1068.7
137	1131.82
138	1089.1
139	1124.87
140	1084.65
141	1103.28
142	1124.71
143	1113.15
144	1102.25
145	1133.77
146	1115.83
147	1121.29
148	1099.79
149	1097.41
150	1156.11
151	1078.37
152	1127.99
153	1111.27
154	1127.16
155	1150.48
156	1085.19
157	1124.68
158	1101.83
159	1100.4
160	1098.03
161	1104.15
162	1095.97
163	1070.73
164	1123.29
165	1116.87
166	1099.19
167	1096.89
168	1108.25
169	1114.63
170	1111.86
171	1111.98
172	1100.57
173	1116.12
174	1121.76
175	1120.41
176	1131.29
177	1043.04
178	1071.61
179	1106.16
180	1066.28
181	1091.24
182	1100.77
183	1092.1
184	1136.5
185	1104.12
186	1101.46
187	1094.26
188	1104.51
189	1117.77
190	1098.77
191	1091.49
192	1097.97
193	1080.35
194	1097
195	1115.1
196	1117.84
197	1106.17
198	1117.74
199	1088.25
200	1111.25
201	1109.08
202	1122.77
203	1084.36
204	1096.12
205	1115.15
206	1111.23
207	1090.75
208	1111.85
209	1077.06
210	1083.67
211	1117.22
212	1101.11
213	1088.68
214	1099.24
215	1104.97
216	1100.89
217	1121.92
218	1107.19
219	1099.06
220	1109.46
221	1136.66
222	1100.63
223	1111.55
224	1089.16
225	1106.66
226	1129.4
227	1103.84
228	1105.07
229	1093.41
230	1109.07
231	1097.75
232	1085.37
233	1102.27
234	1093.65
235	1074.29
236	1103.78
237	1106.94
238	1105.75
239	1064.53
240	1095.84
241	1081.68
242	1084.26
243	1101.3
244	1054.28
245	1110.66
246	1100.8
247	1132.69
248	1078.36
249	1117.43
250	1115.9
251	1127.76
252	1119.69
253	1113.01
254	1116.68
255	1122
256	1106.84
257	1096.85
258	1103.55
259	1099.78
260	1118.38
261	1107.89
262	1113.4
263	1124.21
264	1115.22
265	1120.83
266	1113.2
267	1094.9
268	1099.41
269	1125.37
270	1099.69
271	1094.46
272	1102.66
273	1110.43
274	1074.86
275	1127.44
276	1091.99
277	1121.03
278	1096.42
279	1077.49
280	1135.09
281	1092.68
282	1145.74
283	1106.02
284	1100.6
285	1111.86
286	1088.56
287	1095.64
288	1109.87
289	1085.39
290	1111.86
291	1114.36
292	1116.5
293	1100.77
294	1097.39
295	1102.04
296	1122.28
297	1129.03
298	1102.78
299	1095.43
300	1110.15
301	1103.05
302	1126.04
303	1101.48
304	1100.48
305	1092.96
306	1102.55
307	1103.29
308	1099.55
309	1116.72
310	1105.09
311	1132.25
312	1095.36
313	1122.13
314	1118.85
315	1108.25
316	1108.16
317	1116.27
318	1089.76
319	1114
320	1102.18
321	1086.2
322	1104.16
323	1119.46
324	1088.97
325	1120.48
326	1090.9
327	1109.91
328	1091.79
329	1109.43
330	1098.41
331	1097.95
332	1096.2
333	1088.85
334	1102.14
335	1106.4
336	1081.69
337	1099.11
338	1122.08
339	1089.81
340	1150.51
341	1121.36
342	1080.32
343	1094.29
344	1100.61
345	1125.29
346	1118.08
347	1084.23
348	1102.43
349	1098.15
350	1127.11
351	1116.23
352	1095.47
353	1085.89
354	1125.12
355	1113.29
356	1128.8
357	1140.48
358	1103.3
359	1093.75
360	1090.5
361	1115.82
362	1105.51
363	1102.21
364	1109.91
365	1088.63
366	1111.63
367	1118.54
368	1104.05
369	1100.74
370	1136.24
371	1119.62
372	1107.22
373	1113.32
374	1096.21
375	1095.71
376	1111.29
377	1101.28
378	1108.33
379	1108.82
380	1109.09
381	1105.66
382	1102.36
383	1103.76
384	1119.49
385	1104.94
386	1092.3
387	1102.66
388	1116.63
389	1126.98
390	1090
391	1092.58
392	1114.38
393	1106.51
394	1075.91
395	1101.72
396	1108.54
397	1128.15
398	1074.48
399	1096.33
400	1154.67
401	1095.45
402	1116.51
403	1107.94
404	1072.38
405	1129.68
406	1082.44
407	1091.58
408	1126.33
409	1136.27
410	1091.49
411	1105.46
412	1129.97
413	1101.28
414	1139.23
415	1133.36
416	1085.33
417	1148.47
418	1088.22
419	1084.22
420	1120.2
421	1115.67
422	1100.99
423	1099.55
424	1108.94
425	1093.93
426	1096.2
427	1108.68
428	1102.43
429	1088.68
430	1118.34
431	1091.13
432	1117.01
433	1098.37
434	1075.51
435	1109.65
436	1103.85
437	1097.43
438	1084.61
439	1102.66
440	1109.48
441	1112.42
442	1124.8
443	1115.39
444	1104.6
445	1116.15
446	1113.53
447	1102.57
448	1106.39
449	1131.5
450	1095.79
451	1124.89
452	1110.55
453	1109.46
454	1118.1
455	1103.26
456	1093.43
457	1118.28
458	1100.51
459	1095.69
460	1109.09
461	1079.37
462	1101.75
463	1127.21
464	1113.07
465	1090.69
466	1106.03
467	1097.18
468	1104.98
469	1107.82
470	1098.52
471	1085.35
472	1125.31
473	1087.64
474	1110.14
475	1113.62
476	1099.31
477	1116.36
478	1097.06
479	1093.43
480	1124.42
481	1099.12
482	1102.8
483	1101.53
484	1106.64
485	1104.38
486	1097.03
487	1104.34
488	1100.23
489	1090.18
490	1108.29
491	1097.48
492	1126.32
493	1110.37
494	1101.95
495	1122.52
496	1104.52
497	1109.23
498	1101.99
499	1116.74
500	1116.92
501	1106.46
502	1109.14
503	1105.84
504	1090
505	1107.48
506	1105.19
507	1117.64
508	1107.91
509	1111.52
510	1104.11
511	1108.12
512	1108.73
513	1109.39
514	1119.24
515	1123.11
516	1086.84
517	1107.72
518	1106.67
519	1113.2
520	1121.94
521	1105.58
522	1105.92
523	1112.31
524	1098.47
525	1096.64
526	1105.87
527	1092.75
528	1105.14
529	1103.87
530	1105.17
531	1104.08
532	1118.42
533	1113.68
534	1087.25
535	1101.54
536	1090.4
537	1098.21
538	1105.87
539	1114.31
540	1112.33
541	1114.47
542	1106.95
543	1107.15
544	1113.25
545	1096.3
546	1106.2
547	1122.7
548	1098.07
549	1103.47
550	1100.45
551	1119.77
552	1099.17
553	1092.74
554	1117.06
555	1090.45
556	1113.32
557	1129.1
558	1093.24
559	1108.53
560	1104.89
561	1111.8
562	1103.03
563	1114.98
564	1100.39
565	1109.12
566	1103.37
567	1103.16
568	1091.92
569	1099.74
570	1105.66
571	1103.65
572	1104.7
573	1116.19
574	1114.2
575	1089.23
576	1124.79
577	1105.94
578	1095.34
579	1092.06
580	1116.89
581	1091.46
582	1096.91
583	1102.32
584	1107.38
585	1105.14
586	1108.02
587	1094.6
588	1099.82
589	1094.97
590	1111.65
591	1095.83
592	1104.97
593	1086.25
594	1132.71
595	1078.3
596	1106.89
597	1114.69
598	1110.46
599	1102.24
600	1103.87
601	1110.39
602	1101.07
603	1115.76
604	1103.21
605	1129.07
606	1104.45
607	1103.19
608	1103.19
609	1107.38
610	1104.99
611	1098.78
612	1081.83
613	1105.94
614	1116.07
615	1110.24
616	1114.34
617	1094.26
618	1102.42
619	1109.77
620	1091.32
621	1110.21
622	1105.66
623	1114.74
624	1104.12
625	1114.27
626	1072.31
627	1106.64
628	1104.76
629	1090.4
630	1098.87
631	1107.62
632	1128.99
633	1095.12
634	1112.42
635	1092.71
636	1108.56
637	1096.46
638	1109.83
639	1128.91
640	1123.73
641	1123.59
642	1118.8
643	1104.08
644	1111.29
645	1110.09
646	1106.55
647	1124.6
648	1094.1
649	1120.43
650	1091.27
651	1114.32
652	1100.42
653	1102.34
654	1098.04
655	1106.81
656	1085.29
657	1096.89
658	1113.91
659	1107.57
660	1120.06
661	1097.48
662	1112.14
663	1104.81
664	1098.14
665	1103.81
666	1102.86
667	1090.7
668	1112.21
669	1108.44
670	1109.71
671	1086.83
672	1089.9
673	1097.35
674	1091.96
675	1099.2
676	1091.59
677	1080.25
678	1083.23
679	1093.82
680	1082.02
681	1111.89
682	1113.19
683	1084.44
684	1102.36
685	1093.76
686	1122.36
687	1111.17
688	1104.64
689	1101.66
690	1090.28
691	1102.89
692	1095.23
693	1103.54
694	1108.27
695	1106.67
696	1104.45
697	1109.17
698	1092.47
699	1103.07
700	1106.69
701	1098.82
702	1097.59
703	1111.33
704	1099.11
705	1100.37
706	1099.33
707	1106.78
708	1091.23
709	1099.32
710	1097.71
711	1114.34
712	1101.02
713	1101.31
714	1100.45
715	1097.36
716	1103.88
717	1108.99
718	1104.92
719	1101.4
720	1110.81
721	1096.2
722	1108.73
723	1109.53
724	1103.18
725	1109.86
726	1114.01
727	1092.07
728	1110.37
729	1101.39
730	1103.87
731	1122.05
732	1091.91
733	1103.99
734	1102.55
735	1116.57
736	1086.55
737	1128.61
738	1077.53
739	1131.94
740	1100.62
741	1127.42
742	1106.19
743	1121.12
744	1125.06
745	1113.96
746	1120.77
747	1095.36
748	1095.11
749	1089.43
750	1097.77
751	1098.43
752	1116.83
753	1101.5
754	1098.37
755	1093.59
756	1107.99
757	1088.19
758	1101.88
759	1115.73
760	1132.11
761	1109.21
762	1102.03
763	1108.94
764	1097.19
765	1105.34
766	1098.92
767	1098.6
768	1097.22
769	1110.74
770	1104.79
771	1099.49
772	1103.43
773	1104.98
774	1100.8
775	1107.36
776	1092.54
777	1101.99
778	1109.47
779	1110.11
780	1113.77
781	1098.13
782	1097.42
783	1103.6
784	1125.88
785	1104.03
786	1095.14
787	1098.47
788	1091.08
789	1107.89
790	1099.63
791	1113.06
792	1109.7
793	1108.44
794	1103.29
795	1111.73
796	1109.57
797	1109.58
798	1118.79
799	1106.67
800	1104.31
801	1130.77
802	1102.31
803	1097.12
804	1088.83
805	1093.85
806	1118.67
807	1098.63
808	1104.92
809	1085.4
810	1081.75
811	1104.02
812	1097.43
813	1102.03
814	1124.59
815	1114.99
816	1096.71
817	1108.02
818	1103.85
819	1092.51
820	1111.2
821	1124.93
822	1105.3
823	1089.43
824	1097.1
825	1089.14
