0.001419
-0.005903
0.011854
0.003732
-345e-6
0.012409
-0.005997
-0.007488
0.014253
-0.025985
-0.027465
0.012392
-0.035782
-0.006187
-0.005143
-0.017419
0.025588
-0.031376
-0.009276
0.071065
-0.037551
-0.003829
0.077316
-0.101747
-0.015024
0.017943
-0.104518
-0.013864
0.035841
-0.062865
-0.017328
0.072248
-0.04822
-0.031621
0.069883
-0.007804
-0.033423
0.068257
0.004101
-0.044844
0.074014
0.043286
-0.046528
0.074101
0.058287
-0.009772
0.069221
0.075713
0.004194
0.065899
0.075316
0.002881
0.041873
0.044151
0.023911
0.031238
0.016224
0.028835
0.010754
-0.004567
0.019452
0.012853
0.017924
0.008018
0.013409
0.021347
-0.003829
0.027875
0.031904
-0.001269
0.038793
0.043315
-0.022366
0.050236
0.040875
-0.015473
0.04338
0.034842
-0.009976
0.037861
0.002119
-0.003399
0.028522
-0.031364
0.010524
0.002991
-0.051498
-0.022552
-0.032375
-0.127591
-0.004632
-0.151132
-0.156604
-0.050873
-0.177154
-0.255373
-0.084095
-0.251703
-0.374466
-0.062892
-0.201344
-0.302423
-0.076597
-0.065466
-0.245959
-0.037415
-0.073242
-0.179659
-0.017033
-0.006897
-0.090873
0.044201
-0.020258
-0.030868
0.018859
-0.003655
208e-6
0.008545
671e-6
0.012617
-0.001933
0.016522
0.032376
-0.008185
0.028438
0.028946
0.002126
0.013589
0.024108
-0.002779
0.008742
0.020665
0.004479
0.004981
0.020058
0.006971
-0.00151
0.017725
0.015732
-0.0066
0.016726
0.014192
-0.010289
0.021521
0.011741
-0.013806
0.02414
0.012119
-0.012178
0.024158
0.010648
-0.008781
0.027832
0.009711
-0.005724
0.023378
0.010079
-0.005689
0.022326
0.0093
-0.005057
0.027128
0.007762
-0.001543
0.027962
0.00771
-298e-6
0.02435
0.00752
859e-6
0.025002
0.005374
717e-6
0.026279
0.00442
0.002733
0.026317
0.005086
0.00271
0.024944
0.003498
0.001144
0.022835
0.004227
971e-6
0.024073
0.003886
0.004173
0.023636
0.00514
56e-5
0.02497
0.005174
-279e-6
0.02236
0.007182
-0.002071
0.022155
0.009276
0.008891
0.02434
0.012851
0.012839
0.027647
0.013773
0.01597
0.027188
0.013364
0.014998
0.034296
0.009591
0.010305
0.028516
0.008322
0.00682
0.027012
0.004132
-0.001786
0.029587
0.004276
-695e-6
0.028787
0.003572
595e-6
0.025559
0.003071
0.002022
0.023
-0.002872
0.001723
0.019665
-0.004222
-255e-6
0.021471
0.008124
0.015335
0.025454
0.015072
0.027048
0.04848
0.051541
0.041134
0.056187
0.056843
0.043079
0.056527
0.001496
-0.003083
0.023135
-0.001265
0.008151
0.025226
-808e-6
0.002543
0.019204
-467e-6
0.006338
0.023204
-0.001876
0.00828
0.021074
0.001791
0.004598
0.025949
0.00991
-0.018651
0.02894
0.006424
-0.019102
0.041345
0.007779
-0.017449
0.051099
0.005917
-0.022379
0.055365
0.007422
-0.01961
0.047981
0.005566
-0.023534
0.04099
0.005597
-0.021105
0.030498
0.004268
-0.016189
0.024676
0.001841
-0.023434
0.017804
0.002964
-0.030083
0.025262
0.004443
-0.023038
0.02851
0.002236
-0.021618
0.01969
254e-6
-0.031829
0.017797
0.002921
-0.034705
0.027035
0.004548
-0.026029
0.028503
0.001905
-0.022966
0.019188
0.002925
-0.022669
0.022651
0.006336
-0.015523
0.029262
0.003867
-0.008467
0.022039
0.003144
-736e-6
0.016984
0.002393
0.007769
0.009174
0.004932
0.014819
0.017743
0.005265
0.006406
0.022695
0.002971
0.00406
0.012803
0.003051
0.013665
0.009071
0.005345
0.015871
0.019035
0.004659
0.007116
0.019035
0.003312
0.009263
0.009998
0.004337
0.018237
0.014334
0.006316
0.013846
0.021842
0.00487
0.008371
0.017182
0.003974
0.014559
0.011984
0.006015
0.019181
0.017762
0.005995
0.013564
0.021106
0.00476
0.012052
0.015512
0.004988
0.020069
0.014255
0.005632
0.017285
0.020022
0.005714
0.010388
0.019069
0.004257
0.015728
0.015667
0.004348
0.018046
0.01806
0.004372
0.013708
0.019697
0.003861
0.016323
0.018797
0.005502
0.009812
0.018602
0.003987
0.007592
0.014858
0.004892
0.002723
0.016509
0.002711
-0.002211
0.012254
0.002827
-0.0071
0.016697
0.001679
-0.006468
0.01162
0.001354
-0.01325
0.009084
0.001682
-0.015441
0.013464
0.00175
-0.021907
0.01813
0.003375
-0.013474
0.021753
0.004373
-0.009028
0.023654
0.00545
-0.010818
0.032298
0.007693
-0.008766
0.038049
0.010538
-0.003584
0.04635
0.010801
-0.002283
0.046911
0.009033
-0.002895
0.039457
0.010195
0.006675
0.038086
0.010261
0.007212
0.037786
0.007809
0.002172
0.032143
0.007664
0.002049
0.030214
0.006655
-673e-6
0.024337
0.006077
-0.003741
0.024304
0.008112
-0.003966
0.023761
0.00762
0.004848
0.021262
0.007394
0.00436
0.02268
0.009354
537e-6
0.020914
0.007084
0.002001
0.020825
0.006771
0.004033
0.02014
0.006088
0.006946
0.021173
0.003646
0.013451
0.018011
0.003445
0.018428
0.020475
0.001837
0.02545
0.019948
-0.001174
0.025362
0.013972
-329e-6
0.018721
0.01154
-0.001443
0.017409
0.00623
-108e-6
0.010715
0.005545
0.002291
0.00453
0.00903
0.004771
0.002348
0.00796
0.009547
-0.003653
0.007897
0.018297
-0.006345
0.011236
0.025517
-0.004853
0.002554
0.023476
-112e-6
-0.001964
0.023172
0.010253
-0.003537
0.02772
-0.01779
0.015823
0.016502
-0.026099
0.003091
0.007112
-0.02749
-0.006496
0.002599
-0.029505
-0.01224
0.002079
-0.016636
-0.004711
68e-6
-0.009098
-0.004649
-0.00245
-0.005149
-0.011476
-0.004759
-0.006959
-0.018222
-0.003939
-0.0019
-0.012674
858e-6
-0.005607
-0.005918
0.002388
-0.009906
-0.009102
-621e-6
-0.009143
-0.013507
166e-6
-0.004213
-0.00669
0.003894
-0.005425
-0.001337
544e-6
0.001039
-394e-6
0.001226
0.00216
0.002528
-417e-6
0.009275
0.003391
246e-6
0.012886
0.004854
-0.002742
0.014333
-0.00431
-0.001737
0.004627
-0.003334
265e-6
0.005193
0.004006
-0.002158
0.008999
-0.002725
-0.003175
0.001571
-0.008333
-976e-6
-0.003249
-0.001362
-32e-5
0.001678
0.001213
-0.00297
459e-6
-0.007791
-0.001781
-0.009242
-0.006887
384e-6
-0.007493
0.002291
-729e-6
-0.002735
-268e-6
-0.00249
-0.010433
-0.008121
-0.001325
-0.017065
295e-6
546e-6
-0.01086
0.005756
-0.001205
-0.008785
-0.00211
-0.001773
-0.01904
-0.005638
-876e-6
-0.02146
0.005921
-0.001806
-0.027529
0.006056
-0.001096
-0.033261
-0.004212
721e-6
-0.042841
-0.00683
-162e-6
-0.035445
-0.015761
-0.002062
-0.039623
-0.027255
0.002643
-0.05319
-0.027633
0.003448
-0.065881
-0.03474
-524e-6
-0.055285
-0.034047
0.004466
-0.056574
-0.026585
0.00477
-0.044266
-0.020011
0.002257
-0.045976
-0.025428
-0.004504
-0.0432
-0.033923
-0.004
-0.032915
-0.02899
-0.005602
-0.023906
-0.031174
-0.010875
-0.028316
-0.04166
-0.011448
-0.028063
-0.043151
-0.010602
-0.017803
-0.03727
-0.015132
-0.013524
-0.043277
-0.019052
-0.017797
-0.052357
-0.01782
-0.012725
-0.048247
-0.014124
-0.020434
-0.045294
-0.009917
-0.018773
-0.036845
-0.009142
-0.019649
-0.030642
-0.01042
-0.019871
-0.036072
-0.009137
-0.009883
-0.031141
-0.007112
-0.012178
-0.020815
-0.007485
-0.013966
-0.021867
-0.005258
-0.006
-0.014191
-0.006615
0.002422
-0.018325
-0.008362
0.011182
-0.024992
-0.010394
0.014157
-0.033312
-0.009156
0.023866
-0.026434
-0.006476
0.01589
-0.017434
-0.008305
0.007817
-0.025058
-0.010085
0.01473
-0.030226
-0.007841
0.016304
-0.019215
-0.006457
0.006885
-0.017142
-0.009191
0.005454
-0.027825
-0.009828
0.013711
-0.024668
-0.006693
0.00933
-0.016345
-0.008205
0.002753
-0.022708
-0.011036
0.008644
-0.028361
-0.013004
0.007844
-0.029415
-0.011948
0.01444
-0.028019
-0.008384
0.014549
-0.016952
-0.009434
0.025692
-0.016798
-0.011957
0.025435
-0.023086
-0.009243
0.019801
-0.017924
-0.006933
0.023356
-0.012258
-0.002366
0.025899
-0.004462
0.001415
0.021343
0.002964
0.001554
0.030971
0.003006
399e-6
0.031453
-0.003356
381e-6
0.023864
-0.002764
0.002363
0.027412
0.006588
0.001277
0.037869
0.002439
0.001105
0.033415
-0.005768
0.001522
0.026917
-283e-6
0.002381
0.034539
0.007924
0.001976
0.042075
514e-6
0.001051
0.032414
-0.002164
0.003216
0.029755
0.009109
0.003725
0.040226
0.010985
0.002333
0.035469
0.003667
0.001916
0.023686
0.003968
128e-6
0.019687
-851e-6
-0.001824
0.025876
-0.010164
-0.003232
0.019575
-0.011661
-0.002506
0.008578
-0.007523
