 -0.009857
  0.038380
 -0.133922
 -0.126271
  0.900982
  0.099893
 -0.134339
 -0.065056
 -0.211409
 -0.107701
 -0.011585
  0.095371
  0.155543
  0.058242
  0.043501
 -0.024699
  0.057044
  0.058247
  0.004803
 -0.055751
 -0.021092
  0.003114
 -0.036842
 -0.007902
  0.015731
  0.001466
  0.027579
  0.023422
 -0.034425
 -0.019359
  0.000381
  0.005836
 -0.000775
  0.009003
 -0.011344
 -0.013938
 -0.021262
 -0.006552
 -0.015962
  0.036528
  0.006230
  0.007964
  0.016125
  0.001234
 -0.001679
  0.012423
 -0.027180
 -0.003191
 -0.003308
 -0.010259
 -0.009697
  0.004469
 -0.011779
  0.002726
 -0.002282
  0.004593
 -0.000849
  0.006822
  0.007649
 -0.009586
  0.000986
 -0.000322
 -0.005319
  0.022140
 -0.004146
 -0.012920
 -0.008329
  0.010650
  0.009549
  0.016942
  0.003853
  0.008024
 -0.007095
 -0.006770
  0.003419
  0.025619
  0.016490
  0.032996
  0.004512
  0.000889
  0.005219
 -0.002823
 -0.005416
  0.008936
 -0.002028
  0.008500
 -0.000389
 -0.004839
  0.004331
 -0.009567
 -0.002909
  0.002356
  0.001285
 -0.002227
 -0.006943
  0.002813
  0.001045
  0.004746
  0.003707
 -0.001475
 -0.009655
  0.010622
  0.000345
 -0.005054
  0.004726
  0.002500
  0.001535
  0.001648
  0.010877
 -0.003959
 -0.012942
 -0.008418
 -0.009762
  0.001333
 -0.003547
  0.003322
  0.003713
  0.001302
 -0.004907
  0.006100
  0.000823
 -0.003475
  0.003955
 -0.002045
  0.002580
  0.003932
 -0.001113
 -0.000782
  0.001881
  0.001015
  0.005087
  0.004547
  0.001501
 -0.004321
  0.000339
  0.000661
  0.000141
  0.002732
  0.000867
 -0.004391
 -0.001413
  0.000734
  0.002559
  0.002305
 -0.004221
 -0.001888
  0.002355
  0.005188
  0.000925
 -0.000402
 -0.000338
 -0.001630
 -0.003097
 -0.000159
  0.001371
  0.001199
 -0.002164
  0.002177
 -0.000862
 -0.000506
  0.000433
  0.000380
  0.001206
  0.000523
 -0.000542
  0.001007
  0.000431
  0.003324
 -0.000805
  0.000983
  0.000331
  0.002228
  0.003349
 -0.001850
  0.001364
 -0.000774
 -0.002754
 -0.001060
  0.002049
  0.004938
 -0.000456
  0.002680
  0.001881
  0.000990
 -0.000577
 -0.000678
  0.000829
 -0.001271
  0.000156
  0.000875
  0.002817
 -0.000685
 -0.001844
 -0.003191
 -0.001535
  0.001916
  0.002766
  0.001793
 -0.002277
 -0.000181
 -0.000432
  0.002114
  0.002167
  0.000648
 -0.002601
 -0.001355
  0.000357
 -0.001165
 -0.001867
  0.001321
  0.001205
 -0.000077
  0.001165
 -0.000876
 -0.002834
 -0.000242
 -0.000785
 -0.000669
  0.000104
 -0.000424
  0.000106
  0.000326
  0.000916
  0.002234
 -0.002089
  0.001126
  0.003617
  0.000923
 -0.001187
 -0.000909
  0.000546
 -0.001403
 -0.000495
  0.000379
 -0.000786
  0.001053
 -0.000503
 -0.000159
 -0.001184
  0.000221
 -0.002892
 -0.001097
  0.000352
  0.001874
  0.001196
 -0.001884
  0.000550
 -0.002668
  0.000256
 -0.001523
 -0.000939
  0.001361
  0.000576
 -0.000819
  0.000507
 -0.000819
  0.001021
  0.000433
 -0.000659
  0.000290
  0.002255
 -0.000568
  0.000569
 -0.001118
 -0.000662
 -0.003116
 -0.001852
  0.002240
  0.001149
  0.000595
  0.000893
  0.003205
 -0.002043
 -0.001041
  0.000652
  0.000708
 -0.000064
  0.000975
  0.001262
  0.001296
 -0.001019
 -0.001318
 -0.001598
  0.001912
 -0.001470
  0.000818
  0.001698
  0.003049
 -0.000402
 -0.001028
 -0.000449
 -0.000561
 -0.000357
  0.001600
 -0.000748
 -0.000958
  0.001488
 -0.000946
 -0.000773
  0.001289
  0.000053
 -0.000246
  0.001780
 -0.002129
 -0.000518
  0.000330
 -0.000179
  0.000806
  0.001210
 -0.000544
  0.002316
 -0.002659
 -0.000156
 -0.001962
 -0.000587
 -0.000718
  0.000731
 -0.003023
 -0.000910
  0.000765
 -0.000447
 -0.001103
  0.000148
 -0.002612
  0.001426
  0.000956
  0.001935
  0.001190
  0.000371
  0.000559
  0.000593
  0.000929
 -0.000268
  0.002493
 -0.001821
 -0.000068
 -0.000489
 -0.000936
 -0.001753
  0.000013
  0.001844
 -0.000388
 -0.001424
  0.000694
 -0.000257
 -0.000913
  0.000099
 -0.001449
  0.000619
  0.000074
 -0.000208
  0.002792
 -0.000294
  0.001104
  0.000339
  0.000562
  0.002888
  0.001127
 -0.000078
  0.000354
 -0.000773
  0.000389
  0.000697
  0.001995
 -0.000256
 -0.000127
 -0.001496
  0.000020
 -0.000262
 -0.000914
 -0.001233
 -0.001769
  0.000358
  0.002243
  0.002530
 -0.000124
 -0.000092
 -0.002076
  0.000673
  0.000185
 -0.000636
  0.000125
 -0.000156
 -0.000901
  0.000287
 -0.001829
  0.000155
  0.000661
 -0.002186
 -0.000160
  0.001735
 -0.002442
 -0.000240
 -0.000538
  0.001773
  0.000974
  0.000662
 -0.000896
  0.000621
  0.001154
 -0.000130
  0.000335
 -0.000627
  0.000189
  0.001620
 -0.000664
  0.000182
 -0.000067
  0.000684
  0.001816
 -0.000585
 -0.000181
  0.000727
  0.000159
 -0.000629
  0.001287
  0.000937
  0.000433
  0.000205
 -0.000947
  0.000473
 -0.000717
 -0.000942
 -0.001118
 -0.000818
 -0.000662
 -0.000050
  0.000089
  0.000749
  0.000965
  0.000979
  0.000079
 -0.000897
 -0.000545
 -0.000611
 -0.000562
 -0.001269
  0.000097
  0.000119
 -0.000944
 -0.001226
 -0.000205
 -0.000936
  0.000126
  0.000430
  0.000016
 -0.001186
 -0.001608
  0.000537
 -0.000980
  0.000385
 -0.001315
  0.000305
  0.000153
 -0.000847
  0.000384
  0.000950
  0.001309
 -0.000308
 -0.000409
 -0.000433
 -0.001104
  0.001362
 -0.000820
  0.000058
 -0.001842
 -0.000075
  0.000208
  0.001012
 -0.000053
 -0.000127
  0.000851
 -0.000902
 -0.000393
 -0.001771
  0.000767
 -0.001612
 -0.000107
  0.000434
  0.000659
 -0.001581
  0.000424
 -0.001605
 -0.000054
 -0.000321
 -0.000123
 -0.000121
 -0.001321
 -0.001620
 -0.000945
  0.001249
 -0.000015
  0.000467
  0.000618
 -0.000191
  0.000131
 -0.000345
  0.000242
  0.000189
 -0.000488
  0.000918
  0.000348
  0.000526
  0.001573
  0.000520
 -0.000267
 -0.000439
 -0.001361
 -0.000646
 -0.000112
 -0.000481
 -0.000588
 -0.000240
 -0.000026
  0.000815
 -0.000803
  0.000501
  0.000213
  0.001376
 -0.000028
  0.000011
  0.000385
  0.001212
  0.000856
 -0.000181
 -0.000678
 -0.000725
  0.000010
 -0.000398
 -0.000194
 -0.000203
  0.000178
  0.000497
  0.000146
 -0.001198
 -0.001174
  0.000203
  0.000843
 -0.000088
  0.000305
  0.000881
 -0.001041
  0.000360
 -0.000182
 -0.000935
 -0.000195
  0.000662
  0.000049
 -0.000213
  0.000380
  0.000456
  0.000150
  0.000997
  0.000068
  0.000966
 -0.000323
 -0.000241
 -0.000757
 -0.000155
  0.000374
  0.001806
 -0.000285
  0.000592
  0.000814
 -0.000292
  0.000591
 -0.000399
  0.000261
  0.001341
 -0.000543
 -0.001137
 -0.000016
 -0.000390
  0.000127
 -0.000489
 -0.000068
 -0.000912
  0.000211
  0.001084
  0.000449
 -0.000217
  0.000098
 -0.000450
  0.000129
 -0.000002
 -0.000448
 -0.000446
 -0.000141
 -0.000605
 -0.000671
 -0.000404
 -0.000358
 -0.000345
  0.000988
 -0.000064
  0.000088
 -0.000362
  0.000270
 -0.000256
  0.000349
 -0.001283
 -0.000415
  0.000508
  0.000229
  0.001330
  0.000372
  0.001228
 -0.000304
  0.000003
  0.000652
  0.000084
 -0.000734
 -0.000509
  0.000119
  0.000039
  0.000223
  0.000467
 -0.000483
  0.000408
  0.000130
 -0.000749
 -0.000866
 -0.000751
 -0.000053
 -0.000246
 -0.000466
 -0.000423
 -0.000386
 -0.000955
 -0.001652
  0.001205
  0.000943
 -0.002009
 -0.000180
  0.001492
 -0.000955
  0.000178
  0.001611
  0.000959
 -0.000447
 -0.000381
  0.000953
  0.000145
 -0.000365
 -0.000975
 -0.000789
 -0.000664
  0.001344
 -0.001690
 -0.000205
  0.000158
  0.000323
  0.000664
 -0.000173
 -0.001188
 -0.000862
 -0.001461
 -0.000171
 -0.000284
  0.000108
  0.000610
 -0.000924
 -0.001256
  0.000831
  0.001566
  0.000502
  0.001254
  0.001178
  0.000864
 -0.000522
 -0.000314
 -0.001017
 -0.000206
  0.000682
 -0.000228
 -0.000156
 -0.001293
  0.001337
  0.000165
 -0.000953
 -0.000324
 -0.001131
  0.000637
 -0.000806
  0.000856
 -0.000956
 -0.000577
 -0.000025
  0.000786
 -0.000014
 -0.002448
 -0.000125
 -0.000442
 -0.001964
 -0.000194
 -0.000720
  0.001079
 -0.001171
 -0.000023
 -0.000743
  0.001733
  0.000522
  0.002437
 -0.000783
 -0.000159
  0.001764
 -0.000319
 -0.001491
 -0.000742
 -0.000810
 -0.000605
 -0.000257
  0.000132
 -0.000696
 -0.000610
  0.000050
  0.001608
  0.000531
  0.000989
 -0.001020
  0.000679
 -0.000269
 -0.000501
 -0.000058
  0.000146
 -0.000048
 -0.000071
  0.000763
 -0.000088
  0.000537
 -0.000719
  0.001007
  0.000117
 -0.000382
 -0.000315
 -0.000136
 -0.000465
  0.000424
  0.000227
 -0.000232
  0.000096
 -0.000364
  0.000827
  0.000364
  0.000252
  0.000027
  0.000783
 -0.000712
 -0.000388
  0.000273
  0.000317
  0.000305
 -0.000109
  0.000924
  0.000230
  0.000152
  0.000199
  0.000044
 -0.001210
  0.000333
  0.000153
  0.000367
  0.000052
 -0.000246
 -0.000001
 -0.000577
 -0.000296
 -0.000256
 -0.000758
  0.000078
  0.000248
  0.000548
 -0.000115
  0.000217
  0.000493
 -0.000161
  0.000277
 -0.000042
  0.000191
  0.000680
 -0.000530
  0.000427
 -0.000134
 -0.000052
  0.000081
 -0.000360
 -0.000194
  0.000799
  0.000061
 -0.000598
 -0.000227
 -0.000390
  0.000445
  0.000122
 -0.000131
 -0.000019
 -0.000161
  0.000308
 -0.000452
 -0.000025
  0.000093
  0.000017
  0.000265
 -0.000006
  0.000040
 -0.000450
 -0.000195
 -0.000031
  0.000093
 -0.000020
 -0.000035
  0.000124
 -0.000302
 -0.000015
 -0.000044
 -0.000018
 -0.000000
  0.000145
  0.000031
 -0.000072
 -0.000028
 -0.000210
 -0.000062
  0.000246
  0.000056
