 -0.210787
  0.177980
  0.106130
 -0.205282
  0.505709
  0.367265
 -0.312502
 -0.103804
 -0.203829
 -0.078829
 -0.216574
  0.070275
  0.027077
 -0.025495
 -0.373385
 -0.253933
  0.144889
 -0.037100
  0.012808
 -0.001926
  0.019717
 -0.120815
  0.013084
  0.020341
  0.009001
 -0.000306
  0.046212
 -0.030236
 -0.033621
  0.022042
  0.006260
  0.009232
 -0.058294
  0.041545
  0.010005
  0.005039
 -0.005661
  0.005237
 -0.025199
 -0.001832
  0.030662
  0.022313
 -0.004671
 -0.000504
  0.011488
 -0.036006
 -0.013523
 -0.025719
 -0.003887
 -0.018909
 -0.006853
  0.028328
 -0.007777
  0.017850
 -0.018924
 -0.021615
 -0.033095
  0.007666
  0.009473
 -0.003134
  0.015895
 -0.004381
 -0.009192
  0.007365
 -0.022563
 -0.004405
  0.003880
 -0.012134
  0.003170
  0.000949
 -0.008569
 -0.017770
 -0.033666
 -0.015007
 -0.008561
 -0.009031
  0.003940
 -0.012639
 -0.011446
 -0.012088
 -0.004895
 -0.019358
 -0.000761
 -0.020386
  0.004997
 -0.003836
  0.010118
  0.001806
  0.010004
  0.002684
  0.020428
  0.009623
 -0.000289
  0.012419
 -0.006474
 -0.003740
 -0.000608
  0.013263
  0.002710
 -0.001823
 -0.021391
 -0.018588
  0.003787
  0.002486
 -0.001456
  0.002285
 -0.002497
 -0.001372
 -0.003428
 -0.003704
 -0.008112
 -0.000873
 -0.002179
 -0.001207
  0.001032
  0.001247
  0.005632
  0.005558
  0.008122
  0.000275
  0.003009
 -0.004724
 -0.002410
 -0.011168
  0.010475
  0.000526
  0.000623
  0.007868
  0.005690
  0.004242
 -0.003387
 -0.005085
 -0.002188
 -0.004900
 -0.003849
  0.000240
  0.000908
 -0.001403
 -0.001283
  0.002383
 -0.009166
 -0.005721
  0.002010
  0.001827
 -0.005563
 -0.004120
  0.001311
 -0.006607
  0.010090
  0.002306
  0.001149
 -0.005483
  0.002297
  0.009349
 -0.008944
  0.005000
 -0.003236
 -0.003218
  0.008630
  0.002983
  0.001389
  0.001586
 -0.001493
  0.001828
 -0.003213
  0.002337
  0.002658
  0.004748
 -0.000351
 -0.000632
  0.005718
  0.005926
  0.000748
  0.006198
  0.000701
 -0.004273
 -0.001410
  0.000828
  0.000164
 -0.000571
 -0.004773
  0.004384
  0.006141
  0.002897
 -0.001844
 -0.000429
  0.000419
 -0.001197
 -0.006307
 -0.006868
  0.002643
  0.003129
 -0.003206
  0.001429
 -0.001345
  0.005366
  0.000053
  0.000806
  0.000410
 -0.002231
 -0.003871
  0.002338
  0.002024
  0.000324
 -0.003831
  0.000946
 -0.000188
  0.001740
 -0.003051
  0.003570
 -0.001187
  0.000331
 -0.001658
  0.000324
  0.007421
 -0.003019
 -0.004195
 -0.001603
  0.006640
 -0.001136
 -0.001833
  0.003144
 -0.002456
  0.005376
  0.003299
 -0.002831
 -0.002755
  0.001808
 -0.002380
  0.003710
 -0.000817
 -0.005611
  0.001483
 -0.002162
 -0.001469
 -0.000079
  0.003713
  0.000844
 -0.001436
 -0.004008
  0.006445
  0.002199
  0.000018
  0.003576
 -0.000686
 -0.000704
  0.002448
 -0.002041
 -0.003693
 -0.004121
 -0.001224
 -0.000097
 -0.003076
  0.001819
  0.000385
 -0.002903
 -0.001641
 -0.001006
  0.003224
  0.002672
 -0.002077
  0.000488
 -0.000219
 -0.002899
  0.001099
 -0.001132
 -0.000989
  0.000392
 -0.003152
  0.004022
  0.001084
 -0.000650
 -0.000337
 -0.000112
  0.002399
  0.000645
 -0.004055
 -0.000920
 -0.005628
 -0.002970
 -0.001751
  0.005070
 -0.002787
 -0.003625
  0.003639
  0.000624
  0.000021
 -0.004242
 -0.001239
 -0.002480
  0.002269
 -0.001540
  0.000565
  0.000544
  0.001618
 -0.003196
  0.003135
  0.003760
 -0.002739
  0.008465
  0.000832
 -0.000965
 -0.001008
 -0.001925
 -0.003453
  0.003334
 -0.006283
  0.001004
 -0.001306
  0.002469
 -0.000426
 -0.000036
  0.001133
 -0.002158
  0.000356
  0.001978
 -0.003042
  0.000863
 -0.003706
  0.000611
  0.001169
  0.000894
 -0.001485
 -0.000382
 -0.001070
 -0.003002
  0.001797
  0.000249
  0.001756
 -0.000046
 -0.002013
  0.000407
 -0.001972
 -0.001521
  0.000615
  0.002892
 -0.001325
 -0.000342
 -0.000233
 -0.000377
 -0.000671
  0.001228
  0.001504
  0.000691
  0.001958
 -0.000463
 -0.002107
 -0.000576
 -0.003294
 -0.000311
 -0.000218
 -0.001740
 -0.000517
  0.001075
 -0.000763
  0.002162
 -0.000201
 -0.000384
  0.000451
 -0.000269
  0.001040
  0.001779
  0.000387
  0.000490
  0.002890
 -0.000444
  0.001938
  0.000735
  0.002349
  0.000889
 -0.000035
 -0.003772
 -0.000086
  0.002185
  0.000574
  0.000451
 -0.001041
 -0.001088
  0.000082
 -0.001265
 -0.004394
 -0.001474
 -0.000328
 -0.002800
  0.001633
 -0.004806
  0.003375
 -0.000684
 -0.002712
  0.006976
 -0.002308
  0.006671
  0.001219
 -0.007248
 -0.000295
 -0.000932
 -0.000449
 -0.002443
  0.001152
 -0.000915
  0.001992
  0.000505
  0.002042
  0.000055
  0.000127
  0.002792
 -0.001384
 -0.001596
 -0.000864
  0.000257
 -0.000745
 -0.000419
 -0.000291
 -0.000799
  0.002037
 -0.001411
 -0.000451
  0.000917
 -0.001793
 -0.001414
  0.001043
 -0.000066
 -0.001085
 -0.002196
  0.000681
 -0.003017
  0.001707
 -0.002752
  0.000343
  0.002568
 -0.000082
 -0.000534
 -0.001474
 -0.000429
 -0.002384
  0.000504
 -0.000570
 -0.001191
 -0.000642
 -0.001307
 -0.000106
  0.001268
  0.002839
 -0.000244
  0.005323
  0.000217
  0.001457
 -0.000925
  0.000396
 -0.000121
  0.003222
 -0.001579
 -0.000326
  0.001878
  0.001530
  0.001696
 -0.000098
 -0.003002
  0.000908
  0.000380
  0.002273
 -0.000398
 -0.001171
  0.001405
 -0.001007
 -0.003761
  0.002049
  0.000355
 -0.002061
  0.003882
 -0.001045
 -0.001105
 -0.000119
  0.001871
  0.001532
  0.002178
  0.001315
  0.002148
  0.000638
  0.002256
  0.000284
  0.000490
  0.000884
  0.000851
  0.000160
 -0.000604
 -0.000594
  0.000456
 -0.000589
  0.000882
 -0.000629
 -0.001457
 -0.000060
 -0.000005
 -0.000209
  0.000302
 -0.001573
  0.000495
 -0.000618
 -0.001528
 -0.000139
 -0.001090
 -0.003094
  0.001812
 -0.000256
 -0.000941
 -0.001885
 -0.000653
 -0.000186
  0.000257
  0.001141
 -0.000902
  0.003180
 -0.001068
  0.002208
 -0.001472
  0.002051
 -0.002355
 -0.001146
 -0.000152
  0.001825
  0.000463
  0.001730
 -0.001128
 -0.001675
  0.000306
 -0.000386
  0.000248
  0.000259
  0.001760
  0.002151
 -0.003905
 -0.002918
 -0.003052
 -0.000420
 -0.000056
 -0.001878
  0.002624
  0.000584
 -0.001270
  0.000704
 -0.001831
 -0.000580
  0.002010
  0.001435
 -0.001674
  0.001545
 -0.000612
  0.002286
 -0.000715
  0.001112
 -0.000893
 -0.000788
  0.001947
  0.001797
 -0.002430
 -0.001664
  0.000282
  0.002586
 -0.000196
  0.002113
 -0.001158
 -0.000519
 -0.000593
  0.001821
  0.003008
  0.004229
 -0.000574
  0.003914
 -0.001130
 -0.000494
 -0.000611
  0.002505
  0.000872
 -0.001609
 -0.002694
  0.000134
 -0.000679
 -0.000551
 -0.001311
 -0.000691
 -0.000137
 -0.000984
  0.000975
  0.000267
 -0.000281
 -0.001066
  0.000158
  0.000135
  0.000066
  0.001155
 -0.000013
  0.000501
 -0.000965
  0.000717
  0.000833
  0.000637
 -0.001430
 -0.000322
 -0.000209
  0.000083
  0.000320
 -0.000683
 -0.000182
  0.003255
  0.002975
  0.001523
 -0.002152
 -0.001744
 -0.000838
 -0.001164
  0.000890
  0.000172
  0.000967
  0.001910
 -0.000533
 -0.000998
 -0.000810
 -0.001726
  0.000354
 -0.002504
  0.000378
 -0.000620
  0.001102
  0.000423
 -0.002453
  0.000182
  0.000673
  0.001022
  0.000175
  0.000209
 -0.001977
 -0.000721
 -0.000636
  0.002105
 -0.000552
 -0.003320
  0.003660
  0.000862
 -0.001227
 -0.000740
  0.000129
 -0.000449
 -0.000288
  0.000121
  0.001832
  0.003061
 -0.000722
  0.000774
 -0.000011
 -0.000777
 -0.000111
 -0.002453
 -0.001787
 -0.000454
  0.000898
  0.000918
  0.001233
 -0.000934
 -0.001362
 -0.000664
 -0.001041
 -0.001128
 -0.002244
  0.000615
 -0.000746
  0.000962
 -0.000648
 -0.000402
  0.001310
 -0.000293
  0.000534
 -0.000715
  0.000953
  0.001469
  0.000503
 -0.001119
 -0.000202
  0.000263
 -0.000061
 -0.001043
 -0.002185
  0.000262
 -0.000788
  0.002202
 -0.000697
  0.002218
  0.000895
 -0.000356
 -0.000023
 -0.000034
  0.000768
 -0.000620
 -0.001357
  0.003487
  0.001017
 -0.000027
  0.002213
  0.001895
  0.000743
  0.002877
  0.001615
 -0.001513
 -0.001872
  0.000285
  0.002717
  0.000765
 -0.000750
 -0.000894
 -0.000417
  0.000877
  0.001780
 -0.000312
 -0.001826
 -0.000863
 -0.000598
  0.000187
  0.001281
  0.000179
  0.000634
 -0.000196
  0.000007
 -0.000842
 -0.000960
  0.000007
 -0.000345
 -0.000161
  0.000710
  0.000179
  0.000318
 -0.001262
  0.000208
 -0.001621
 -0.001811
  0.002801
 -0.000513
 -0.000606
 -0.002975
  0.000838
 -0.000863
 -0.002185
  0.001497
 -0.000262
 -0.000570
 -0.000152
  0.001016
  0.001499
 -0.001244
 -0.000923
 -0.002110
 -0.000424
  0.000056
 -0.000221
 -0.001680
 -0.002019
 -0.000821
  0.000019
  0.001640
  0.000074
 -0.001447
  0.001460
 -0.003352
  0.000911
 -0.001171
  0.000468
 -0.001932
  0.000772
  0.000628
 -0.000482
  0.002879
  0.001467
 -0.000934
  0.001529
  0.000431
  0.000564
 -0.001239
  0.001056
 -0.000763
 -0.000009
 -0.000972
 -0.000618
 -0.001057
 -0.001498
 -0.001206
 -0.000959
 -0.001332
 -0.001603
 -0.000642
 -0.000544
 -0.000097
  0.001081
  0.000469
  0.000212
 -0.000271
  0.000356
 -0.000369
 -0.000116
 -0.000612
  0.000091
 -0.000214
 -0.000708
 -0.000169
 -0.000678
 -0.000309
 -0.000123
 -0.000309
  0.000133
  0.000141
 -0.000051
  0.000096
  0.000180
  0.000193
  0.000163
  0.000004
  0.000152
  0.000289
  0.000131
  0.000308
  0.000408
  0.000298
  0.000951
 -0.000447
 -0.000253
 -0.000710
 -0.001081
