 -0.109410
  0.382527
  0.195667
  0.662565
  0.141735
  0.013081
  0.573676
 -0.031556
 -0.012483
 -0.015627
 -0.075423
  0.001514
 -0.018264
 -0.053169
  0.031909
  0.000341
 -0.003707
  0.007865
  0.004927
  0.008078
  0.007627
 -0.011727
  0.005603
 -0.011737
 -0.012084
 -0.006201
 -0.003009
  0.021305
 -0.000806
 -0.002515
 -0.009554
  0.011475
  0.012430
  0.010192
 -0.006915
 -0.003009
 -0.014024
 -0.009207
  0.000109
 -0.002680
  0.003376
 -0.001195
 -0.007335
  0.002434
  0.004095
 -0.010497
 -0.001922
  0.001577
 -0.003883
 -0.004392
  0.004024
  0.000944
  0.008946
 -0.002814
 -0.007745
  0.006331
  0.004380
  0.001763
  0.001520
 -0.001483
  0.000248
 -0.004549
 -0.005924
  0.008104
 -0.004226
  0.003205
 -0.000029
 -0.002266
  0.006991
  0.001584
 -0.001466
 -0.000121
  0.003873
 -0.004803
  0.000649
  0.003201
 -0.001630
  0.002868
  0.000059
 -0.008519
  0.003527
  0.000261
  0.002205
  0.006083
 -0.005542
 -0.002368
  0.002345
 -0.004203
  0.004155
 -0.000091
 -0.000084
  0.004327
 -0.002927
  0.002157
  0.002102
  0.000799
 -0.002774
  0.001447
  0.001834
 -0.009598
  0.001671
  0.001671
  0.004277
 -0.002982
  0.000455
  0.002706
  0.002754
  0.002116
 -0.002845
  0.000600
 -0.000556
 -0.000039
  0.001464
  0.000084
 -0.002071
 -0.001996
 -0.002134
 -0.000617
 -0.000449
 -0.000840
 -0.001323
  0.001922
 -0.000855
  0.004772
  0.000208
 -0.000746
 -0.000531
  0.001123
 -0.003127
  0.001950
  0.001000
 -0.003007
  0.000556
  0.002991
 -0.001839
 -0.000070
 -0.001670
  0.000384
 -0.002197
 -0.000811
 -0.001803
 -0.001164
 -0.001488
  0.002492
  0.000268
  0.001081
  0.002070
 -0.001049
  0.003180
  0.000197
  0.000459
 -0.000968
  0.000533
 -0.000085
  0.003363
  0.000956
  0.002312
 -0.000921
 -0.002977
 -0.001534
  0.001559
  0.000105
  0.001698
  0.001071
  0.000755
  0.001651
  0.001850
  0.000283
 -0.000334
 -0.001157
  0.000816
 -0.000888
  0.001736
 -0.000251
  0.002234
 -0.000516
  0.000413
 -0.000126
 -0.001576
  0.000516
 -0.001645
  0.001415
  0.001514
  0.002177
 -0.001842
 -0.000665
 -0.001336
 -0.000850
  0.001397
  0.000373
  0.001867
  0.000580
  0.000174
  0.000074
  0.000735
  0.003365
 -0.001556
  0.001913
  0.001013
  0.000447
  0.000160
 -0.001739
 -0.001013
  0.000556
 -0.000002
 -0.000441
 -0.003083
 -0.000130
  0.002127
  0.000169
  0.003092
  0.001038
  0.000830
  0.003229
  0.000549
  0.000390
 -0.000074
 -0.003529
 -0.001591
  0.000682
  0.000914
 -0.001030
 -0.001112
  0.001313
  0.000776
  0.001474
  0.002868
  0.000612
  0.001702
 -0.001196
  0.001286
 -0.001263
 -0.000023
 -0.000487
  0.000541
  0.000559
  0.001288
 -0.000228
  0.000598
 -0.000057
 -0.001688
  0.000513
 -0.000676
 -0.000242
  0.000162
  0.001305
 -0.000160
  0.000452
  0.001683
  0.002798
 -0.000548
  0.000472
 -0.000189
  0.000065
 -0.000035
 -0.001543
 -0.001489
  0.000996
 -0.000617
 -0.000116
 -0.000806
  0.001394
  0.001466
  0.000026
  0.000348
 -0.000827
 -0.000794
 -0.000501
 -0.001233
  0.000132
 -0.000682
 -0.001070
  0.000495
  0.002202
 -0.000326
 -0.000585
 -0.000186
  0.001209
 -0.000294
  0.000202
  0.000367
 -0.000594
 -0.000412
  0.000398
  0.001376
  0.000696
  0.000981
  0.000609
 -0.000835
 -0.000572
  0.000826
  0.001693
  0.000517
 -0.000297
 -0.001529
  0.002060
  0.000735
  0.000894
 -0.001525
 -0.001214
  0.001739
 -0.001214
 -0.001562
 -0.000973
  0.002266
 -0.000103
  0.000219
  0.000447
  0.000887
  0.000096
  0.000925
  0.000227
  0.001068
  0.000468
  0.000320
  0.000018
 -0.000713
  0.000436
  0.001170
  0.000148
 -0.000826
  0.001350
  0.002693
 -0.001309
 -0.000560
  0.002118
  0.002706
 -0.001675
  0.003571
 -0.002442
 -0.000206
 -0.000626
 -0.000119
  0.000682
  0.001480
  0.000948
 -0.001934
  0.000425
 -0.001107
 -0.000576
 -0.000833
 -0.001067
 -0.000065
 -0.000121
 -0.000784
 -0.001081
  0.000012
  0.001276
  0.001485
 -0.000363
 -0.000085
 -0.000750
 -0.000414
 -0.001870
 -0.001807
  0.000687
 -0.002251
  0.001589
  0.000897
 -0.000261
 -0.001702
 -0.002721
  0.000608
  0.000174
  0.000068
  0.000330
  0.000187
  0.000841
 -0.000674
 -0.001116
 -0.000086
 -0.001384
  0.001385
 -0.000239
  0.002363
  0.000688
 -0.000234
  0.000315
  0.000034
 -0.000349
  0.000463
  0.001031
  0.000665
  0.000507
 -0.000227
  0.000051
 -0.000621
 -0.000883
 -0.000024
  0.000141
  0.000088
  0.000644
 -0.000271
  0.001411
  0.000158
 -0.000211
 -0.000379
  0.000615
  0.000367
 -0.002059
 -0.001122
 -0.000032
 -0.000037
  0.000861
 -0.000704
  0.000565
 -0.000081
  0.001393
 -0.000135
  0.000136
 -0.000426
  0.000188
  0.000204
 -0.000104
  0.000284
 -0.000548
  0.000262
  0.000283
  0.001179
 -0.000450
  0.000280
  0.000122
 -0.000818
  0.000440
 -0.000447
 -0.000012
 -0.000663
 -0.000071
 -0.000337
 -0.000540
 -0.000452
  0.000360
 -0.000474
 -0.000241
  0.000300
 -0.000307
 -0.000307
 -0.000083
 -0.000332
 -0.000046
  0.000178
 -0.000095
  0.000198
 -0.000599
  0.000151
  0.001173
  0.000810
  0.000529
  0.001231
 -0.000459
 -0.000775
  0.000536
  0.000140
  0.000564
  0.000357
 -0.000193
 -0.000431
 -0.000386
  0.000052
 -0.000118
 -0.000226
 -0.000772
 -0.000343
  0.000137
  0.000428
 -0.000517
  0.000692
  0.000057
  0.000024
  0.000403
  0.000279
 -0.000128
  0.000933
 -0.000180
  0.000068
  0.000590
 -0.000185
 -0.000181
  0.000131
  0.000217
 -0.000419
 -0.000167
  0.000002
 -0.000096
  0.000282
 -0.000304
 -0.000354
 -0.000381
 -0.000092
  0.000039
 -0.000090
  0.000043
  0.000606
 -0.000498
 -0.000349
  0.000174
 -0.000116
 -0.000652
  0.000200
 -0.000003
  0.000408
 -0.000867
 -0.000104
  0.000014
  0.000228
 -0.000524
 -0.000558
  0.000086
  0.000313
  0.000060
  0.000121
 -0.000540
  0.000123
  0.000532
 -0.001412
  0.000197
  0.000502
  0.000757
 -0.000463
 -0.000376
 -0.000230
 -0.000569
 -0.000137
 -0.000305
 -0.000350
  0.000413
  0.000661
 -0.000691
 -0.000304
 -0.000316
  0.000259
  0.000565
  0.000454
 -0.000162
  0.000820
  0.000153
 -0.001247
 -0.000070
  0.000285
 -0.000513
  0.003619
  0.000532
  0.001912
  0.001383
 -0.000620
  0.002790
 -0.000117
 -0.000734
  0.002426
 -0.000603
  0.000114
 -0.000414
 -0.000460
 -0.001637
  0.000243
 -0.000171
 -0.000100
  0.000082
  0.000433
  0.000169
 -0.000546
  0.000424
 -0.000081
  0.000340
  0.000316
 -0.000663
  0.000480
  0.000052
 -0.000030
  0.000587
  0.000547
  0.000008
 -0.000297
 -0.000795
  0.000215
 -0.000291
  0.000417
 -0.000357
 -0.000552
 -0.000304
  0.001617
  0.000446
 -0.000021
 -0.000584
  0.000634
 -0.000141
  0.000144
 -0.001081
  0.000460
 -0.000081
 -0.000165
 -0.001122
 -0.000502
  0.000448
  0.000297
  0.000097
  0.000536
 -0.000239
 -0.000551
 -0.000925
  0.000011
  0.001166
 -0.000069
 -0.000028
 -0.000176
 -0.000103
 -0.000656
 -0.000506
 -0.000193
  0.000260
 -0.000085
 -0.000468
  0.000381
 -0.000002
  0.000161
  0.000091
  0.000407
 -0.000302
 -0.000011
 -0.000483
  0.000075
  0.000096
 -0.000681
  0.000065
  0.000416
 -0.000761
 -0.000244
 -0.000774
 -0.000461
 -0.000076
  0.000283
 -0.000295
  0.001093
  0.000003
  0.000493
  0.000699
 -0.000291
 -0.000288
  0.000347
  0.000904
  0.000049
 -0.000457
 -0.000978
 -0.000942
  0.000418
 -0.000573
  0.000201
 -0.000351
 -0.000796
 -0.000475
  0.000509
 -0.000135
 -0.000110
  0.000300
 -0.000010
  0.000745
  0.001266
  0.000619
  0.000406
  0.000751
  0.000425
 -0.000776
 -0.000155
  0.000612
 -0.000279
 -0.000442
  0.001891
  0.000137
  0.001607
 -0.000800
 -0.000801
 -0.000169
  0.000123
  0.000036
  0.000065
 -0.001222
 -0.001050
  0.000527
  0.001011
  0.000278
 -0.000591
 -0.000730
  0.000304
  0.001016
  0.000189
 -0.000565
  0.000465
 -0.000424
  0.000578
 -0.000250
 -0.000683
 -0.000168
 -0.000602
  0.000624
 -0.000049
  0.000751
 -0.000747
 -0.000349
  0.000075
 -0.000411
 -0.000078
 -0.000772
  0.000054
  0.000631
  0.000193
  0.000534
 -0.000593
  0.000245
  0.000081
 -0.000120
 -0.000057
 -0.000403
  0.000113
 -0.000027
 -0.000470
  0.000777
 -0.000045
 -0.000304
 -0.000241
  0.000123
  0.000203
 -0.000013
  0.000956
 -0.000247
  0.000391
 -0.000104
  0.000156
 -0.000416
 -0.000836
  0.000127
  0.000919
 -0.000089
 -0.000096
  0.000691
 -0.000949
 -0.000076
 -0.000445
  0.000439
 -0.000023
  0.000366
 -0.000077
  0.000309
 -0.000266
  0.000090
 -0.000293
 -0.000871
 -0.000717
  0.000063
 -0.000200
 -0.000635
  0.000009
 -0.000085
 -0.000205
  0.000003
  0.000299
  0.000256
 -0.000078
 -0.001114
  0.000796
  0.001496
 -0.000155
 -0.000557
  0.001009
 -0.000318
  0.000259
 -0.000213
 -0.000282
 -0.001024
 -0.000791
  0.000619
 -0.000056
 -0.000002
  0.000061
  0.000030
  0.000181
 -0.000392
 -0.001165
  0.000854
 -0.000200
  0.000791
  0.000213
 -0.000264
 -0.000500
  0.000101
 -0.000068
 -0.000346
  0.000273
  0.000062
  0.000144
 -0.000453
 -0.000110
 -0.000186
  0.000033
 -0.000013
  0.000135
 -0.000183
  0.000118
  0.000180
  0.000182
  0.000117
 -0.000114
  0.000032
  0.000293
 -0.000033
  0.000085
  0.000116
  0.000121
  0.000080
  0.000142
  0.000057
  0.000006
  0.000176
 -0.000062
 -0.000020
  0.000155
 -0.000000
 -0.000020
 -0.000047
 -0.000039
  0.000003
 -0.000008
 -0.000076
  0.000075
  0.000111
  0.000010
