  0.820253
  0.468604
  0.269909
  0.152035
  0.066366
  0.047083
 -0.011949
 -0.011330
 -0.001612
 -0.003970
 -0.017913
 -0.016167
 -0.008734
 -0.021933
  0.028753
  0.004213
 -0.005898
  0.014571
 -0.017821
  0.009334
  0.005567
 -0.012906
 -0.009591
 -0.005400
 -0.000178
  0.000818
 -0.006222
  0.010589
 -0.004587
 -0.003940
  0.005315
  0.003197
  0.001869
  0.002604
 -0.002380
 -0.007441
 -0.006820
  0.003776
 -0.003834
 -0.002621
 -0.003879
  0.000148
  0.000658
 -0.001220
 -0.003385
 -0.005499
 -0.007170
 -0.000467
 -0.002378
  0.000089
 -0.000547
  0.002418
 -0.007017
  0.000464
  0.001655
  0.005186
 -0.003725
 -0.009934
  0.005125
  0.003602
 -0.001376
  0.000336
 -0.007169
  0.001721
  0.004043
 -0.001832
  0.002428
  0.005296
 -0.001457
 -0.000652
 -0.006302
 -0.000075
  0.001691
  0.000259
 -0.001661
  0.000969
  0.001104
 -0.002561
  0.000775
  0.002990
  0.002563
 -0.003904
 -0.003647
  0.003237
  0.003729
 -0.003513
  0.002198
 -0.001552
 -0.003779
  0.001963
  0.002305
  0.002565
  0.000665
  0.005148
 -0.002112
  0.003355
  0.001894
  0.002713
  0.004948
  0.003492
  0.001217
 -0.000718
  0.005051
 -0.000527
 -0.000265
  0.000099
  0.001710
 -0.001231
  0.003211
  0.001927
 -0.004471
 -0.001527
  0.002770
  0.001945
 -0.001807
  0.004089
  0.001083
  0.001164
 -0.000778
 -0.005738
 -0.000609
  0.000454
  0.000456
 -0.001920
 -0.004583
 -0.001441
 -0.002067
 -0.003652
  0.001800
  0.001825
 -0.004080
  0.000131
  0.002089
 -0.001030
 -0.001211
  0.000590
 -0.001922
  0.000302
  0.001452
 -0.000473
 -0.000927
  0.000049
 -0.000938
  0.001584
 -0.001492
  0.001596
 -0.002186
  0.001619
 -0.002116
 -0.000263
 -0.000273
  0.000760
 -0.000876
  0.002131
  0.001019
  0.003404
 -0.002703
 -0.000859
  0.001239
  0.003353
  0.003175
  0.003774
  0.002029
 -0.002998
 -0.000057
 -0.000926
  0.000025
  0.001557
  0.000071
  0.002992
 -0.000879
 -0.000584
  0.001059
  0.001875
 -0.000631
  0.000415
  0.000093
 -0.000418
 -0.002194
 -0.000348
 -0.002210
  0.000730
 -0.000702
 -0.000858
  0.000207
  0.000131
  0.000234
 -0.000120
  0.000456
 -0.000479
 -0.001370
 -0.002155
 -0.000439
  0.000197
  0.000728
 -0.000876
 -0.001499
 -0.001369
 -0.000982
  0.002540
 -0.000709
 -0.000091
 -0.002163
  0.000797
  0.000183
 -0.001615
 -0.000399
 -0.000835
  0.003248
  0.002240
  0.001651
  0.002165
 -0.000023
  0.000134
 -0.001606
  0.001544
 -0.000479
 -0.002060
  0.001917
  0.002071
 -0.001886
 -0.001102
 -0.002483
 -0.002033
 -0.000174
 -0.000654
  0.001351
 -0.000220
  0.000077
  0.001764
 -0.001370
  0.000022
  0.001205
  0.000318
 -0.000157
  0.002623
 -0.000171
  0.000367
 -0.000445
  0.000800
 -0.001059
  0.000190
  0.001240
  0.001034
  0.001494
 -0.000118
  0.000544
 -0.001143
 -0.001108
  0.001651
  0.000035
 -0.000060
  0.000055
 -0.001617
  0.000129
  0.000715
 -0.001048
  0.001719
  0.000369
  0.000878
  0.000084
 -0.000342
 -0.000030
  0.000431
  0.000986
  0.001389
  0.000860
 -0.000601
 -0.000246
  0.001245
 -0.000970
 -0.000542
  0.000871
  0.002395
  0.000534
  0.000004
 -0.001443
 -0.000444
  0.000285
 -0.001500
  0.002217
 -0.000714
  0.001687
 -0.000955
 -0.000892
  0.001116
 -0.001687
 -0.000296
 -0.000642
  0.000567
  0.000066
  0.000546
  0.000582
  0.000226
  0.000158
 -0.002337
 -0.000721
 -0.001533
  0.000072
 -0.000708
  0.000625
 -0.001380
  0.000992
  0.000458
 -0.000098
 -0.001546
 -0.000795
  0.001268
 -0.001319
 -0.000622
 -0.001260
 -0.000790
  0.000022
 -0.000953
 -0.001276
  0.000459
 -0.000286
 -0.000055
  0.000534
 -0.000874
  0.000122
 -0.000694
 -0.001672
  0.001391
  0.002144
  0.000008
  0.001043
 -0.000700
  0.001247
 -0.000826
 -0.000396
  0.001130
  0.000438
  0.000201
  0.000807
 -0.000147
  0.001298
 -0.000492
  0.000447
 -0.000177
  0.000049
  0.000904
 -0.000023
 -0.000388
 -0.000790
  0.000988
 -0.000068
 -0.000826
  0.000440
 -0.000577
  0.001362
  0.000732
 -0.000646
  0.001225
 -0.000835
  0.001482
 -0.000720
 -0.000041
 -0.000837
 -0.000248
 -0.000901
  0.000547
  0.000313
 -0.000219
 -0.000216
  0.000499
  0.000239
  0.000264
  0.001692
  0.000837
  0.000258
  0.000399
  0.000692
 -0.000225
 -0.000202
  0.000310
  0.000371
 -0.000349
 -0.000045
  0.000483
  0.000087
 -0.000678
  0.001000
 -0.000070
  0.000334
  0.000631
  0.001113
 -0.000405
  0.000179
 -0.000155
 -0.000482
  0.000298
  0.001178
  0.000051
  0.000287
 -0.001106
  0.001462
 -0.000805
  0.000259
 -0.000971
  0.000567
 -0.000230
 -0.000541
 -0.000627
 -0.000172
  0.000729
  0.000094
 -0.000410
 -0.000885
  0.000150
  0.000009
 -0.000371
 -0.000104
 -0.000990
  0.000388
 -0.000398
 -0.000305
 -0.000341
 -0.000099
 -0.000308
  0.000444
  0.000119
  0.000183
 -0.000429
 -0.000484
  0.000898
 -0.000145
  0.000109
 -0.000347
  0.000319
  0.000101
 -0.000534
 -0.000446
 -0.000373
  0.000564
 -0.000101
  0.000791
  0.000233
 -0.000141
  0.000164
 -0.000134
 -0.000039
 -0.000804
  0.000362
 -0.000048
 -0.000412
 -0.000243
 -0.000977
  0.000389
 -0.000862
 -0.001085
  0.000242
 -0.000070
  0.000781
  0.000020
 -0.000124
  0.000310
  0.000543
  0.000430
  0.000755
 -0.000153
 -0.001089
  0.000037
 -0.000151
 -0.000057
  0.000250
  0.001117
 -0.000961
  0.000204
 -0.000734
  0.001126
  0.000896
 -0.000126
  0.000062
  0.000624
  0.000459
  0.000033
 -0.000129
  0.000217
 -0.000049
  0.000640
  0.000363
  0.000710
  0.000032
 -0.000442
  0.000223
 -0.000472
 -0.000528
 -0.000418
 -0.000055
 -0.000648
  0.000576
  0.000732
  0.000445
 -0.000394
  0.000166
 -0.000982
 -0.000020
  0.000761
  0.000062
 -0.000054
  0.000223
  0.000023
  0.000700
  0.000298
  0.000083
  0.000508
 -0.000620
 -0.000029
  0.000068
  0.000361
 -0.000219
  0.000380
  0.000800
 -0.000471
 -0.000231
  0.000497
  0.000439
  0.000259
  0.000135
  0.001137
 -0.000176
  0.000001
  0.000158
 -0.000259
 -0.000376
 -0.000108
  0.000623
  0.000136
 -0.000242
  0.000101
  0.000745
 -0.000457
  0.000470
  0.000208
 -0.000465
 -0.000090
 -0.000370
 -0.000478
 -0.000071
 -0.000518
 -0.000390
  0.000017
 -0.000031
  0.000811
  0.000068
 -0.000075
  0.000403
 -0.000210
 -0.000080
  0.000680
 -0.000118
 -0.000200
  0.000346
  0.000144
 -0.000432
  0.000061
 -0.000500
  0.000424
 -0.000151
 -0.000051
 -0.000348
 -0.000183
 -0.000512
  0.000409
 -0.000656
  0.000167
 -0.000599
  0.000556
  0.000390
 -0.000166
  0.000019
  0.000165
 -0.000866
 -0.000146
 -0.001037
  0.000530
  0.000561
 -0.000125
 -0.000857
  0.000152
  0.000508
  0.000964
  0.000759
  0.000568
  0.000280
 -0.000543
  0.000258
 -0.000948
  0.001063
  0.000229
  0.000585
 -0.000002
  0.000611
 -0.000616
  0.000404
 -0.000670
  0.000569
 -0.000430
  0.000609
  0.000254
 -0.000175
 -0.000421
  0.000349
 -0.000142
 -0.000132
 -0.000432
  0.000407
  0.000006
 -0.000142
  0.000251
  0.000120
  0.000401
  0.000016
 -0.000131
 -0.000091
  0.000137
 -0.000240
 -0.000211
  0.000223
 -0.000061
  0.000569
 -0.000077
  0.000064
 -0.000533
 -0.000048
 -0.000340
  0.000095
  0.000117
  0.000531
  0.000313
  0.000245
  0.001269
  0.000196
  0.000092
  0.000414
 -0.000088
  0.000298
  0.000188
  0.000953
  0.000633
  0.000192
 -0.000165
  0.000214
  0.000658
  0.000189
  0.000326
 -0.000138
 -0.000185
  0.000009
 -0.000212
 -0.000174
  0.000113
 -0.000041
 -0.000755
  0.000053
 -0.000728
 -0.000658
  0.001133
  0.000608
  0.000204
  0.000142
 -0.000115
  0.000454
 -0.000451
 -0.000089
 -0.000268
 -0.000635
 -0.000218
  0.000098
 -0.000012
 -0.000453
 -0.000338
  0.000575
  0.000271
  0.000811
  0.000211
  0.000039
  0.000205
  0.000083
  0.000139
  0.000673
 -0.000188
 -0.000993
 -0.000250
  0.000507
 -0.000352
  0.000423
 -0.000111
  0.000176
 -0.000386
  0.000153
  0.000660
 -0.000036
  0.000535
 -0.000190
  0.000044
  0.000086
 -0.000099
  0.000314
  0.000247
 -0.000859
 -0.000034
 -0.000047
 -0.000022
 -0.000087
  0.000252
  0.000381
  0.000078
  0.000164
  0.000631
 -0.000105
 -0.000367
 -0.000024
 -0.000571
  0.000018
 -0.000043
  0.000428
 -0.000031
  0.000128
 -0.000180
  0.000593
  0.000001
 -0.000058
 -0.000607
  0.000556
 -0.000609
  0.000202
 -0.000172
  0.000246
  0.000243
  0.000100
  0.000339
  0.000837
 -0.000078
  0.000276
 -0.000248
  0.000304
  0.000055
 -0.000751
  0.000073
 -0.000243
 -0.000134
 -0.000443
 -0.000246
 -0.000130
 -0.000106
 -0.000599
 -0.000017
 -0.001257
  0.000156
 -0.000288
 -0.000359
  0.000018
  0.000245
 -0.000000
 -0.000735
  0.000583
  0.000036
  0.000154
  0.000748
  0.000242
 -0.000560
 -0.000152
 -0.000179
  0.000163
 -0.000323
 -0.000105
 -0.000468
  0.000228
 -0.000398
 -0.000052
  0.000025
 -0.000190
  0.000250
  0.000148
  0.000039
 -0.000463
 -0.000703
  0.000189
  0.000368
  0.001231
 -0.000025
 -0.000461
 -0.000081
 -0.000553
  0.000205
 -0.000395
 -0.000731
  0.000396
  0.000017
  0.000640
 -0.000190
 -0.000550
 -0.000328
  0.000929
  0.000021
  0.000168
 -0.000194
 -0.000278
 -0.000092
  0.001245
 -0.000332
 -0.000104
  0.000513
 -0.000041
 -0.000146
 -0.000083
  0.000123
 -0.000057
 -0.000029
 -0.000129
  0.000037
  0.000144
  0.000082
 -0.000083
 -0.000006
 -0.000081
  0.000307
  0.000355
  0.000080
 -0.000254
 -0.000175
  0.000639
 -0.000145
