 -0.167715
  0.500985
  0.362832
 -0.145946
  0.716159
 -0.062528
  0.028342
  0.076623
 -0.019163
  0.137790
 -0.069765
 -0.022463
 -0.070548
  0.021033
 -0.016901
 -0.000212
  0.041081
  0.017287
  0.027716
 -0.043954
  0.003967
 -0.018305
 -0.036389
 -0.019587
 -0.004921
  0.020450
  0.000637
  0.020553
  0.011458
  0.009941
 -0.001016
 -0.027545
  0.005839
  0.021093
  0.000236
  0.010716
  0.001563
  0.006275
  0.023817
 -0.003142
 -0.013865
  0.011300
  0.004089
 -0.010940
 -0.001558
 -0.009835
  0.033028
 -0.006761
 -0.004249
 -0.003321
 -0.017097
  0.018626
 -0.000653
  0.008875
  0.002953
  0.000013
  0.000350
 -0.002548
  0.003052
  0.007258
  0.006785
 -0.000888
 -0.004133
 -0.000178
  0.001424
 -0.001647
  0.005192
  0.005050
  0.010664
 -0.004741
  0.014580
  0.002448
  0.000337
  0.001046
 -0.000465
 -0.000570
  0.003385
 -0.008846
 -0.004220
 -0.005877
 -0.003665
  0.004765
 -0.003653
 -0.004819
  0.002343
  0.000199
  0.000733
  0.000092
 -0.002662
  0.001031
  0.003708
  0.002165
 -0.001632
  0.000442
  0.000020
  0.002894
  0.005615
  0.003388
  0.002234
  0.000615
 -0.002124
 -0.003944
 -0.001167
  0.004210
 -0.000649
 -0.001470
 -0.000583
 -0.002030
  0.000171
 -0.000432
  0.001408
  0.007168
  0.003443
  0.000475
 -0.000386
  0.000032
 -0.002348
  0.005214
  0.001981
 -0.000641
 -0.004265
 -0.002680
  0.002709
  0.001283
 -0.001651
  0.001150
 -0.002791
 -0.001056
  0.001441
  0.002201
  0.001183
  0.000237
 -0.000522
  0.002449
 -0.000825
  0.000319
  0.000250
 -0.001389
 -0.000406
 -0.000492
 -0.003022
 -0.000324
  0.000877
  0.000925
 -0.001006
 -0.001746
 -0.001134
 -0.000298
  0.000746
  0.000728
  0.002938
  0.001092
  0.001982
 -0.002394
 -0.001323
  0.004324
 -0.005729
  0.002453
  0.001049
  0.007057
 -0.000454
  0.002580
  0.000333
  0.000750
  0.005122
 -0.000234
  0.000305
  0.002216
 -0.001324
  0.002619
  0.001330
 -0.000808
  0.000564
 -0.000336
 -0.000699
 -0.001242
 -0.000288
 -0.000495
  0.000742
  0.000287
 -0.000307
  0.000789
  0.000801
 -0.000175
 -0.001125
  0.000277
  0.001436
 -0.001085
 -0.001771
 -0.002967
  0.000340
  0.001104
  0.001823
  0.002985
 -0.001118
  0.002893
  0.000262
  0.000949
  0.000301
 -0.002925
 -0.000198
 -0.001769
  0.002017
 -0.001247
 -0.003148
  0.001510
  0.000461
  0.001481
  0.001783
  0.000637
  0.001197
  0.002182
 -0.000579
 -0.000413
  0.000676
  0.001624
 -0.000866
  0.004470
 -0.000573
 -0.000136
  0.000219
 -0.000026
 -0.000246
  0.003016
  0.001191
  0.001423
  0.001162
 -0.000673
  0.000944
  0.002804
  0.000100
  0.002665
  0.002351
 -0.003202
  0.001296
  0.001115
  0.001055
 -0.001727
 -0.000811
  0.001282
 -0.003114
 -0.000778
  0.000458
 -0.001528
  0.000717
  0.000742
  0.000066
  0.000933
  0.000608
  0.000809
  0.001325
 -0.000503
 -0.001242
 -0.001340
 -0.000357
 -0.000148
 -0.001298
 -0.000481
  0.000750
  0.001607
 -0.000904
  0.000524
  0.000762
  0.002029
  0.000012
 -0.000005
 -0.000264
 -0.000280
  0.001339
 -0.000833
  0.001065
  0.000996
 -0.000725
  0.000094
 -0.000354
  0.001062
 -0.001407
 -0.000324
  0.000816
  0.000755
  0.000730
  0.000491
 -0.002011
 -0.000403
  0.000058
  0.000085
 -0.000048
  0.000391
  0.000441
  0.001210
 -0.000468
  0.000596
  0.001374
 -0.001607
 -0.001035
  0.000218
  0.000722
  0.000193
  0.000312
  0.000029
 -0.001126
  0.001362
 -0.001318
 -0.000194
 -0.001549
  0.001717
  0.000344
 -0.000179
  0.000155
  0.000752
 -0.000555
 -0.000667
 -0.001029
  0.000701
  0.000257
  0.002023
 -0.000164
  0.002112
  0.000963
 -0.000728
  0.000271
  0.001198
  0.000133
  0.001877
  0.000120
 -0.000935
  0.001739
  0.000204
  0.000476
  0.004516
 -0.001662
  0.000649
  0.001489
 -0.000647
  0.000862
  0.000472
  0.001458
 -0.000533
  0.000235
 -0.003024
  0.000078
 -0.002106
  0.001226
 -0.000534
 -0.001333
 -0.000296
 -0.000751
 -0.000779
  0.001889
 -0.000765
 -0.001324
 -0.000035
  0.000774
  0.001099
 -0.000752
  0.000552
 -0.001242
  0.000510
  0.000189
 -0.000027
 -0.000043
  0.000359
  0.000336
 -0.000718
  0.000675
 -0.000805
  0.000843
  0.000716
 -0.000019
  0.000711
  0.000428
 -0.000240
  0.000983
  0.000314
  0.000269
  0.000557
 -0.000985
 -0.000871
 -0.000570
 -0.000255
  0.001023
  0.000073
 -0.000147
 -0.000030
 -0.001532
  0.000458
  0.000201
 -0.000147
  0.000751
 -0.000325
 -0.000341
 -0.000323
  0.002150
  0.000138
  0.000270
 -0.001218
  0.000500
  0.000262
  0.000337
  0.000245
  0.000059
  0.000524
  0.000288
 -0.000926
 -0.000001
 -0.000597
 -0.000469
 -0.000721
  0.000352
 -0.000139
  0.000226
 -0.000482
 -0.000011
  0.000269
 -0.000189
 -0.001000
  0.000047
 -0.000234
 -0.000092
 -0.001007
 -0.000241
  0.000699
 -0.000040
 -0.000404
  0.001407
 -0.000528
  0.001067
  0.000443
 -0.000294
 -0.001136
 -0.000312
  0.000862
 -0.000270
 -0.000479
 -0.000537
 -0.000099
 -0.000465
  0.000661
 -0.000459
 -0.000486
  0.000095
  0.000499
  0.000382
  0.000606
  0.000283
  0.000350
 -0.000519
 -0.000213
 -0.000567
  0.000767
 -0.000676
  0.000343
 -0.000341
  0.000501
  0.000189
 -0.000096
 -0.000048
 -0.000290
 -0.000040
 -0.000168
  0.000051
  0.001230
 -0.000435
  0.000944
  0.000259
 -0.000181
  0.000369
 -0.000630
 -0.000049
  0.000027
  0.000265
 -0.000006
  0.000189
 -0.000112
  0.000012
  0.000453
  0.000653
  0.000338
 -0.002972
 -0.000362
 -0.000411
 -0.000321
  0.000838
 -0.000990
 -0.001585
  0.000524
 -0.000344
  0.001638
 -0.000140
  0.000886
 -0.000298
  0.001658
  0.000780
 -0.000777
  0.001069
 -0.001024
  0.001237
  0.000631
  0.001510
 -0.000254
 -0.000914
 -0.000292
 -0.001345
 -0.000209
  0.000262
 -0.001241
 -0.000103
  0.000482
  0.000552
 -0.000303
  0.000598
 -0.000556
  0.000019
  0.001104
 -0.000242
  0.000806
  0.000217
  0.000705
  0.001174
 -0.000617
 -0.000048
  0.000087
  0.000304
  0.001370
  0.000081
 -0.000055
  0.000824
  0.000507
  0.000117
  0.000421
 -0.002156
 -0.001754
 -0.000362
  0.000584
  0.001064
 -0.001805
  0.000062
 -0.002286
  0.001312
  0.000123
 -0.000060
  0.000553
 -0.001327
 -0.000068
  0.000955
  0.001601
  0.000927
  0.000454
 -0.000766
 -0.000678
 -0.000734
 -0.000476
  0.000725
 -0.000081
  0.001180
 -0.000606
  0.000704
 -0.000331
  0.000751
 -0.000818
 -0.000654
  0.000147
 -0.000216
  0.000910
  0.000023
  0.001125
 -0.000566
 -0.001021
 -0.001415
 -0.000285
  0.000726
  0.000234
  0.000438
 -0.000116
 -0.000325
  0.000423
  0.000173
 -0.000438
 -0.000365
 -0.000264
  0.000712
  0.000324
  0.000071
 -0.000443
  0.000833
 -0.000350
 -0.000489
  0.000497
  0.001191
 -0.000023
  0.000262
 -0.001128
 -0.000460
 -0.001041
 -0.000396
 -0.000740
 -0.001058
 -0.000411
  0.000841
 -0.000522
  0.000071
  0.000870
  0.000198
  0.002112
  0.000504
  0.000252
  0.001012
 -0.000572
 -0.000372
  0.001162
 -0.001403
  0.000580
 -0.000479
 -0.000129
 -0.000372
 -0.000145
  0.000006
  0.000358
  0.000703
  0.000418
  0.000161
 -0.000586
 -0.001026
 -0.000032
 -0.001061
 -0.000033
 -0.001149
  0.000453
 -0.000442
  0.000036
 -0.000135
  0.000058
 -0.000039
  0.000229
 -0.000001
  0.000566
  0.000773
 -0.000367
  0.000551
 -0.000578
 -0.000088
 -0.000683
 -0.000263
 -0.001251
  0.000885
  0.000027
 -0.000137
  0.000112
 -0.001336
  0.000882
  0.000281
  0.000004
  0.001077
 -0.001438
 -0.000044
  0.000090
 -0.000594
 -0.000921
  0.002187
  0.000259
 -0.000445
  0.000993
  0.001572
 -0.000692
 -0.000357
 -0.000155
  0.000113
  0.000390
 -0.000940
  0.000671
 -0.001042
 -0.000776
  0.000860
 -0.000122
 -0.000120
 -0.000591
 -0.000158
  0.000015
  0.001252
  0.000604
  0.000077
 -0.000024
 -0.000682
  0.001563
 -0.000173
 -0.000671
 -0.000415
 -0.000470
 -0.000411
  0.000132
 -0.000218
 -0.000126
  0.000572
 -0.000424
 -0.000607
 -0.000109
  0.000828
 -0.000052
  0.000170
 -0.000636
 -0.000716
 -0.000020
  0.000157
  0.000141
  0.000662
 -0.000123
 -0.000639
 -0.000281
  0.000253
 -0.000339
  0.000726
  0.000342
  0.000004
  0.000238
 -0.000385
 -0.000450
 -0.000751
 -0.000122
  0.000160
  0.000377
 -0.000144
 -0.000172
 -0.000180
 -0.000688
 -0.000047
 -0.000436
 -0.000580
 -0.000175
  0.001132
  0.000380
  0.000393
  0.000622
  0.001107
 -0.000266
 -0.000551
  0.000347
  0.000254
  0.000191
  0.000605
  0.000551
 -0.000474
  0.000195
 -0.000029
 -0.000110
 -0.000682
  0.000304
 -0.000459
  0.000651
  0.000486
  0.000017
 -0.000071
  0.000123
 -0.000751
  0.000135
 -0.000878
 -0.000106
  0.000394
 -0.000202
 -0.000120
  0.000018
 -0.000088
 -0.000249
 -0.000011
  0.000287
  0.000042
  0.000605
  0.000028
  0.000097
 -0.000427
  0.000517
 -0.001619
  0.000448
 -0.000200
  0.000119
 -0.000262
 -0.000009
  0.000196
  0.000060
  0.000801
  0.000045
  0.000591
  0.000647
  0.000496
  0.000286
 -0.000085
 -0.000112
 -0.000018
  0.000455
  0.000342
  0.000488
 -0.000290
  0.000166
 -0.000312
  0.000228
 -0.000008
 -0.000005
  0.000684
  0.000399
  0.000901
 -0.000041
  0.000017
  0.000153
 -0.000013
  0.000193
 -0.000157
 -0.000260
 -0.000151
 -0.000264
 -0.001023
  0.000153
  0.000348
 -0.000460
  0.000404
 -0.000009
 -0.000144
  0.000199
 -0.000258
 -0.000027
  0.000331
  0.000041
  0.000032
 -0.000069
 -0.000058
 -0.000012
 -0.000033
