 -0.011045
 -0.024052
 -0.020632
  0.005201
 -0.455325
  0.053673
 -0.839034
  0.103888
  0.039274
 -0.228087
 -0.056396
  0.019499
 -0.077864
  0.007580
  0.037130
  0.016826
 -0.032610
 -0.004336
 -0.006034
  0.038553
 -0.004308
  0.016621
 -0.033929
  0.000464
 -0.005760
  0.001949
 -0.019588
  0.013932
 -0.037546
  0.016263
 -0.013023
  0.002826
 -0.001369
  0.005548
 -0.004468
 -0.007582
  0.003846
  0.014216
 -0.000897
  0.011953
  0.017466
 -0.004817
  0.001035
  0.005851
  0.003715
 -0.004157
  0.002421
 -0.002476
 -0.012569
 -0.001687
 -0.000199
 -0.001962
  0.003243
 -0.008976
 -0.007917
 -0.000095
 -0.007766
 -0.006699
  0.006461
 -0.001006
  0.000593
 -0.000289
 -0.001088
 -0.003515
  0.001351
  0.001166
 -0.004170
 -0.003355
  0.004081
 -0.002069
 -0.015135
 -0.001520
  0.004191
 -0.002454
 -0.003823
 -0.002023
  0.000055
  0.004214
 -0.000733
  0.000853
  0.000527
 -0.001757
 -0.004478
 -0.001262
  0.001463
 -0.001225
 -0.000327
 -0.003318
  0.003115
 -0.001975
  0.000814
  0.000860
 -0.000567
  0.003015
  0.000817
 -0.001836
  0.000207
 -0.000618
 -0.000338
 -0.000818
 -0.001605
  0.000137
 -0.000085
 -0.004078
  0.003025
  0.003607
 -0.000619
 -0.000875
 -0.001662
  0.007123
  0.000283
  0.001286
  0.000446
 -0.003263
  0.002128
  0.003886
  0.001316
  0.001000
 -0.001901
  0.000528
  0.001127
 -0.001357
 -0.000690
 -0.000075
  0.002283
  0.000117
  0.001740
 -0.000693
 -0.000654
 -0.001416
  0.000359
 -0.000059
  0.002847
  0.001332
 -0.000448
  0.001137
  0.002005
 -0.001626
 -0.001732
 -0.001036
 -0.000890
 -0.001344
  0.000806
 -0.001664
  0.000315
  0.000003
 -0.002271
 -0.000034
 -0.000086
 -0.001966
 -0.001402
 -0.002800
  0.001258
 -0.002232
 -0.004414
 -0.000611
 -0.000549
 -0.001402
  0.002154
 -0.000109
 -0.001237
  0.000259
  0.002509
 -0.000177
  0.000430
 -0.003958
  0.000505
  0.001854
 -0.000919
  0.001459
 -0.000005
  0.001671
  0.001015
 -0.003109
  0.000679
  0.000223
  0.000876
  0.003713
  0.000963
  0.000444
 -0.001559
  0.000482
  0.000172
  0.002775
 -0.000315
  0.001245
 -0.000680
 -0.002495
  0.000286
  0.001823
 -0.001038
  0.000891
  0.001029
  0.001466
  0.000451
 -0.000256
  0.000731
 -0.001186
  0.000183
  0.000716
 -0.002361
  0.000313
  0.001139
 -0.001117
  0.000110
 -0.000631
 -0.000554
  0.000210
 -0.000223
 -0.000990
  0.000265
  0.000699
  0.000005
 -0.000741
 -0.001019
  0.000490
 -0.000929
  0.000777
 -0.000041
 -0.000122
 -0.000400
 -0.002480
  0.000099
  0.000499
 -0.001865
  0.000826
 -0.000480
  0.001046
  0.001014
  0.000831
 -0.000770
 -0.000622
  0.000901
  0.001003
  0.000388
  0.000438
  0.000974
 -0.000682
 -0.002980
 -0.000737
 -0.000382
 -0.000821
  0.000075
  0.000219
 -0.000574
 -0.000293
  0.000469
  0.000995
  0.001417
 -0.000639
  0.001154
 -0.001332
  0.000365
  0.000620
 -0.000588
  0.000512
 -0.000251
 -0.001201
 -0.000749
  0.000690
 -0.000411
  0.000760
  0.001243
  0.000793
 -0.000186
 -0.001183
  0.000215
  0.000932
 -0.000848
 -0.000466
  0.000718
 -0.001196
 -0.000018
 -0.000755
  0.000024
  0.001123
 -0.000753
 -0.000017
 -0.000018
  0.000258
 -0.000448
  0.001984
  0.001328
 -0.000482
  0.002306
  0.000412
  0.000213
  0.000153
 -0.000145
 -0.000715
 -0.000252
  0.000579
 -0.000760
 -0.000658
 -0.000728
 -0.000219
 -0.000224
  0.000841
 -0.000825
 -0.000377
  0.000722
  0.000029
  0.000191
 -0.000668
 -0.000223
 -0.000381
  0.000743
  0.000118
 -0.000570
  0.000129
  0.000268
 -0.000157
 -0.001115
 -0.000403
 -0.000650
  0.000003
 -0.000128
 -0.000441
  0.000259
 -0.001925
 -0.000127
 -0.002243
 -0.001008
 -0.000470
  0.000151
 -0.000061
  0.000370
 -0.000073
 -0.000256
  0.000647
  0.001130
  0.000570
 -0.001892
  0.000032
 -0.000402
  0.000026
  0.000921
 -0.000136
  0.000525
 -0.000190
  0.000460
  0.000150
  0.000706
 -0.000278
 -0.000230
 -0.000244
  0.000946
  0.000382
 -0.000715
  0.000636
 -0.000335
  0.000118
  0.000194
 -0.000599
  0.000321
 -0.000462
 -0.000617
 -0.001580
 -0.000441
 -0.000401
 -0.001634
  0.000646
 -0.000380
  0.000203
 -0.000239
  0.000216
  0.000670
 -0.001337
 -0.000142
  0.000340
  0.000645
  0.000288
 -0.000065
 -0.000467
  0.000672
  0.000591
  0.000796
  0.002288
  0.001318
 -0.001137
  0.000170
  0.000065
  0.000476
  0.000176
  0.000488
  0.000471
  0.000246
  0.000018
  0.000529
  0.000786
 -0.001363
 -0.000116
 -0.000409
 -0.000077
 -0.000511
 -0.001037
  0.000719
  0.000487
  0.001280
 -0.000612
 -0.000122
  0.003444
 -0.000381
  0.000394
 -0.001272
 -0.001111
 -0.000094
  0.000521
 -0.000574
  0.001285
  0.000543
  0.000483
 -0.000120
 -0.000461
 -0.001570
  0.000378
  0.000857
  0.000547
  0.000795
 -0.000258
  0.000063
 -0.000692
 -0.000357
 -0.001217
 -0.000681
  0.000112
  0.000706
 -0.000665
 -0.000325
  0.000467
  0.000174
  0.000035
 -0.000287
  0.000741
 -0.000013
  0.000274
 -0.001273
 -0.000566
 -0.000169
 -0.001333
 -0.000084
 -0.000406
  0.000838
 -0.000173
 -0.000797
 -0.000719
 -0.000999
 -0.002382
  0.000021
 -0.000987
 -0.001697
  0.000384
 -0.001660
 -0.001546
  0.000228
 -0.002541
 -0.001216
 -0.001112
 -0.000135
 -0.000399
 -0.001737
 -0.001390
 -0.000853
  0.000904
 -0.001523
  0.000078
 -0.002644
  0.000063
  0.000098
 -0.000724
 -0.001331
  0.000124
  0.001340
 -0.000475
  0.000281
 -0.000561
 -0.000566
 -0.000655
  0.000861
  0.000018
 -0.000082
 -0.000340
 -0.000145
  0.000154
 -0.000942
 -0.000959
  0.000611
  0.000371
  0.000168
  0.002665
 -0.000947
 -0.000667
 -0.001042
 -0.000578
 -0.000178
  0.000056
 -0.001499
 -0.000365
  0.000869
 -0.000809
 -0.000623
 -0.000926
  0.000356
 -0.000901
 -0.000231
  0.000219
 -0.000613
  0.000461
  0.000635
  0.000193
 -0.000197
 -0.000332
 -0.000120
 -0.001935
  0.000999
  0.000125
 -0.000163
 -0.000577
 -0.000128
 -0.000587
 -0.000574
  0.000348
 -0.000672
 -0.000676
 -0.002700
  0.000287
 -0.000701
 -0.000361
  0.000163
 -0.000270
 -0.000521
  0.001018
 -0.000161
  0.000163
  0.001101
 -0.001570
  0.000583
 -0.001217
  0.000495
  0.000065
  0.000610
  0.000690
 -0.000729
  0.001356
 -0.000573
  0.001061
 -0.000792
  0.000654
  0.000220
 -0.000463
  0.000596
 -0.000382
  0.000896
 -0.000337
  0.000243
 -0.000844
  0.000030
  0.001362
  0.000072
  0.000527
 -0.001394
  0.000851
 -0.000216
  0.000196
  0.000302
 -0.001191
  0.001494
  0.000579
  0.000270
 -0.000104
 -0.000010
  0.001780
 -0.000693
 -0.000517
 -0.001473
 -0.000169
 -0.000009
  0.000187
 -0.000913
  0.001246
 -0.000372
 -0.000252
 -0.000200
  0.000328
  0.001597
 -0.000271
  0.001049
  0.000687
 -0.000876
  0.001717
 -0.000734
  0.001001
  0.000461
 -0.000230
 -0.000710
 -0.000575
  0.000064
  0.000089
 -0.000463
 -0.001800
 -0.000040
 -0.001389
  0.000551
  0.000075
 -0.001610
  0.000504
 -0.000009
  0.000914
  0.000517
 -0.000261
  0.000675
 -0.000337
 -0.001181
 -0.000461
 -0.000708
 -0.000101
  0.000333
 -0.000290
 -0.000047
 -0.000693
  0.000322
 -0.000436
 -0.000165
  0.000331
  0.000828
 -0.000401
 -0.000236
  0.001061
 -0.000491
 -0.000263
 -0.000857
 -0.001149
 -0.000372
  0.000461
  0.000622
  0.000147
 -0.000123
  0.000394
  0.000368
 -0.000945
  0.000264
  0.001391
 -0.000196
  0.000537
  0.000032
  0.000698
  0.000101
 -0.000126
 -0.000068
 -0.000123
 -0.000200
  0.000155
  0.000094
 -0.000085
  0.000550
 -0.000011
 -0.001162
 -0.000089
 -0.000997
  0.000570
 -0.000478
  0.000544
 -0.000660
 -0.000008
  0.000627
  0.000340
 -0.000185
  0.000403
 -0.000167
 -0.000670
 -0.000135
  0.000080
 -0.000035
  0.000430
 -0.000124
 -0.000383
 -0.000170
  0.000344
  0.001102
  0.000137
  0.000322
 -0.000270
  0.000413
 -0.000304
 -0.000424
 -0.000968
  0.000272
  0.000281
  0.000417
  0.000444
 -0.000010
 -0.000089
  0.000017
  0.000075
 -0.000826
 -0.000461
  0.000560
 -0.000716
  0.000028
 -0.001429
 -0.000825
  0.000466
  0.000013
  0.000439
  0.000262
  0.000748
 -0.000552
 -0.000980
 -0.000105
 -0.000035
  0.001451
 -0.000359
  0.000670
 -0.001037
  0.000348
  0.000605
 -0.001349
 -0.000407
  0.000114
 -0.000267
  0.000893
  0.000251
 -0.001138
 -0.000220
 -0.000929
  0.001172
 -0.000020
  0.000188
 -0.000673
  0.000232
  0.000250
 -0.000269
 -0.000220
  0.000074
  0.000248
 -0.000085
  0.000683
  0.000524
  0.000655
 -0.000211
 -0.000985
  0.000046
 -0.000224
  0.001084
  0.001133
 -0.000403
  0.000431
 -0.000078
 -0.000592
  0.000273
 -0.000801
  0.000115
 -0.000508
 -0.000420
 -0.000194
 -0.000043
 -0.000406
 -0.000041
 -0.000462
  0.000454
 -0.000222
 -0.000138
 -0.000336
 -0.000149
  0.000038
  0.000563
 -0.000316
 -0.000245
  0.000499
  0.000468
  0.000210
  0.000174
  0.000316
 -0.000011
 -0.000627
  0.000138
  0.000007
  0.000067
 -0.000706
  0.000372
 -0.000351
 -0.000228
 -0.000397
 -0.000585
  0.000189
 -0.000052
 -0.000187
 -0.000317
 -0.000165
  0.000417
 -0.000145
  0.000374
 -0.000317
 -0.000411
 -0.000060
  0.000278
 -0.000146
 -0.000098
  0.000182
 -0.000127
 -0.000013
  0.000326
  0.000128
 -0.000219
  0.000070
  0.000038
 -0.000078
  0.000820
 -0.000394
  0.000439
  0.000201
 -0.000040
 -0.000149
  0.000270
  0.000136
 -0.000326
  0.001178
  0.000108
  0.000141
 -0.000111
  0.000534
  0.000191
 -0.000196
  0.000116
  0.000040
