 -0.016034
 -0.534002
 -0.461525
  0.283164
 -0.445765
  0.249013
 -0.227621
  0.075643
 -0.279996
  0.040421
  0.029806
 -0.010983
 -0.022542
 -0.029030
 -0.026828
 -0.067851
 -0.042258
 -0.069253
 -0.007096
  0.010026
 -0.012069
  0.015740
  0.009990
 -0.013292
 -0.044582
  0.011426
  0.010128
 -0.008025
 -0.014241
  0.039868
 -0.006492
 -0.002422
 -0.004232
 -0.010849
 -0.006643
 -0.010123
 -0.007039
  0.001465
 -0.000186
 -0.003952
  0.002723
 -0.000601
  0.003445
  0.004899
  0.010617
 -0.014568
  0.005714
  0.001584
 -0.006289
  0.012504
 -0.013896
 -0.007458
  0.014330
  0.005869
  0.012438
 -0.000332
 -0.002274
  0.009942
 -0.004240
  0.002878
 -0.000959
  0.007202
 -0.006781
  0.002335
 -0.006313
  0.009367
 -0.017652
 -0.000872
  0.002235
  0.005299
 -0.013696
 -0.001683
  0.002133
 -0.000856
  0.003873
  0.003922
  0.001615
 -0.004249
  0.004808
  0.006200
  0.000241
 -0.000906
  0.001800
 -0.001696
  0.002383
 -0.001029
 -0.003398
 -0.001122
  0.005418
 -0.000789
 -0.000716
 -0.005045
 -0.000527
  0.000763
  0.001244
  0.000847
  0.000068
  0.001755
  0.002725
 -0.001625
  0.000666
 -0.004542
  0.002644
  0.001298
 -0.001196
 -0.002187
 -0.000454
  0.000392
 -0.003188
  0.000201
 -0.000112
  0.003908
 -0.000824
 -0.000482
 -0.005347
 -0.001685
 -0.001923
 -0.004097
  0.001667
  0.000025
  0.003369
  0.001611
 -0.000816
 -0.000061
  0.001378
  0.000461
  0.002618
  0.001132
 -0.002429
  0.003799
  0.001228
 -0.001169
 -0.000574
 -0.000908
 -0.009364
 -0.002374
 -0.000949
  0.004197
 -0.004892
  0.000508
  0.000222
  0.002578
  0.004219
  0.000400
  0.003724
 -0.002906
 -0.001793
 -0.001394
 -0.000602
 -0.002744
  0.000166
 -0.000431
  0.001830
 -0.002402
  0.000557
 -0.000808
  0.001265
  0.001081
  0.001876
 -0.002705
 -0.000887
  0.005304
  0.000331
  0.003557
 -0.002024
  0.001224
 -0.000554
  0.002486
 -0.005020
  0.000240
 -0.004703
 -0.002161
 -0.000791
 -0.000776
 -0.005980
 -0.004360
  0.001085
  0.001876
 -0.000996
  0.002228
  0.000420
  0.002392
 -0.001013
 -0.003105
  0.001584
 -0.003351
 -0.001476
  0.001877
  0.000394
  0.000553
  0.000146
 -0.000913
 -0.006474
  0.002046
 -0.000559
  0.000194
  0.000233
 -0.003943
 -0.000024
  0.000988
  0.001778
  0.000856
  0.001053
 -0.000955
 -0.001934
 -0.002568
  0.002982
 -0.001122
  0.000247
 -0.002197
 -0.002127
 -0.000354
  0.001279
 -0.001083
 -0.000127
  0.001921
  0.002871
  0.001087
  0.000674
  0.001677
 -0.003458
  0.001605
 -0.000587
 -0.001335
 -0.001257
 -0.002036
 -0.001423
  0.000928
  0.000653
 -0.000964
  0.000055
  0.004433
 -0.000463
  0.001636
 -0.000758
 -0.000160
 -0.000328
  0.000436
 -0.000098
  0.000744
  0.000109
 -0.000747
 -0.001659
 -0.001644
 -0.000731
  0.004467
  0.002271
 -0.003412
  0.003832
  0.001112
  0.000787
  0.000308
 -0.000465
  0.000286
 -0.000349
  0.002867
 -0.000446
  0.000852
  0.001481
 -0.001185
  0.000038
 -0.000471
  0.002664
 -0.000057
  0.001671
 -0.002199
  0.001681
 -0.002247
 -0.000113
 -0.003291
 -0.001262
  0.001230
 -0.003197
  0.001735
  0.000579
 -0.000193
  0.002361
 -0.002122
  0.000526
  0.000448
  0.001187
 -0.001360
  0.000804
  0.000356
  0.000095
 -0.001207
  0.000542
  0.000089
 -0.000668
  0.001902
 -0.000639
 -0.001196
 -0.000156
 -0.000448
 -0.000893
 -0.001441
  0.000018
 -0.000023
  0.000975
  0.000578
 -0.000733
 -0.000422
  0.001052
 -0.000399
  0.001868
  0.000984
 -0.000002
 -0.000172
  0.000468
 -0.001215
  0.000164
 -0.000475
  0.000402
 -0.000257
 -0.001298
 -0.000289
 -0.000053
  0.000281
  0.000219
  0.000415
 -0.000269
  0.000224
  0.001055
  0.000176
  0.000578
 -0.000604
 -0.000380
 -0.000190
  0.000073
  0.000747
  0.000509
 -0.000286
 -0.001847
  0.000406
  0.000170
  0.000576
 -0.000301
  0.001510
 -0.000829
  0.000062
  0.000339
 -0.000504
  0.000212
  0.001053
 -0.000424
  0.000818
 -0.000868
 -0.000719
 -0.000079
 -0.000262
  0.000403
 -0.000611
  0.001395
 -0.000438
 -0.000411
 -0.000050
 -0.001408
  0.000299
  0.001202
  0.001650
  0.000067
 -0.000588
  0.000476
  0.000276
  0.000998
  0.000903
 -0.001236
  0.000624
  0.000511
  0.000240
  0.000036
 -0.000117
 -0.000604
  0.000423
 -0.001022
  0.000763
 -0.001375
 -0.000950
  0.001085
 -0.001074
 -0.000181
 -0.000930
  0.000497
 -0.001505
 -0.000127
  0.000532
  0.001441
 -0.001947
  0.000065
 -0.000260
 -0.000719
 -0.000239
 -0.000656
  0.000495
  0.001416
 -0.001558
 -0.000681
  0.000411
  0.002757
 -0.000891
  0.002272
 -0.003235
 -0.001703
 -0.000453
 -0.000441
  0.000672
  0.000022
  0.000408
 -0.000347
 -0.003785
 -0.000657
  0.001493
  0.000529
  0.000481
 -0.000173
 -0.000467
 -0.000776
 -0.000896
  0.000919
 -0.000304
 -0.000504
  0.000021
 -0.000767
  0.000426
  0.000744
 -0.000080
  0.000299
  0.000536
 -0.001656
 -0.000104
 -0.000644
  0.000564
 -0.000726
  0.000694
 -0.000272
  0.000016
  0.000206
 -0.001541
 -0.002427
  0.001150
  0.001179
 -0.000783
  0.000778
  0.000832
 -0.000594
 -0.000074
 -0.000133
 -0.000868
  0.000725
  0.000113
  0.000733
  0.001192
  0.001448
  0.000152
 -0.000453
  0.000222
  0.000688
 -0.000111
 -0.000475
  0.000346
 -0.001081
 -0.000289
  0.000032
  0.000043
  0.000826
  0.000295
  0.000414
  0.000291
 -0.001065
  0.000016
  0.001581
 -0.000048
  0.000321
  0.000599
  0.000201
 -0.000566
 -0.001030
 -0.000692
 -0.000622
  0.001036
  0.002318
 -0.001591
 -0.001470
  0.001230
 -0.000307
  0.000948
  0.001665
  0.000986
 -0.000224
  0.000763
 -0.001027
  0.000312
 -0.000012
 -0.000872
 -0.000497
  0.000219
 -0.000929
  0.000646
  0.000317
 -0.000438
  0.000116
 -0.000624
  0.001292
  0.000033
 -0.000522
  0.002607
  0.000247
  0.000070
  0.001220
 -0.000708
  0.000170
 -0.001625
  0.000758
 -0.000355
 -0.000216
  0.002748
 -0.000274
 -0.000012
  0.001088
  0.000611
  0.000893
  0.000172
  0.000235
 -0.000041
  0.000025
  0.000107
 -0.000393
 -0.001004
  0.000182
  0.000392
  0.000274
 -0.000916
 -0.000897
 -0.000882
 -0.000817
  0.000713
  0.000508
 -0.000218
 -0.000896
 -0.000780
 -0.000030
 -0.000774
 -0.000387
 -0.000207
  0.000018
 -0.000030
  0.000207
 -0.000948
 -0.000412
  0.000822
 -0.000225
  0.000441
  0.000493
  0.000083
 -0.000374
  0.000185
  0.000466
  0.000373
 -0.001648
  0.000895
  0.000728
 -0.001605
 -0.000271
  0.001277
  0.000147
  0.000271
 -0.000269
  0.000260
 -0.000355
  0.000369
 -0.001846
 -0.000471
 -0.000337
 -0.000641
  0.000086
 -0.000712
  0.001021
 -0.000504
 -0.001160
  0.000397
 -0.000997
  0.000361
  0.000690
  0.000169
  0.000023
  0.000439
  0.000491
 -0.000058
  0.000210
 -0.001320
 -0.000203
  0.000110
 -0.000310
 -0.000154
  0.000217
  0.000003
 -0.000244
  0.000468
  0.000778
 -0.000661
  0.000311
  0.001087
 -0.000997
  0.000162
 -0.000139
  0.001925
  0.000625
 -0.000451
  0.000286
 -0.001064
  0.000485
  0.000733
  0.000985
 -0.000317
 -0.000448
 -0.000404
  0.000218
  0.001002
  0.001131
 -0.000150
  0.000692
 -0.000218
 -0.001393
  0.000279
 -0.000412
 -0.000185
  0.000958
  0.002343
 -0.000270
  0.000146
  0.000260
 -0.000301
  0.000051
 -0.000535
 -0.000593
  0.000049
 -0.000347
 -0.000535
 -0.000350
  0.000259
 -0.000646
  0.000050
 -0.000509
  0.000672
  0.000544
 -0.001126
 -0.000241
 -0.000809
  0.000106
  0.000196
  0.001062
 -0.000366
  0.000551
 -0.000241
 -0.000922
 -0.000911
  0.000024
  0.000320
 -0.000491
  0.000142
  0.000076
 -0.000993
 -0.000161
  0.000498
 -0.000372
 -0.000172
  0.000023
  0.000339
 -0.000005
  0.000215
  0.000145
  0.000057
  0.000159
  0.000553
 -0.000025
  0.001072
  0.000145
  0.000529
  0.000827
  0.000239
 -0.000555
  0.000240
 -0.000011
 -0.000041
  0.000094
 -0.000163
  0.000988
 -0.000022
 -0.000350
 -0.000337
  0.000294
  0.001378
  0.000403
  0.000647
 -0.000391
  0.000786
  0.000749
  0.000225
 -0.000255
  0.000623
 -0.000330
  0.001305
  0.000527
  0.000095
  0.000106
 -0.000269
 -0.000907
 -0.000387
  0.000226
 -0.000487
 -0.000199
 -0.000209
  0.000116
  0.000101
 -0.000210
  0.000651
 -0.000090
 -0.000108
  0.000168
 -0.000253
 -0.000473
  0.000415
 -0.001075
 -0.000090
 -0.000535
 -0.000195
 -0.000459
  0.000267
 -0.000164
  0.000361
  0.000475
 -0.000260
  0.000528
  0.000166
 -0.000755
 -0.001470
  0.000208
  0.000646
 -0.000082
  0.000092
 -0.000220
  0.000059
 -0.000753
 -0.000435
 -0.000312
  0.001348
 -0.000151
  0.000561
  0.000307
  0.000419
 -0.000697
  0.001118
  0.000307
  0.000530
 -0.000362
  0.000305
  0.000193
  0.000112
  0.000150
 -0.000617
 -0.000162
 -0.000122
 -0.000108
 -0.000183
  0.000176
 -0.000159
  0.000027
  0.000053
 -0.000278
  0.000130
 -0.000325
 -0.001070
 -0.000152
 -0.000012
  0.000312
 -0.000497
 -0.000027
  0.000600
  0.000261
  0.000034
  0.000053
 -0.000243
 -0.000126
  0.000031
  0.000072
  0.000261
  0.000202
 -0.000106
  0.000160
 -0.000988
  0.000269
  0.000175
  0.000130
  0.000098
 -0.000074
  0.000129
 -0.000243
 -0.000531
 -0.000117
  0.000024
  0.000162
  0.000318
 -0.000029
 -0.000515
 -0.000148
 -0.000082
  0.000372
 -0.000104
  0.000194
  0.000004
 -0.000106
  0.000041
  0.000001
  0.000202
  0.000257
 -0.000126
  0.000342
 -0.000293
  0.000165
  0.000270
  0.000076
  0.000151
  0.000012
 -0.000079
  0.000058
