  0.202143
  0.389640
 -0.853797
 -0.177961
 -0.048879
 -0.156140
 -0.075205
 -0.051523
  0.017764
  0.000674
  0.033916
 -0.007914
 -0.045591
  0.012112
 -0.044131
  0.016656
  0.023970
  0.010604
 -0.015409
 -0.013083
 -0.025517
  0.022768
 -0.006394
 -0.002006
 -0.003932
  0.007311
  0.019543
 -0.007911
 -0.001653
  0.010658
 -0.000696
  0.002241
 -0.003713
  0.002549
  0.001316
 -0.003677
 -0.007002
  0.002088
  0.000035
 -0.007378
  0.003179
 -0.004114
 -0.000318
 -0.040477
  0.001791
  0.000492
  0.003661
 -0.000020
  0.005078
 -0.002468
  0.001018
  0.000189
  0.000542
 -0.001234
  0.000690
  0.001594
 -0.000332
 -0.002488
 -0.001601
 -0.001493
 -0.001639
 -0.003734
 -0.002208
 -0.000591
  0.001545
  0.003375
 -0.003415
  0.000698
  0.001167
 -0.001579
  0.001617
 -0.000361
  0.000094
 -0.000804
 -0.003279
 -0.006643
 -0.001923
 -0.001757
 -0.000761
  0.000090
  0.000516
  0.001100
 -0.002543
  0.001396
  0.000418
  0.003442
  0.000794
  0.000577
  0.003929
  0.002622
 -0.001028
  0.003666
 -0.002747
  0.002367
 -0.007233
 -0.002782
 -0.003375
 -0.001007
  0.005059
  0.002046
 -0.002452
  0.000493
 -0.002656
 -0.001439
  0.005790
  0.000924
  0.001917
  0.002333
 -0.002777
  0.001070
 -0.001787
 -0.000050
  0.001702
 -0.001996
  0.003949
 -0.002343
  0.000293
 -0.000085
 -0.000017
 -0.003892
  0.000579
 -0.000593
  0.003724
 -0.000483
  0.000064
  0.000716
  0.000998
 -0.000368
  0.000105
  0.000133
 -0.000085
  0.000325
  0.004495
 -0.000594
 -0.001291
 -0.000119
  0.000508
  0.002170
  0.000938
  0.000980
 -0.000792
  0.001161
 -0.000952
  0.000964
  0.002362
  0.004079
  0.001470
 -0.002176
 -0.002733
  0.000782
  0.001985
 -0.001102
 -0.003217
  0.000381
 -0.001391
 -0.001503
  0.000717
  0.000204
 -0.001057
  0.000841
 -0.000151
 -0.001073
 -0.000001
  0.002231
  0.000287
  0.000825
 -0.000111
 -0.001320
  0.000074
 -0.001245
 -0.001565
 -0.000178
  0.000834
 -0.001561
 -0.001053
  0.003411
  0.001303
 -0.000329
  0.000104
 -0.000326
  0.002905
 -0.001161
 -0.000681
 -0.000645
 -0.000971
  0.000494
 -0.000410
  0.000264
  0.000641
  0.000100
  0.001439
  0.000518
  0.001009
  0.000013
 -0.000478
  0.000503
 -0.000058
  0.000381
  0.001317
 -0.001123
  0.000258
  0.000213
  0.000572
  0.002122
 -0.001841
 -0.001561
 -0.000155
  0.000758
 -0.000115
  0.000729
 -0.000368
 -0.001454
  0.000351
  0.000672
 -0.000761
 -0.000195
  0.000846
 -0.001073
 -0.000375
  0.000233
 -0.000190
  0.000434
  0.000544
  0.000865
  0.000583
  0.000241
 -0.000135
  0.001910
 -0.000563
 -0.000521
 -0.000493
 -0.000065
  0.001167
 -0.000269
 -0.000904
  0.000491
  0.000274
  0.001011
  0.000017
  0.000078
 -0.001714
  0.000911
  0.000693
 -0.000361
 -0.000716
 -0.000556
  0.000242
 -0.000118
 -0.000869
  0.000692
  0.000021
 -0.000370
  0.000057
  0.000335
 -0.000327
 -0.001198
 -0.001954
  0.000894
  0.000070
  0.000846
  0.000575
  0.000418
  0.000250
  0.000440
 -0.000428
 -0.000095
  0.000375
 -0.000615
 -0.000048
 -0.000018
  0.000044
  0.000244
  0.000195
 -0.000057
  0.000195
 -0.001021
  0.000236
 -0.000108
 -0.000002
 -0.000379
  0.000044
 -0.000247
 -0.000024
 -0.000881
  0.001167
 -0.000476
 -0.000674
 -0.000051
  0.000368
  0.000231
 -0.000452
 -0.000079
 -0.000503
  0.000222
  0.001198
 -0.000495
 -0.000360
 -0.001208
 -0.000233
 -0.001226
 -0.000618
  0.000621
  0.000023
 -0.000143
 -0.000458
  0.001021
  0.000189
  0.000044
 -0.000303
  0.000105
  0.000029
 -0.000265
  0.001165
 -0.000099
 -0.000245
  0.000221
 -0.000380
 -0.000144
  0.000061
  0.000081
  0.000543
 -0.000096
 -0.000164
 -0.000351
  0.000359
  0.000007
  0.000111
 -0.000685
 -0.000042
  0.000051
  0.000157
  0.000186
  0.000235
  0.000636
 -0.000498
  0.000069
 -0.000258
  0.000071
 -0.000020
  0.000195
 -0.000025
  0.000505
 -0.000229
 -0.000062
 -0.000300
 -0.000015
  0.000749
 -0.000293
 -0.000204
 -0.000313
 -0.000327
  0.000347
  0.000337
 -0.000382
 -0.000730
  0.000474
 -0.000065
  0.000123
  0.000121
 -0.000319
 -0.000368
  0.001129
 -0.000599
  0.000110
 -0.000894
 -0.000721
 -0.000093
 -0.001608
  0.000129
 -0.000406
 -0.000078
  0.000002
  0.000020
 -0.000351
  0.000141
 -0.001274
  0.000174
  0.000689
  0.000094
 -0.000291
 -0.000710
 -0.000340
  0.000246
  0.000974
 -0.000217
  0.000040
 -0.000263
 -0.000503
  0.000100
  0.000462
  0.000036
  0.000256
  0.000009
 -0.000686
  0.000443
 -0.000494
 -0.000714
  0.000230
  0.000236
  0.000151
  0.001533
  0.000502
 -0.000191
  0.000204
 -0.001527
  0.000065
 -0.000934
 -0.000331
  0.000139
  0.001534
 -0.000546
  0.000019
 -0.000018
  0.000281
 -0.000488
  0.001209
  0.000409
 -0.001052
 -0.000551
 -0.000586
  0.002026
  0.000104
  0.000129
  0.001069
 -0.000533
  0.000338
  0.000253
  0.000035
 -0.000502
  0.000280
  0.000003
 -0.001433
  0.000774
  0.000706
 -0.000831
 -0.001348
 -0.001589
 -0.000939
 -0.001585
 -0.000357
  0.001920
  0.001632
 -0.001680
 -0.000530
  0.001323
  0.000196
  0.000041
  0.000954
 -0.000208
  0.000302
  0.001344
 -0.000013
 -0.000086
 -0.001124
  0.001116
 -0.000127
 -0.000623
 -0.000235
  0.000366
  0.000055
  0.000465
  0.001050
  0.000628
 -0.001593
  0.000237
 -0.000266
  0.000180
 -0.000705
 -0.001015
 -0.000230
  0.000883
  0.001280
  0.000640
  0.000782
 -0.000650
  0.001354
  0.001084
  0.000474
  0.000156
 -0.000280
 -0.002406
 -0.000629
 -0.000948
  0.000032
  0.001346
  0.000786
 -0.000221
  0.000594
 -0.000312
  0.000728
  0.001311
  0.000867
  0.000566
  0.000590
  0.000430
  0.000969
 -0.001457
 -0.002448
  0.000625
 -0.001972
  0.002157
  0.000039
 -0.001298
  0.001433
  0.001326
  0.002160
 -0.000690
  0.000101
 -0.000752
 -0.000352
  0.000655
 -0.001395
  0.001427
  0.000729
 -0.001831
  0.000147
  0.000086
  0.001273
 -0.000612
  0.001061
  0.000155
 -0.000248
 -0.000653
  0.000672
  0.000189
 -0.000415
  0.000657
 -0.000098
  0.000322
  0.000456
 -0.000214
  0.000684
  0.000609
 -0.000371
 -0.000022
  0.000888
  0.001515
  0.000055
  0.000035
 -0.000121
 -0.000020
 -0.000152
  0.000974
  0.000913
  0.000023
 -0.001085
  0.000310
  0.001002
 -0.000322
 -0.000377
  0.000997
 -0.000253
 -0.000130
  0.002219
 -0.000055
 -0.001919
 -0.000508
  0.000170
 -0.000224
  0.000403
 -0.000176
 -0.000290
  0.000024
  0.000687
 -0.000079
 -0.000217
  0.000328
  0.000265
  0.000069
  0.000968
  0.000139
 -0.000305
 -0.000356
  0.000144
  0.000632
 -0.000430
  0.000384
 -0.000422
  0.000125
  0.000470
 -0.000066
 -0.000745
  0.000457
 -0.000142
  0.000022
 -0.000179
  0.000220
 -0.000669
 -0.000225
 -0.000030
 -0.000219
 -0.000046
  0.000214
 -0.000132
 -0.000424
  0.000084
 -0.000019
 -0.000140
 -0.000174
 -0.000034
  0.000000
 -0.000254
 -0.000203
  0.000228
 -0.000039
  0.000040
 -0.000768
  0.000189
  0.000266
  0.000151
  0.000119
 -0.000286
 -0.000172
  0.000289
  0.000376
  0.000114
  0.000026
 -0.000113
  0.000076
  0.000149
 -0.000495
  0.001030
 -0.000164
  0.000062
  0.000314
  0.000158
 -0.000352
 -0.000254
 -0.000281
  0.000141
  0.000191
 -0.000070
  0.000026
 -0.000072
  0.000441
  0.000156
  0.000169
 -0.000190
 -0.000391
  0.000188
 -0.000409
 -0.000848
  0.000758
 -0.000309
 -0.000647
  0.000410
 -0.000317
 -0.000267
  0.000900
  0.000226
 -0.000494
  0.000515
 -0.000279
 -0.000443
 -0.000565
  0.000246
 -0.000335
  0.000374
 -0.000313
 -0.001254
  0.000467
 -0.000366
 -0.000032
  0.000644
  0.000723
  0.000759
  0.000396
 -0.000045
  0.000155
  0.000574
  0.000167
  0.000245
  0.000572
 -0.000058
  0.000634
  0.000594
 -0.000190
  0.000508
  0.000302
 -0.000067
  0.000286
 -0.000201
  0.000302
 -0.000018
 -0.000450
  0.000277
 -0.000348
 -0.000508
 -0.000216
 -0.000252
  0.000616
 -0.000203
 -0.000584
 -0.000227
 -0.000133
  0.000446
  0.000311
 -0.000309
  0.000062
  0.000620
  0.000128
  0.000252
  0.000030
 -0.000307
  0.000147
 -0.000374
 -0.000064
  0.000081
 -0.000046
 -0.000064
 -0.000270
  0.000353
  0.000441
  0.000172
  0.000656
  0.001000
 -0.000100
  0.000033
  0.000082
  0.000160
 -0.000273
 -0.000047
 -0.000349
 -0.000184
 -0.000869
 -0.000022
 -0.000114
  0.000137
  0.000114
 -0.000123
 -0.000287
 -0.000139
  0.000162
 -0.000183
  0.000064
  0.000353
 -0.000163
  0.000554
  0.000185
 -0.000672
 -0.000336
  0.000125
  0.000305
 -0.000070
 -0.000472
 -0.000020
 -0.000021
 -0.000189
  0.000034
  0.000424
 -0.000014
 -0.000014
 -0.000042
  0.000118
 -0.000303
  0.000055
  0.000077
 -0.000069
  0.000009
 -0.000215
 -0.000030
 -0.000237
 -0.000088
  0.000056
 -0.000265
  0.000137
 -0.000416
  0.000083
  0.000030
  0.000061
  0.000060
 -0.000225
  0.000123
  0.000167
  0.000003
 -0.000152
  0.000015
 -0.000227
  0.000094
  0.000081
 -0.000075
 -0.000118
 -0.000001
 -0.000021
  0.000019
 -0.000129
  0.000032
 -0.000026
  0.000122
  0.000015
 -0.000160
  0.000006
 -0.000008
 -0.000057
 -0.000039
 -0.000000
  0.000105
 -0.000016
  0.000090
 -0.000079
  0.000049
  0.000304
  0.000019
  0.000044
  0.000020
  0.000188
  0.000190
 -0.000092
 -0.000194
 -0.000034
 -0.000061
  0.000040
  0.000064
  0.000006
 -0.000044
 -0.000097
 -0.000086
  0.000012
  0.000043
  0.000027
  0.000008
  0.000014
  0.000046
 -0.000046
 -0.000025
