 -0.026979
 -0.956298
 -0.102572
  0.241664
  0.004366
 -0.094553
 -0.044007
  0.000804
 -0.003987
 -0.050008
  0.001281
 -0.011684
 -0.002336
 -0.004961
  0.017670
  0.011534
 -0.006117
 -0.003695
  0.005230
  0.002768
 -0.015524
 -0.015975
  0.007592
  0.005059
 -0.004958
 -0.003763
  0.006668
 -0.008413
  0.005838
  0.000724
 -0.006613
 -0.003433
  0.000192
 -0.006449
 -0.011380
 -0.005183
 -0.000501
  0.004406
  0.004136
 -0.006471
  0.000404
  0.007382
 -0.000676
 -0.005689
 -0.006324
 -0.002055
 -0.003391
  0.004114
  0.000499
 -0.000351
  0.002047
  0.003060
 -0.006778
  0.000565
  0.000191
 -0.002893
  0.002421
 -0.002147
 -0.003186
 -0.001674
  0.003505
  0.001112
 -0.004115
  0.001908
 -0.003510
 -0.001257
  0.002079
  0.002596
  0.000709
  0.002477
  0.002183
 -0.005435
  0.000375
 -0.000599
  0.003851
  0.000246
  0.000882
 -0.000846
  0.001784
  0.000190
  0.001982
  0.000049
  0.000152
 -0.000645
 -0.000395
  0.000900
 -0.001058
 -0.001557
 -0.000890
  0.000744
 -0.000061
 -0.000658
  0.001879
  0.001542
  0.002181
 -0.000222
 -0.000880
 -0.001607
  0.000433
  0.000468
 -0.002905
 -0.000747
  0.000491
 -0.001090
 -0.000232
 -0.000446
 -0.000674
  0.001758
 -0.001120
 -0.001151
  0.003292
 -0.001044
 -0.000562
  0.000305
  0.001480
  0.000942
  0.000152
  0.003591
 -0.000970
  0.000628
 -0.001191
  0.001391
  0.000821
  0.000830
 -0.002158
 -0.000117
  0.000457
 -0.000340
  0.000587
  0.000748
  0.001893
  0.000909
  0.001462
 -0.001384
  0.000524
 -0.002329
 -0.000841
 -0.000945
 -0.001138
  0.000736
 -0.000781
 -0.000758
  0.000445
 -0.000364
  0.001880
 -0.000643
  0.001520
  0.002238
  0.000053
 -0.000539
 -0.000075
  0.000175
  0.000563
  0.000027
 -0.000172
  0.001324
 -0.000657
 -0.000746
  0.001562
  0.000942
 -0.000878
  0.002239
 -0.001594
 -0.000160
 -0.000232
 -0.001768
 -0.000908
 -0.000057
 -0.000371
  0.000436
  0.000041
  0.000339
  0.001414
  0.001059
  0.000071
  0.000204
 -0.000053
 -0.000240
  0.000349
 -0.001468
 -0.000489
  0.000363
 -0.000051
  0.000454
 -0.000230
 -0.000033
 -0.000168
  0.000884
 -0.000272
  0.000543
 -0.000214
 -0.000045
 -0.001106
 -0.000819
 -0.000762
 -0.000024
 -0.000323
  0.000124
 -0.000153
  0.000122
  0.000255
  0.000283
 -0.000019
  0.000724
  0.001098
 -0.000360
 -0.000353
  0.000172
  0.000602
 -0.000062
  0.000650
 -0.000692
  0.000040
  0.000550
 -0.000039
 -0.000646
 -0.000040
  0.000150
  0.000677
  0.000913
 -0.000111
 -0.000903
 -0.000388
 -0.000589
 -0.000752
  0.000006
  0.000627
 -0.000218
  0.000025
  0.000023
 -0.000382
 -0.001000
 -0.000028
  0.000209
  0.000964
 -0.000927
 -0.000626
 -0.000473
 -0.000418
 -0.000339
 -0.000074
 -0.000109
  0.000408
 -0.000281
  0.000314
  0.000095
  0.000147
 -0.000546
  0.000397
  0.000056
 -0.000126
 -0.000856
  0.001137
 -0.000466
  0.000623
 -0.000014
 -0.000420
  0.000022
  0.000074
 -0.000138
 -0.000659
  0.000035
 -0.000039
 -0.000325
  0.000040
 -0.000642
 -0.000134
  0.000292
  0.000218
  0.000017
 -0.000743
  0.000063
  0.000115
  0.000299
 -0.001646
  0.000380
  0.000007
  0.000557
  0.000484
 -0.001713
  0.000303
 -0.001068
  0.000304
  0.000119
  0.000372
 -0.000314
 -0.000664
 -0.000769
  0.000137
  0.001345
  0.000492
  0.000307
 -0.000985
 -0.000257
 -0.001037
  0.000307
 -0.000289
  0.000056
  0.000226
 -0.000530
 -0.000321
  0.000729
 -0.000733
  0.000072
 -0.000690
 -0.000106
  0.000393
  0.000250
 -0.000182
  0.000183
  0.000672
 -0.000329
 -0.000217
  0.000098
 -0.000092
  0.000246
  0.000248
  0.000148
 -0.000091
 -0.000339
 -0.000646
 -0.000260
 -0.000260
  0.000509
  0.000347
 -0.000653
 -0.000285
 -0.000798
  0.000754
  0.000006
 -0.000611
 -0.000048
 -0.000003
  0.000406
 -0.000011
 -0.000030
 -0.000782
  0.000443
 -0.000392
 -0.000009
 -0.000225
 -0.000686
  0.000136
 -0.000233
 -0.000248
 -0.000360
 -0.000684
  0.000437
 -0.000836
  0.000394
 -0.000069
 -0.000302
  0.000214
 -0.000367
  0.000096
  0.000405
  0.000335
 -0.000993
  0.000455
 -0.000100
 -0.000248
 -0.001146
  0.000657
 -0.000565
  0.000772
  0.000431
 -0.000051
 -0.000571
  0.000481
  0.000553
 -0.000200
  0.000095
  0.001230
 -0.000037
 -0.000208
  0.000726
 -0.000124
  0.000143
 -0.000228
 -0.001075
 -0.000255
 -0.001533
  0.000527
 -0.000047
 -0.000553
  0.000428
  0.000762
  0.000292
 -0.000239
  0.000183
 -0.000300
  0.001309
 -0.000576
  0.000088
 -0.001033
 -0.000991
  0.000724
 -0.001083
  0.000695
  0.000365
 -0.000104
  0.001023
 -0.000481
 -0.000033
 -0.000346
 -0.000997
 -0.000493
  0.000866
  0.000384
 -0.000398
 -0.000361
  0.000318
  0.000227
  0.000142
  0.000287
  0.000174
  0.000281
 -0.000491
 -0.000000
  0.000552
 -0.000871
  0.000079
 -0.000416
  0.000476
  0.001232
 -0.000187
 -0.000952
 -0.000356
  0.000437
  0.001004
 -0.000284
  0.000207
  0.000052
 -0.000088
 -0.000251
  0.000062
  0.000822
 -0.000583
 -0.000207
  0.000022
 -0.000335
 -0.000233
 -0.000414
 -0.000276
  0.000163
  0.000522
  0.000117
  0.000233
  0.000024
 -0.000045
 -0.000322
 -0.000137
 -0.000356
  0.001076
  0.000345
 -0.000857
  0.000029
 -0.000066
  0.000297
  0.000322
  0.000228
  0.000073
  0.000042
  0.000530
 -0.000079
 -0.000193
 -0.000004
 -0.000066
 -0.000104
 -0.000100
  0.000094
 -0.000401
  0.000518
  0.000470
  0.001117
 -0.000533
  0.000529
 -0.000690
  0.000433
  0.000490
 -0.000686
  0.000232
  0.000353
 -0.000022
  0.000175
 -0.000126
  0.000068
 -0.000363
  0.000051
 -0.000357
  0.000251
 -0.000027
 -0.000090
  0.000059
 -0.000074
 -0.000653
  0.000801
  0.000344
 -0.000054
 -0.000030
  0.000174
  0.000010
  0.000349
 -0.000462
 -0.000093
  0.000099
 -0.000340
 -0.000421
 -0.000696
  0.000341
 -0.000066
  0.000196
  0.000120
  0.000093
 -0.000057
 -0.000703
  0.000014
 -0.000715
  0.000743
  0.000059
  0.000090
 -0.000245
 -0.000310
 -0.000131
  0.000212
 -0.000593
 -0.000096
  0.000239
  0.000053
  0.000156
  0.000164
  0.000054
 -0.000074
  0.000075
 -0.000192
  0.000171
 -0.000390
  0.000256
  0.000318
  0.000255
 -0.000010
  0.000354
 -0.000013
  0.000101
  0.000062
 -0.000303
 -0.000011
 -0.000188
 -0.000149
  0.000049
  0.000033
  0.000004
  0.000262
 -0.000137
  0.000042
 -0.000001
 -0.000137
 -0.000100
  0.000184
  0.000088
  0.000011
  0.000023
  0.000097
  0.000271
 -0.000120
 -0.000303
  0.000076
  0.000025
  0.000011
 -0.000066
  0.000355
  0.000130
  0.000204
  0.000357
  0.000228
  0.000326
 -0.000161
 -0.000423
 -0.000267
  0.000786
  0.000189
  0.000834
 -0.000364
 -0.000123
  0.000731
 -0.000173
 -0.000146
 -0.000116
 -0.000355
 -0.000188
  0.000434
  0.000171
 -0.000060
  0.000678
  0.000378
 -0.000396
  0.000040
 -0.000329
  0.000095
  0.000144
  0.000553
 -0.000313
  0.000372
 -0.000288
  0.000242
  0.000646
  0.000079
  0.000041
 -0.000109
 -0.000099
 -0.000417
 -0.000048
 -0.000214
  0.000114
 -0.000153
 -0.000372
  0.000214
 -0.000278
  0.000049
  0.000374
 -0.000457
 -0.000048
 -0.000625
  0.000303
 -0.000210
  0.000304
 -0.000147
  0.000840
  0.000054
  0.000453
 -0.000695
 -0.000370
  0.000615
 -0.000149
  0.000252
  0.000166
 -0.000005
 -0.000823
  0.000568
  0.001098
 -0.000133
  0.000147
 -0.000037
  0.000261
 -0.000228
  0.000290
 -0.000624
 -0.000386
  0.000491
  0.000067
  0.000004
  0.000105
  0.000309
 -0.000482
 -0.000664
 -0.000227
  0.000872
  0.000276
 -0.000380
 -0.000516
  0.000025
 -0.000019
 -0.000405
 -0.000709
  0.000645
  0.000642
  0.000862
  0.000128
 -0.000093
  0.000238
  0.000134
  0.000091
  0.001292
 -0.000541
  0.000007
 -0.000552
 -0.000186
  0.000173
  0.000480
 -0.000275
  0.000003
  0.000469
  0.000228
 -0.000050
  0.000300
 -0.000493
  0.000230
  0.000261
  0.000227
 -0.000176
 -0.001181
 -0.000118
 -0.000198
  0.000172
 -0.000072
  0.000303
 -0.000314
  0.000069
  0.000351
 -0.000089
  0.000169
 -0.000236
  0.000396
  0.000390
 -0.000159
  0.000126
  0.000099
  0.000453
  0.000272
 -0.000187
  0.000179
  0.000037
  0.000095
  0.000309
  0.000148
  0.000061
  0.000087
 -0.000355
 -0.000247
  0.000409
 -0.000247
 -0.000193
 -0.000440
 -0.000438
 -0.000483
 -0.000586
  0.000055
 -0.000082
 -0.000615
 -0.000170
 -0.000069
 -0.000057
 -0.001013
  0.000091
  0.000252
 -0.000013
  0.000330
 -0.000083
 -0.000042
 -0.000608
  0.000110
  0.000216
  0.000036
 -0.000402
  0.000098
 -0.000946
  0.000851
  0.000058
  0.000080
 -0.000046
 -0.000268
 -0.000140
 -0.000009
 -0.000357
 -0.000172
  0.000317
  0.000228
  0.000312
  0.000121
 -0.000226
 -0.000033
  0.000090
  0.000000
 -0.000181
  0.000100
  0.000174
 -0.000245
  0.000072
 -0.000311
 -0.000084
 -0.000181
 -0.000559
  0.000119
 -0.000042
  0.000012
 -0.000659
  0.000226
  0.000302
 -0.000233
 -0.000183
 -0.000164
 -0.000272
  0.000007
  0.000000
  0.000007
  0.000347
 -0.000493
 -0.000000
  0.000148
  0.000120
  0.000051
  0.000043
  0.000008
  0.000018
  0.000182
 -0.000141
  0.000003
  0.000033
 -0.000045
 -0.000260
  0.000058
  0.000245
 -0.000021
  0.000322
 -0.000237
  0.000318
  0.000032
  0.000126
  0.000046
  0.000211
 -0.000319
 -0.000022
 -0.000069
 -0.000002
  0.000040
  0.000005
  0.000089
  0.000095
 -0.000008
 -0.000083
  0.000301
  0.000036
 -0.000005
 -0.000030
 -0.000092
