  0.070673
  0.645413
 -0.734968
 -0.152960
  0.010124
 -0.051406
  0.021300
 -0.032229
 -0.083887
  0.028655
 -0.032290
 -0.001721
  0.012255
 -0.002895
 -0.018913
  0.003774
 -0.001560
  0.008742
  0.005500
  0.008336
  0.003898
 -0.004943
 -0.005964
 -0.001847
  0.009256
  0.003782
  0.000351
  0.002997
  0.001189
  0.003903
 -0.004250
  0.009137
  0.008421
 -0.003352
 -0.000129
  0.001652
 -0.002532
  0.000907
 -0.003788
  0.006362
  0.002429
 -0.005806
 -0.002758
  0.002072
  0.008154
  0.000880
  0.005841
  0.001587
 -0.001821
  0.000810
  0.004999
 -0.000279
  0.001551
  0.001443
 -0.005018
 -0.000274
  0.000597
 -0.001896
  0.002543
 -0.002254
  0.003884
  0.000813
 -0.001811
  0.001190
 -0.003370
 -0.002379
 -0.000905
 -0.000580
  0.001630
 -0.002292
 -0.001381
  0.001120
  0.000210
 -0.003924
  0.006141
  0.000807
 -0.000788
  0.001093
  0.000833
 -0.003243
 -0.001444
 -0.002871
  0.000429
  0.002874
 -0.000673
  0.002132
  0.000731
  0.001446
  0.001246
 -0.000873
  0.002623
  0.003125
  0.000408
 -0.002125
  0.000924
 -0.001305
 -0.000619
 -0.001780
  0.001851
 -0.001314
 -0.001656
 -0.002919
  0.000982
  0.001001
 -0.000350
 -0.001911
  0.000038
 -0.000700
  0.003062
 -0.000306
 -0.000215
 -0.001289
 -0.000566
  0.000823
 -0.000362
 -0.002838
  0.001216
  0.001198
 -0.001493
 -0.001874
  0.000675
  0.000673
  0.000304
 -0.001961
 -0.000878
  0.000203
  0.000400
  0.001514
 -0.001998
 -0.000864
  0.000759
 -0.000527
  0.000611
  0.000701
  0.000513
 -0.001161
 -0.000865
 -0.001119
 -0.000959
  0.000732
  0.002049
  0.000455
 -0.001029
 -0.000888
 -0.000365
  0.000090
 -0.000444
 -0.000752
 -0.001225
 -0.001669
 -0.001355
 -0.001056
 -0.000040
  0.000733
 -0.000365
  0.001099
  0.000298
  0.000712
 -0.000021
 -0.001165
  0.000105
  0.000925
  0.000041
  0.000131
  0.000260
  0.000460
 -0.000051
 -0.000090
  0.000141
  0.000157
  0.000118
 -0.000491
  0.000122
  0.000026
 -0.000105
  0.000548
 -0.000727
 -0.000030
  0.000706
 -0.000024
 -0.000365
 -0.000226
  0.000159
  0.000430
 -0.000717
 -0.000747
 -0.000984
 -0.000477
 -0.000119
 -0.000718
  0.000363
 -0.000015
  0.001263
  0.000431
  0.000131
 -0.000548
 -0.000056
 -0.000117
 -0.000564
  0.001261
  0.000486
  0.000773
  0.000210
  0.000631
 -0.000601
  0.000661
  0.000055
  0.000296
 -0.000660
  0.000194
 -0.000108
  0.000081
 -0.000315
 -0.000752
  0.000645
 -0.000768
 -0.000040
 -0.000685
  0.000216
 -0.000753
  0.000855
  0.000141
 -0.000764
  0.000127
  0.000003
  0.000133
 -0.000544
  0.000155
  0.000499
 -0.000792
  0.000121
  0.001158
  0.000262
  0.000723
  0.000662
 -0.000524
 -0.000306
  0.000757
 -0.000592
 -0.000070
 -0.001226
  0.000414
  0.000495
  0.000964
 -0.001177
 -0.000309
  0.000188
  0.000515
 -0.000133
  0.000391
 -0.000164
 -0.000003
 -0.000296
  0.000187
 -0.000451
 -0.000514
 -0.000198
  0.000080
 -0.000308
 -0.000040
 -0.000161
 -0.000135
 -0.000174
  0.000678
  0.000781
  0.000226
  0.000410
  0.000480
  0.000054
 -0.000476
  0.000249
 -0.000327
  0.000075
 -0.000011
  0.000233
  0.000014
 -0.000623
  0.000225
 -0.000007
  0.000083
 -0.000226
 -0.000242
 -0.000383
  0.000362
 -0.000384
  0.000144
  0.000414
 -0.000321
  0.000511
 -0.000093
 -0.000123
  0.000068
 -0.000351
 -0.000109
  0.000352
 -0.000092
  0.000919
 -0.000475
 -0.000191
 -0.000034
  0.000195
  0.000149
 -0.000123
  0.000185
  0.000329
 -0.000360
 -0.000913
 -0.000224
 -0.000282
  0.000261
  0.000361
  0.000006
  0.000261
 -0.000677
 -0.000314
 -0.000445
  0.000194
  0.000413
 -0.000052
  0.000586
 -0.000600
  0.000244
 -0.000454
 -0.001120
  0.000349
  0.000010
 -0.000123
 -0.000208
 -0.000870
 -0.000456
  0.000399
  0.000067
 -0.000081
 -0.000587
 -0.000155
  0.000410
  0.000203
 -0.000115
 -0.000042
  0.000015
 -0.000279
 -0.000795
 -0.000491
 -0.000390
 -0.000544
 -0.000318
  0.000261
 -0.000536
  0.000766
  0.000473
  0.000159
  0.000476
  0.000117
  0.001252
  0.000576
  0.000054
 -0.000215
  0.000354
 -0.000380
 -0.000305
  0.000113
  0.000171
 -0.000170
  0.000243
  0.000504
 -0.000029
  0.000095
  0.000497
 -0.000691
 -0.000017
  0.000109
 -0.000064
  0.000394
 -0.000153
  0.000354
  0.000189
  0.000437
 -0.000049
  0.000951
 -0.000657
 -0.000093
  0.000959
  0.001125
  0.000113
  0.000163
  0.000060
  0.000356
 -0.000400
  0.000439
  0.000013
 -0.000110
  0.000193
  0.000402
  0.000273
  0.000237
 -0.000068
  0.000476
  0.000128
  0.000282
  0.000762
  0.000041
 -0.000016
 -0.000211
 -0.000115
 -0.000451
  0.000846
 -0.000139
  0.000603
 -0.000345
  0.000061
 -0.000528
 -0.000162
  0.000731
 -0.000340
 -0.000707
  0.000125
 -0.000335
 -0.000254
 -0.000330
 -0.000030
  0.000274
  0.000157
  0.000113
  0.000329
 -0.000081
 -0.000039
 -0.000380
  0.000202
  0.000103
  0.000036
  0.000199
  0.000052
 -0.000085
 -0.000050
 -0.000026
  0.000607
 -0.000019
  0.000079
 -0.000399
  0.000781
  0.000401
  0.000622
  0.000416
  0.000207
 -0.000638
 -0.000719
 -0.000504
  0.000217
  0.000122
 -0.000220
  0.000133
 -0.000249
 -0.000351
 -0.000400
  0.000064
  0.000426
 -0.000178
  0.000358
 -0.000043
 -0.000286
  0.000185
  0.001286
  0.000287
  0.001153
  0.000513
  0.000324
  0.000538
 -0.000312
 -0.000093
  0.000030
  0.000544
  0.000249
  0.000579
 -0.000105
 -0.000702
  0.000088
  0.000231
 -0.000150
 -0.000385
 -0.000207
 -0.000106
  0.000189
  0.000074
  0.000579
  0.000096
  0.000127
 -0.000329
  0.000254
 -0.000225
 -0.000027
  0.000544
  0.000356
 -0.000127
 -0.000151
 -0.000018
  0.000439
  0.000320
 -0.000433
 -0.000246
  0.000367
  0.000020
  0.000031
  0.000080
 -0.000061
  0.000217
 -0.000401
 -0.000327
 -0.000080
  0.000160
  0.000448
  0.000285
 -0.000106
  0.000069
  0.000209
 -0.000007
  0.000184
  0.000558
  0.000135
  0.000566
  0.000198
  0.000190
 -0.000049
 -0.000107
  0.000446
 -0.000050
 -0.000065
  0.000179
 -0.000126
  0.000074
  0.000083
 -0.000125
 -0.000119
  0.000129
  0.000132
  0.000180
 -0.000073
 -0.000125
  0.000328
 -0.000045
 -0.000064
 -0.000163
 -0.000028
  0.000095
 -0.000128
  0.000041
  0.000091
  0.000509
  0.000073
 -0.000094
 -0.000030
  0.000229
  0.000122
 -0.000024
 -0.000047
 -0.000124
 -0.000003
  0.000277
  0.000010
  0.000185
  0.000082
 -0.000234
 -0.000277
 -0.000189
  0.000146
 -0.000040
 -0.000052
  0.000369
 -0.000263
 -0.000011
 -0.000001
 -0.000229
 -0.000359
  0.000469
 -0.000079
 -0.000183
 -0.000134
  0.000131
  0.000011
 -0.000143
 -0.000148
 -0.000118
  0.000022
 -0.000132
 -0.000024
 -0.000133
  0.000189
  0.000020
 -0.000047
  0.000079
  0.000028
 -0.000064
  0.000064
  0.000257
 -0.000106
  0.000013
 -0.000372
  0.000117
  0.000154
 -0.000478
  0.000045
 -0.000212
 -0.000178
 -0.000105
 -0.000132
 -0.000227
 -0.000205
 -0.000670
  0.000012
 -0.000207
 -0.000063
  0.000173
 -0.000099
 -0.000143
 -0.000095
 -0.000234
 -0.000222
  0.000367
 -0.000059
  0.000225
 -0.000009
 -0.000179
  0.000457
 -0.000124
  0.000003
 -0.000230
  0.000091
  0.000259
  0.000153
 -0.000402
 -0.000017
 -0.000035
  0.000031
  0.000046
  0.000137
  0.000211
  0.000152
  0.000136
 -0.000107
 -0.000010
 -0.000200
 -0.000196
  0.000031
 -0.000012
 -0.000182
 -0.000093
 -0.000335
  0.000025
  0.000366
 -0.000203
 -0.000027
  0.000114
 -0.000049
 -0.000014
 -0.000021
  0.000462
  0.000024
 -0.000131
 -0.000101
 -0.000049
 -0.000070
  0.000149
 -0.000331
 -0.000295
 -0.000013
 -0.000217
 -0.000098
 -0.000273
  0.000368
  0.000773
 -0.000031
  0.000132
  0.000227
  0.000082
  0.000080
 -0.000213
 -0.000246
  0.000329
 -0.000066
 -0.000214
 -0.000109
  0.000086
 -0.000013
 -0.000119
 -0.000430
  0.000413
  0.000045
 -0.000145
 -0.000134
  0.000169
  0.000001
 -0.000191
 -0.000248
 -0.000046
  0.000192
  0.000157
  0.000295
 -0.000173
  0.000103
  0.000115
 -0.000032
 -0.000204
  0.000171
  0.000254
 -0.000014
 -0.000036
 -0.000393
 -0.000080
 -0.000114
  0.000131
  0.000017
  0.000114
  0.000140
  0.000107
 -0.000018
 -0.000018
 -0.000077
  0.000095
 -0.000104
 -0.000040
  0.000267
  0.000349
  0.000306
 -0.000254
 -0.000021
  0.000251
  0.000028
  0.000075
  0.000066
  0.000084
  0.000142
  0.000241
  0.000013
  0.000239
  0.000180
  0.000128
 -0.000268
  0.000130
  0.000001
 -0.000134
  0.000007
 -0.000270
  0.000034
  0.000333
  0.000050
  0.000166
 -0.000273
 -0.000014
 -0.000115
  0.000181
  0.000000
 -0.000270
  0.000189
  0.000581
 -0.000110
 -0.000228
 -0.000200
 -0.000054
 -0.000060
 -0.000070
  0.000195
  0.000040
  0.000378
 -0.000040
  0.000104
 -0.000030
 -0.000403
 -0.000272
 -0.000004
 -0.000046
 -0.000122
 -0.000124
  0.000100
 -0.000206
  0.000062
  0.000077
  0.000049
 -0.000186
 -0.000057
  0.000002
 -0.000099
 -0.000464
  0.000199
  0.000081
  0.000289
 -0.000087
  0.000249
 -0.000321
  0.000078
  0.000074
 -0.000324
 -0.000212
  0.000175
 -0.000054
 -0.000079
 -0.000040
 -0.000013
 -0.000149
 -0.000157
 -0.000168
  0.000116
  0.000042
 -0.000107
 -0.000128
 -0.000124
 -0.000139
  0.000000
 -0.000051
 -0.000057
 -0.000050
  0.000054
  0.000126
  0.000084
 -0.000021
  0.000028
  0.000015
  0.000047
  0.000059
  0.000029
 -0.000082
  0.000144
 -0.000283
 -0.000060
  0.000073
 -0.000029
  0.000056
