  0.005945
 -0.030523
 -0.395980
 -0.800772
 -0.281292
 -0.325475
  0.029980
 -0.029424
  0.032109
  0.003711
  0.034985
 -0.011669
  0.006462
 -0.003350
  0.016899
  0.021358
  0.016368
  0.007807
 -0.016079
 -0.014119
 -0.004222
  0.018470
  0.026889
  0.011144
 -0.008602
 -0.035437
 -0.001889
  0.002984
 -0.025640
  0.016162
 -0.004243
  0.002846
 -0.005220
  0.000802
  0.000116
 -0.003335
 -0.002993
 -0.000081
  0.013084
  0.004017
 -0.006531
 -0.002527
  0.000026
 -0.002410
  0.003798
  0.004192
 -0.001584
  0.006971
 -0.001733
 -0.004727
  0.001931
 -0.000227
 -0.002398
 -0.005730
  0.002796
 -0.001083
  0.006174
  0.000489
 -0.007981
  0.014154
  0.002504
  0.011948
 -0.001743
  0.002786
 -0.003591
  0.001271
 -0.001218
 -0.018308
  0.000903
  0.001956
  0.013606
  0.007903
  0.014634
 -0.021443
 -0.001475
  0.002083
 -0.007376
 -0.002554
 -0.002985
 -0.006879
  0.002423
  0.004158
 -0.006672
  0.002000
  0.007569
  0.000709
  0.001086
 -0.003578
  0.000210
 -0.005489
  0.000002
  0.000827
  0.008014
  0.013279
  0.002081
  0.008211
  0.002035
 -0.005252
 -0.002885
 -0.000594
 -0.002940
 -0.005429
  0.002310
 -0.001505
  0.006484
  0.008751
  0.000920
 -0.009970
 -0.004174
 -0.014059
 -0.001983
 -0.001372
  0.006272
  0.000610
 -0.000970
  0.002629
  0.000526
 -0.004537
  0.003173
 -0.001049
 -0.000318
 -0.002705
  0.004122
  0.002571
 -0.002402
  0.000069
 -0.021019
 -0.001259
 -0.004603
  0.007075
 -0.000290
  0.010668
  0.002803
 -0.009884
 -0.001990
 -0.008290
  0.005056
  0.000598
  0.000195
 -0.001182
 -0.006715
 -0.015368
 -0.012699
 -0.006700
  0.001970
  0.000496
 -0.004366
  0.011341
 -0.005895
 -0.001224
 -0.006229
  0.013512
 -0.005010
 -0.007689
  0.001491
 -0.010881
  0.004273
  0.003637
  0.002289
  0.006188
  0.006461
  0.001949
  0.001073
 -0.004050
  0.001111
  0.008681
  0.004010
 -0.002034
 -0.002847
  0.003445
  0.001891
 -0.002566
  0.001017
 -0.008107
  0.011269
  0.002501
  0.000738
  0.001660
  0.004723
 -0.001804
 -0.002369
  0.000926
 -0.000413
  0.001336
  0.000464
  0.000025
  0.002221
  0.000488
  0.004403
 -0.004494
  0.000316
 -0.003622
  0.000177
  0.003473
  0.000051
  0.000088
  0.003344
  0.001087
 -0.000041
 -0.002372
 -0.003437
  0.003676
 -0.006210
  0.001236
 -0.001817
 -0.001694
 -0.002724
 -0.001949
  0.001591
 -0.002682
 -0.000607
 -0.000641
  0.000320
  0.001982
 -0.000536
  0.001647
 -0.000075
  0.001538
  0.000754
 -0.000764
 -0.000328
  0.000649
  0.000397
  0.001857
  0.003089
  0.000437
 -0.001254
 -0.000222
  0.000169
  0.000730
 -0.000775
  0.001928
 -0.000523
 -0.001031
  0.000236
  0.001651
  0.000530
 -0.000201
 -0.002254
  0.001641
  0.000422
  0.000067
  0.003809
  0.000147
 -0.001928
 -0.000716
  0.001731
  0.000378
 -0.002219
  0.000566
 -0.002780
  0.001503
 -0.000319
 -0.000400
  0.000176
 -0.000590
 -0.000879
  0.000362
  0.000388
  0.001290
 -0.000505
  0.000015
  0.000143
  0.000550
 -0.002045
  0.000453
  0.000001
 -0.002303
 -0.000761
  0.000697
 -0.000110
  0.000814
 -0.000164
 -0.000729
 -0.000187
 -0.000244
  0.001157
  0.002463
  0.000207
  0.001829
 -0.000214
  0.000731
  0.000081
 -0.000738
  0.000517
 -0.000501
  0.004701
  0.001348
 -0.001348
  0.000488
  0.001599
  0.000486
  0.005223
 -0.001448
 -0.001063
  0.000925
  0.001458
  0.000079
 -0.000147
  0.001220
  0.001235
  0.000010
  0.001954
 -0.000579
 -0.000924
  0.000632
  0.002282
  0.001116
 -0.000393
 -0.000523
 -0.000740
  0.001793
  0.000982
  0.001924
  0.001407
 -0.000902
  0.002977
 -0.000489
 -0.004774
  0.000475
 -0.000356
  0.000402
  0.000015
  0.001331
 -0.000668
  0.000115
  0.000870
  0.000090
 -0.000319
 -0.001254
 -0.000054
  0.000624
  0.000952
 -0.000392
 -0.000075
 -0.002676
 -0.000619
  0.001762
  0.001213
  0.000142
 -0.000134
  0.000928
 -0.000577
 -0.002903
  0.001720
 -0.000198
 -0.001139
  0.001850
 -0.000369
  0.000188
  0.000278
 -0.000069
  0.000969
 -0.002400
 -0.000197
  0.001233
  0.003465
 -0.001136
  0.000141
 -0.003452
 -0.000541
 -0.001063
  0.001810
  0.000244
  0.000137
 -0.000493
  0.002339
 -0.001013
  0.000467
 -0.001146
 -0.000879
 -0.000537
  0.001955
 -0.000073
 -0.000162
  0.000312
  0.000107
 -0.000759
 -0.000625
 -0.000193
  0.000737
 -0.000283
  0.000413
  0.001114
 -0.000401
  0.000286
  0.000009
  0.000208
  0.000761
  0.000516
  0.000963
  0.001206
 -0.000132
  0.000642
 -0.001971
  0.000367
 -0.000274
  0.001197
 -0.001585
 -0.001873
  0.000845
 -0.001132
 -0.001766
  0.002611
  0.000802
 -0.003200
  0.001367
 -0.001267
  0.002029
  0.003686
 -0.000204
 -0.002045
 -0.000225
 -0.001527
 -0.000257
 -0.001164
  0.000811
  0.000539
  0.002200
  0.000500
  0.000770
 -0.000999
 -0.000561
  0.001788
  0.000262
 -0.000217
 -0.000202
 -0.000280
 -0.000640
 -0.000471
  0.001154
  0.000085
  0.001712
 -0.001363
  0.000739
 -0.001520
 -0.000578
 -0.000576
  0.000031
 -0.001368
  0.000069
  0.000677
  0.000041
  0.000150
  0.000088
  0.000688
 -0.001124
  0.000926
 -0.000976
 -0.000867
  0.000021
 -0.000452
  0.000154
  0.001418
  0.000090
  0.000543
 -0.000182
  0.000308
 -0.000148
 -0.001081
 -0.001628
 -0.001390
 -0.000285
 -0.000039
 -0.001084
 -0.000178
  0.002879
 -0.000757
  0.000206
 -0.000731
  0.002804
 -0.000690
  0.001520
 -0.000167
 -0.000109
 -0.000652
 -0.000684
  0.001296
  0.000329
  0.000163
  0.001111
 -0.000057
  0.001281
 -0.001153
 -0.000110
  0.000127
  0.000801
  0.000100
  0.000153
  0.002192
 -0.002024
 -0.000521
  0.000867
 -0.000934
  0.000748
 -0.000021
  0.000192
  0.000017
  0.001166
  0.000887
  0.000912
 -0.000974
  0.000539
  0.000520
  0.001317
  0.000896
 -0.001464
 -0.000157
 -0.001065
  0.001657
 -0.001184
 -0.003176
 -0.000017
  0.000257
 -0.000487
 -0.002087
 -0.001027
  0.000037
 -0.000912
 -0.001912
  0.000892
  0.000014
  0.002248
 -0.001472
 -0.000331
 -0.001115
 -0.001563
  0.001007
 -0.002428
  0.001330
 -0.002430
 -0.003058
 -0.000183
 -0.001082
 -0.000092
  0.000528
 -0.000419
  0.000003
  0.000927
 -0.000819
 -0.000850
  0.000377
  0.000220
 -0.000346
 -0.001091
  0.000485
  0.000181
  0.000493
  0.000763
 -0.000344
 -0.001130
  0.000972
 -0.001680
  0.000678
 -0.000166
  0.000342
  0.000463
  0.000568
 -0.000605
  0.001184
  0.000135
 -0.000283
 -0.001062
  0.001333
  0.000932
  0.000171
 -0.000056
  0.000154
  0.001622
 -0.000625
  0.000126
  0.000540
 -0.000429
 -0.000404
  0.000626
  0.000820
 -0.000072
 -0.001073
  0.001465
 -0.000478
 -0.000020
 -0.001119
  0.000137
 -0.000296
  0.000150
 -0.000788
  0.000998
  0.000514
  0.000220
 -0.000222
  0.000662
 -0.000114
 -0.000454
  0.000778
  0.001059
  0.000063
 -0.000725
 -0.000364
 -0.000194
  0.000256
 -0.000626
 -0.000393
  0.000218
 -0.000411
 -0.000479
 -0.000090
 -0.000390
 -0.000732
 -0.000137
  0.000252
 -0.000589
 -0.000844
  0.000882
 -0.001038
 -0.001354
  0.000636
  0.000099
  0.000252
 -0.000197
  0.000191
 -0.000348
  0.000778
  0.001288
 -0.000322
  0.000601
 -0.000026
  0.001120
  0.000134
 -0.000163
 -0.000063
  0.000313
  0.000277
  0.000782
 -0.000350
 -0.000090
  0.000282
 -0.000134
 -0.000235
 -0.000649
 -0.000131
  0.000187
  0.001284
  0.000269
 -0.000166
 -0.000556
  0.000123
 -0.001715
 -0.000101
 -0.000417
  0.000437
 -0.001155
 -0.000180
  0.000240
 -0.000500
 -0.000516
  0.000284
 -0.001645
 -0.000390
  0.000471
 -0.000148
  0.000206
 -0.001387
  0.000085
  0.000868
  0.000629
 -0.000431
  0.000156
  0.001377
  0.000008
 -0.001264
  0.000614
 -0.000356
 -0.001333
  0.000692
 -0.001552
  0.000264
  0.001192
 -0.001101
  0.000240
 -0.000905
  0.000319
 -0.000615
 -0.000321
 -0.000755
  0.000760
 -0.000741
 -0.000410
  0.000746
  0.000289
  0.000404
 -0.000403
  0.001391
 -0.000885
  0.000129
  0.000130
 -0.000451
 -0.000043
  0.000408
 -0.000666
 -0.000427
  0.000276
  0.001543
 -0.000650
 -0.000297
  0.000911
  0.000355
 -0.000222
  0.000309
 -0.000091
 -0.000374
  0.000430
  0.000476
  0.000494
 -0.000420
  0.000287
 -0.000857
  0.000380
 -0.000574
  0.000292
  0.000343
 -0.000179
 -0.000285
  0.001025
 -0.001062
 -0.000072
 -0.000122
  0.000629
 -0.000074
 -0.000458
  0.000148
  0.000288
  0.000598
 -0.000206
 -0.000020
  0.000169
 -0.000301
 -0.000112
 -0.000310
  0.000243
 -0.000120
  0.000036
  0.000161
 -0.000104
 -0.000266
 -0.000749
 -0.000579
 -0.000156
 -0.000113
  0.000075
 -0.000342
 -0.000014
  0.000149
 -0.000010
 -0.000011
 -0.000091
  0.000018
 -0.000105
  0.000291
 -0.000056
  0.000076
  0.000521
 -0.000172
 -0.000198
 -0.000088
  0.000032
 -0.000023
  0.000165
 -0.000067
 -0.000233
  0.000089
 -0.000144
 -0.000194
  0.001229
  0.001135
  0.000417
 -0.000086
  0.000133
 -0.000289
 -0.000074
  0.000026
  0.000163
  0.000037
  0.000049
 -0.000360
  0.000017
 -0.000102
  0.000064
  0.000340
 -0.000053
  0.000063
 -0.000097
 -0.000099
 -0.000218
 -0.000029
 -0.000086
 -0.000090
 -0.000072
 -0.000285
  0.000037
 -0.000009
  0.000013
  0.000162
 -0.000084
 -0.000040
  0.000029
 -0.000007
  0.000063
  0.000017
  0.000070
 -0.000135
 -0.000033
  0.000023
  0.000019
 -0.000016
  0.000048
 -0.000045
  0.000146
 -0.000060
  0.000025
  0.000005
  0.000159
 -0.000337
  0.000056
 -0.000009
 -0.000058
