  1    0.000290
  2    0.000221
  3    0.995685
  4    0.000095
  5    0.000512
  6    0.000085
  7    0.000027
  8    0.000534
  9    0.000015
 10    0.000151
 11    0.000017
 12    0.000091
 13    0.000041
 14    0.000007
 15    0.000066
 16    0.000017
 17    0.000025
 18    0.000023
 19    0.000031
 20    0.000038
 21    0.000025
 22    0.000020
 23    0.000052
 24    0.000034
 25    0.000028
 26    0.000023
 27    0.000022
 28    0.000032
 29    0.000025
 30    0.000012
 31    0.000023
 32    0.000017
 33    0.000019
 34    0.000013
 35    0.000020
 36    0.000028
 37    0.000017
 38    0.000017
 39    0.000025
 40    0.000014
 41    0.000011
 42    0.000009
 43    0.000017
 44    0.000014
 45    0.000010
 46    0.000010
 47    0.000018
 48    0.000019
 49    0.000009
 50    0.000022
 51    0.000013
 52    0.000010
 53    0.000006
 54    0.000011
 55    0.000006
 56    0.000009
 57    0.000008
 58    0.000009
 59    0.000008
 60    0.000006
 61    0.000012
 62    0.000009
 63    0.000005
 64    0.000009
 65    0.000005
 66    0.000007
 67    0.000007
 68    0.000005
 69    0.000007
 70    0.000009
 71    0.000004
 72    0.000006
 73    0.000011
 74    0.000005
 75    0.000003
 76    0.000005
 77    0.000006
 78    0.000009
 79    0.000004
 80    0.000005
 81    0.000011
 82    0.000004
 83    0.000004
 84    0.000004
 85    0.000006
 86    0.000005
 87    0.000006
 88    0.000006
 89    0.000005
 90    0.000006
 91    0.000006
 92    0.000006
 93    0.000007
 94    0.000007
 95    0.000003
 96    0.000007
 97    0.000006
 98    0.000003
 99    0.000005
100    0.000005
101    0.000004
102    0.000006
103    0.000003
104    0.000004
105    0.000006
106    0.000005
107    0.000005
108    0.000006
109    0.000003
110    0.000007
111    0.000004
112    0.000003
113    0.000005
114    0.000004
115    0.000007
116    0.000003
117    0.000007
118    0.000002
119    0.000004
120    0.000005
121    0.000003
122    0.000003
123    0.000004
124    0.000003
125    0.000004
126    0.000003
127    0.000003
128    0.000004
129    0.000003
130    0.000007
131    0.000004
132    0.000003
133    0.000003
134    0.000005
135    0.000003
136    0.000003
137    0.000004
138    0.000006
139    0.000002
140    0.000003
141    0.000002
142    0.000003
143    0.000004
144    0.000004
145    0.000003
146    0.000004
147    0.000003
148    0.000007
149    0.000005
150    0.000003
151    0.000003
152    0.000004
153    0.000004
154    0.000003
155    0.000004
156    0.000003
157    0.000002
158    0.000004
159    0.000003
160    0.000004
161    0.000003
162    0.000002
163    0.000003
164    0.000002
165    0.000003
166    0.000003
167    0.000003
168    0.000003
169    0.000003
170    0.000004
171    0.000001
172    0.000002
173    0.000003
174    0.000003
175    0.000004
176    0.000003
177    0.000003
178    0.000003
179    0.000002
180    0.000002
181    0.000002
182    0.000002
183    0.000004
184    0.000003
185    0.000002
186    0.000002
187    0.000002
188    0.000003
189    0.000002
190    0.000002
191    0.000003
192    0.000002
193    0.000002
194    0.000003
195    0.000004
196    0.000002
197    0.000000
198    0.000002
199    0.000003
200    0.000002
201    0.000002
202    0.000003
203    0.000004
204    0.000004
205    0.000003
206    0.000003
207    0.000003
208    0.000003
209    0.000004
210    0.000003
211    0.000004
212    0.000003
213    0.000002
214    0.000002
215    0.000002
216    0.000004
217    0.000002
218    0.000003
219    0.000003
220    0.000002
221    0.000001
222    0.000005
223    0.000002
224    0.000003
225    0.000002
226    0.000002
227    0.000004
228    0.000003
229    0.000001
230    0.000002
231    0.000002
232    0.000003
233    0.000001
234    0.000002
235    0.000001
236    0.000002
237    0.000002
238    0.000002
239    0.000003
240    0.000002
241    0.000002
242    0.000002
243    0.000002
244    0.000002
245    0.000002
246    0.000001
247    0.000002
248    0.000003
249    0.000002
250    0.000002
251    0.000003
252    0.000002
253    0.000001
254    0.000002
255    0.000002
256    0.000001
257    0.000003
258    0.000003
259    0.000001
260    0.000003
261    0.000003
262    0.000002
263    0.000003
264    0.000004
265    0.000001
266    0.000003
267    0.000002
268    0.000002
269    0.000002
270    0.000001
271    0.000001
272    0.000002
273    0.000002
274    0.000001
275    0.000002
276    0.000001
277    0.000001
278    0.000002
279    0.000003
280    0.000002
281    0.000002
282    0.000002
283    0.000002
284    0.000002
285    0.000002
286    0.000002
287    0.000002
288    0.000001
289    0.000003
290    0.000002
291    0.000001
292    0.000001
293    0.000002
294    0.000002
295    0.000003
296    0.000002
297    0.000002
298    0.000003
299    0.000004
300    0.000002
301    0.000002
302    0.000001
303    0.000002
304    0.000002
305    0.000002
306    0.000002
307    0.000001
308    0.000003
309    0.000001
310    0.000002
311    0.000001
312    0.000002
313    0.000001
314    0.000001
315    0.000002
316    0.000001
317    0.000002
318    0.000001
319    0.000002
320    0.000001
321    0.000001
322    0.000001
323    0.000001
324    0.000001
325    0.000001
326    0.000001
327    0.000002
328    0.000002
329    0.000001
330    0.000001
331    0.000001
332    0.000002
333    0.000001
334    0.000002
335    0.000002
336    0.000002
337    0.000001
338    0.000003
339    0.000002
340    0.000002
341    0.000002
342    0.000002
343    0.000001
344    0.000002
345    0.000001
346    0.000002
347    0.000003
348    0.000002
349    0.000002
350    0.000002
351    0.000001
352    0.000001
353    0.000001
354    0.000002
355    0.000001
356    0.000002
357    0.000001
358    0.000002
359    0.000001
360    0.000002
361    0.000001
362    0.000001
363    0.000002
364    0.000002
365    0.000001
366    0.000002
367    0.000001
368    0.000001
369    0.000002
370    0.000001
371    0.000002
372    0.000001
373    0.000001
374    0.000001
375    0.000001
376    0.000001
377    0.000001
378    0.000002
379    0.000002
380    0.000001
381    0.000002
382    0.000001
383    0.000001
384    0.000001
385    0.000001
386    0.000001
387    0.000001
388    0.000001
389    0.000002
390    0.000001
391    0.000001
392    0.000002
393    0.000002
394    0.000001
395    0.000002
396    0.000002
397    0.000001
398    0.000001
399    0.000001
400    0.000001
401    0.000001
402    0.000001
403    0.000001
404    0.000001
405    0.000001
406    0.000001
407    0.000002
408    0.000002
409    0.000001
410    0.000002
411    0.000001
412    0.000001
413    0.000001
414    0.000001
415    0.000001
416    0.000002
417    0.000001
418    0.000002
419    0.000001
420    0.000002
421    0.000001
422    0.000001
423    0.000001
424    0.000001
425    0.000001
426    0.000001
427    0.000001
428    0.000001
429    0.000001
430    0.000001
431    0.000001
432    0.000001
433    0.000002
434    0.000001
435    0.000002
436    0.000001
437    0.000001
438    0.000001
439    0.000001
440    0.000002
441    0.000001
442    0.000001
443    0.000001
444    0.000001
445    0.000001
446    0.000001
447    0.000002
448    0.000001
449    0.000001
450    0.000001
451    0.000001
452    0.000001
453    0.000002
454    0.000001
455    0.000001
456    0.000001
457    0.000001
458    0.000001
459    0.000001
460    0.000001
461    0.000001
462    0.000001
463    0.000001
464    0.000001
465    0.000001
466    0.000001
467    0.000001
468    0.000001
469    0.000001
470    0.000001
471    0.000001
472    0.000001
473    0.000001
474    0.000001
475    0.000001
476    0.000001
477    0.000001
478    0.000001
479    0.000001
480    0.000002
481    0.000001
482    0.000001
483    0.000002
484    0.000001
485    0.000001
486    0.000001
487    0.000001
488    0.000001
489    0.000001
490    0.000001
491    0.000001
492    0.000001
493    0.000001
494    0.000001
495    0.000001
496    0.000001
497    0.000001
498    0.000001
499    0.000001
500    0.000001
501    0.000001
502    0.000001
503    0.000001
504    0.000001
505    0.000001
506    0.000001
507    0.000001
508    0.000001
509    0.000001
510    0.000001
511    0.000001
512    0.000001
513    0.000001
514    0.000001
515    0.000001
516    0.000001
517    0.000001
518    0.000001
519    0.000001
520    0.000001
521    0.000001
522    0.000001
523    0.000001
524    0.000001
525    0.000001
526    0.000001
527    0.000001
528    0.000001
529    0.000001
530    0.000001
531    0.000001
532    0.000001
533    0.000001
534    0.000001
535    0.000001
536    0.000002
537    0.000001
538    0.000001
539    0.000001
540    0.000001
541    0.000001
542    0.000001
543    0.000001
544    0.000001
545    0.000001
546    0.000001
547    0.000001
548    0.000001
549    0.000001
550    0.000001
551    0.000001
552    0.000001
553    0.000002
554    0.000001
555    0.000001
556    0.000001
557    0.000001
558    0.000001
559    0.000001
560    0.000001
561    0.000001
562    0.000001
563    0.000001
564    0.000001
565    0.000001
566    0.000001
567    0.000001
568    0.000001
569    0.000001
570    0.000001
571    0.000001
572    0.000001
573    0.000001
574    0.000001
575    0.000001
576    0.000001
577    0.000001
578    0.000001
579    0.000001
580    0.000001
581    0.000000
582    0.000001
583    0.000001
584    0.000001
585    0.000001
586    0.000001
587    0.000001
588    0.000001
589    0.000001
590    0.000001
591    0.000001
592    0.000001
593    0.000001
594    0.000001
595    0.000001
596    0.000001
597    0.000001
598    0.000001
599    0.000001
600    0.000001
601    0.000001
602    0.000001
603    0.000001
604    0.000001
605    0.000002
606    0.000001
607    0.000001
608    0.000001
609    0.000001
610    0.000001
611    0.000001
612    0.000001
613    0.000001
614    0.000001
615    0.000001
616    0.000001
617    0.000001
618    0.000001
619    0.000001
620    0.000001
621    0.000001
622    0.000001
623    0.000001
624    0.000001
625    0.000001
626    0.000001
627    0.000001
628    0.000001
629    0.000001
630    0.000001
631    0.000001
632    0.000001
633    0.000001
634    0.000000
635    0.000000
636    0.000001
637    0.000001
638    0.000001
639    0.000001
640    0.000001
641    0.000001
642    0.000001
643    0.000001
644    0.000001
645    0.000001
646    0.000001
647    0.000001
648    0.000001
649    0.000001
650    0.000001
651    0.000001
652    0.000001
653    0.000001
654    0.000001
655    0.000001
656    0.000001
657    0.000001
658    0.000001
659    0.000001
660    0.000000
661    0.000001
662    0.000001
663    0.000001
664    0.000001
665    0.000001
666    0.000001
667    0.000001
668    0.000001
669    0.000001
670    0.000001
671    0.000001
672    0.000001
673    0.000001
674    0.000001
675    0.000001
676    0.000001
677    0.000001
678    0.000001
679    0.000000
680    0.000001
681    0.000001
682    0.000001
683    0.000001
684    0.000001
685    0.000001
686    0.000001
687    0.000001
688    0.000001
689    0.000001
690    0.000001
691    0.000001
692    0.000001
693    0.000001
694    0.000001
695    0.000001
696    0.000001
697    0.000000
698    0.000001
699    0.000001
700    0.000001
701    0.000001
702    0.000000
703    0.000001
704    0.000001
705    0.000001
706    0.000001
707    0.000001
708    0.000001
709    0.000001
710    0.000001
711    0.000001
712    0.000001
713    0.000000
714    0.000001
715    0.000001
716    0.000000
717    0.000001
718    0.000001
719    0.000000
720    0.000001
721    0.000001
722    0.000000
723    0.000001
724    0.000001
725    0.000000
726    0.000001
727    0.000001
728    0.000001
729    0.000001
730    0.000000
731    0.000001
732    0.000001
733    0.000001
734    0.000001
735    0.000001
736    0.000001
737    0.000001
738    0.000001
739    0.000000
740    0.000001
741    0.000001
742    0.000001
743    0.000001
744    0.000001
745    0.000000
746    0.000001
747    0.000001
748    0.000001
749    0.000001
750    0.000001
751    0.000000
752    0.000001
753    0.000000
754    0.000001
755    0.000001
756    0.000001
757    0.000001
758    0.000000
759    0.000001
760    0.000001
761    0.000000
762    0.000001
763    0.000001
764    0.000000
765    0.000000
766    0.000001
767    0.000000
768    0.000000
769    0.000000
770    0.000001
771    0.000000
772    0.000001
773    0.000001
774    0.000001
775    0.000001
776    0.000000
777    0.000000
778    0.000001
779    0.000001
780    0.000000
781    0.000000
782    0.000001
783    0.000000
784    0.000001
785    0.000001
786    0.000000
787    0.000000
788    0.000000
789    0.000001
790    0.000001
791    0.000001
792    0.000001
793    0.000001
794    0.000001
795    0.000001
796    0.000001
797    0.000001
798    0.000000
799    0.000000
800    0.000000
801    0.000000
802    0.000001
803    0.000000
804    0.000001
805    0.000001
806    0.000000
807    0.000000
808    0.000001
809    0.000001
810    0.000000
811    0.000001
812    0.000000
813    0.000000
814    0.000001
815    0.000001
816    0.000001
817    0.000000
818    0.000001
819    0.000001
820    0.000002
821    0.000001
822    0.000001
823    0.000002
824    0.000000
825    0.000001
