  1    0.088587
  2    0.093386
  3    0.025054
  4    0.010026
  5    0.027278
  6    0.014870
  7    0.041122
  8    0.016310
  9    0.008046
 10    0.022824
 11    0.013126
 12    0.008258
 13    0.010729
 14    0.004709
 15    0.015702
 16    0.006806
 17    0.004250
 18    0.012099
 19    0.006565
 20    0.004009
 21    0.002552
 22    0.009629
 23    0.006134
 24    0.002799
 25    0.003914
 26    0.004064
 27    0.006301
 28    0.004247
 29    0.007447
 30    0.007991
 31    0.005609
 32    0.004668
 33    0.004753
 34    0.003063
 35    0.004712
 36    0.004205
 37    0.004369
 38    0.003500
 39    0.003237
 40    0.002095
 41    0.003248
 42    0.004137
 43    0.003263
 44    0.003959
 45    0.004023
 46    0.003637
 47    0.003428
 48    0.003657
 49    0.004536
 50    0.002772
 51    0.002264
 52    0.003388
 53    0.002348
 54    0.003255
 55    0.001735
 56    0.002662
 57    0.002234
 58    0.001946
 59    0.001672
 60    0.001923
 61    0.001893
 62    0.003112
 63    0.001700
 64    0.002318
 65    0.001342
 66    0.002242
 67    0.001491
 68    0.001213
 69    0.001770
 70    0.000883
 71    0.001683
 72    0.002437
 73    0.001270
 74    0.002220
 75    0.001459
 76    0.001712
 77    0.002672
 78    0.001419
 79    0.001554
 80    0.001193
 81    0.001887
 82    0.002272
 83    0.000827
 84    0.001616
 85    0.001695
 86    0.001092
 87    0.001874
 88    0.000974
 89    0.001895
 90    0.001069
 91    0.001023
 92    0.001640
 93    0.001760
 94    0.001235
 95    0.001191
 96    0.001955
 97    0.001160
 98    0.001326
 99    0.001046
100    0.001140
101    0.001115
102    0.000781
103    0.001538
104    0.001312
105    0.001797
106    0.001311
107    0.000850
108    0.001549
109    0.000994
110    0.001511
111    0.002037
112    0.001473
113    0.001487
114    0.001190
115    0.000945
116    0.001696
117    0.001856
118    0.000490
119    0.000813
120    0.001076
121    0.000895
122    0.001665
123    0.001236
124    0.001332
125    0.001666
126    0.000908
127    0.000999
128    0.001029
129    0.001569
130    0.001634
131    0.001612
132    0.000691
133    0.001659
134    0.001518
135    0.001513
136    0.001059
137    0.001768
138    0.000868
139    0.001058
140    0.001258
141    0.000723
142    0.000754
143    0.001085
144    0.000890
145    0.000827
146    0.000794
147    0.001141
148    0.000763
149    0.001558
150    0.000689
151    0.000818
152    0.000865
153    0.000697
154    0.001170
155    0.001209
156    0.001329
157    0.000638
158    0.001246
159    0.001027
160    0.000792
161    0.001131
162    0.001335
163    0.000604
164    0.001407
165    0.000789
166    0.001068
167    0.000771
168    0.001265
169    0.000586
170    0.001606
171    0.000942
172    0.001205
173    0.000981
174    0.000774
175    0.000841
176    0.000799
177    0.001053
178    0.000462
179    0.001113
180    0.000900
181    0.000780
182    0.000578
183    0.000900
184    0.000759
185    0.000745
186    0.001136
187    0.000638
188    0.000871
189    0.000482
190    0.000988
191    0.000754
192    0.000565
193    0.000774
194    0.000777
195    0.000748
196    0.000992
197    0.001034
198    0.000798
199    0.000774
200    0.000804
201    0.000812
202    0.001015
203    0.000710
204    0.000971
205    0.000496
206    0.000926
207    0.000855
208    0.000883
209    0.000621
210    0.000814
211    0.001224
212    0.001262
213    0.000622
214    0.001080
215    0.000910
216    0.000659
217    0.000617
218    0.000674
219    0.000749
220    0.000670
221    0.000687
222    0.000864
223    0.000495
224    0.000390
225    0.000388
226    0.000792
227    0.000401
228    0.000716
229    0.000862
230    0.000612
231    0.000559
232    0.000346
233    0.000739
234    0.000317
235    0.000722
236    0.000747
237    0.000756
238    0.000893
239    0.001221
240    0.000697
241    0.000688
242    0.000704
243    0.000950
244    0.000646
245    0.000503
246    0.000540
247    0.000521
248    0.000774
249    0.000983
250    0.000632
251    0.000647
252    0.000458
253    0.000581
254    0.000424
255    0.000812
256    0.000828
257    0.000409
258    0.000748
259    0.000665
260    0.000591
261    0.000597
262    0.000646
263    0.000760
264    0.000369
265    0.000788
266    0.000448
267    0.000772
268    0.000443
269    0.000481
270    0.000550
271    0.000588
272    0.000610
273    0.000763
274    0.000833
275    0.000462
276    0.000391
277    0.000835
278    0.000492
279    0.000438
280    0.000656
281    0.000519
282    0.000384
283    0.000197
284    0.000480
285    0.000677
286    0.000909
287    0.000616
288    0.000779
289    0.000368
290    0.000709
291    0.000722
292    0.000485
293    0.000600
294    0.000599
295    0.000541
296    0.000431
297    0.000332
298    0.000487
299    0.000488
300    0.000399
301    0.000579
302    0.000359
303    0.000691
304    0.000372
305    0.000639
306    0.000427
307    0.000795
308    0.000438
309    0.000675
310    0.000413
311    0.000489
312    0.000342
313    0.000563
314    0.000574
315    0.000520
316    0.000534
317    0.000514
318    0.000606
319    0.000434
320    0.000591
321    0.000491
322    0.000349
323    0.000553
324    0.000321
325    0.000441
326    0.000735
327    0.000493
328    0.000588
329    0.000624
330    0.000639
331    0.000469
332    0.000573
333    0.000895
334    0.000938
335    0.000981
336    0.000682
337    0.000496
338    0.000385
339    0.000333
340    0.000659
341    0.000512
342    0.000309
343    0.000465
344    0.000871
345    0.000418
346    0.000236
347    0.000626
348    0.000479
349    0.000456
350    0.000437
351    0.000557
352    0.000624
353    0.000551
354    0.000493
355    0.000548
356    0.000638
357    0.000612
358    0.000577
359    0.000721
360    0.000488
361    0.000229
362    0.000229
363    0.000411
364    0.000535
365    0.000467
366    0.000441
367    0.000585
368    0.000619
369    0.000513
370    0.000477
371    0.000737
372    0.000425
373    0.000539
374    0.000390
375    0.000423
376    0.000609
377    0.000521
378    0.000345
379    0.000488
380    0.000400
381    0.000511
382    0.000448
383    0.000631
384    0.000428
385    0.000611
386    0.000260
387    0.000374
388    0.000529
389    0.000535
390    0.000743
391    0.000376
392    0.000547
393    0.000342
394    0.000546
395    0.000378
396    0.000519
397    0.000530
398    0.000401
399    0.000460
400    0.000404
401    0.000486
402    0.000269
403    0.000354
404    0.000350
405    0.000626
406    0.000531
407    0.000452
408    0.000349
409    0.000470
410    0.000551
411    0.000517
412    0.000498
413    0.000216
414    0.000448
415    0.000173
416    0.000342
417    0.000253
418    0.000399
419    0.000424
420    0.000410
421    0.000444
422    0.000294
423    0.000455
424    0.000363
425    0.000431
426    0.000472
427    0.000260
428    0.000434
429    0.000502
430    0.000332
431    0.000532
432    0.000736
433    0.000424
434    0.000356
435    0.000593
436    0.000396
437    0.000324
438    0.000395
439    0.000516
440    0.000303
441    0.000303
442    0.000428
443    0.000260
444    0.000160
445    0.000438
446    0.000513
447    0.000224
448    0.000469
449    0.000265
450    0.000346
451    0.000336
452    0.000545
453    0.000429
454    0.000390
455    0.000498
456    0.000562
457    0.000455
458    0.000310
459    0.000642
460    0.000467
461    0.000329
462    0.000355
463    0.000385
464    0.000525
465    0.000297
466    0.000340
467    0.000439
468    0.000387
469    0.000376
470    0.000574
471    0.000217
472    0.000382
473    0.000517
474    0.000463
475    0.000267
476    0.000387
477    0.000419
478    0.000373
479    0.000560
480    0.000447
481    0.000305
482    0.000414
483    0.000331
484    0.000337
485    0.000273
486    0.000407
487    0.000368
488    0.000335
489    0.000582
490    0.000163
491    0.000337
492    0.000352
493    0.000400
494    0.000309
495    0.000269
496    0.000353
497    0.000305
498    0.000389
499    0.000421
500    0.000343
501    0.000429
502    0.000335
503    0.000246
504    0.000192
505    0.000258
506    0.000279
507    0.000471
508    0.000533
509    0.000468
510    0.000402
511    0.000249
512    0.000373
513    0.000340
514    0.000201
515    0.000381
516    0.000293
517    0.000304
518    0.000237
519    0.000250
520    0.000372
521    0.000366
522    0.000310
523    0.000393
524    0.000408
525    0.000291
526    0.000266
527    0.000330
528    0.000247
529    0.000303
530    0.000329
531    0.000257
532    0.000317
533    0.000231
534    0.000303
535    0.000283
536    0.000265
537    0.000315
538    0.000261
539    0.000286
540    0.000308
541    0.000411
542    0.000367
543    0.000289
544    0.000424
545    0.000396
546    0.000382
547    0.000276
548    0.000386
549    0.000320
550    0.000253
551    0.000313
552    0.000248
553    0.000280
554    0.000295
555    0.000268
556    0.000207
557    0.000276
558    0.000406
559    0.000168
560    0.000207
561    0.000229
562    0.000268
563    0.000375
564    0.000318
565    0.000223
566    0.000222
567    0.000184
568    0.000224
569    0.000309
570    0.000237
571    0.000295
572    0.000271
573    0.000235
574    0.000256
575    0.000246
576    0.000229
577    0.000224
578    0.000297
579    0.000280
580    0.000171
581    0.000372
582    0.000132
583    0.000248
584    0.000263
585    0.000279
586    0.000222
587    0.000188
588    0.000300
589    0.000258
590    0.000156
591    0.000142
592    0.000194
593    0.000252
594    0.000276
595    0.000263
596    0.000199
597    0.000318
598    0.000329
599    0.000342
600    0.000281
601    0.000211
602    0.000202
603    0.000242
604    0.000204
605    0.000364
606    0.000234
607    0.000280
608    0.000290
609    0.000227
610    0.000222
611    0.000227
612    0.000309
613    0.000185
614    0.000195
615    0.000298
616    0.000228
617    0.000227
618    0.000237
619    0.000204
620    0.000158
621    0.000273
622    0.000244
623    0.000236
624    0.000247
625    0.000268
626    0.000345
627    0.000276
628    0.000209
629    0.000237
630    0.000224
631    0.000301
632    0.000250
633    0.000271
634    0.000171
635    0.000264
636    0.000384
637    0.000275
638    0.000256
639    0.000231
640    0.000250
641    0.000252
642    0.000195
643    0.000358
644    0.000273
645    0.000237
646    0.000148
647    0.000284
648    0.000221
649    0.000242
650    0.000362
651    0.000188
652    0.000321
653    0.000329
654    0.000192
655    0.000194
656    0.000204
657    0.000222
658    0.000310
659    0.000269
660    0.000155
661    0.000223
662    0.000242
663    0.000260
664    0.000225
665    0.000240
666    0.000301
667    0.000385
668    0.000173
669    0.000219
670    0.000202
671    0.000168
672    0.000224
673    0.000234
674    0.000258
675    0.000186
676    0.000278
677    0.000225
678    0.000285
679    0.000171
680    0.000173
681    0.000244
682    0.000361
683    0.000249
684    0.000234
685    0.000241
686    0.000273
687    0.000378
688    0.000371
689    0.000322
690    0.000309
691    0.000299
692    0.000216
693    0.000243
694    0.000263
695    0.000442
696    0.000170
697    0.000209
698    0.000270
699    0.000373
700    0.000152
701    0.000171
702    0.000384
703    0.000274
704    0.000139
705    0.000236
706    0.000165
707    0.000285
708    0.000201
709    0.000262
710    0.000325
711    0.000435
712    0.000229
713    0.000191
714    0.000235
715    0.000296
716    0.000285
717    0.000336
718    0.000165
719    0.000177
720    0.000260
721    0.000264
722    0.000253
723    0.000271
724    0.000285
725    0.000298
726    0.000378
727    0.000302
728    0.000330
729    0.000324
730    0.000126
731    0.000296
732    0.000346
733    0.000243
734    0.000299
735    0.000375
736    0.000243
737    0.000215
738    0.000236
739    0.000192
740    0.000219
741    0.000229
742    0.000171
743    0.000177
744    0.000206
745    0.000165
746    0.000185
747    0.000285
748    0.000486
749    0.000235
750    0.000178
751    0.000172
752    0.000151
753    0.000162
754    0.000223
755    0.000169
756    0.000387
757    0.000212
758    0.000307
759    0.000180
760    0.000204
761    0.000157
762    0.000226
763    0.000142
764    0.000176
765    0.000136
766    0.000157
767    0.000196
768    0.000210
769    0.000213
770    0.000255
771    0.000164
772    0.000126
773    0.000260
774    0.000171
775    0.000153
776    0.000153
777    0.000247
778    0.000191
779    0.000187
780    0.000208
781    0.000209
782    0.000124
783    0.000389
784    0.000218
785    0.000333
786    0.000212
787    0.000264
788    0.000210
789    0.000183
790    0.000251
791    0.000377
792    0.000239
793    0.000320
794    0.000194
795    0.000223
796    0.000312
797    0.000253
798    0.000200
799    0.000211
800    0.000105
801    0.000178
802    0.000102
803    0.000202
804    0.000279
805    0.000141
806    0.000104
807    0.000144
808    0.000198
809    0.000196
810    0.000195
811    0.000098
812    0.000184
813    0.000112
814    0.000181
815    0.000118
816    0.000219
817    0.000105
818    0.000429
819    0.000373
820    0.000496
821    0.000369
822    0.000165
823    0.000204
824    0.000203
825    0.000512
