  1    0.125895
  2    0.072744
  3    0.023416
  4    0.004616
  5    0.017513
  6    0.023687
  7    0.020207
  8    0.005587
  9    0.006724
 10    0.018590
 11    0.009746
 12    0.015940
 13    0.011397
 14    0.006737
 15    0.008036
 16    0.015784
 17    0.005284
 18    0.002171
 19    0.003799
 20    0.002723
 21    0.006759
 22    0.007428
 23    0.007054
 24    0.005870
 25    0.009671
 26    0.005107
 27    0.004777
 28    0.005276
 29    0.004828
 30    0.011826
 31    0.007039
 32    0.005598
 33    0.005354
 34    0.003052
 35    0.003238
 36    0.005778
 37    0.005923
 38    0.002994
 39    0.005823
 40    0.002400
 41    0.001482
 42    0.003456
 43    0.004359
 44    0.003256
 45    0.004853
 46    0.002058
 47    0.003023
 48    0.003659
 49    0.002975
 50    0.002840
 51    0.001998
 52    0.002388
 53    0.004455
 54    0.002823
 55    0.001723
 56    0.003080
 57    0.004048
 58    0.001929
 59    0.001786
 60    0.001855
 61    0.002438
 62    0.002394
 63    0.001397
 64    0.002298
 65    0.001985
 66    0.002136
 67    0.001930
 68    0.001556
 69    0.001780
 70    0.001818
 71    0.002008
 72    0.002038
 73    0.002373
 74    0.002654
 75    0.002339
 76    0.001990
 77    0.004282
 78    0.002673
 79    0.003642
 80    0.001531
 81    0.001772
 82    0.001212
 83    0.002119
 84    0.002436
 85    0.001072
 86    0.001661
 87    0.002364
 88    0.001472
 89    0.001830
 90    0.001319
 91    0.001319
 92    0.001267
 93    0.001900
 94    0.001913
 95    0.001200
 96    0.001779
 97    0.000914
 98    0.001500
 99    0.001136
100    0.001154
101    0.000789
102    0.001529
103    0.001731
104    0.001459
105    0.002493
106    0.003014
107    0.001288
108    0.001203
109    0.001083
110    0.001718
111    0.000925
112    0.000986
113    0.001294
114    0.000914
115    0.001484
116    0.001866
117    0.001071
118    0.001175
119    0.000796
120    0.001081
121    0.001137
122    0.001047
123    0.000894
124    0.001465
125    0.001070
126    0.000831
127    0.000811
128    0.001153
129    0.000417
130    0.000932
131    0.001522
132    0.001568
133    0.001860
134    0.001690
135    0.001133
136    0.001008
137    0.001142
138    0.001260
139    0.000951
140    0.001055
141    0.001212
142    0.001208
143    0.001375
144    0.001087
145    0.001459
146    0.001592
147    0.000712
148    0.001217
149    0.000841
150    0.001243
151    0.001279
152    0.001037
153    0.001188
154    0.000897
155    0.001260
156    0.000589
157    0.000795
158    0.000904
159    0.000792
160    0.001053
161    0.001066
162    0.001762
163    0.000879
164    0.001120
165    0.001285
166    0.000786
167    0.000935
168    0.001025
169    0.001145
170    0.001022
171    0.001347
172    0.001279
173    0.001027
174    0.000447
175    0.001383
176    0.000865
177    0.000655
178    0.000936
179    0.001220
180    0.000881
181    0.000984
182    0.000820
183    0.000852
184    0.001000
185    0.001515
186    0.001045
187    0.000786
188    0.000636
189    0.000722
190    0.000876
191    0.001410
192    0.000918
193    0.000602
194    0.000870
195    0.000756
196    0.000650
197    0.000709
198    0.000923
199    0.001172
200    0.000672
201    0.000461
202    0.000981
203    0.000810
204    0.000783
205    0.001005
206    0.000624
207    0.000794
208    0.000887
209    0.000614
210    0.000807
211    0.000751
212    0.000708
213    0.000903
214    0.000527
215    0.000556
216    0.000693
217    0.000674
218    0.000705
219    0.000527
220    0.000834
221    0.001133
222    0.000742
223    0.000565
224    0.000499
225    0.000768
226    0.000637
227    0.001021
228    0.000859
229    0.000917
230    0.000686
231    0.000622
232    0.000701
233    0.000627
234    0.000597
235    0.000724
236    0.001086
237    0.001375
238    0.000631
239    0.000952
240    0.000577
241    0.000762
242    0.000565
243    0.000570
244    0.000767
245    0.000481
246    0.000570
247    0.000636
248    0.000733
249    0.000606
250    0.000912
251    0.000471
252    0.000962
253    0.000837
254    0.001067
255    0.000655
256    0.000531
257    0.000566
258    0.000679
259    0.000635
260    0.000587
261    0.000495
262    0.000501
263    0.000527
264    0.000718
265    0.000406
266    0.000639
267    0.000603
268    0.000677
269    0.000384
270    0.000378
271    0.000586
272    0.000574
273    0.000531
274    0.000673
275    0.000718
276    0.000669
277    0.000671
278    0.000579
279    0.000600
280    0.000545
281    0.000841
282    0.000367
283    0.000303
284    0.000469
285    0.000606
286    0.000593
287    0.000336
288    0.000651
289    0.000534
290    0.000324
291    0.000557
292    0.000589
293    0.000400
294    0.000411
295    0.000648
296    0.000808
297    0.000642
298    0.000663
299    0.000441
300    0.000585
301    0.000584
302    0.000563
303    0.000610
304    0.000469
305    0.000687
306    0.000470
307    0.000520
308    0.000474
309    0.000389
310    0.000466
311    0.000301
312    0.000363
313    0.000771
314    0.000535
315    0.000252
316    0.000586
317    0.000439
318    0.000441
319    0.000371
320    0.000316
321    0.000668
322    0.000564
323    0.000510
324    0.000609
325    0.000436
326    0.000628
327    0.000320
328    0.000611
329    0.000479
330    0.000716
331    0.000530
332    0.000571
333    0.000475
334    0.000570
335    0.000820
336    0.000312
337    0.000539
338    0.000318
339    0.000574
340    0.000488
341    0.000447
342    0.000426
343    0.000369
344    0.000310
345    0.000512
346    0.000833
347    0.000442
348    0.000521
349    0.000442
350    0.000395
351    0.000496
352    0.000285
353    0.000362
354    0.000511
355    0.000577
356    0.000511
357    0.000670
358    0.000526
359    0.000295
360    0.000592
361    0.000406
362    0.000501
363    0.000479
364    0.000360
365    0.000470
366    0.000325
367    0.000341
368    0.000521
369    0.000270
370    0.000388
371    0.000512
372    0.000435
373    0.000577
374    0.000427
375    0.000683
376    0.000389
377    0.000543
378    0.000386
379    0.000472
380    0.000486
381    0.000849
382    0.000390
383    0.000414
384    0.000523
385    0.000245
386    0.000479
387    0.000408
388    0.000527
389    0.000385
390    0.000362
391    0.000560
392    0.000272
393    0.000408
394    0.000376
395    0.000733
396    0.000528
397    0.000308
398    0.000390
399    0.000474
400    0.000556
401    0.000361
402    0.000469
403    0.000619
404    0.000537
405    0.000802
406    0.000538
407    0.000232
408    0.000642
409    0.000440
410    0.000458
411    0.000344
412    0.000309
413    0.000459
414    0.000371
415    0.000381
416    0.000271
417    0.000504
418    0.000497
419    0.000319
420    0.000401
421    0.000526
422    0.000396
423    0.000278
424    0.000372
425    0.000343
426    0.000248
427    0.000388
428    0.000414
429    0.000284
430    0.000318
431    0.000308
432    0.000248
433    0.000327
434    0.000275
435    0.000398
436    0.000357
437    0.000307
438    0.000285
439    0.000384
440    0.000292
441    0.000364
442    0.000430
443    0.000292
444    0.000337
445    0.000204
446    0.000353
447    0.000332
448    0.000427
449    0.000325
450    0.000391
451    0.000590
452    0.000744
453    0.000346
454    0.000373
455    0.000280
456    0.000354
457    0.000372
458    0.000409
459    0.000522
460    0.000427
461    0.000511
462    0.000457
463    0.000405
464    0.000479
465    0.000274
466    0.000228
467    0.000356
468    0.000424
469    0.000448
470    0.000428
471    0.000285
472    0.000287
473    0.000390
474    0.000466
475    0.000291
476    0.000120
477    0.000316
478    0.000281
479    0.000490
480    0.000271
481    0.000266
482    0.000429
483    0.000347
484    0.000232
485    0.000407
486    0.000407
487    0.000339
488    0.000348
489    0.000260
490    0.000330
491    0.000389
492    0.000448
493    0.000230
494    0.000272
495    0.000433
496    0.000408
497    0.000328
498    0.000505
499    0.000204
500    0.000321
501    0.000377
502    0.000210
503    0.000475
504    0.000302
505    0.000357
506    0.000230
507    0.000328
508    0.000386
509    0.000611
510    0.000319
511    0.000344
512    0.000378
513    0.000327
514    0.000218
515    0.000363
516    0.000348
517    0.000446
518    0.000274
519    0.000282
520    0.000600
521    0.000396
522    0.000301
523    0.000458
524    0.000440
525    0.000287
526    0.000240
527    0.000255
528    0.000287
529    0.000351
530    0.000366
531    0.000406
532    0.000380
533    0.000343
534    0.000275
535    0.000447
536    0.000328
537    0.000286
538    0.000248
539    0.000364
540    0.000380
541    0.000354
542    0.000424
543    0.000198
544    0.000342
545    0.000237
546    0.000317
547    0.000313
548    0.000328
549    0.000275
550    0.000306
551    0.000216
552    0.000303
553    0.000388
554    0.000281
555    0.000298
556    0.000254
557    0.000258
558    0.000413
559    0.000288
560    0.000295
561    0.000304
562    0.000344
563    0.000389
564    0.000263
565    0.000242
566    0.000354
567    0.000349
568    0.000278
569    0.000317
570    0.000356
571    0.000329
572    0.000261
573    0.000319
574    0.000363
575    0.000307
576    0.000249
577    0.000342
578    0.000289
579    0.000249
580    0.000242
581    0.000311
582    0.000378
583    0.000311
584    0.000224
585    0.000199
586    0.000390
587    0.000278
588    0.000296
589    0.000253
590    0.000279
591    0.000313
592    0.000303
593    0.000206
594    0.000348
595    0.000272
596    0.000375
597    0.000278
598    0.000126
599    0.000229
600    0.000389
601    0.000457
602    0.000349
603    0.000241
604    0.000302
605    0.000274
606    0.000266
607    0.000300
608    0.000330
609    0.000266
610    0.000288
611    0.000225
612    0.000433
613    0.000245
614    0.000259
615    0.000231
616    0.000304
617    0.000328
618    0.000375
619    0.000252
620    0.000237
621    0.000185
622    0.000223
623    0.000345
624    0.000136
625    0.000252
626    0.000325
627    0.000247
628    0.000390
629    0.000261
630    0.000181
631    0.000287
632    0.000239
633    0.000344
634    0.000266
635    0.000332
636    0.000313
637    0.000340
638    0.000253
639    0.000257
640    0.000141
641    0.000205
642    0.000392
643    0.000190
644    0.000228
645    0.000241
646    0.000383
647    0.000188
648    0.000375
649    0.000146
650    0.000287
651    0.000216
652    0.000165
653    0.000169
654    0.000242
655    0.000221
656    0.000183
657    0.000262
658    0.000256
659    0.000283
660    0.000178
661    0.000346
662    0.000283
663    0.000231
664    0.000278
665    0.000276
666    0.000272
667    0.000294
668    0.000344
669    0.000188
670    0.000150
671    0.000249
672    0.000221
673    0.000230
674    0.000225
675    0.000265
676    0.000262
677    0.000214
678    0.000334
679    0.000255
680    0.000149
681    0.000136
682    0.000214
683    0.000348
684    0.000281
685    0.000204
686    0.000236
687    0.000178
688    0.000425
689    0.000186
690    0.000137
691    0.000313
692    0.000314
693    0.000193
694    0.000180
695    0.000173
696    0.000255
697    0.000243
698    0.000268
699    0.000248
700    0.000230
701    0.000164
702    0.000377
703    0.000328
704    0.000185
705    0.000182
706    0.000216
707    0.000311
708    0.000217
709    0.000196
710    0.000128
711    0.000230
712    0.000254
713    0.000174
714    0.000240
715    0.000250
716    0.000246
717    0.000207
718    0.000149
719    0.000201
720    0.000195
721    0.000176
722    0.000175
723    0.000254
724    0.000214
725    0.000260
726    0.000209
727    0.000397
728    0.000281
729    0.000172
730    0.000264
731    0.000257
732    0.000189
733    0.000149
734    0.000407
735    0.000226
736    0.000247
737    0.000281
738    0.000190
739    0.000298
740    0.000292
741    0.000221
742    0.000311
743    0.000273
744    0.000206
745    0.000129
746    0.000272
747    0.000217
748    0.000197
749    0.000234
750    0.000283
751    0.000227
752    0.000192
753    0.000102
754    0.000231
755    0.000295
756    0.000277
757    0.000259
758    0.000217
759    0.000236
760    0.000222
761    0.000194
762    0.000232
763    0.000178
764    0.000131
765    0.000228
766    0.000307
767    0.000255
768    0.000197
769    0.000134
770    0.000150
771    0.000139
772    0.000259
773    0.000234
774    0.000198
775    0.000258
776    0.000107
777    0.000214
778    0.000175
779    0.000243
780    0.000197
781    0.000139
782    0.000109
783    0.000211
784    0.000373
785    0.000133
786    0.000200
787    0.000161
788    0.000203
789    0.000293
790    0.000284
791    0.000249
792    0.000156
793    0.000292
794    0.000344
795    0.000331
796    0.000264
797    0.000276
798    0.000168
799    0.000128
800    0.000230
801    0.000108
802    0.000200
803    0.000272
804    0.000139
805    0.000090
806    0.000241
807    0.000164
808    0.000221
809    0.000198
810    0.000132
811    0.000146
812    0.000301
813    0.000112
814    0.000106
815    0.000158
816    0.000202
817    0.000326
818    0.000095
819    0.000176
820    0.000361
821    0.000209
822    0.000267
823    0.000039
824    0.000240
825    0.000509
