  1    0.028570
  2    0.011691
  3    0.051591
  4    0.050386
  5    0.008019
  6    0.035583
  7    0.028716
  8    0.020643
  9    0.002255
 10    0.010093
 11    0.013344
 12    0.007728
 13    0.008586
 14    0.020453
 15    0.004841
 16    0.012746
 17    0.005245
 18    0.009304
 19    0.004440
 20    0.005386
 21    0.011100
 22    0.000911
 23    0.003716
 24    0.003212
 25    0.006796
 26    0.009119
 27    0.001767
 28    0.005393
 29    0.005507
 30    0.006589
 31    0.003962
 32    0.004889
 33    0.006855
 34    0.007321
 35    0.004260
 36    0.005075
 37    0.003957
 38    0.004239
 39    0.003874
 40    0.001976
 41    0.004006
 42    0.001841
 43    0.002838
 44    0.005230
 45    0.005107
 46    0.005611
 47    0.003258
 48    0.003301
 49    0.002736
 50    0.004491
 51    0.005827
 52    0.002411
 53    0.004321
 54    0.003459
 55    0.003725
 56    0.001659
 57    0.002347
 58    0.001505
 59    0.003087
 60    0.001955
 61    0.001795
 62    0.003553
 63    0.002904
 64    0.003777
 65    0.001847
 66    0.001573
 67    0.003718
 68    0.001978
 69    0.001978
 70    0.001192
 71    0.004042
 72    0.001544
 73    0.002090
 74    0.001427
 75    0.001533
 76    0.001818
 77    0.002045
 78    0.001519
 79    0.002510
 80    0.001938
 81    0.002263
 82    0.001319
 83    0.001391
 84    0.001933
 85    0.001894
 86    0.002534
 87    0.003065
 88    0.002340
 89    0.005158
 90    0.003788
 91    0.002477
 92    0.003009
 93    0.002147
 94    0.002643
 95    0.002632
 96    0.004114
 97    0.001892
 98    0.001634
 99    0.002065
100    0.001840
101    0.001638
102    0.002178
103    0.003976
104    0.002027
105    0.001383
106    0.002121
107    0.001730
108    0.000802
109    0.001335
110    0.001521
111    0.001205
112    0.001880
113    0.000820
114    0.001299
115    0.001195
116    0.001188
117    0.001276
118    0.001497
119    0.000880
120    0.001396
121    0.002069
122    0.001706
123    0.001436
124    0.002408
125    0.002087
126    0.001154
127    0.000982
128    0.001283
129    0.001290
130    0.001096
131    0.002049
132    0.002688
133    0.001056
134    0.001438
135    0.001663
136    0.001876
137    0.001660
138    0.000931
139    0.000968
140    0.001570
141    0.000534
142    0.000895
143    0.001490
144    0.001241
145    0.001467
146    0.000827
147    0.001199
148    0.001569
149    0.000728
150    0.000906
151    0.001185
152    0.000758
153    0.001175
154    0.001128
155    0.001168
156    0.001188
157    0.000466
158    0.001025
159    0.001579
160    0.000714
161    0.000761
162    0.001188
163    0.001392
164    0.001266
165    0.000582
166    0.000441
167    0.001455
168    0.000832
169    0.000684
170    0.000898
171    0.000650
172    0.000439
173    0.000990
174    0.001003
175    0.001220
176    0.000554
177    0.001157
178    0.001309
179    0.000765
180    0.000504
181    0.000961
182    0.000650
183    0.000740
184    0.000994
185    0.000966
186    0.000869
187    0.000554
188    0.000707
189    0.000634
190    0.000612
191    0.001331
192    0.002202
193    0.001065
194    0.000924
195    0.001331
196    0.001562
197    0.001206
198    0.000678
199    0.000753
200    0.001212
201    0.001173
202    0.000990
203    0.001132
204    0.000672
205    0.001041
206    0.000753
207    0.000751
208    0.000612
209    0.000508
210    0.000736
211    0.001495
212    0.000870
213    0.001237
214    0.000781
215    0.000873
216    0.000727
217    0.000839
218    0.000721
219    0.000657
220    0.000789
221    0.000857
222    0.000547
223    0.001135
224    0.000834
225    0.000545
226    0.000545
227    0.000998
228    0.000865
229    0.000445
230    0.001121
231    0.001115
232    0.000932
233    0.000778
234    0.000573
235    0.001204
236    0.001183
237    0.000873
238    0.000590
239    0.001215
240    0.000876
241    0.000842
242    0.000625
243    0.000970
244    0.000514
245    0.000766
246    0.000884
247    0.001217
248    0.001138
249    0.000742
250    0.000594
251    0.000488
252    0.000586
253    0.000540
254    0.000456
255    0.000644
256    0.000672
257    0.000925
258    0.000623
259    0.000470
260    0.000979
261    0.000655
262    0.001051
263    0.000696
264    0.000743
265    0.000817
266    0.000568
267    0.000573
268    0.000574
269    0.000607
270    0.000681
271    0.000842
272    0.000709
273    0.000540
274    0.000449
275    0.001080
276    0.000741
277    0.000528
278    0.000762
279    0.000591
280    0.000588
281    0.001215
282    0.000535
283    0.000449
284    0.000613
285    0.000510
286    0.000486
287    0.000933
288    0.001277
289    0.000794
290    0.000759
291    0.000919
292    0.000963
293    0.001108
294    0.000501
295    0.000665
296    0.000621
297    0.000641
298    0.000999
299    0.000390
300    0.000576
301    0.000484
302    0.000787
303    0.000372
304    0.000869
305    0.000332
306    0.000394
307    0.000552
308    0.000240
309    0.000386
310    0.000486
311    0.000493
312    0.000499
313    0.000669
314    0.000702
315    0.000704
316    0.000761
317    0.000312
318    0.000653
319    0.000570
320    0.000854
321    0.000557
322    0.000674
323    0.000692
324    0.000576
325    0.000814
326    0.000407
327    0.000815
328    0.000429
329    0.000406
330    0.000673
331    0.000447
332    0.000718
333    0.000556
334    0.000479
335    0.000308
336    0.000584
337    0.000488
338    0.000484
339    0.000503
340    0.000595
341    0.000212
342    0.000437
343    0.000683
344    0.000781
345    0.000524
346    0.000525
347    0.000488
348    0.000769
349    0.000784
350    0.000381
351    0.000533
352    0.000432
353    0.000591
354    0.000749
355    0.000566
356    0.000297
357    0.000307
358    0.000219
359    0.000356
360    0.000500
361    0.000338
362    0.000870
363    0.000747
364    0.000582
365    0.000755
366    0.000609
367    0.000884
368    0.000562
369    0.000745
370    0.001043
371    0.000366
372    0.000449
373    0.000819
374    0.001029
375    0.000801
376    0.000503
377    0.000566
378    0.000302
379    0.000907
380    0.000489
381    0.000588
382    0.000402
383    0.000852
384    0.000663
385    0.000586
386    0.000374
387    0.000429
388    0.000635
389    0.001298
390    0.000634
391    0.000680
392    0.000514
393    0.001272
394    0.000961
395    0.000593
396    0.000723
397    0.000534
398    0.000625
399    0.000372
400    0.000359
401    0.000633
402    0.000542
403    0.000545
404    0.000298
405    0.000623
406    0.000508
407    0.000341
408    0.000412
409    0.000390
410    0.000283
411    0.000474
412    0.000697
413    0.000282
414    0.000569
415    0.000322
416    0.000402
417    0.000484
418    0.000344
419    0.000315
420    0.000593
421    0.000598
422    0.000378
423    0.000330
424    0.000458
425    0.000492
426    0.000347
427    0.000554
428    0.000647
429    0.000300
430    0.000190
431    0.000463
432    0.000616
433    0.000213
434    0.000483
435    0.000347
436    0.000567
437    0.000472
438    0.000289
439    0.000476
440    0.000593
441    0.000417
442    0.000170
443    0.000499
444    0.000719
445    0.000299
446    0.000386
447    0.000292
448    0.000633
449    0.000317
450    0.000469
451    0.000320
452    0.000647
453    0.000510
454    0.000375
455    0.000380
456    0.000307
457    0.000524
458    0.000877
459    0.000481
460    0.000641
461    0.000561
462    0.000402
463    0.000379
464    0.000467
465    0.000553
466    0.000377
467    0.000443
468    0.000800
469    0.000403
470    0.000225
471    0.000286
472    0.000441
473    0.000227
474    0.000330
475    0.000372
476    0.000364
477    0.000683
478    0.000302
479    0.000544
480    0.000519
481    0.000477
482    0.000329
483    0.000506
484    0.000361
485    0.000360
486    0.000500
487    0.000338
488    0.000381
489    0.000528
490    0.000402
491    0.000358
492    0.000294
493    0.000393
494    0.000281
495    0.000391
496    0.000363
497    0.000411
498    0.000469
499    0.000367
500    0.000716
501    0.000320
502    0.000304
503    0.000231
504    0.000472
505    0.000810
506    0.000340
507    0.000494
508    0.000392
509    0.000517
510    0.000285
511    0.000350
512    0.000488
513    0.000478
514    0.000366
515    0.000242
516    0.000242
517    0.000493
518    0.000380
519    0.000286
520    0.000257
521    0.000524
522    0.000237
523    0.000400
524    0.000305
525    0.000317
526    0.000418
527    0.000601
528    0.000192
529    0.000522
530    0.000266
531    0.000357
532    0.000136
533    0.000338
534    0.000246
535    0.000232
536    0.000984
537    0.000809
538    0.000194
539    0.000503
540    0.000186
541    0.000297
542    0.000303
543    0.000425
544    0.000323
545    0.000329
546    0.000277
547    0.000240
548    0.000405
549    0.000253
550    0.000284
551    0.000254
552    0.000356
553    0.000222
554    0.000408
555    0.000395
556    0.000270
557    0.000218
558    0.000353
559    0.000203
560    0.000655
561    0.000329
562    0.000425
563    0.000179
564    0.000379
565    0.000409
566    0.000332
567    0.000218
568    0.000407
569    0.000198
570    0.000273
571    0.000233
572    0.000234
573    0.000372
574    0.000367
575    0.000260
576    0.000200
577    0.000447
578    0.000319
579    0.000291
580    0.000274
581    0.000292
582    0.000267
583    0.000178
584    0.000182
585    0.000332
586    0.000445
587    0.000154
588    0.000347
589    0.000249
590    0.000352
591    0.000377
592    0.000326
593    0.000513
594    0.000229
595    0.000209
596    0.000354
597    0.000442
598    0.000243
599    0.000198
600    0.000354
601    0.000497
602    0.000260
603    0.000172
604    0.000232
605    0.000470
606    0.000254
607    0.000349
608    0.000319
609    0.000180
610    0.000214
611    0.000420
612    0.000326
613    0.000353
614    0.000184
615    0.000308
616    0.000239
617    0.000369
618    0.000348
619    0.000328
620    0.000350
621    0.000286
622    0.000283
623    0.000187
624    0.000301
625    0.000256
626    0.000208
627    0.000303
628    0.000266
629    0.000358
630    0.000363
631    0.000320
632    0.000253
633    0.000356
634    0.000336
635    0.000234
636    0.000356
637    0.000255
638    0.000278
639    0.000332
640    0.000354
641    0.000144
642    0.000347
643    0.000408
644    0.000254
645    0.000320
646    0.000415
647    0.000389
648    0.000300
649    0.000326
650    0.000585
651    0.000259
652    0.000269
653    0.000317
654    0.000573
655    0.000365
656    0.000357
657    0.000348
658    0.000235
659    0.000266
660    0.000172
661    0.000259
662    0.000160
663    0.000214
664    0.000216
665    0.000273
666    0.000118
667    0.000255
668    0.000339
669    0.000317
670    0.000325
671    0.000403
672    0.000098
673    0.000379
674    0.000307
675    0.000424
676    0.000344
677    0.000139
678    0.000264
679    0.000232
680    0.000132
681    0.000369
682    0.000263
683    0.000400
684    0.000262
685    0.000306
686    0.000156
687    0.000242
688    0.000425
689    0.000416
690    0.000331
691    0.000263
692    0.000259
693    0.000301
694    0.000335
695    0.000178
696    0.000164
697    0.000443
698    0.000225
699    0.000475
700    0.000152
701    0.000164
702    0.000149
703    0.000141
704    0.000346
705    0.000250
706    0.000146
707    0.000205
708    0.000140
709    0.000212
710    0.000233
711    0.000340
712    0.000303
713    0.000163
714    0.000315
715    0.000261
716    0.000182
717    0.000200
718    0.000154
719    0.000243
720    0.000348
721    0.000179
722    0.000305
723    0.000351
724    0.000191
725    0.000238
726    0.000426
727    0.000288
728    0.000297
729    0.000252
730    0.000245
731    0.000289
732    0.000272
733    0.000260
734    0.000103
735    0.000294
736    0.000242
737    0.000172
738    0.000281
739    0.000359
740    0.000113
741    0.000231
742    0.000280
743    0.000187
744    0.000218
745    0.000246
746    0.000134
747    0.000421
748    0.000167
749    0.000280
750    0.000261
751    0.000254
752    0.000262
753    0.000174
754    0.000175
755    0.000154
756    0.000223
757    0.000253
758    0.000215
759    0.000157
760    0.000165
761    0.000213
762    0.000256
763    0.000267
764    0.000265
765    0.000154
766    0.000247
767    0.000095
768    0.000319
769    0.000354
770    0.000211
771    0.000330
772    0.000219
773    0.000264
774    0.000269
775    0.000098
776    0.000242
777    0.000202
778    0.000242
779    0.000373
780    0.000051
781    0.000243
782    0.000159
783    0.000208
784    0.000232
785    0.000140
786    0.000211
787    0.000396
788    0.000097
789    0.000149
790    0.000210
791    0.000252
792    0.000312
793    0.000220
794    0.000125
795    0.000518
796    0.000428
797    0.000165
798    0.000344
799    0.000270
800    0.000059
801    0.000236
802    0.000267
803    0.000289
804    0.000217
805    0.000292
806    0.000261
807    0.000153
808    0.000124
809    0.000025
810    0.000179
811    0.000093
812    0.000076
813    0.000330
814    0.000135
815    0.000085
816    0.000169
817    0.000062
818    0.000100
819    0.000311
820    0.000143
821    0.000293
822    0.000488
823    0.000489
824    0.000287
825    0.000556
