  0.054423
  0.022052
 -0.285636
 -0.116699
  0.313757
  0.307294
 -0.818013
  0.126374
  0.103931
  0.049390
 -0.006861
 -0.024951
 -0.004337
 -0.032634
  0.015582
 -0.009720
  0.024348
 -0.004478
  0.000921
 -0.000325
  0.013787
  0.001129
  0.024155
 -0.023919
 -0.011464
  0.000922
  0.031078
  0.007826
  0.007185
 -0.017585
  0.008535
 -0.001384
 -0.006364
 -0.002886
 -0.008149
  0.018188
 -0.024713
  0.015871
 -0.002239
 -0.005634
  0.012320
  0.017043
 -0.002053
  0.010979
 -0.011109
 -0.011086
 -0.008206
  0.002637
 -0.002403
 -0.005207
  0.010415
  0.002627
  0.000542
 -0.000117
  0.000720
 -0.004096
 -0.000070
 -0.002593
  0.004506
  0.002367
 -0.004039
 -0.000132
 -0.004827
  0.006927
  0.004932
  0.002790
  0.004790
  0.001763
 -0.001103
  0.014261
  0.000428
 -0.011768
  0.008624
  0.003262
 -0.003383
  0.005190
  0.018055
  0.003023
  0.005842
 -0.001348
  0.000827
  0.004837
 -0.007015
  0.001405
  0.001279
  0.001525
  0.002983
 -0.000714
  0.000992
  0.001510
 -0.001733
 -0.001233
 -0.001545
 -0.000212
  0.000138
  0.000980
 -0.002048
  0.002482
  0.002081
 -0.004597
 -0.001520
  0.001755
  0.001737
  0.000959
  0.001048
 -0.004579
  0.002495
  0.000736
  0.006004
 -0.000311
  0.000066
 -0.001626
 -0.002192
 -0.002791
 -0.000419
 -0.000490
  0.000264
 -0.002698
 -0.002380
 -0.005432
 -0.000347
 -0.001734
 -0.005033
  0.001823
 -0.000369
  0.000003
  0.003243
  0.001256
 -0.000811
 -0.001130
 -0.003380
 -0.000007
  0.000886
  0.000426
 -0.001434
 -0.002032
  0.000125
  0.001875
  0.001751
 -0.001998
  0.000168
  0.002809
 -0.000679
 -0.001095
  0.000809
 -0.000041
  0.001796
  0.001842
 -0.001743
 -0.000231
  0.000569
  0.002574
 -0.001096
 -0.002095
 -0.000788
  0.001115
  0.001892
 -0.000824
 -0.000786
  0.000412
  0.000549
 -0.001350
 -0.002228
 -0.001417
 -0.004128
 -0.004246
 -0.000608
  0.002487
  0.000594
  0.001271
 -0.003207
 -0.004061
 -0.001148
  0.000887
  0.001105
 -0.000659
 -0.004307
  0.002794
  0.001330
 -0.003475
  0.002904
  0.004362
  0.001244
  0.003897
 -0.000900
  0.000437
 -0.000707
 -0.003223
 -0.000347
  0.002604
 -0.000640
 -0.001937
 -0.000859
  0.000016
 -0.001029
  0.000619
 -0.001795
  0.000612
 -0.000660
  0.000502
  0.001077
 -0.000525
  0.001113
 -0.002757
 -0.000234
 -0.001076
  0.000668
 -0.000492
  0.000179
 -0.001615
  0.000510
  0.001055
  0.000624
 -0.001279
  0.000696
 -0.000812
  0.000836
 -0.002028
  0.001635
 -0.000115
  0.000259
 -0.000436
 -0.000351
 -0.001620
 -0.000040
  0.000538
  0.000010
  0.003031
  0.001105
  0.000702
 -0.000879
 -0.000280
 -0.000163
  0.000800
  0.000255
  0.001228
 -0.000900
 -0.000955
  0.000974
 -0.000426
 -0.000178
  0.001174
 -0.000318
  0.000102
 -0.000298
  0.001201
  0.000251
  0.002168
 -0.000774
  0.000451
 -0.000470
  0.001618
 -0.000392
 -0.000216
 -0.000156
  0.000746
 -0.000592
  0.000425
 -0.001370
  0.000864
 -0.000123
 -0.000223
 -0.000723
  0.001092
 -0.000271
  0.000203
  0.001859
 -0.000239
 -0.000549
  0.000129
  0.000152
 -0.000062
 -0.000154
 -0.000103
 -0.000160
  0.000772
  0.000657
  0.002234
 -0.000232
  0.000520
 -0.000670
 -0.000058
 -0.001551
  0.002693
 -0.000013
  0.002195
 -0.001738
  0.001724
  0.000166
 -0.001167
  0.000477
  0.000544
  0.001100
 -0.002936
 -0.000989
 -0.001399
 -0.000848
 -0.000217
  0.000341
 -0.000201
  0.000581
 -0.000202
  0.000658
 -0.000178
 -0.000215
 -0.000902
  0.000598
 -0.000819
  0.001591
  0.000645
 -0.000528
 -0.001780
  0.001241
  0.002305
 -0.000479
  0.000194
 -0.000749
  0.000712
  0.000277
 -0.001400
 -0.000824
  0.001713
  0.000002
  0.000364
 -0.001199
 -0.000981
 -0.000489
 -0.000455
  0.001255
 -0.000541
  0.001116
 -0.002398
 -0.001632
  0.001879
  0.000392
  0.001579
 -0.000244
  0.000943
 -0.000928
  0.000113
 -0.000451
 -0.000471
  0.000301
  0.000562
 -0.000097
 -0.000193
 -0.000294
 -0.001182
 -0.000003
  0.000278
  0.000378
 -0.000601
 -0.000367
  0.001136
 -0.000592
  0.000749
  0.000853
  0.000712
 -0.002080
  0.001219
 -0.000778
 -0.000224
  0.000432
  0.000276
 -0.001372
 -0.000584
  0.001065
  0.000261
 -0.000508
  0.000553
 -0.001791
  0.001308
  0.000118
  0.000757
 -0.000572
  0.001498
 -0.002197
  0.000502
 -0.000618
 -0.001388
  0.000718
 -0.001173
  0.001042
  0.000122
  0.002069
  0.000406
 -0.000650
  0.002594
 -0.000434
 -0.000158
  0.001856
  0.000340
 -0.002265
 -0.000263
 -0.002894
 -0.001921
 -0.002848
  0.000756
 -0.002315
 -0.001536
 -0.001121
 -0.000183
  0.000503
 -0.002450
 -0.000408
 -0.000947
 -0.000218
 -0.000326
 -0.000839
  0.000829
 -0.001006
 -0.000097
  0.000319
  0.000002
 -0.001353
  0.000950
  0.000969
 -0.000870
 -0.002522
 -0.001113
  0.001563
 -0.000822
  0.002026
  0.002669
 -0.000707
  0.000154
 -0.000693
 -0.001804
 -0.001726
 -0.001164
  0.002102
  0.000442
 -0.000524
  0.000967
  0.000472
  0.000556
  0.000378
  0.000681
 -0.000309
 -0.000589
  0.000047
 -0.000138
  0.001567
 -0.000186
 -0.000372
  0.000022
 -0.000155
 -0.000434
 -0.000123
 -0.000893
  0.000572
  0.001799
 -0.000638
 -0.000618
 -0.000421
 -0.001332
 -0.001452
  0.001700
 -0.000019
  0.001077
 -0.000014
  0.001336
  0.001284
 -0.000196
 -0.001947
 -0.000193
  0.002245
 -0.001757
  0.000296
 -0.001258
  0.001120
 -0.000545
 -0.000181
  0.000691
 -0.000649
  0.001106
  0.000719
  0.002380
  0.002512
  0.000023
 -0.001328
  0.000163
  0.000653
  0.002053
  0.000603
 -0.000218
  0.000535
  0.000000
 -0.001484
 -0.000116
  0.000048
  0.000152
  0.000743
  0.000390
  0.000112
  0.000632
 -0.000711
 -0.000205
  0.000048
 -0.000060
 -0.000288
 -0.000207
 -0.001188
 -0.001447
  0.001467
  0.000316
 -0.001268
  0.001440
  0.000330
 -0.000535
  0.000342
  0.001036
  0.000183
  0.000049
  0.000250
  0.000369
 -0.000305
  0.001768
  0.000740
 -0.000613
 -0.001887
 -0.000571
  0.001911
  0.002157
 -0.001613
  0.001459
  0.001945
  0.001476
 -0.001458
  0.000488
  0.001188
  0.001008
 -0.000215
 -0.001747
  0.001017
 -0.000396
  0.000091
  0.000813
  0.001921
  0.000837
 -0.000115
 -0.001133
  0.001200
  0.000117
  0.000946
 -0.000065
  0.000762
 -0.000512
  0.000878
 -0.000391
 -0.000277
  0.000300
  0.000168
 -0.000383
  0.000036
 -0.000044
  0.000870
 -0.000984
 -0.000115
 -0.000512
  0.000294
  0.000074
  0.000248
  0.000851
  0.000098
 -0.000879
 -0.000149
  0.000418
  0.000196
  0.000030
 -0.000477
  0.000274
 -0.000642
 -0.000135
 -0.000585
 -0.000096
  0.000017
  0.000091
  0.000228
 -0.000148
  0.000136
 -0.000124
  0.000147
 -0.000320
  0.000021
 -0.000113
  0.000224
  0.000134
 -0.000121
  0.000299
 -0.000158
  0.000077
  0.000401
  0.000379
  0.000361
  0.000046
  0.000198
 -0.000137
  0.000230
 -0.000106
 -0.000179
  0.000218
  0.000462
  0.000178
  0.000310
  0.000505
 -0.000308
  0.000310
  0.000481
 -0.000139
 -0.000508
 -0.000345
 -0.000128
 -0.001259
  0.000572
 -0.000526
  0.000484
 -0.001222
  0.000949
 -0.000106
  0.000698
  0.001396
 -0.001114
 -0.001055
 -0.000133
 -0.000977
  0.000483
  0.000303
 -0.000215
 -0.001181
 -0.000001
 -0.000360
 -0.001345
  0.000346
 -0.000549
  0.000018
 -0.000269
  0.000190
 -0.001090
 -0.000588
 -0.000134
 -0.000155
 -0.000031
 -0.000130
 -0.000113
  0.000307
 -0.000112
 -0.000449
  0.000031
 -0.000312
  0.000417
 -0.000092
  0.000436
 -0.000027
  0.000437
 -0.001007
  0.000416
 -0.000528
 -0.000273
  0.000502
  0.000544
  0.000379
  0.000390
 -0.000326
 -0.000135
 -0.000057
 -0.000389
 -0.000251
  0.000122
  0.001149
  0.000302
 -0.000303
 -0.001009
  0.000153
 -0.000348
 -0.000270
 -0.000450
  0.000256
  0.000650
 -0.000053
  0.000283
 -0.000298
 -0.000163
 -0.000189
 -0.000375
  0.000019
 -0.000243
 -0.000426
  0.000558
  0.000684
  0.000216
  0.001518
 -0.000740
 -0.000436
 -0.000363
  0.000063
  0.001258
 -0.000107
 -0.000294
 -0.000439
  0.000147
  0.000064
  0.000344
  0.000174
 -0.000249
  0.000183
  0.000569
  0.000005
 -0.000720
  0.000291
 -0.000876
  0.000548
 -0.000366
 -0.000693
  0.000577
  0.000316
  0.001361
  0.000522
  0.000309
 -0.001466
  0.000869
  0.000711
 -0.000392
 -0.000337
 -0.000565
 -0.001109
  0.000095
 -0.000038
 -0.000388
  0.000563
  0.000524
  0.000347
 -0.000735
  0.000463
 -0.000491
  0.000131
  0.000964
 -0.000119
 -0.000538
 -0.000642
 -0.000514
  0.000624
 -0.000152
  0.001175
 -0.000878
  0.000465
 -0.000246
  0.000284
 -0.000053
 -0.000438
  0.000197
  0.000064
  0.000180
  0.000457
 -0.000438
 -0.000061
  0.000319
 -0.000206
  0.000090
  0.000030
 -0.000037
  0.000103
  0.000294
 -0.000884
  0.000075
  0.000183
 -0.000141
  0.000420
  0.000113
  0.000327
 -0.000045
  0.000287
 -0.000073
 -0.000536
  0.000015
 -0.000364
  0.000717
  0.000089
 -0.000405
  0.000434
  0.000385
  0.000020
 -0.000376
  0.000104
  0.000653
  0.000225
 -0.000299
  0.000437
 -0.000375
 -0.000096
  0.000074
 -0.000102
  0.000336
 -0.000084
  0.000335
  0.000358
  0.000084
 -0.000373
 -0.000343
 -0.000112
  0.000011
  0.000017
 -0.000171
  0.000139
 -0.000056
 -0.000353
 -0.000392
  0.000140
 -0.000142
  0.000214
 -0.000167
  0.000091
 -0.000035
 -0.000113
 -0.000227
  0.000134
  0.000106
  0.000063
 -0.000077
 -0.000136
  0.000014
  0.000038
  0.000128
 -0.000051
 -0.000059
