Frame	Volume
1	1224.93
2	1224.47
3	1223.81
4	1224.77
5	1222.22
6	1223.38
7	1223.73
8	1225.3
9	1224.49
10	1223.49
11	1224.28
12	1224.5
13	1233.82
14	1226.12
15	1221.91
16	1233.14
17	1236.46
18	1222.55
19	1223.5
20	1224.29
21	1233.36
22	1223.39
23	1237.18
24	1235.06
25	1223.04
26	1224.29
27	1223.47
28	1223.9
29	1224.04
30	1232.2
31	1223.66
32	1223.16
33	1232.59
34	1223.34
35	1225.47
36	1237.63
37	1219.43
38	1220.24
39	1232.51
40	1224.77
41	1234.3
42	1219.75
43	1236.88
44	1223.38
45	1222.44
46	1222.36
47	1224.89
48	1224.88
49	1223.82
50	1224.6
51	1223.48
52	1226.66
53	1238.84
54	1222.2
55	1240.66
56	1226.61
57	1224.44
58	1222.95
59	1219.17
60	1239.07
61	1222.06
62	1223.88
63	1225.23
64	1224.43
65	1221.26
66	1231.54
67	1224.87
68	1223.73
69	1218.13
70	1239.65
71	1220.92
72	1216.56
73	1242.22
74	1217.63
75	1233.89
76	1227.43
77	1224.84
78	1221.11
79	1227.67
80	1235.16
81	1203.56
82	1232.18
83	1230.92
84	1229.9
85	1226.8
86	1216.05
87	1211.92
88	1238.7
89	1209.82
90	1230.56
91	1227.67
92	1224.6
93	1229.07
94	1223.77
95	1226.87
96	1232.68
97	1220.1
98	1233.72
99	1226.73
100	1222.27
101	1234.54
102	1226.8
103	1241.23
104	1222.47
105	1226.9
106	1232.73
107	1211.96
108	1222.07
109	1240.31
110	1223.49
111	1241.11
112	1234.03
113	1222.62
114	1227.49
115	1236.09
116	1223.04
117	1242.26
118	1230.18
119	1219.92
120	1224.27
121	1228.44
122	1214.36
123	1229.08
124	1227.17
125	1232.11
126	1216.67
127	1222.11
128	1220.61
129	1230.59
130	1235.49
131	1212.27
132	1235.33
133	1215.69
134	1229.92
135	1212.17
136	1234.34
137	1224.14
138	1220.68
139	1233.55
140	1229.18
141	1232.58
142	1220.49
143	1231.9
144	1245.9
145	1233.42
146	1248.27
147	1204.94
148	1225.54
149	1213.19
150	1217.73
151	1232.53
152	1260.96
153	1220.06
154	1234.01
155	1222.15
156	1192.35
157	1230.92
158	1201.51
159	1219.77
160	1238.89
161	1221.14
162	1203.57
163	1233.28
164	1230.26
165	1233.33
166	1224.62
167	1245.79
168	1218.75
169	1199.39
170	1226.67
171	1228.69
172	1225.78
173	1235.47
174	1233.76
175	1219.02
176	1216.94
177	1195.72
178	1232.21
179	1210.77
180	1220.3
181	1248.03
182	1236.59
183	1228.24
184	1225.26
185	1241.88
186	1240.24
187	1229.39
188	1224.92
189	1233.21
190	1214.25
191	1206.86
192	1217.46
193	1234.95
194	1226.9
195	1241.35
196	1218.67
197	1228.07
198	1237.21
199	1232.46
200	1216.05
201	1223.86
202	1239.84
203	1231.81
204	1232.57
205	1230.51
206	1201.65
207	1222.14
208	1221.1
209	1222.61
210	1233.88
211	1206.91
212	1224.81
213	1213.93
214	1233.56
215	1234.82
216	1230.76
217	1211.41
218	1202.37
219	1220.1
220	1217.75
221	1233.78
222	1229.48
223	1223.12
224	1208.53
225	1205.67
226	1228.85
227	1228
228	1206.08
229	1223.84
230	1223.48
231	1226.16
232	1217.2
233	1242.7
234	1215.7
235	1241.29
236	1244.64
237	1245.31
238	1226.5
239	1239.81
240	1212.43
241	1234.1
242	1215.46
243	1208.73
244	1225.89
245	1221.45
246	1219.3
247	1227.95
248	1204.68
249	1217.77
250	1216.12
251	1242.57
252	1230.32
253	1223.93
254	1232.38
255	1231.93
256	1238.75
257	1225.22
258	1224.85
259	1206.21
260	1201.1
261	1204.43
262	1228.05
263	1231.72
264	1255.88
265	1250.22
266	1223.14
267	1241.99
268	1249.82
269	1208.8
270	1224.07
271	1240.64
272	1200.09
273	1237.99
274	1209.5
275	1220.02
276	1242.34
277	1222.32
278	1219.7
279	1186.62
280	1219.91
281	1227.65
282	1237.18
283	1203.99
284	1182.6
285	1230.07
286	1193.02
287	1239.82
288	1231.19
289	1242.86
290	1216.94
291	1237.29
292	1225.09
293	1220.68
294	1241.72
295	1233.42
296	1232.72
297	1246.83
298	1217.8
299	1229.32
300	1218.36
301	1228.65
302	1237.75
303	1230.16
304	1240.91
305	1247.23
306	1254.12
307	1212.79
308	1200.6
309	1223.22
310	1206.67
311	1220.99
312	1237.29
313	1236.09
314	1214.29
315	1225.93
316	1214.39
317	1211.37
318	1207.13
319	1208.13
320	1204.73
321	1211.7
322	1189.22
323	1228.66
324	1199.68
325	1244.27
326	1226.75
327	1197.86
328	1228
329	1227.84
330	1216.12
331	1227.58
332	1222.34
333	1224.11
334	1243.16
335	1233.53
336	1207.29
337	1225.7
338	1223.27
339	1216.61
340	1229.86
341	1246.32
342	1237.66
343	1216.71
344	1188.1
345	1240.71
346	1208.05
347	1243.67
348	1215.1
349	1208
350	1227.9
351	1226.07
352	1209.18
353	1224.04
354	1238.18
355	1237.23
356	1237.05
357	1220.37
358	1217.61
359	1240.73
360	1227.94
361	1218.74
362	1213.73
363	1228.57
364	1234.88
365	1243.13
366	1226.95
367	1234.55
368	1207.01
369	1233.31
370	1207.9
371	1223.32
372	1257.17
373	1221.56
374	1227.15
375	1239.37
376	1250.25
377	1230.42
378	1241.19
379	1224.64
380	1226.74
381	1215.93
382	1219.32
383	1201.39
384	1219.63
385	1258.55
386	1254.88
387	1249.69
388	1226.81
389	1249.09
390	1293.76
391	1230.99
392	1241.87
393	1200.48
394	1232.22
395	1201.14
396	1176.66
397	1225.44
398	1202.54
399	1257.83
400	1194.62
401	1190.17
402	1145.58
403	1182.8
404	1236.62
405	1186.27
406	1234.12
407	1161.52
408	1211.31
409	1230.32
410	1259.26
411	1198.95
412	1218.7
413	1238.46
414	1262.15
415	1196.7
416	1246.28
417	1273.37
418	1288.04
419	1233.98
420	1245.61
421	1211.5
422	1207.04
423	1241.31
424	1227.81
425	1231.98
426	1246.57
427	1233.89
428	1233.86
429	1219.48
430	1325.27
431	1244.27
432	1243.4
433	1222.79
434	1245.05
435	1219.38
436	1175.56
437	1226.48
438	1191.05
439	1205.21
440	1166.19
441	1287.06
442	1194.14
443	1248.48
444	1209.91
445	1219.37
446	1231.39
447	1235.66
448	1311.72
449	1251.88
450	1204.34
451	1183.65
452	1224.27
453	1196.12
454	1192.04
455	1233.15
456	1198.8
457	1216.28
458	1239.94
459	1193.16
460	1247.23
461	1220.05
462	1164.05
463	1227.12
464	1303.7
465	1234
466	1305.64
467	1162.41
468	1242.77
469	1282.79
470	1181.82
471	1199.4
472	1255.37
473	1219.11
474	1208.96
475	1222.77
476	1184.54
477	1239.15
478	1197.5
479	1180.03
480	1225.06
481	1246.57
482	1174.24
483	1190.59
484	1272.57
485	1209.7
486	1237.12
487	1207.48
488	1290.04
489	1233.9
490	1254.07
491	1246.3
492	1237.93
493	1206.9
494	1172.54
495	1237.06
496	1265.75
497	1213.03
498	1259.06
499	1241.22
500	1257.13
501	1219.47
502	1191.28
503	1214.14
504	1248.34
505	1264.38
506	1205.22
507	1262.43
508	1267.28
509	1185.25
510	1257.6
511	1178.73
512	1244.71
513	1207.4
514	1197.75
515	1229.24
516	1228.3
517	1235.72
518	1218.91
519	1263.47
520	1195.44
521	1242.24
522	1220.62
523	1239.99
524	1216.98
525	1216.17
526	1249.21
527	1145.82
528	1148.56
529	1213.34
530	1268.82
531	1261.38
532	1216.24
533	1208.14
534	1217.75
535	1208.71
536	1191.68
537	1256.67
538	1184.27
539	1235.29
540	1203.24
541	1265.19
542	1255.97
543	1165.87
544	1243.91
545	1207.37
546	1247.97
547	1162.34
548	1219.11
549	1211.45
550	1197.62
551	1240.71
552	1113.81
553	1168.35
554	1275.21
555	1137.87
556	1299.64
557	1203.94
558	965.952
559	1114.67
560	1694.02
561	1193.45
562	1350.75
563	1449.55
564	1185.58
565	1214.96
566	1133.53
567	1297.64
568	1257.16
569	1505.36
570	1046.47
571	923.308
572	1175.46
573	1461.85
574	1167.61
575	1428.38
576	1267.11
577	1151.35
578	1640.74
579	1336.66
580	1135.39
581	1313.92
582	1119.75
583	1350.42
584	1220.54
585	1700.67
586	1251.28
587	1496.05
588	1199.2
589	1182.79
590	1558.29
591	1636.32
592	1019.92
593	1607.68
594	1319.47
595	1386.81
596	1253.96
597	1440.02
598	1753.56
599	1303.78
600	1283.14
601	1369.11
602	1249.61
603	1676.94
604	1584.36
605	1882.51
606	2216.15
607	2061.9
608	1424.18
609	1146.09
610	1015.19
611	1222.09
612	1192.35
613	1571.24
614	1018.06
615	1739.32
616	1089.66
617	1343.36
618	1360.73
619	1767.44
620	923.345
621	1205.98
622	970.3
623	977.851
624	1319.84
625	1235.49
626	1078.06
627	1087.36
628	1572.05
629	1326.53
630	1319.07
631	1192.24
632	1648.34
633	1340.49
634	1515.56
635	1727.79
636	1736.41
637	1192.4
638	2057.8
639	1691.37
640	1531.36
641	2290.36
642	1357.63
643	1599.79
644	1233.39
645	1395.71
646	1354.09
647	1191.32
648	984.047
649	1575.46
650	1356
651	1294.35
652	1553.21
653	1484.72
654	1426.08
655	1487.19
656	1161.88
657	1638.59
658	1458.37
659	1391.66
660	1421.68
661	1313.59
662	1872.85
663	1188.68
664	1463.6
665	1354.63
666	1890
667	1724.95
668	1222.52
669	1376.61
670	1443.69
671	1450.3
672	1460.4
673	1886.16
674	1376.87
675	1322.78
676	1240.18
677	1693.42
678	1304.98
679	1134.33
680	1454.17
681	1085.28
682	1782.11
683	1459.76
684	1127.32
685	1324.1
686	1283.8
687	1217.29
688	1946.22
689	1644.4
690	1259.17
691	1156.05
692	1292.33
693	1455.86
694	1735.04
695	1213.52
696	935.071
697	1262.17
698	1559.91
699	1352.96
700	1629.52
701	1438.78
702	1113.31
703	1709.6
704	1128.46
705	1284.97
706	1248.44
707	2243.21
708	1216.02
709	1369.12
710	1038.99
711	1344.87
712	1275.37
713	1845.81
714	1221.5
715	1389.02
716	1364.81
717	1397.03
718	1508.12
719	2013.49
720	1277.88
721	1349.58
722	1562.72
723	1106.11
724	1345
725	1858.36
726	1424.92
727	996.739
728	1547.25
729	1312.02
730	1296
731	1427.67
732	1281.4
733	1391.24
734	1227.09
735	1273.99
736	1242.77
737	1690.21
738	1612.88
739	3073.25
740	2096.91
741	1679.41
742	1499.68
743	1206.88
744	1365.14
745	1737.69
746	1751.6
747	2088.36
748	1088.35
749	1312.94
750	3221.06
751	2024.11
752	1599.1
753	1440.04
754	1891.82
755	1190.18
756	1538.8
757	1478.13
758	1282.4
759	1289.98
760	1396.27
761	1375.53
762	1448.5
763	1240.29
764	1246.26
765	2155.09
766	1063.18
767	1586.66
768	1541.96
769	3108.31
770	1392.31
771	1070.33
772	1044.21
773	1740.4
774	1600.37
775	1811.36
776	1757.93
777	1817.26
778	2476.19
779	1208.3
780	1416.49
781	1945.98
782	2229.3
783	1238.29
784	1168.84
785	1797.02
786	1338.33
787	1584.94
788	1280.85
789	2099.78
790	2251.37
791	1769.94
792	1972.83
793	1459.51
794	1325.24
795	1374.38
796	2225.31
797	1865.12
798	1149.32
799	2520.87
800	1302.84
801	1273.08
802	2057.47
803	1204.39
804	1382.15
805	1329.79
806	2370.49
807	1804.97
808	1693.21
809	1868.12
810	1466.51
811	1262.8
812	1886.18
813	1403.77
814	1265.63
815	1205.48
816	1104.76
817	1610.55
818	1608.59
819	1348.99
820	1934.48
821	1192.34
822	1661
823	1200.95
824	1266.88
825	1697.73
