 -0.002206
  0.075048
  0.023779
  0.199415
  0.877421
 -0.183159
  0.254539
  0.226253
 -0.021447
 -0.009008
 -0.010300
  0.054794
 -0.032574
  0.026114
 -0.006748
  0.005343
  0.047357
  0.057611
 -0.031411
  0.052086
 -0.024207
 -0.079035
  0.001367
  0.014725
  0.036303
  0.026685
  0.041159
  0.001713
 -0.017905
  0.016421
 -0.022841
 -0.007730
 -0.000861
 -0.036918
  0.009643
  0.015091
 -0.018573
 -0.007168
 -0.000187
  0.001556
 -0.017502
 -0.021895
 -0.009229
 -0.004440
 -0.013881
 -0.003621
  0.001898
 -0.000662
  0.004322
  0.003349
  0.004735
  0.001549
 -0.005291
  0.007991
 -0.004641
  0.004651
 -0.002269
 -0.007620
  0.005419
  0.000165
  0.000524
  0.003222
 -0.000622
 -0.002925
 -0.004291
  0.008256
 -0.011743
  0.005360
  0.011592
 -0.003033
 -0.005884
  0.002314
 -0.001349
 -0.003557
  0.004517
 -0.002401
  0.001675
  0.000889
 -0.008699
 -0.007050
 -0.003997
  0.004970
 -0.003036
 -0.002535
  0.011196
 -0.005521
  0.002788
  0.001892
 -0.003762
 -0.005444
  0.002768
 -0.003405
 -0.005840
  0.003636
 -0.000171
 -0.004358
  0.000849
  0.016506
 -0.005429
  0.017927
  0.001810
 -0.001978
 -0.004938
  0.007924
  0.010076
 -0.001162
  0.000901
  0.000894
 -0.009154
  0.008101
  0.012554
 -0.003853
 -0.004000
  0.000830
  0.005350
  0.005752
 -0.001796
  0.007579
 -0.003860
 -0.000835
  0.000660
 -0.007208
 -0.003534
  0.001374
  0.011097
  0.006693
  0.002500
 -0.001977
  0.004920
  0.000193
  0.001203
  0.000024
 -0.000580
  0.000556
 -0.004509
  0.006026
 -0.004008
  0.000957
 -0.002102
 -0.000606
  0.001080
  0.000976
 -0.000724
  0.001003
 -0.005261
 -0.000303
  0.002348
 -0.002176
 -0.001431
 -0.002102
 -0.001371
  0.001968
 -0.000248
 -0.001956
 -0.001533
 -0.002161
  0.002971
 -0.000061
 -0.000193
 -0.000153
 -0.000714
 -0.004379
 -0.001857
  0.002176
  0.004261
 -0.001267
 -0.002763
 -0.001872
 -0.002028
  0.000048
 -0.000601
 -0.001766
  0.001761
  0.000744
  0.000445
  0.000636
 -0.003438
 -0.003387
 -0.000185
 -0.000652
  0.002007
  0.003076
  0.001385
 -0.004044
  0.003721
 -0.002121
 -0.001674
  0.002784
  0.001489
 -0.002330
  0.001290
 -0.002560
  0.001844
  0.002180
 -0.006703
 -0.002871
  0.000321
 -0.000411
 -0.000521
 -0.000691
 -0.000601
 -0.005641
 -0.000636
  0.004818
  0.002843
 -0.008221
 -0.002770
 -0.006307
 -0.000465
 -0.001141
 -0.001012
 -0.003535
 -0.000918
 -0.003096
 -0.006596
 -0.001769
  0.002459
  0.003284
  0.001232
 -0.000353
  0.001225
  0.001025
 -0.005347
 -0.005032
  0.001490
  0.000460
 -0.006001
  0.007487
 -0.002185
  0.001170
  0.002882
 -0.002362
 -0.003788
 -0.002607
  0.003220
  0.000996
  0.002158
  0.000898
 -0.002920
  0.001572
  0.000506
  0.000792
  0.002571
  0.003527
  0.000817
  0.002553
  0.001668
 -0.006691
  0.001864
  0.004473
 -0.000401
  0.002768
 -0.001023
 -0.001066
 -0.001516
  0.002345
 -0.002291
  0.002145
 -0.002811
  0.000038
 -0.002488
 -0.005379
  0.000262
  0.001595
  0.001355
 -0.001088
 -0.003292
 -0.001168
 -0.000965
  0.000829
 -0.000794
  0.000776
  0.000112
 -0.000149
 -0.001032
  0.002026
  0.000682
 -0.001299
 -0.000108
 -0.004468
 -0.002252
 -0.000320
 -0.000973
  0.001286
  0.001327
 -0.000773
  0.000597
  0.001154
 -0.001697
 -0.001314
 -0.000751
  0.000265
 -0.000946
  0.002269
  0.002721
 -0.001313
 -0.001643
 -0.000281
 -0.000548
  0.002044
 -0.003051
 -0.002279
  0.001139
  0.000517
  0.001825
  0.000286
 -0.001833
 -0.001585
 -0.000724
  0.001665
  0.001665
  0.003302
 -0.001871
 -0.002907
  0.001338
  0.005156
  0.000376
 -0.001225
 -0.000706
 -0.001017
  0.000030
 -0.002726
  0.000204
  0.003192
  0.001662
  0.000136
 -0.000141
 -0.001402
 -0.000658
 -0.001951
  0.002414
  0.003585
  0.001224
 -0.000532
  0.003121
  0.000861
 -0.000794
  0.002060
 -0.003087
 -0.000153
  0.001177
 -0.003633
  0.000752
 -0.001253
 -0.001516
 -0.001785
 -0.000738
  0.000238
  0.001424
  0.000083
  0.001846
 -0.000801
  0.000319
 -0.001702
  0.000328
  0.000067
  0.000788
  0.000520
  0.002412
 -0.000196
  0.000559
 -0.000452
 -0.000094
 -0.001022
 -0.000080
 -0.000826
  0.000657
  0.000206
 -0.000292
 -0.001168
 -0.001356
  0.000722
  0.003573
 -0.002303
 -0.003545
 -0.000628
  0.000437
  0.001909
  0.000230
  0.002507
  0.000781
 -0.001668
  0.000166
 -0.001604
  0.001908
 -0.001366
 -0.001615
 -0.003229
 -0.002714
  0.000655
 -0.002255
  0.001199
 -0.001142
 -0.000029
  0.000436
  0.000280
  0.000325
  0.000028
 -0.000993
 -0.000972
  0.000616
  0.000348
  0.000056
 -0.000911
 -0.001083
  0.000565
  0.000645
 -0.000282
  0.001353
 -0.000581
 -0.001375
  0.000247
 -0.000194
 -0.001070
 -0.000043
 -0.002141
  0.001320
  0.000532
  0.000219
 -0.000216
  0.000320
  0.000576
  0.001880
  0.000971
  0.000255
 -0.000317
  0.000608
 -0.000725
 -0.000902
  0.000248
  0.000769
 -0.000794
  0.000315
  0.000322
  0.000667
 -0.002125
  0.002682
  0.000903
 -0.000335
  0.000926
  0.000106
  0.002428
 -0.000042
 -0.002375
  0.000370
 -0.001127
 -0.004847
 -0.000363
 -0.000338
  0.000010
  0.000209
 -0.001690
 -0.000400
  0.000253
 -0.002530
 -0.000951
 -0.000349
  0.001999
  0.002388
  0.000615
  0.000818
  0.002676
  0.003545
 -0.001274
 -0.000735
 -0.000189
 -0.000758
  0.000594
  0.000828
 -0.000227
 -0.000687
  0.000752
 -0.000142
  0.001621
  0.000129
  0.000665
 -0.000510
  0.000083
  0.000643
  0.000531
 -0.001160
 -0.000160
 -0.002211
  0.000626
 -0.000543
  0.000617
 -0.000124
  0.003077
  0.001220
 -0.001507
  0.002887
  0.000702
  0.000457
 -0.001061
 -0.001188
 -0.000063
 -0.000265
 -0.001347
 -0.000559
 -0.000373
 -0.001113
  0.001356
  0.000225
 -0.001021
  0.000126
  0.001050
  0.002281
  0.000291
  0.002282
 -0.001224
  0.001871
 -0.001581
 -0.000988
 -0.002684
 -0.000117
 -0.002975
 -0.001248
 -0.001889
  0.003185
 -0.001100
  0.001478
 -0.001339
  0.000706
  0.002715
  0.000085
 -0.001500
  0.000273
  0.003252
  0.002658
  0.000793
 -0.002834
  0.001618
 -0.002121
 -0.000575
 -0.001327
  0.000903
 -0.001732
  0.000979
  0.000438
 -0.000102
  0.001009
 -0.000474
  0.002753
  0.001403
 -0.001897
  0.000529
 -0.000995
 -0.000507
 -0.001376
 -0.000943
  0.001249
  0.000095
  0.001515
  0.000297
 -0.000132
 -0.000453
 -0.000737
 -0.000579
 -0.001988
 -0.001770
 -0.001616
  0.000266
 -0.001648
 -0.000898
 -0.001467
 -0.002306
  0.000497
  0.000006
  0.000251
  0.002219
  0.000504
  0.000526
 -0.000989
 -0.000093
  0.000108
 -0.000389
 -0.000443
 -0.000352
 -0.000615
 -0.000907
  0.001659
  0.000791
 -0.000560
 -0.000529
  0.000411
 -0.000269
 -0.001274
  0.000071
 -0.000208
 -0.000800
 -0.001549
  0.000144
  0.000089
 -0.000163
 -0.001028
  0.000247
 -0.000032
 -0.000421
  0.002059
 -0.000091
 -0.000571
  0.001389
 -0.000044
 -0.000523
  0.001542
  0.000692
 -0.000351
 -0.000606
 -0.001267
  0.000056
  0.001194
  0.000441
  0.000232
 -0.000328
 -0.000728
  0.000650
 -0.001502
  0.000487
  0.000094
 -0.000235
  0.001960
  0.000696
  0.000541
  0.001243
 -0.000856
  0.000110
  0.000046
  0.001167
 -0.001265
 -0.001196
 -0.000582
 -0.002207
 -0.000862
 -0.000099
 -0.000018
 -0.000948
  0.000094
 -0.000025
 -0.001844
 -0.000060
  0.000790
 -0.000532
 -0.000734
  0.000988
 -0.001083
 -0.001152
  0.000089
  0.001707
  0.000465
  0.001358
 -0.000078
 -0.001284
 -0.000656
  0.001324
  0.000355
 -0.000358
  0.000251
 -0.000937
  0.001505
 -0.000436
  0.001891
 -0.001938
 -0.000146
 -0.002738
 -0.000016
 -0.000289
 -0.000415
 -0.002946
 -0.000125
 -0.000284
 -0.001727
 -0.000422
  0.001011
 -0.002205
  0.000586
 -0.000458
 -0.000321
  0.000317
  0.000468
  0.000432
 -0.000830
 -0.000030
 -0.000500
 -0.000065
 -0.001980
  0.001713
  0.000048
 -0.000125
 -0.000131
 -0.000004
 -0.000473
  0.000242
 -0.000073
  0.000963
 -0.000824
 -0.000901
 -0.000619
 -0.001728
  0.000202
  0.001167
  0.000511
  0.001136
 -0.000564
 -0.000201
 -0.000715
 -0.000725
  0.000628
 -0.000280
  0.000208
 -0.001821
 -0.000079
 -0.000260
 -0.001048
  0.001229
  0.000312
 -0.002279
  0.002747
  0.000271
 -0.000940
 -0.000394
  0.000673
  0.001232
 -0.000425
  0.000169
  0.002159
  0.000418
  0.000463
  0.000716
 -0.000083
  0.000063
 -0.000406
  0.000768
  0.000258
  0.000402
  0.001160
  0.000634
 -0.000326
 -0.001743
  0.000017
 -0.000073
 -0.001429
  0.000415
 -0.000599
  0.002019
 -0.000757
 -0.000065
  0.000739
 -0.000070
 -0.001266
  0.000497
  0.000543
 -0.000260
  0.000254
  0.000484
 -0.000160
 -0.001625
 -0.000054
  0.000050
 -0.000479
 -0.000005
  0.002201
  0.001738
  0.000902
  0.000214
 -0.001058
  0.000633
 -0.002983
  0.001113
 -0.000110
  0.000509
  0.000132
 -0.000328
 -0.000027
 -0.000955
 -0.000048
 -0.000072
  0.000727
  0.000353
  0.001600
 -0.000009
 -0.000160
 -0.000742
 -0.000789
 -0.000265
  0.000032
  0.000245
  0.000170
 -0.000710
 -0.000719
 -0.000511
 -0.000027
 -0.000205
 -0.000430
 -0.000271
  0.001281
  0.000863
 -0.000219
  0.000458
  0.000356
 -0.000326
  0.000250
  0.000771
 -0.000194
  0.000017
  0.000106
 -0.000102
 -0.000095
 -0.000386
 -0.000274
  0.000012
 -0.000217
 -0.000856
 -0.000067
 -0.000001
 -0.000364
 -0.000017
 -0.000036
  0.000052
 -0.000429
 -0.000566
 -0.000365
 -0.000404
  0.000361
 -0.001578
 -0.000111
