  0.002027
 -0.078837
 -0.155931
  0.036105
 -0.085889
  0.962598
  0.029280
 -0.001927
 -0.019532
  0.057002
 -0.050666
  0.037902
  0.048691
 -0.033946
 -0.009702
 -0.019287
  0.026930
  0.095107
 -0.016410
 -0.004174
  0.006634
  0.032929
 -0.080206
  0.022742
  0.013508
  0.018211
 -0.033775
 -0.007679
  0.002975
  0.006034
 -0.000855
 -0.009854
  0.000934
 -0.008225
 -0.011597
 -0.005337
  0.001010
  0.001332
 -0.001310
 -0.018204
 -0.005032
 -0.003428
  0.005067
  0.013324
 -0.002856
  0.000876
 -0.003113
  0.005774
  0.005745
  0.000138
 -0.007029
 -0.002108
 -0.000445
 -0.001009
 -0.003337
 -0.000772
  0.001053
 -0.000322
 -0.003086
  0.001078
 -0.005179
 -0.002819
 -0.001145
  0.003083
 -0.001969
 -0.001754
  0.004072
  0.002015
  0.005826
  0.003377
 -0.005445
 -0.003110
  0.000830
  0.000000
  0.004218
  0.001409
  0.000057
  0.000557
  0.001685
  0.000242
 -0.000169
  0.001415
  0.001950
 -0.001602
 -0.002097
 -0.000090
  0.003351
 -0.002879
  0.000193
 -0.000417
 -0.000069
  0.002150
 -0.001943
 -0.004023
  0.001812
 -0.000491
 -0.002499
 -0.000925
 -0.001090
  0.000705
  0.002809
 -0.002101
 -0.000192
 -0.000843
 -0.000291
  0.000373
  0.000730
 -0.000140
 -0.004801
 -0.001265
 -0.001539
  0.002840
 -0.000852
 -0.001175
 -0.002014
 -0.002278
  0.002872
 -0.001726
  0.000238
  0.002156
 -0.000134
  0.004202
 -0.000657
  0.002935
 -0.001935
 -0.000089
 -0.000964
 -0.001522
  0.003555
 -0.000159
  0.000653
 -0.000314
  0.000531
 -0.000150
  0.001102
 -0.000291
  0.001926
 -0.003769
  0.001247
 -0.000011
 -0.000502
  0.000481
  0.000169
  0.002122
 -0.001383
 -0.000528
  0.000493
 -0.002726
 -0.003755
 -0.001947
 -0.000308
  0.001636
  0.000319
  0.000236
 -0.000192
 -0.000205
  0.000846
  0.002067
  0.000005
  0.000654
  0.000997
  0.000454
 -0.000692
 -0.002055
  0.001226
 -0.000660
 -0.001481
  0.001457
  0.000036
  0.000133
 -0.002376
  0.000475
  0.001817
  0.001567
 -0.000369
  0.000437
  0.001169
  0.001543
  0.001632
 -0.000087
  0.000267
 -0.001217
 -0.000683
  0.001919
 -0.002204
  0.000630
  0.002257
  0.000280
  0.000182
 -0.001296
 -0.002066
  0.001313
 -0.001925
  0.000369
 -0.000113
 -0.000403
 -0.000897
 -0.000442
 -0.000403
 -0.000845
 -0.001200
  0.000607
  0.000795
 -0.000159
 -0.000278
  0.000095
  0.000306
  0.000302
 -0.000594
  0.000169
  0.001390
  0.000959
 -0.000273
 -0.000429
 -0.000111
  0.001279
 -0.000273
 -0.000283
  0.000305
  0.000769
  0.000238
 -0.000945
 -0.001199
 -0.000126
  0.001306
 -0.000188
 -0.001087
 -0.000069
 -0.000937
 -0.000855
  0.000253
  0.000104
 -0.000321
  0.000543
 -0.000615
 -0.000179
 -0.000821
  0.000503
 -0.000321
 -0.000284
  0.000645
  0.000612
 -0.000195
 -0.000818
 -0.000023
  0.000813
 -0.000001
  0.000346
  0.000004
  0.000572
 -0.000107
  0.001336
  0.000821
  0.001248
  0.000159
 -0.000038
  0.000085
  0.001015
  0.000220
 -0.000166
 -0.000301
  0.000243
  0.000617
 -0.001064
  0.000284
 -0.001442
  0.000720
  0.001644
  0.000273
 -0.000621
  0.001174
  0.001505
  0.000498
 -0.001255
 -0.001966
 -0.001162
 -0.000744
  0.000049
 -0.000593
  0.002291
 -0.000413
  0.001423
 -0.001569
  0.001051
 -0.000280
 -0.001746
 -0.000560
 -0.000687
  0.000101
 -0.000443
 -0.000362
  0.000480
  0.000074
 -0.000129
 -0.001423
 -0.000458
 -0.000995
  0.000322
  0.000333
 -0.000961
  0.000278
 -0.001213
  0.000093
  0.000295
 -0.000761
  0.001763
 -0.000288
  0.001270
  0.000139
  0.000427
 -0.000686
  0.000853
 -0.000739
 -0.000747
 -0.000291
  0.001233
 -0.001503
  0.000909
 -0.001706
 -0.000031
 -0.000217
 -0.000588
 -0.001079
  0.001545
 -0.000946
  0.000552
  0.000738
 -0.000782
  0.000058
 -0.001306
  0.000439
 -0.000552
  0.000125
  0.000192
 -0.000327
  0.000818
 -0.000915
 -0.000069
 -0.000101
  0.000771
  0.000517
 -0.001182
  0.000398
 -0.000886
  0.000117
  0.000400
 -0.000108
 -0.000274
  0.000526
  0.000682
  0.000275
 -0.000603
  0.000211
  0.000687
  0.000019
 -0.000330
 -0.000125
 -0.001019
  0.000211
 -0.000218
  0.000027
 -0.000365
 -0.000618
 -0.000072
  0.000949
  0.000506
  0.001426
  0.002632
  0.000603
 -0.000099
 -0.001305
 -0.000464
 -0.001636
 -0.000485
 -0.001336
 -0.000525
 -0.001986
 -0.000480
  0.001191
 -0.000421
 -0.000884
  0.001979
 -0.001339
 -0.001086
 -0.000482
  0.000370
  0.000582
 -0.000361
 -0.001484
  0.000466
 -0.000321
  0.001383
  0.000498
  0.003415
 -0.001378
 -0.000516
 -0.000171
  0.000806
 -0.001572
 -0.000448
 -0.001570
 -0.000863
  0.000988
  0.000287
  0.000441
 -0.000234
  0.000758
 -0.000858
 -0.000036
  0.000753
  0.001556
  0.000382
 -0.000224
 -0.000799
  0.000385
  0.001598
  0.001315
 -0.000532
  0.000567
 -0.000399
  0.000295
  0.000633
 -0.001446
  0.000387
  0.000193
 -0.002514
 -0.000895
  0.000830
  0.001256
 -0.000614
 -0.001140
 -0.000466
 -0.000047
  0.000532
  0.000375
 -0.000208
 -0.000065
 -0.000454
  0.000612
  0.000713
 -0.000408
 -0.000156
 -0.000708
 -0.001256
  0.000703
 -0.001005
 -0.000150
  0.000184
 -0.000034
  0.001099
 -0.002241
  0.000512
 -0.000002
 -0.000828
  0.000463
 -0.000065
  0.000445
  0.000201
  0.000209
 -0.000003
 -0.000346
 -0.000127
  0.001345
  0.000417
  0.000132
 -0.000087
  0.000143
 -0.000470
  0.000877
 -0.000714
  0.000175
  0.000171
  0.000040
 -0.000061
  0.000265
  0.000005
  0.000562
 -0.000502
 -0.000124
 -0.000381
  0.000357
  0.000062
  0.000129
 -0.000412
 -0.000135
 -0.000197
 -0.000425
  0.000109
  0.000349
  0.000505
  0.000546
 -0.000220
  0.000301
 -0.000496
 -0.000108
  0.000059
  0.000052
 -0.000080
 -0.000485
  0.000274
 -0.000075
 -0.000102
 -0.000528
 -0.000078
 -0.000252
  0.000069
 -0.000097
 -0.000432
 -0.000000
  0.000217
  0.000242
 -0.000243
  0.000383
  0.000254
 -0.000096
 -0.000137
  0.000190
 -0.000123
 -0.000092
  0.000049
 -0.000704
 -0.000373
 -0.000300
  0.000422
 -0.000411
 -0.000971
  0.000173
 -0.000685
  0.000828
 -0.000904
  0.000139
 -0.000074
 -0.000056
  0.000257
  0.000023
 -0.000005
 -0.000234
  0.000103
 -0.000113
  0.000293
  0.000032
  0.000203
  0.000311
 -0.000066
  0.000099
 -0.000220
  0.000726
 -0.000394
  0.000010
  0.000409
  0.000271
 -0.000045
  0.000409
 -0.000132
 -0.000688
 -0.000484
  0.000200
 -0.000701
  0.000347
  0.000310
 -0.000093
  0.000131
  0.000079
  0.000169
 -0.001031
  0.000590
 -0.000176
 -0.000004
 -0.000602
  0.000117
  0.000714
  0.000262
  0.000146
 -0.000410
  0.000470
 -0.000169
  0.000009
 -0.000576
 -0.000495
 -0.000153
  0.000086
  0.000405
  0.000181
  0.000139
  0.000231
  0.000413
 -0.000337
  0.000247
 -0.000328
  0.000014
  0.000399
  0.000619
  0.001000
  0.000100
 -0.000053
 -0.000071
 -0.000523
  0.000125
 -0.000118
  0.000513
 -0.000532
 -0.000493
  0.000121
 -0.000306
 -0.000181
  0.000009
  0.000142
  0.000188
 -0.000564
 -0.000195
 -0.000244
 -0.000029
  0.000204
  0.000026
 -0.000522
  0.000505
 -0.000420
  0.000530
 -0.000108
 -0.000026
  0.000370
 -0.000306
 -0.000048
 -0.000676
  0.000147
  0.000260
  0.000427
 -0.000308
  0.000376
 -0.000259
  0.000373
  0.000147
 -0.000205
  0.000230
 -0.000263
  0.000347
 -0.000264
  0.000109
 -0.000023
  0.000399
  0.000306
 -0.000053
 -0.000024
 -0.000104
 -0.000204
  0.000494
  0.000247
 -0.000647
  0.000225
  0.000162
  0.000496
  0.000073
  0.000098
  0.000199
 -0.000080
  0.000242
 -0.000153
  0.000109
 -0.000280
  0.000596
 -0.000039
 -0.000043
 -0.000927
 -0.000685
 -0.000961
  0.000222
 -0.000069
 -0.000472
 -0.000072
 -0.000105
 -0.000358
  0.000068
  0.001047
  0.000434
  0.001000
 -0.000427
 -0.000043
 -0.000395
  0.000749
 -0.001304
  0.000713
  0.000035
  0.000545
 -0.000491
 -0.000885
  0.000368
  0.000394
  0.000376
 -0.000526
 -0.000480
 -0.000508
  0.000355
 -0.000589
 -0.001229
 -0.000966
  0.000047
  0.000282
 -0.000870
  0.001192
  0.000045
  0.000385
 -0.000328
 -0.000101
 -0.000082
 -0.000158
  0.000033
 -0.000158
  0.000324
  0.000049
 -0.000206
 -0.000017
 -0.000461
  0.000408
 -0.000030
  0.000220
  0.000554
  0.000406
 -0.000425
 -0.000161
 -0.000283
 -0.000241
  0.000401
 -0.000343
  0.000279
 -0.000066
  0.000597
  0.000166
  0.000644
  0.000081
  0.000194
 -0.000006
 -0.000266
 -0.000394
  0.000164
  0.000111
 -0.000023
  0.000445
 -0.000348
 -0.000131
  0.000269
 -0.000234
  0.000343
  0.000317
 -0.000373
  0.000251
  0.000159
  0.000198
  0.000257
 -0.000065
  0.000024
 -0.000459
  0.000079
 -0.000250
 -0.000127
 -0.000167
  0.000380
  0.000437
  0.000013
  0.000246
 -0.000484
 -0.000312
  0.000625
  0.000083
  0.000324
 -0.000429
 -0.000230
 -0.000093
 -0.000029
  0.000029
  0.000390
 -0.000283
  0.000335
 -0.000143
 -0.000162
  0.000211
 -0.000170
 -0.000078
  0.000008
 -0.000299
  0.000341
  0.000438
 -0.000161
 -0.000057
  0.000124
 -0.000019
 -0.000004
  0.000319
 -0.000333
 -0.000063
  0.000431
 -0.000056
 -0.000101
 -0.000027
 -0.000017
  0.000030
 -0.000051
 -0.000102
  0.000006
 -0.000232
 -0.000057
  0.000079
  0.000137
 -0.000201
 -0.000148
  0.000068
 -0.000075
  0.000251
  0.000221
 -0.000116
  0.000008
  0.000056
  0.000275
  0.000242
 -0.000039
 -0.000092
 -0.000225
 -0.000030
  0.000183
  0.000057
 -0.000111
 -0.000056
  0.000059
 -0.000041
  0.000169
 -0.000085
