 -0.087771
  0.050514
  0.219604
  0.786611
 -0.066301
 -0.549957
 -0.010421
  0.020872
  0.027328
  0.008821
  0.003445
  0.019316
 -0.000271
  0.025846
 -0.010497
 -0.078156
  0.008778
 -0.000472
 -0.007262
 -0.011285
 -0.008820
 -0.015029
  0.007704
 -0.001315
  0.005683
  0.031157
  0.000740
 -0.003306
  0.002518
  0.000188
 -0.003550
 -0.019916
 -0.012419
 -0.006111
  0.019073
  0.007032
 -0.001605
  0.035813
 -0.009053
 -0.000769
  0.016791
 -0.002263
 -0.004698
  0.001464
  0.005512
 -0.000528
 -0.003972
 -0.021041
 -0.011810
 -0.009967
  0.015156
 -0.009627
 -0.003134
  0.009956
 -0.000217
  0.012711
  0.004148
 -0.012166
  0.001259
  0.009306
  0.005626
 -0.002507
  0.001558
 -0.003200
  0.002223
  0.007214
 -0.002238
  0.005900
 -0.014622
 -0.003997
  0.005877
  0.000560
  0.003015
 -0.002621
 -0.006406
 -0.004870
 -0.003295
  0.001961
 -0.003388
  0.002266
 -0.000393
 -0.002378
  0.005855
 -0.002393
 -0.002646
  0.002579
 -0.001633
  0.003430
  0.005061
 -0.002145
 -0.002597
 -0.002047
  0.004063
 -0.000094
  0.002148
  0.002158
  0.000470
 -0.000464
 -0.004468
 -0.000088
 -0.000613
 -0.002721
  0.000680
 -0.005418
  0.001266
 -0.001032
  0.002628
 -0.000934
  0.001370
  0.003287
  0.000952
 -0.002228
 -0.002800
 -0.003532
  0.001341
 -0.000465
 -0.002066
 -0.001910
  0.000542
  0.000418
 -0.005682
  0.001805
  0.001032
  0.003077
  0.000200
 -0.001689
 -0.000940
  0.000789
  0.001466
  0.002803
  0.002067
 -0.000494
 -0.000186
  0.000804
  0.001339
  0.002802
  0.004351
  0.000683
 -0.002030
 -0.000246
 -0.001249
 -0.000657
 -0.000275
  0.000072
  0.002500
  0.002577
  0.003543
  0.000989
 -0.000616
  0.000299
  0.002138
 -0.002595
 -0.000017
 -0.000362
  0.002183
 -0.001099
 -0.000901
  0.001257
 -0.002323
 -0.000547
  0.000886
  0.000285
 -0.000269
  0.000291
  0.001282
 -0.000814
  0.000383
 -0.001111
  0.000718
 -0.000435
  0.000859
 -0.001655
  0.000511
 -0.001499
  0.001460
 -0.001686
  0.001624
  0.001805
  0.000767
  0.000834
  0.003965
  0.001526
 -0.000877
 -0.002095
  0.004949
  0.001240
 -0.000077
  0.001736
  0.003892
  0.003560
 -0.000937
 -0.001010
 -0.000963
  0.000048
 -0.000951
  0.000514
  0.000098
 -0.000165
  0.002026
  0.000463
  0.000076
  0.001834
 -0.000377
  0.001305
  0.001045
 -0.001309
  0.000212
 -0.000550
 -0.001213
 -0.001039
 -0.001400
  0.000662
 -0.000062
  0.000191
  0.000195
 -0.001195
 -0.000655
 -0.000954
  0.000083
  0.001005
  0.000011
  0.000301
  0.000267
  0.000601
 -0.001118
 -0.000478
 -0.000045
  0.001290
  0.000158
 -0.000750
  0.004395
 -0.002731
 -0.000235
 -0.003860
  0.001396
 -0.003640
 -0.005099
  0.001626
 -0.001686
 -0.002291
 -0.000734
  0.003891
 -0.001641
  0.001143
  0.000453
 -0.000710
 -0.000925
 -0.001604
  0.000891
 -0.001364
  0.001893
  0.000493
  0.001329
  0.001532
 -0.000324
  0.002840
 -0.000934
  0.000928
  0.000939
  0.000323
  0.000840
  0.000534
 -0.000502
 -0.001164
 -0.000021
  0.000286
 -0.000710
 -0.001485
  0.000545
  0.000665
  0.000234
 -0.000087
 -0.000068
  0.000945
  0.000378
 -0.000084
 -0.001125
 -0.000150
  0.000135
  0.000289
  0.001238
 -0.000728
  0.002053
  0.001613
 -0.001090
  0.000698
  0.000918
  0.000636
  0.000004
  0.000421
 -0.000254
  0.000072
 -0.000172
  0.000663
 -0.001895
 -0.001153
 -0.000028
 -0.000491
  0.000227
 -0.002454
 -0.001009
 -0.000164
 -0.000515
 -0.000989
 -0.000470
  0.000742
  0.000025
  0.000697
 -0.000253
  0.000497
 -0.000830
 -0.000513
 -0.000323
  0.000581
 -0.000711
 -0.000248
  0.001142
  0.000390
 -0.000129
 -0.000019
 -0.000960
 -0.000926
 -0.000165
 -0.000014
 -0.000183
 -0.000609
 -0.000389
  0.000578
 -0.000090
  0.000050
  0.000669
 -0.000207
  0.000105
 -0.000070
  0.000757
 -0.000307
 -0.000221
 -0.001268
 -0.000546
 -0.001530
 -0.000866
  0.000323
 -0.000554
 -0.000352
 -0.002475
 -0.000705
 -0.000220
 -0.000494
 -0.000127
  0.000512
 -0.001306
  0.000503
 -0.000064
  0.000454
 -0.001253
  0.000848
 -0.000507
  0.000553
 -0.000365
  0.000245
  0.000466
 -0.001467
  0.000429
  0.000259
  0.000255
 -0.001345
 -0.000782
 -0.000502
 -0.000022
 -0.000115
  0.000287
 -0.000561
  0.000210
 -0.000770
  0.000055
  0.001096
 -0.000837
 -0.000432
 -0.000211
  0.000524
 -0.000567
  0.000284
 -0.001372
 -0.000358
  0.000040
 -0.000479
 -0.001093
  0.000963
 -0.000006
 -0.000492
  0.000014
  0.001039
 -0.000183
 -0.000455
 -0.000808
 -0.002913
 -0.002054
  0.000764
  0.000209
 -0.000271
 -0.000551
 -0.000037
  0.000920
 -0.000593
 -0.000023
  0.000471
 -0.000795
  0.000242
 -0.000499
 -0.000518
 -0.000038
 -0.000242
 -0.000306
 -0.000453
 -0.000683
 -0.000442
  0.000524
  0.000011
 -0.000184
  0.001654
 -0.000309
  0.000312
  0.000849
 -0.000714
  0.000609
  0.001104
  0.000068
 -0.000081
  0.000039
  0.000493
 -0.001052
 -0.000435
 -0.000294
  0.000007
 -0.000864
  0.000530
 -0.001160
 -0.000290
  0.000074
 -0.000392
 -0.000636
  0.000131
 -0.001307
  0.000037
 -0.000043
  0.002020
  0.000276
  0.000941
 -0.000129
 -0.000122
  0.000240
  0.000015
 -0.000084
  0.000573
 -0.000429
  0.000102
 -0.000154
  0.000550
  0.000018
 -0.000293
  0.000108
 -0.000309
 -0.000716
 -0.000085
 -0.000509
 -0.000357
 -0.000437
 -0.000300
  0.000286
 -0.000295
 -0.000349
 -0.000598
 -0.000199
  0.000158
  0.000239
 -0.000373
  0.000080
  0.000116
 -0.000176
  0.000176
  0.000217
 -0.000251
  0.000362
  0.000135
  0.000241
  0.000275
  0.000035
 -0.000425
  0.000080
 -0.000022
 -0.000293
 -0.000279
 -0.000783
 -0.000567
  0.000272
 -0.000704
 -0.000116
 -0.000053
  0.000151
  0.000469
 -0.000318
 -0.000177
 -0.000195
 -0.000280
  0.000253
  0.000034
  0.000020
  0.000321
  0.000238
 -0.000778
 -0.000002
 -0.000373
 -0.000199
  0.000008
 -0.000483
  0.000077
  0.000078
  0.000227
  0.000442
 -0.000116
 -0.000303
 -0.000206
 -0.000566
  0.000942
 -0.000623
  0.000214
 -0.000111
  0.000384
  0.000368
  0.000003
 -0.000311
  0.000372
  0.000642
  0.000023
 -0.000030
 -0.000203
  0.000072
 -0.000641
  0.000713
  0.001113
 -0.000168
  0.000107
  0.000002
 -0.000869
  0.000143
  0.000393
  0.000469
  0.000331
  0.000025
  0.000350
 -0.000114
  0.000328
 -0.000637
 -0.001080
 -0.000055
  0.000296
  0.000500
  0.000408
  0.000000
  0.000210
 -0.000183
 -0.000478
  0.000500
 -0.000756
 -0.000189
  0.000343
  0.000042
  0.000358
  0.000236
 -0.000186
  0.000310
 -0.000172
 -0.000324
  0.000113
 -0.000256
 -0.000078
 -0.000051
  0.000458
 -0.000200
 -0.000074
  0.000195
 -0.000085
  0.000351
 -0.000060
  0.000149
  0.000192
 -0.000148
 -0.000229
  0.000039
 -0.000040
 -0.000333
 -0.000226
 -0.000102
 -0.000252
 -0.000287
  0.000283
  0.000195
 -0.000337
 -0.000243
  0.000017
  0.000476
  0.000242
  0.000627
 -0.000054
  0.000699
  0.000263
 -0.000519
 -0.000326
  0.000039
 -0.000373
 -0.000046
 -0.000080
 -0.000278
  0.000543
  0.000020
  0.000398
  0.000227
 -0.000492
  0.000052
  0.000449
  0.000106
 -0.000159
  0.000111
  0.000456
  0.000211
 -0.000105
  0.000980
  0.000263
  0.000295
 -0.000136
 -0.000333
 -0.000176
 -0.000010
  0.000266
  0.000194
 -0.000251
  0.000105
  0.000097
  0.000493
  0.000259
 -0.000153
  0.000189
  0.000100
 -0.000182
 -0.000226
 -0.000224
  0.000033
 -0.000031
 -0.000214
 -0.000036
  0.000284
 -0.000340
 -0.000534
 -0.000266
 -0.000661
  0.000082
  0.000105
  0.000455
 -0.000619
  0.000888
  0.000089
  0.000467
 -0.000025
 -0.000123
 -0.000004
 -0.000508
 -0.000963
  0.000683
 -0.000538
 -0.000675
 -0.000752
  0.000805
  0.000321
  0.000142
 -0.000152
 -0.000211
 -0.000315
 -0.000043
  0.000396
  0.000244
  0.000113
 -0.000289
  0.000231
 -0.000102
 -0.000342
 -0.000161
  0.000079
  0.000401
 -0.000656
 -0.000256
  0.000288
 -0.000153
  0.000606
 -0.000453
  0.000299
  0.000315
  0.000339
  0.000126
  0.000213
  0.000135
 -0.000190
 -0.000083
 -0.000111
  0.000295
 -0.000154
  0.000111
 -0.000427
 -0.000398
  0.000022
  0.000063
  0.000455
 -0.000171
 -0.000400
 -0.000346
  0.000215
  0.000177
  0.000092
 -0.000074
  0.000086
 -0.000221
  0.000779
  0.000276
 -0.000422
  0.000472
 -0.000078
 -0.000553
  0.000167
  0.000074
 -0.000234
 -0.000307
 -0.000741
 -0.000456
  0.000311
  0.000044
  0.000070
 -0.000524
  0.000089
  0.000133
 -0.000456
  0.001080
  0.000710
  0.000338
  0.000284
  0.000280
  0.000051
 -0.000334
 -0.000044
 -0.000693
  0.000301
 -0.000003
 -0.000629
 -0.000184
  0.000013
  0.000322
 -0.000132
 -0.000248
  0.000352
 -0.000006
 -0.000012
  0.000137
  0.000032
 -0.000030
  0.000198
  0.000176
  0.000137
  0.000060
  0.000250
 -0.000260
  0.000170
 -0.000105
 -0.000108
 -0.000023
 -0.000436
  0.000006
 -0.000054
  0.000080
 -0.000028
 -0.000035
 -0.000184
  0.000059
 -0.000199
 -0.000189
 -0.000091
 -0.000143
  0.000435
 -0.000082
  0.000248
 -0.000077
 -0.000004
  0.000114
  0.000337
  0.000195
 -0.000046
  0.000373
  0.000109
  0.000131
 -0.000152
 -0.000294
 -0.000559
  0.000116
 -0.000161
  0.000090
  0.000002
  0.000065
  0.000173
 -0.000215
  0.000119
 -0.000069
  0.000032
 -0.000047
 -0.000008
  0.000022
 -0.000012
  0.000196
  0.000099
 -0.000064
  0.000371
 -0.000140
 -0.000024
  0.000185
  0.000040
 -0.000015
 -0.000127
  0.000103
  0.000043
