 -0.051345
  0.960557
 -0.123569
  0.229653
  0.011345
  0.047534
 -0.014449
  0.013729
  0.013715
 -0.001782
  0.013414
 -0.016980
  0.012325
  0.016339
 -0.011465
 -0.003902
  0.012545
  0.024324
 -0.017505
  0.003211
  0.004550
 -0.001795
 -0.023709
  0.011618
  0.016158
  0.002380
  0.001280
  0.002619
  0.004561
  0.008626
 -0.006124
  0.000543
  0.001372
 -0.000093
 -0.001506
 -0.006786
  0.000727
 -0.004324
 -0.004609
 -0.001123
  0.002161
 -0.000958
  0.002759
  0.002508
  0.002023
  0.001400
 -0.001636
 -0.004299
 -0.001703
  0.001901
 -0.001233
  0.004581
  0.000057
  0.002155
  0.002155
 -0.006273
  0.002234
 -0.002278
 -0.000222
 -0.001692
 -0.004104
 -0.002018
 -0.001146
  0.002880
  0.000924
  0.001036
  0.001713
 -0.000221
 -0.000474
  0.000688
  0.000840
 -0.000512
 -0.001514
 -0.001035
  0.000191
 -0.000740
 -0.001423
  0.001876
  0.000806
  0.001170
 -0.001404
  0.001684
 -0.001672
  0.003084
  0.002892
 -0.002152
  0.000564
 -0.001817
 -0.000786
  0.000321
  0.000561
 -0.000285
  0.001151
 -0.001567
  0.000254
  0.000196
  0.001679
  0.000353
 -0.001404
  0.000166
  0.001172
  0.000026
 -0.000400
  0.000617
 -0.001612
  0.000104
  0.000226
  0.000210
 -0.001044
 -0.000182
 -0.000631
  0.001587
  0.000496
 -0.000779
  0.001873
  0.002497
  0.000346
 -0.001511
 -0.001503
  0.000015
 -0.001289
 -0.001734
 -0.000291
 -0.000353
 -0.000011
 -0.000297
 -0.000324
  0.000464
 -0.003400
 -0.000134
  0.001402
 -0.001429
  0.000770
 -0.000001
 -0.000132
  0.000019
  0.000832
 -0.000691
  0.000000
 -0.000926
  0.000954
  0.001331
  0.000957
  0.000301
  0.000785
 -0.000360
 -0.000847
 -0.000996
  0.001213
 -0.000217
  0.001110
 -0.001323
 -0.000940
  0.001264
  0.000512
 -0.000309
  0.000173
 -0.001278
 -0.000187
 -0.001327
 -0.001791
  0.000059
  0.000513
  0.000476
  0.000028
 -0.000180
  0.000233
  0.001174
 -0.000081
 -0.000455
 -0.000950
  0.000856
 -0.000634
 -0.000244
 -0.000358
  0.000487
  0.001026
 -0.000195
 -0.001126
  0.000169
  0.001049
 -0.002220
  0.000741
 -0.001454
 -0.000247
 -0.001388
  0.000851
 -0.000279
 -0.000258
 -0.000194
 -0.000730
 -0.000228
 -0.000489
 -0.000289
 -0.000542
 -0.000753
 -0.000428
 -0.000079
  0.000656
  0.000266
 -0.000572
  0.000754
 -0.000361
 -0.000148
  0.000289
  0.000196
 -0.000663
 -0.000056
  0.000629
  0.000274
  0.000817
 -0.000491
 -0.000270
 -0.000361
 -0.000324
 -0.000037
 -0.000044
 -0.000368
  0.000207
 -0.000072
 -0.000316
 -0.000181
  0.000682
  0.000118
  0.000279
 -0.000349
  0.000754
 -0.000132
  0.000376
 -0.000163
  0.001222
 -0.000339
  0.000576
 -0.000150
  0.000242
 -0.000309
  0.000112
  0.000502
 -0.000333
 -0.000184
  0.000769
  0.000918
  0.000531
 -0.000318
 -0.000711
  0.000499
 -0.000151
 -0.000187
  0.000099
 -0.000193
  0.000578
 -0.000129
 -0.000079
 -0.000144
  0.000389
 -0.000134
  0.000285
 -0.000171
  0.000025
 -0.000342
 -0.000007
  0.000017
  0.000547
  0.000165
  0.000424
  0.000019
  0.000029
 -0.000167
 -0.000135
 -0.001354
  0.000170
  0.000252
 -0.000502
 -0.000032
 -0.000105
  0.000197
 -0.000796
  0.000217
  0.000547
 -0.000651
 -0.000631
 -0.000223
  0.000298
 -0.000569
  0.000014
  0.000901
 -0.000236
 -0.000286
 -0.000560
  0.000542
  0.000619
  0.000288
  0.000631
 -0.000673
 -0.000106
  0.000017
 -0.000175
 -0.000130
  0.000246
  0.000638
  0.000149
  0.000165
 -0.000024
  0.000069
  0.000488
  0.000225
  0.000289
 -0.000361
 -0.000335
 -0.000715
  0.001345
 -0.000015
  0.000475
  0.000272
  0.000536
 -0.000892
  0.000857
 -0.000187
  0.000096
  0.000478
 -0.000269
  0.000716
  0.001428
 -0.001155
  0.000296
  0.000064
  0.000436
 -0.000192
  0.000633
  0.000373
  0.000119
  0.000491
  0.000165
  0.000123
 -0.000159
 -0.000034
 -0.000159
 -0.000058
 -0.000184
  0.000323
 -0.000387
  0.000201
  0.000200
  0.000041
 -0.000027
 -0.000010
  0.000045
  0.000342
 -0.000434
 -0.000037
  0.000081
  0.000503
 -0.000033
 -0.000458
 -0.000292
  0.000818
  0.000221
 -0.000476
 -0.000269
  0.000057
 -0.000245
 -0.000465
  0.000287
  0.000370
 -0.000064
 -0.000378
 -0.000176
 -0.000448
 -0.000371
 -0.000007
  0.000021
  0.000568
  0.000560
  0.000293
  0.000046
  0.000128
  0.000616
  0.000516
 -0.000538
 -0.000024
  0.000097
 -0.000459
  0.000971
  0.000135
  0.000238
 -0.000190
 -0.000114
 -0.000090
  0.000119
  0.000022
  0.000113
 -0.000263
 -0.000148
 -0.000614
  0.000147
 -0.000247
  0.000055
 -0.000254
  0.000255
  0.000121
  0.000234
  0.000307
 -0.000294
 -0.000107
 -0.000413
  0.000173
  0.000052
  0.000495
 -0.000090
 -0.000428
 -0.000326
 -0.000401
  0.000084
 -0.000142
 -0.000234
  0.000163
  0.000242
 -0.000238
  0.000204
  0.000013
 -0.000339
 -0.000226
 -0.000033
 -0.000378
  0.000048
 -0.000238
 -0.000260
 -0.000489
 -0.000315
  0.000219
 -0.000187
 -0.000695
 -0.000145
  0.000386
 -0.000758
 -0.000632
  0.000070
  0.000143
 -0.000422
  0.000539
 -0.000702
 -0.001548
 -0.000909
 -0.000173
  0.000344
 -0.001093
  0.000962
 -0.000310
  0.000164
  0.000613
 -0.000457
  0.000431
 -0.000511
  0.000273
 -0.000162
 -0.000409
  0.000054
  0.000453
 -0.000020
 -0.000119
 -0.000025
 -0.000149
 -0.000363
 -0.000980
 -0.000839
 -0.000540
 -0.000295
  0.000434
  0.000517
  0.000452
 -0.000000
  0.000571
  0.000195
  0.000732
 -0.000336
 -0.000527
 -0.000708
 -0.000068
 -0.000321
  0.000118
 -0.000166
  0.000532
 -0.000323
  0.000173
  0.000104
  0.000233
 -0.000519
 -0.000131
  0.000069
  0.000111
 -0.000103
  0.000026
 -0.000119
 -0.000291
 -0.000135
 -0.000065
 -0.000042
 -0.000403
  0.000052
  0.000073
  0.000091
  0.000146
 -0.000186
  0.000234
 -0.000447
 -0.000158
  0.000171
  0.000146
  0.000333
 -0.000211
  0.000052
 -0.000169
  0.000435
  0.000120
  0.000274
 -0.000138
  0.000146
 -0.000090
 -0.000208
 -0.000235
 -0.000651
 -0.000168
 -0.000111
 -0.000257
 -0.000438
 -0.000184
 -0.000056
  0.000025
  0.000196
 -0.000184
  0.000288
 -0.000053
 -0.000236
 -0.000227
 -0.000048
 -0.000011
 -0.000175
 -0.000543
 -0.000114
  0.000174
  0.000258
  0.000017
  0.000171
  0.000050
  0.000008
 -0.000056
 -0.000040
 -0.000224
 -0.000139
 -0.000020
  0.000196
 -0.000004
 -0.000074
  0.000020
 -0.000230
  0.000058
  0.000065
 -0.000017
 -0.000240
  0.000080
  0.000179
  0.000063
  0.000140
 -0.000181
 -0.000292
 -0.000026
  0.000086
  0.000173
 -0.000027
  0.000156
 -0.000115
 -0.000282
  0.000167
  0.000240
 -0.000022
  0.000149
 -0.000187
 -0.000061
  0.000254
  0.000042
 -0.000045
  0.000162
  0.000114
 -0.000013
  0.000113
  0.000094
  0.000247
 -0.000053
  0.000087
 -0.000145
 -0.000074
  0.000005
  0.000173
 -0.000014
  0.000150
 -0.000080
  0.000082
 -0.000098
  0.000021
  0.000099
  0.000154
  0.000181
 -0.000248
  0.000578
  0.000303
  0.000073
 -0.000273
  0.000196
  0.000529
  0.000254
  0.000169
 -0.000127
 -0.000305
 -0.000275
  0.000090
 -0.000060
 -0.000020
 -0.000324
 -0.000066
  0.000484
 -0.000156
 -0.000229
 -0.000002
 -0.000143
 -0.000508
 -0.000218
 -0.000177
  0.000359
 -0.000580
 -0.000006
 -0.000386
 -0.000220
  0.000178
  0.000109
 -0.000410
 -0.000298
  0.000269
 -0.000712
  0.000105
  0.000422
  0.000014
 -0.000120
  0.000064
  0.000052
  0.000251
  0.000048
  0.000096
  0.000147
 -0.000000
 -0.000537
 -0.000439
 -0.000393
 -0.000122
  0.000072
 -0.000066
 -0.000543
  0.000185
 -0.000043
 -0.000128
  0.000115
  0.000209
  0.000070
  0.000333
  0.000043
 -0.000273
 -0.000048
 -0.000627
  0.000056
  0.000046
 -0.000097
 -0.000410
  0.000022
 -0.000209
  0.000361
 -0.000460
  0.000020
  0.000521
 -0.000113
 -0.000482
  0.000625
 -0.000299
  0.000190
  0.000077
  0.000100
  0.000388
 -0.000029
 -0.000302
 -0.000218
 -0.000133
  0.000094
  0.000337
 -0.000101
  0.000030
  0.000537
  0.000198
 -0.000126
 -0.000487
  0.000337
 -0.000132
 -0.000173
 -0.000168
  0.000174
  0.000087
 -0.000007
 -0.000276
 -0.000144
 -0.000002
  0.000074
  0.000373
  0.000103
 -0.000156
 -0.000198
 -0.000057
  0.000200
  0.000106
 -0.000171
  0.000065
  0.000089
 -0.000022
 -0.000011
  0.000057
 -0.000047
  0.000187
  0.000071
 -0.000088
  0.000009
 -0.000037
 -0.000032
 -0.000121
  0.000070
 -0.000133
  0.000074
  0.000005
 -0.000120
  0.000059
 -0.000058
  0.000055
  0.000100
 -0.000119
  0.000131
  0.000145
 -0.000082
  0.000018
 -0.000075
  0.000132
 -0.000125
 -0.000085
 -0.000037
 -0.000003
 -0.000001
 -0.000030
  0.000039
  0.000106
  0.000079
 -0.000061
 -0.000056
 -0.000039
 -0.000101
 -0.000073
  0.000080
  0.000051
 -0.000157
  0.000018
 -0.000137
  0.000115
  0.000078
 -0.000027
 -0.000027
  0.000030
 -0.000128
  0.000091
 -0.000235
  0.000141
  0.000126
  0.000049
  0.000154
  0.000003
 -0.000111
  0.000145
 -0.000116
 -0.000257
  0.000019
 -0.000039
 -0.000066
 -0.000172
 -0.000013
  0.000040
  0.000093
  0.000221
 -0.000176
  0.000131
  0.000127
 -0.000066
  0.000031
  0.000051
 -0.000118
  0.000275
  0.000158
  0.000190
  0.000035
 -0.000116
 -0.000027
 -0.000071
  0.000110
  0.000232
 -0.000029
  0.000094
 -0.000091
  0.000048
 -0.000013
  0.000080
 -0.000168
 -0.000224
 -0.000039
  0.000054
  0.000051
 -0.000161
  0.000214
  0.000150
 -0.000103
 -0.000031
  0.000049
 -0.000021
  0.000046
 -0.000002
