 -0.077991
 -0.063782
  0.367492
  0.825721
 -0.309723
  0.060112
 -0.057201
 -0.021660
 -0.075497
  0.007335
  0.052343
 -0.047020
 -0.039440
  0.089923
  0.070446
  0.018877
 -0.075594
 -0.028696
  0.024950
 -0.003940
  0.029189
  0.152869
  0.021316
 -0.014109
  0.006109
 -0.032809
 -0.012666
  0.007868
 -0.009812
  0.010624
  0.042211
  0.037715
  0.017363
  0.010403
  0.060142
 -0.002139
 -0.005476
 -0.011808
 -0.008732
 -0.002909
  0.009696
 -0.026171
 -0.025472
 -0.012055
  0.008522
 -0.003043
 -0.011228
 -0.004881
  0.001890
 -0.009958
  0.004175
  0.002180
 -0.003878
 -0.000062
 -0.001530
  0.006049
 -0.001199
 -0.006406
  0.008198
  0.003449
  0.006590
 -0.006061
 -0.002576
  0.000333
 -0.001103
 -0.002835
  0.000669
  0.002477
  0.002991
 -0.003803
 -0.003431
 -0.005396
 -0.005746
  0.002961
 -0.002239
  0.002936
  0.003120
 -0.000208
 -0.002946
 -0.002252
 -0.003026
  0.000347
 -0.001090
 -0.001262
 -0.000428
 -0.002274
 -0.006696
  0.000714
 -0.000299
  0.000097
 -0.002517
  0.004337
 -0.000810
 -0.001721
 -0.001294
  0.001173
 -0.001216
  0.000843
  0.000388
  0.001896
 -0.003386
 -0.000480
 -0.001120
 -0.000086
 -0.000557
  0.001563
  0.000144
  0.000723
 -0.001861
  0.000505
  0.002208
  0.000503
  0.001524
 -0.003014
  0.001471
 -0.002299
  0.000604
 -0.001432
  0.001309
 -0.001043
 -0.001097
  0.000724
 -0.001522
 -0.000026
 -0.003605
  0.000453
 -0.001412
 -0.001689
 -0.000506
  0.001108
 -0.003900
 -0.001516
  0.001878
  0.000938
 -0.000899
 -0.002607
  0.000294
  0.000877
 -0.000846
  0.002009
 -0.000235
  0.000717
  0.002388
 -0.000789
 -0.000781
 -0.000276
 -0.000453
 -0.000117
 -0.000425
  0.000635
 -0.001531
 -0.001417
 -0.001128
  0.000455
 -0.000800
  0.003345
 -0.002335
  0.000562
 -0.001809
 -0.000008
 -0.003277
  0.003413
 -0.002082
  0.004900
  0.000246
  0.002434
  0.003776
 -0.001268
 -0.001492
 -0.001858
 -0.002230
 -0.000704
  0.003802
  0.002857
 -0.001201
 -0.001437
 -0.003586
  0.003504
 -0.000298
  0.000473
  0.000688
 -0.001763
  0.000624
 -0.000614
  0.002779
 -0.003059
 -0.001654
 -0.001819
 -0.001413
 -0.001438
  0.001215
  0.000314
  0.001428
 -0.002582
  0.000951
  0.000060
  0.000215
 -0.001178
  0.000309
 -0.000519
  0.001404
 -0.001190
 -0.001549
 -0.000026
  0.000619
 -0.000568
  0.002872
  0.000569
  0.000567
 -0.000477
 -0.001970
 -0.001089
 -0.001399
  0.000050
 -0.000283
  0.000597
  0.000923
 -0.001981
  0.000103
 -0.000631
 -0.000744
  0.000199
 -0.000842
  0.000200
 -0.000646
  0.000131
  0.000171
 -0.000184
  0.001618
  0.001557
  0.001785
 -0.000277
  0.001276
 -0.000149
 -0.000682
  0.000213
 -0.000177
 -0.000324
  0.000507
  0.001055
 -0.000270
  0.000664
  0.000000
  0.000218
  0.002420
 -0.000539
  0.000947
 -0.000798
  0.000133
  0.000666
 -0.000684
 -0.000863
 -0.000603
  0.000059
 -0.000404
  0.000320
 -0.000088
 -0.000124
 -0.001357
  0.001907
 -0.000535
  0.000666
  0.000130
 -0.000040
  0.000129
  0.000751
  0.000885
  0.000744
 -0.001008
  0.000661
  0.000292
 -0.000325
  0.000685
 -0.000087
  0.001018
  0.000496
 -0.000589
 -0.000697
  0.000431
  0.001835
  0.000290
  0.000010
 -0.000282
  0.000530
  0.000449
  0.000645
 -0.000362
 -0.000416
  0.000025
 -0.000512
  0.003142
  0.000218
  0.000272
 -0.000199
 -0.000680
 -0.000781
  0.000165
 -0.000293
 -0.000833
 -0.000287
 -0.000606
  0.000113
 -0.000726
 -0.000521
 -0.003726
 -0.000418
  0.000381
  0.000189
 -0.000902
 -0.000304
 -0.000767
 -0.000964
 -0.000529
  0.000919
 -0.000189
  0.001496
 -0.000426
 -0.001457
  0.000021
  0.000125
 -0.000261
  0.000445
 -0.000051
  0.000208
  0.000227
 -0.000061
 -0.000024
  0.000263
  0.000160
  0.000184
  0.000093
  0.000036
 -0.000088
 -0.000353
  0.000172
 -0.000052
 -0.000293
 -0.000077
 -0.000114
  0.000209
 -0.000507
  0.000355
  0.000045
 -0.000153
  0.000631
 -0.000482
  0.000281
  0.000433
 -0.000869
 -0.000241
 -0.000828
  0.000374
  0.000049
  0.000358
  0.000306
  0.000100
  0.000044
 -0.000157
  0.001398
  0.001016
 -0.000002
 -0.000074
 -0.000618
 -0.000412
  0.000389
 -0.000446
  0.000077
  0.000109
  0.000378
  0.000588
  0.000163
  0.000576
 -0.000328
  0.000449
 -0.000297
 -0.000529
 -0.000505
  0.000598
  0.000084
 -0.000034
  0.000156
  0.000010
 -0.000214
 -0.000073
 -0.000276
 -0.000408
 -0.000859
 -0.000552
 -0.000979
 -0.001292
 -0.000360
  0.000134
 -0.000402
  0.000199
 -0.000443
  0.000090
 -0.000672
  0.000003
  0.000178
  0.000192
  0.000018
  0.000204
  0.000045
  0.000194
  0.000051
  0.000058
  0.000011
 -0.000185
 -0.000667
 -0.000336
  0.000444
 -0.000091
 -0.000081
 -0.000375
 -0.000355
  0.000213
  0.000077
 -0.000048
  0.000538
 -0.000023
 -0.000048
 -0.000520
 -0.000232
  0.000653
 -0.000266
 -0.000829
  0.000237
  0.000208
 -0.000503
 -0.000547
  0.000163
  0.000092
  0.000334
 -0.000012
  0.000526
  0.000346
 -0.000681
 -0.000277
 -0.000038
 -0.000087
 -0.000474
 -0.000480
 -0.000158
 -0.000691
 -0.001107
 -0.000078
 -0.000101
 -0.000463
  0.000659
 -0.000371
  0.000336
 -0.000154
 -0.000095
 -0.001663
 -0.000203
 -0.000652
 -0.000160
 -0.001143
 -0.000177
 -0.000218
  0.000447
  0.000176
  0.000064
 -0.000628
 -0.000270
  0.000207
 -0.000005
 -0.000222
 -0.000225
 -0.000715
 -0.000005
  0.000474
 -0.000377
 -0.000933
  0.000461
 -0.000497
 -0.000173
 -0.000051
 -0.000119
 -0.000036
 -0.000101
 -0.000026
 -0.000177
  0.000128
 -0.000091
 -0.000330
 -0.000069
 -0.000204
 -0.000591
  0.000072
 -0.000200
  0.001108
 -0.000279
  0.000132
  0.000063
 -0.000346
 -0.000371
  0.000466
 -0.000061
 -0.000224
 -0.000810
  0.000236
  0.000127
  0.000001
 -0.000625
  0.000969
  0.000071
 -0.000449
  0.000406
  0.000172
  0.000305
  0.000243
  0.000634
 -0.000864
  0.000603
 -0.000849
 -0.000072
 -0.000111
 -0.000011
  0.000410
  0.000029
 -0.000545
  0.000675
 -0.000316
 -0.000193
  0.000708
  0.000766
  0.000322
 -0.000056
 -0.000454
 -0.000144
  0.000062
  0.001933
  0.000159
 -0.000293
  0.000483
  0.000169
  0.000083
 -0.000471
 -0.000236
 -0.000312
 -0.000836
  0.000236
 -0.000092
 -0.000160
 -0.000364
  0.000104
  0.000631
  0.000227
  0.000109
 -0.000071
 -0.000148
  0.000617
 -0.000505
  0.000333
  0.000116
 -0.000031
 -0.000376
 -0.000501
 -0.000969
 -0.000121
 -0.000098
 -0.000272
 -0.000006
  0.000037
 -0.000162
 -0.000569
  0.000091
 -0.000150
 -0.000896
  0.000051
  0.000153
  0.000044
  0.000384
 -0.000164
 -0.000076
 -0.000267
 -0.000189
  0.000022
  0.000584
  0.000376
  0.000219
 -0.000243
  0.000107
  0.000055
 -0.000126
 -0.000127
 -0.000046
 -0.000284
  0.000033
  0.000395
 -0.000148
 -0.000058
  0.000154
 -0.000057
 -0.000580
 -0.000157
  0.000139
  0.000033
 -0.000248
  0.000443
 -0.000482
  0.000092
 -0.000177
  0.000333
  0.000003
  0.000120
 -0.000347
  0.000119
  0.000390
  0.000423
 -0.000016
 -0.000189
  0.000007
 -0.000006
 -0.000105
 -0.000203
  0.000306
  0.000088
  0.000348
 -0.000349
  0.000181
  0.000890
 -0.000401
  0.000344
 -0.000065
  0.000049
  0.000287
  0.000257
  0.000003
 -0.000145
 -0.000403
  0.000174
 -0.000063
  0.000118
 -0.000113
 -0.000163
  0.000012
  0.000112
  0.000345
 -0.000358
 -0.000017
  0.000277
  0.000087
  0.000063
 -0.000133
  0.000058
 -0.000520
  0.000335
  0.000434
 -0.000085
 -0.000331
  0.000186
 -0.000160
  0.000145
 -0.000987
 -0.000031
 -0.000018
  0.000477
 -0.000196
  0.000143
 -0.000760
  0.000268
 -0.000109
 -0.000062
 -0.000119
 -0.000167
 -0.000393
  0.000128
  0.000148
  0.000096
  0.000123
 -0.000294
  0.000200
 -0.001285
  0.000379
 -0.000182
  0.000329
 -0.000059
  0.000147
  0.000017
  0.000374
  0.000455
 -0.000375
 -0.000319
  0.000043
 -0.000301
 -0.000128
 -0.000585
  0.000101
  0.000719
  0.001515
  0.000963
  0.000510
  0.000286
  0.000154
 -0.000097
  0.000297
  0.000294
 -0.000625
 -0.000007
 -0.000030
  0.000283
 -0.000205
  0.000651
  0.000206
  0.000230
  0.000326
  0.000231
  0.000337
 -0.000290
  0.000138
  0.000532
 -0.000119
  0.000236
  0.000092
 -0.000228
  0.000206
 -0.000056
 -0.000078
 -0.000176
 -0.000000
  0.000220
  0.000182
 -0.000286
 -0.000110
  0.000198
  0.000014
 -0.000200
 -0.000061
  0.000154
  0.000073
 -0.000057
  0.000364
  0.000188
 -0.000047
  0.000078
  0.000118
 -0.000006
 -0.000148
 -0.000210
  0.000198
  0.000133
  0.000152
  0.000138
 -0.000200
 -0.000020
  0.000084
  0.000103
  0.000097
  0.000250
 -0.000031
 -0.000002
  0.000044
  0.000075
 -0.000078
 -0.000154
 -0.000121
  0.000226
 -0.000096
 -0.000082
 -0.000104
  0.000008
 -0.000071
 -0.000180
 -0.000053
 -0.000086
 -0.000105
 -0.000064
 -0.000208
 -0.000396
 -0.000155
 -0.000113
 -0.000115
 -0.000117
 -0.000095
  0.000093
 -0.000111
  0.000061
  0.000125
 -0.000388
  0.000210
  0.000104
  0.000149
 -0.000409
  0.000017
  0.000380
 -0.000396
  0.000328
 -0.000063
  0.000151
  0.000230
 -0.000057
 -0.000053
  0.000056
 -0.000068
  0.000013
 -0.000099
 -0.000021
 -0.000036
  0.000094
  0.000173
  0.000046
 -0.000084
 -0.000137
  0.000045
 -0.000039
 -0.000007
 -0.000073
 -0.000027
 -0.000033
  0.000032
  0.000079
  0.000006
  0.000051
  0.000112
 -0.000100
  0.000050
  0.000179
 -0.000002
  0.000001
 -0.000033
 -0.000006
 -0.000093
 -0.000073
