  1    0.120449
  2    0.055754
  3    0.051155
  4    0.034229
  5    0.022982
  6    0.014468
  7    0.021918
  8    0.018241
  9    0.010306
 10    0.011151
 11    0.003443
 12    0.011631
 13    0.005804
 14    0.005555
 15    0.005817
 16    0.013701
 17    0.008584
 18    0.006475
 19    0.003598
 20    0.004932
 21    0.005500
 22    0.006099
 23    0.006196
 24    0.008049
 25    0.008017
 26    0.004871
 27    0.003473
 28    0.006295
 29    0.008735
 30    0.002296
 31    0.005951
 32    0.003295
 33    0.002873
 34    0.002479
 35    0.004820
 36    0.004308
 37    0.006371
 38    0.002855
 39    0.003253
 40    0.006225
 41    0.004190
 42    0.003119
 43    0.002114
 44    0.006650
 45    0.005284
 46    0.006149
 47    0.002964
 48    0.004575
 49    0.002907
 50    0.004730
 51    0.003251
 52    0.002317
 53    0.003690
 54    0.002673
 55    0.003430
 56    0.001605
 57    0.003150
 58    0.002678
 59    0.001163
 60    0.001815
 61    0.002568
 62    0.001931
 63    0.001171
 64    0.002408
 65    0.003394
 66    0.002379
 67    0.002282
 68    0.003077
 69    0.002105
 70    0.001907
 71    0.001299
 72    0.001809
 73    0.002268
 74    0.001890
 75    0.001220
 76    0.001025
 77    0.001920
 78    0.002315
 79    0.000688
 80    0.002313
 81    0.001548
 82    0.001438
 83    0.001600
 84    0.001429
 85    0.002272
 86    0.002258
 87    0.002583
 88    0.001762
 89    0.001089
 90    0.001651
 91    0.001272
 92    0.001734
 93    0.001362
 94    0.001401
 95    0.002061
 96    0.001691
 97    0.001485
 98    0.000688
 99    0.001592
100    0.001134
101    0.003458
102    0.001290
103    0.001084
104    0.001699
105    0.002258
106    0.000578
107    0.001135
108    0.000684
109    0.002147
110    0.001780
111    0.001250
112    0.002218
113    0.001530
114    0.001266
115    0.001195
116    0.002583
117    0.000929
118    0.000895
119    0.000868
120    0.001462
121    0.001667
122    0.002560
123    0.000887
124    0.000820
125    0.002116
126    0.001008
127    0.001140
128    0.001038
129    0.001038
130    0.001071
131    0.000898
132    0.001066
133    0.001350
134    0.000767
135    0.001502
136    0.001981
137    0.000897
138    0.001193
139    0.000755
140    0.001130
141    0.000685
142    0.000974
143    0.001323
144    0.000802
145    0.000477
146    0.000845
147    0.001373
148    0.001288
149    0.000707
150    0.001251
151    0.000396
152    0.001424
153    0.000854
154    0.000775
155    0.001643
156    0.000373
157    0.000815
158    0.001573
159    0.001664
160    0.000283
161    0.000999
162    0.000899
163    0.000951
164    0.001049
165    0.000788
166    0.001219
167    0.000732
168    0.000704
169    0.000645
170    0.000284
171    0.000699
172    0.001180
173    0.001016
174    0.001285
175    0.000417
176    0.000738
177    0.000742
178    0.000863
179    0.000948
180    0.001644
181    0.001015
182    0.001003
183    0.000830
184    0.001102
185    0.000609
186    0.000501
187    0.000374
188    0.000990
189    0.000972
190    0.000691
191    0.000423
192    0.000377
193    0.000528
194    0.000961
195    0.000641
196    0.000510
197    0.000557
198    0.000558
199    0.000596
200    0.000444
201    0.000462
202    0.000762
203    0.000533
204    0.000896
205    0.000439
206    0.001063
207    0.000739
208    0.000955
209    0.000437
210    0.000592
211    0.001258
212    0.000909
213    0.000853
214    0.000617
215    0.000935
216    0.000610
217    0.001023
218    0.000274
219    0.000733
220    0.000920
221    0.000680
222    0.000648
223    0.000752
224    0.000361
225    0.001062
226    0.000548
227    0.000673
228    0.000508
229    0.000391
230    0.001269
231    0.000509
232    0.000855
233    0.000427
234    0.000436
235    0.000590
236    0.000521
237    0.000570
238    0.000583
239    0.000470
240    0.000882
241    0.000252
242    0.000477
243    0.000696
244    0.000409
245    0.000550
246    0.000542
247    0.000273
248    0.000738
249    0.000344
250    0.000450
251    0.000678
252    0.000648
253    0.000392
254    0.000443
255    0.000709
256    0.000256
257    0.000651
258    0.000829
259    0.000722
260    0.000217
261    0.000613
262    0.000817
263    0.000305
264    0.000684
265    0.000650
266    0.000762
267    0.000901
268    0.000332
269    0.000382
270    0.000607
271    0.000568
272    0.000741
273    0.000492
274    0.000361
275    0.000354
276    0.000450
277    0.000554
278    0.000494
279    0.000448
280    0.000439
281    0.000554
282    0.000382
283    0.000566
284    0.000377
285    0.000592
286    0.000382
287    0.000807
288    0.000607
289    0.000366
290    0.000666
291    0.000588
292    0.000419
293    0.000344
294    0.000805
295    0.000404
296    0.000285
297    0.000409
298    0.000734
299    0.000614
300    0.000477
301    0.000477
302    0.000632
303    0.000513
304    0.000329
305    0.000549
306    0.000425
307    0.000596
308    0.000463
309    0.000449
310    0.000323
311    0.000324
312    0.000559
313    0.000691
314    0.000589
315    0.000701
316    0.000303
317    0.000672
318    0.000798
319    0.000423
320    0.000411
321    0.000459
322    0.000394
323    0.000386
324    0.000495
325    0.000174
326    0.000310
327    0.000408
328    0.000203
329    0.000694
330    0.000446
331    0.000555
332    0.000619
333    0.000339
334    0.000397
335    0.000762
336    0.000450
337    0.000460
338    0.000206
339    0.000200
340    0.000271
341    0.000291
342    0.000621
343    0.000387
344    0.000309
345    0.000330
346    0.000459
347    0.000397
348    0.000276
349    0.000470
350    0.000589
351    0.000472
352    0.000415
353    0.000507
354    0.000348
355    0.000585
356    0.000379
357    0.000359
358    0.000091
359    0.000390
360    0.000350
361    0.000405
362    0.000655
363    0.000367
364    0.000467
365    0.000302
366    0.000373
367    0.000627
368    0.000642
369    0.000357
370    0.000371
371    0.000402
372    0.000416
373    0.000527
374    0.000423
375    0.000484
376    0.000551
377    0.000478
378    0.000564
379    0.000440
380    0.000412
381    0.000816
382    0.000624
383    0.000371
384    0.000469
385    0.000498
386    0.000578
387    0.001000
388    0.000406
389    0.000879
390    0.000298
391    0.000324
392    0.000647
393    0.000445
394    0.000523
395    0.000129
396    0.001009
397    0.000325
398    0.000513
399    0.000637
400    0.000538
401    0.000103
402    0.000629
403    0.000828
404    0.000570
405    0.000617
406    0.000520
407    0.000573
408    0.000416
409    0.000373
410    0.000137
411    0.000513
412    0.000242
413    0.000545
414    0.000430
415    0.000274
416    0.000365
417    0.000673
418    0.000430
419    0.000338
420    0.000391
421    0.000227
422    0.000288
423    0.000321
424    0.000582
425    0.000251
426    0.000329
427    0.000365
428    0.000244
429    0.000332
430    0.000290
431    0.000469
432    0.000452
433    0.000287
434    0.000367
435    0.000209
436    0.000191
437    0.000444
438    0.000264
439    0.000418
440    0.000406
441    0.000385
442    0.000356
443    0.000253
444    0.000390
445    0.000206
446    0.000453
447    0.000394
448    0.000417
449    0.000363
450    0.000411
451    0.000401
452    0.000669
453    0.000412
454    0.000372
455    0.000154
456    0.000253
457    0.000286
458    0.000327
459    0.000278
460    0.000345
461    0.000329
462    0.000571
463    0.000520
464    0.000209
465    0.000253
466    0.000279
467    0.000294
468    0.000352
469    0.000457
470    0.000688
471    0.000411
472    0.000403
473    0.000214
474    0.000617
475    0.000444
476    0.000470
477    0.000341
478    0.000661
479    0.000731
480    0.000328
481    0.000201
482    0.000314
483    0.000317
484    0.000541
485    0.000426
486    0.000527
487    0.000400
488    0.000610
489    0.000163
490    0.000305
491    0.000378
492    0.000219
493    0.000186
494    0.000301
495    0.000178
496    0.000418
497    0.000236
498    0.000267
499    0.000429
500    0.000255
501    0.000428
502    0.000259
503    0.000270
504    0.000407
505    0.000416
506    0.000370
507    0.000295
508    0.000283
509    0.000260
510    0.000469
511    0.000365
512    0.000340
513    0.000318
514    0.000407
515    0.000376
516    0.000336
517    0.000325
518    0.000296
519    0.000351
520    0.000315
521    0.000196
522    0.000126
523    0.000168
524    0.000268
525    0.000160
526    0.000410
527    0.000610
528    0.000160
529    0.000405
530    0.000472
531    0.000568
532    0.000485
533    0.000317
534    0.000389
535    0.000151
536    0.000307
537    0.000326
538    0.000288
539    0.000243
540    0.000226
541    0.000191
542    0.000355
543    0.000185
544    0.000179
545    0.000442
546    0.000379
547    0.000343
548    0.000152
549    0.000329
550    0.000342
551    0.000256
552    0.000415
553    0.000166
554    0.000324
555    0.000443
556    0.000228
557    0.000152
558    0.000251
559    0.000298
560    0.000496
561    0.000267
562    0.000267
563    0.000145
564    0.000218
565    0.000341
566    0.000296
567    0.000271
568    0.000298
569    0.000333
570    0.000375
571    0.000220
572    0.000393
573    0.000115
574    0.000201
575    0.000264
576    0.000326
577    0.000207
578    0.000224
579    0.000304
580    0.000163
581    0.000174
582    0.000277
583    0.000277
584    0.000111
585    0.000167
586    0.000215
587    0.000296
588    0.000252
589    0.000278
590    0.000216
591    0.000285
592    0.000096
593    0.000131
594    0.000236
595    0.000212
596    0.000203
597    0.000161
598    0.000160
599    0.000294
600    0.000245
601    0.000205
602    0.000348
603    0.000247
604    0.000316
605    0.000230
606    0.000297
607    0.000199
608    0.000249
609    0.000294
610    0.000269
611    0.000177
612    0.000176
613    0.000249
614    0.000198
615    0.000178
616    0.000196
617    0.000402
618    0.000309
619    0.000163
620    0.000100
621    0.000123
622    0.000151
623    0.000241
624    0.000192
625    0.000281
626    0.000319
627    0.000099
628    0.000144
629    0.000211
630    0.000313
631    0.000242
632    0.000176
633    0.000095
634    0.000258
635    0.000220
636    0.000221
637    0.000108
638    0.000273
639    0.000113
640    0.000243
641    0.000104
642    0.000214
643    0.000226
644    0.000234
645    0.000338
646    0.000193
647    0.000462
648    0.000296
649    0.000362
650    0.000280
651    0.000166
652    0.000163
653    0.000198
654    0.000168
655    0.000223
656    0.000392
657    0.000175
658    0.000438
659    0.000295
660    0.000193
661    0.000291
662    0.000278
663    0.000286
664    0.000229
665    0.000252
666    0.000259
667    0.000253
668    0.000157
669    0.000141
670    0.000356
671    0.000216
672    0.000214
673    0.000244
674    0.000137
675    0.000382
676    0.000265
677    0.000183
678    0.000191
679    0.000177
680    0.000184
681    0.000187
682    0.000282
683    0.000200
684    0.000247
685    0.000152
686    0.000228
687    0.000287
688    0.000278
689    0.000210
690    0.000189
691    0.000336
692    0.000143
693    0.000163
694    0.000256
695    0.000298
696    0.000397
697    0.000326
698    0.000199
699    0.000114
700    0.000218
701    0.000137
702    0.000227
703    0.000190
704    0.000215
705    0.000308
706    0.000242
707    0.000049
708    0.000072
709    0.000219
710    0.000195
711    0.000164
712    0.000217
713    0.000234
714    0.000086
715    0.000218
716    0.000308
717    0.000232
718    0.000183
719    0.000285
720    0.000082
721    0.000249
722    0.000176
723    0.000152
724    0.000115
725    0.000227
726    0.000145
727    0.000133
728    0.000138
729    0.000140
730    0.000228
731    0.000516
732    0.000277
733    0.000326
734    0.000237
735    0.000275
736    0.000334
737    0.000071
738    0.000190
739    0.000113
740    0.000106
741    0.000534
742    0.000346
743    0.000373
744    0.000285
745    0.000380
746    0.000199
747    0.000211
748    0.000204
749    0.000197
750    0.000147
751    0.000249
752    0.000214
753    0.000178
754    0.000338
755    0.000200
756    0.000239
757    0.000292
758    0.000232
759    0.000225
760    0.000334
761    0.000146
762    0.000261
763    0.000341
764    0.000268
765    0.000212
766    0.000127
767    0.000185
768    0.000195
769    0.000114
770    0.000159
771    0.000186
772    0.000284
773    0.000068
774    0.000189
775    0.000078
776    0.000188
777    0.000169
778    0.000106
779    0.000224
780    0.000103
781    0.000259
782    0.000068
783    0.000146
784    0.000139
785    0.000142
786    0.000232
787    0.000372
788    0.000061
789    0.000174
790    0.000144
791    0.000148
792    0.000131
793    0.000160
794    0.000290
795    0.000136
796    0.000134
797    0.000218
798    0.000123
799    0.000135
800    0.000131
801    0.000118
802    0.000100
803    0.000282
804    0.000168
805    0.000172
806    0.000095
807    0.000112
808    0.000053
809    0.000087
810    0.000105
811    0.000214
812    0.000170
813    0.000162
814    0.000150
815    0.000143
816    0.000126
817    0.000251
818    0.000188
819    0.000241
820    0.000266
821    0.000204
822    0.000079
823    0.000246
824    0.000355
825    0.000608
