  1    0.124239
  2    0.062009
  3    0.025790
  4    0.038878
  5    0.015652
  6    0.005704
  7    0.030363
  8    0.023912
  9    0.003087
 10    0.012764
 11    0.011429
 12    0.004338
 13    0.007080
 14    0.008344
 15    0.007345
 16    0.008312
 17    0.013103
 18    0.004365
 19    0.004280
 20    0.004211
 21    0.005221
 22    0.011518
 23    0.009507
 24    0.003306
 25    0.003205
 26    0.007180
 27    0.006422
 28    0.007104
 29    0.004261
 30    0.005232
 31    0.004386
 32    0.004792
 33    0.008761
 34    0.008797
 35    0.002797
 36    0.002555
 37    0.005352
 38    0.002815
 39    0.006051
 40    0.003554
 41    0.004940
 42    0.003238
 43    0.004528
 44    0.002406
 45    0.001763
 46    0.004250
 47    0.003385
 48    0.003122
 49    0.001923
 50    0.003160
 51    0.001828
 52    0.002722
 53    0.001771
 54    0.002948
 55    0.003600
 56    0.002638
 57    0.002906
 58    0.004135
 59    0.000978
 60    0.001746
 61    0.001399
 62    0.001753
 63    0.001478
 64    0.000903
 65    0.000691
 66    0.001255
 67    0.002490
 68    0.001180
 69    0.001487
 70    0.002470
 71    0.001525
 72    0.000783
 73    0.000864
 74    0.001078
 75    0.002068
 76    0.003106
 77    0.002277
 78    0.001984
 79    0.001805
 80    0.001383
 81    0.001913
 82    0.002508
 83    0.000960
 84    0.001729
 85    0.001016
 86    0.001404
 87    0.002420
 88    0.001693
 89    0.002127
 90    0.001455
 91    0.001423
 92    0.001494
 93    0.001138
 94    0.001409
 95    0.001510
 96    0.001077
 97    0.002460
 98    0.000862
 99    0.000638
100    0.001723
101    0.001790
102    0.000938
103    0.001200
104    0.000792
105    0.002395
106    0.000908
107    0.000856
108    0.001353
109    0.001631
110    0.001896
111    0.000874
112    0.001782
113    0.001315
114    0.000859
115    0.000769
116    0.002017
117    0.001751
118    0.002312
119    0.000946
120    0.000995
121    0.001987
122    0.000848
123    0.003577
124    0.000863
125    0.000930
126    0.000842
127    0.000894
128    0.003169
129    0.001483
130    0.001371
131    0.000638
132    0.000480
133    0.000918
134    0.001686
135    0.001318
136    0.001374
137    0.001113
138    0.001035
139    0.000681
140    0.001085
141    0.001324
142    0.001534
143    0.000863
144    0.000852
145    0.000582
146    0.001513
147    0.000844
148    0.000925
149    0.001053
150    0.000709
151    0.000695
152    0.001472
153    0.000820
154    0.000345
155    0.001572
156    0.000964
157    0.000925
158    0.001290
159    0.001448
160    0.000587
161    0.000910
162    0.001446
163    0.001334
164    0.001856
165    0.001404
166    0.001451
167    0.000657
168    0.000993
169    0.001135
170    0.001597
171    0.001025
172    0.000702
173    0.001008
174    0.001169
175    0.000595
176    0.000540
177    0.001172
178    0.001280
179    0.000758
180    0.000550
181    0.000939
182    0.001010
183    0.000486
184    0.000868
185    0.000715
186    0.000486
187    0.001034
188    0.001053
189    0.000745
190    0.000968
191    0.000540
192    0.000671
193    0.001177
194    0.000795
195    0.000752
196    0.000904
197    0.001079
198    0.000724
199    0.000945
200    0.000601
201    0.000747
202    0.000653
203    0.001076
204    0.001462
205    0.000774
206    0.000646
207    0.000831
208    0.000569
209    0.001233
210    0.000895
211    0.000792
212    0.001373
213    0.000567
214    0.001045
215    0.000611
216    0.001219
217    0.000657
218    0.000985
219    0.000592
220    0.001143
221    0.001047
222    0.000505
223    0.000610
224    0.000580
225    0.000698
226    0.000606
227    0.001241
228    0.000506
229    0.000888
230    0.000966
231    0.000586
232    0.000513
233    0.000515
234    0.000678
235    0.001492
236    0.000748
237    0.001710
238    0.000347
239    0.000634
240    0.000567
241    0.000291
242    0.000580
243    0.001052
244    0.000218
245    0.000454
246    0.000705
247    0.000511
248    0.000860
249    0.001034
250    0.000309
251    0.000514
252    0.000324
253    0.000301
254    0.000438
255    0.000364
256    0.000726
257    0.000382
258    0.000389
259    0.000418
260    0.000640
261    0.000469
262    0.000639
263    0.000554
264    0.000613
265    0.000293
266    0.000901
267    0.000655
268    0.000967
269    0.000318
270    0.000462
271    0.000308
272    0.000445
273    0.000629
274    0.000493
275    0.001079
276    0.000244
277    0.000647
278    0.000607
279    0.000466
280    0.000295
281    0.000357
282    0.000284
283    0.000483
284    0.001192
285    0.000786
286    0.000483
287    0.000549
288    0.000615
289    0.000258
290    0.001106
291    0.000314
292    0.000599
293    0.000357
294    0.000216
295    0.000326
296    0.000343
297    0.000480
298    0.000430
299    0.000409
300    0.000452
301    0.000099
302    0.000572
303    0.000401
304    0.000397
305    0.000635
306    0.000417
307    0.000630
308    0.001241
309    0.000459
310    0.000529
311    0.000694
312    0.000507
313    0.000733
314    0.000564
315    0.000395
316    0.000356
317    0.000469
318    0.000676
319    0.000340
320    0.000473
321    0.000382
322    0.000303
323    0.000346
324    0.000385
325    0.000556
326    0.000268
327    0.000253
328    0.000506
329    0.000639
330    0.000381
331    0.000748
332    0.000813
333    0.000884
334    0.000376
335    0.000517
336    0.000639
337    0.000465
338    0.000398
339    0.000124
340    0.000568
341    0.000301
342    0.000452
343    0.000527
344    0.000419
345    0.000727
346    0.000497
347    0.000527
348    0.000294
349    0.000729
350    0.000728
351    0.000437
352    0.000450
353    0.000446
354    0.000559
355    0.000413
356    0.000772
357    0.000461
358    0.000232
359    0.001319
360    0.000611
361    0.000722
362    0.000397
363    0.000254
364    0.000578
365    0.000558
366    0.000431
367    0.000368
368    0.000605
369    0.000697
370    0.000330
371    0.001017
372    0.000696
373    0.000786
374    0.000744
375    0.000483
376    0.000341
377    0.000404
378    0.000467
379    0.000438
380    0.000463
381    0.000634
382    0.000348
383    0.000328
384    0.000424
385    0.000717
386    0.000525
387    0.000301
388    0.000324
389    0.000472
390    0.000523
391    0.000858
392    0.000525
393    0.000469
394    0.000260
395    0.000334
396    0.000499
397    0.000420
398    0.000302
399    0.000312
400    0.000346
401    0.000313
402    0.000568
403    0.000518
404    0.000220
405    0.000367
406    0.000518
407    0.000244
408    0.000289
409    0.000302
410    0.000500
411    0.000245
412    0.000308
413    0.000510
414    0.000408
415    0.000986
416    0.000230
417    0.000528
418    0.000417
419    0.000249
420    0.000268
421    0.000541
422    0.000679
423    0.000313
424    0.000681
425    0.000282
426    0.000318
427    0.000198
428    0.000426
429    0.000367
430    0.000460
431    0.000503
432    0.000384
433    0.000645
434    0.000118
435    0.000370
436    0.000482
437    0.000379
438    0.000509
439    0.000659
440    0.000182
441    0.000619
442    0.000921
443    0.000574
444    0.000933
445    0.000490
446    0.000208
447    0.000592
448    0.000579
449    0.000377
450    0.000802
451    0.000843
452    0.000410
453    0.000471
454    0.000699
455    0.000513
456    0.000647
457    0.000236
458    0.000329
459    0.000686
460    0.000245
461    0.000258
462    0.000379
463    0.000283
464    0.000302
465    0.000380
466    0.000221
467    0.000284
468    0.000283
469    0.000793
470    0.000303
471    0.000433
472    0.000299
473    0.000340
474    0.000248
475    0.000389
476    0.000342
477    0.000486
478    0.000413
479    0.000617
480    0.000263
481    0.000260
482    0.000293
483    0.000396
484    0.000344
485    0.000391
486    0.000553
487    0.000163
488    0.000469
489    0.000356
490    0.000613
491    0.000228
492    0.000458
493    0.000399
494    0.000381
495    0.000198
496    0.000345
497    0.000448
498    0.000218
499    0.000221
500    0.000257
501    0.000378
502    0.000457
503    0.000347
504    0.000543
505    0.000217
506    0.000516
507    0.000255
508    0.000509
509    0.000467
510    0.000333
511    0.000437
512    0.000178
513    0.000157
514    0.000523
515    0.000351
516    0.000308
517    0.000254
518    0.000225
519    0.000324
520    0.000384
521    0.000376
522    0.000151
523    0.000329
524    0.000285
525    0.000389
526    0.000268
527    0.000330
528    0.000233
529    0.000346
530    0.000206
531    0.000692
532    0.000359
533    0.000173
534    0.000175
535    0.000451
536    0.000170
537    0.000392
538    0.000309
539    0.000540
540    0.000366
541    0.000572
542    0.000226
543    0.000372
544    0.000361
545    0.000425
546    0.000250
547    0.000436
548    0.000213
549    0.000168
550    0.000188
551    0.000121
552    0.000286
553    0.000351
554    0.000484
555    0.000191
556    0.000283
557    0.000293
558    0.000491
559    0.000327
560    0.000297
561    0.000312
562    0.000363
563    0.000128
564    0.000401
565    0.000114
566    0.000310
567    0.000131
568    0.000088
569    0.000154
570    0.000232
571    0.000324
572    0.000202
573    0.000140
574    0.000326
575    0.000302
576    0.000106
577    0.000245
578    0.000135
579    0.000302
580    0.000283
581    0.000211
582    0.000372
583    0.000208
584    0.000189
585    0.000237
586    0.000137
587    0.000234
588    0.000136
589    0.000196
590    0.000149
591    0.000161
592    0.000203
593    0.000167
594    0.000231
595    0.000202
596    0.000257
597    0.000220
598    0.000260
599    0.000223
600    0.000223
601    0.000239
602    0.000369
603    0.000182
604    0.000156
605    0.000239
606    0.000385
607    0.000151
608    0.000310
609    0.000152
610    0.000415
611    0.000120
612    0.000223
613    0.000143
614    0.000079
615    0.000241
616    0.000497
617    0.000335
618    0.000367
619    0.000127
620    0.000106
621    0.000268
622    0.000253
623    0.000157
624    0.000452
625    0.000369
626    0.000369
627    0.000175
628    0.000354
629    0.000252
630    0.000309
631    0.000236
632    0.000410
633    0.000194
634    0.000249
635    0.000238
636    0.000228
637    0.000254
638    0.000398
639    0.000137
640    0.000324
641    0.000192
642    0.000252
643    0.000393
644    0.000424
645    0.000167
646    0.000267
647    0.000379
648    0.000200
649    0.000159
650    0.000332
651    0.000238
652    0.000282
653    0.000202
654    0.000294
655    0.000373
656    0.000252
657    0.000241
658    0.000154
659    0.000151
660    0.000221
661    0.000157
662    0.000171
663    0.000242
664    0.000418
665    0.000191
666    0.000336
667    0.000220
668    0.000310
669    0.000206
670    0.000235
671    0.000272
672    0.000328
673    0.000387
674    0.000199
675    0.000312
676    0.000217
677    0.000373
678    0.000327
679    0.000420
680    0.000291
681    0.000193
682    0.000284
683    0.000200
684    0.000281
685    0.000260
686    0.000240
687    0.000184
688    0.000416
689    0.000413
690    0.000258
691    0.000197
692    0.000228
693    0.000188
694    0.000414
695    0.000191
696    0.000200
697    0.000184
698    0.000318
699    0.000175
700    0.000217
701    0.000176
702    0.000213
703    0.000236
704    0.000367
705    0.000280
706    0.000246
707    0.000239
708    0.000146
709    0.000227
710    0.000279
711    0.000134
712    0.000271
713    0.000304
714    0.000237
715    0.000228
716    0.000247
717    0.000185
718    0.000320
719    0.000200
720    0.000144
721    0.000309
722    0.000210
723    0.000227
724    0.000309
725    0.000093
726    0.000130
727    0.000205
728    0.000104
729    0.000379
730    0.000347
731    0.000358
732    0.000306
733    0.000203
734    0.000196
735    0.000210
736    0.000309
737    0.000252
738    0.000427
739    0.000139
740    0.000310
741    0.000313
742    0.000362
743    0.000070
744    0.000241
745    0.000160
746    0.000156
747    0.000233
748    0.000172
749    0.000126
750    0.000152
751    0.000174
752    0.000194
753    0.000150
754    0.000172
755    0.000434
756    0.000115
757    0.000269
758    0.000099
759    0.000186
760    0.000106
761    0.000172
762    0.000195
763    0.000065
764    0.000268
765    0.000290
766    0.000216
767    0.000195
768    0.000321
769    0.000176
770    0.000084
771    0.000137
772    0.000348
773    0.000196
774    0.000130
775    0.000218
776    0.000158
777    0.000072
778    0.000127
779    0.000116
780    0.000332
781    0.000162
782    0.000273
783    0.000155
784    0.000213
785    0.000138
786    0.000215
787    0.000402
788    0.000239
789    0.000259
790    0.000192
791    0.000279
792    0.000219
793    0.000197
794    0.000187
795    0.000044
796    0.000210
797    0.000108
798    0.000060
799    0.000205
800    0.000103
801    0.000052
802    0.000093
803    0.000113
804    0.000183
805    0.000200
806    0.000196
807    0.000176
808    0.000033
809    0.000070
810    0.000212
811    0.000252
812    0.000225
813    0.000073
814    0.000131
815    0.000094
816    0.000560
817    0.000214
818    0.000301
819    0.000324
820    0.000090
821    0.000244
822    0.000237
823    0.000265
824    0.000069
825    0.000553
