  1    0.110589
  2    0.051330
  3    0.058980
  4    0.017233
  5    0.030349
  6    0.023593
  7    0.013803
  8    0.028093
  9    0.012411
 10    0.011050
 11    0.015365
 12    0.006436
 13    0.008084
 14    0.008819
 15    0.005281
 16    0.007202
 17    0.001890
 18    0.008590
 19    0.002598
 20    0.007327
 21    0.006873
 22    0.004773
 23    0.005734
 24    0.004181
 25    0.009127
 26    0.003527
 27    0.005467
 28    0.005403
 29    0.005235
 30    0.003750
 31    0.003058
 32    0.003596
 33    0.003836
 34    0.003922
 35    0.003208
 36    0.005279
 37    0.005334
 38    0.004673
 39    0.005474
 40    0.004258
 41    0.003201
 42    0.003947
 43    0.004037
 44    0.001441
 45    0.002536
 46    0.002534
 47    0.002295
 48    0.002451
 49    0.002754
 50    0.003558
 51    0.002648
 52    0.003193
 53    0.001756
 54    0.002634
 55    0.001520
 56    0.002804
 57    0.001613
 58    0.000851
 59    0.001779
 60    0.002849
 61    0.002312
 62    0.001496
 63    0.001412
 64    0.002470
 65    0.001859
 66    0.001559
 67    0.001289
 68    0.002061
 69    0.000789
 70    0.002609
 71    0.001846
 72    0.002001
 73    0.003047
 74    0.000644
 75    0.002112
 76    0.002005
 77    0.001423
 78    0.002245
 79    0.001617
 80    0.000963
 81    0.001203
 82    0.001003
 83    0.001838
 84    0.003881
 85    0.001097
 86    0.001737
 87    0.001475
 88    0.001339
 89    0.002345
 90    0.002373
 91    0.001178
 92    0.001725
 93    0.002641
 94    0.001214
 95    0.002938
 96    0.001887
 97    0.001648
 98    0.002629
 99    0.001847
100    0.001607
101    0.001392
102    0.000947
103    0.000987
104    0.001750
105    0.000971
106    0.002977
107    0.001674
108    0.001432
109    0.001021
110    0.001127
111    0.001237
112    0.000743
113    0.001724
114    0.001454
115    0.000832
116    0.000919
117    0.001831
118    0.001843
119    0.001826
120    0.001697
121    0.001885
122    0.001244
123    0.001237
124    0.001117
125    0.001147
126    0.002405
127    0.001864
128    0.001865
129    0.000978
130    0.000721
131    0.000930
132    0.001161
133    0.000608
134    0.002562
135    0.000557
136    0.001140
137    0.001036
138    0.001289
139    0.001863
140    0.000587
141    0.000760
142    0.000677
143    0.000844
144    0.001912
145    0.001135
146    0.001294
147    0.000743
148    0.001228
149    0.001353
150    0.000579
151    0.001485
152    0.002113
153    0.001416
154    0.000463
155    0.000562
156    0.000650
157    0.000657
158    0.001631
159    0.000469
160    0.001951
161    0.000900
162    0.001166
163    0.000468
164    0.000864
165    0.000830
166    0.000728
167    0.001034
168    0.001020
169    0.000771
170    0.001076
171    0.000515
172    0.000491
173    0.000686
174    0.000550
175    0.000650
176    0.000972
177    0.001699
178    0.000463
179    0.000953
180    0.001608
181    0.000949
182    0.000857
183    0.000433
184    0.000603
185    0.000326
186    0.000362
187    0.000367
188    0.000646
189    0.000456
190    0.000817
191    0.000633
192    0.000910
193    0.000872
194    0.000510
195    0.001510
196    0.000679
197    0.000739
198    0.000718
199    0.001240
200    0.000910
201    0.001359
202    0.000718
203    0.000484
204    0.000491
205    0.000591
206    0.000728
207    0.000428
208    0.000656
209    0.000279
210    0.000714
211    0.000772
212    0.000642
213    0.000278
214    0.000797
215    0.000469
216    0.000553
217    0.000581
218    0.000887
219    0.000629
220    0.001186
221    0.000570
222    0.000756
223    0.000754
224    0.000343
225    0.000441
226    0.000561
227    0.000704
228    0.000981
229    0.000553
230    0.000750
231    0.000468
232    0.000994
233    0.001111
234    0.001167
235    0.000826
236    0.000695
237    0.000639
238    0.000546
239    0.000520
240    0.000855
241    0.000669
242    0.000877
243    0.000591
244    0.001107
245    0.000929
246    0.000519
247    0.001007
248    0.000495
249    0.000983
250    0.001296
251    0.000403
252    0.000696
253    0.000674
254    0.000943
255    0.000726
256    0.000718
257    0.000638
258    0.000430
259    0.000416
260    0.000309
261    0.000520
262    0.000585
263    0.000488
264    0.000414
265    0.000706
266    0.000259
267    0.000560
268    0.000304
269    0.000323
270    0.000678
271    0.000695
272    0.000615
273    0.000503
274    0.000490
275    0.000736
276    0.000617
277    0.000517
278    0.000363
279    0.000956
280    0.000655
281    0.000655
282    0.000290
283    0.000513
284    0.000621
285    0.000483
286    0.000711
287    0.000607
288    0.000223
289    0.000207
290    0.000805
291    0.000577
292    0.000272
293    0.000361
294    0.000649
295    0.000548
296    0.000368
297    0.000920
298    0.000288
299    0.000627
300    0.000375
301    0.000645
302    0.000866
303    0.000458
304    0.000745
305    0.000420
306    0.000497
307    0.000351
308    0.000390
309    0.000415
310    0.000299
311    0.000412
312    0.000540
313    0.000606
314    0.000411
315    0.000364
316    0.000217
317    0.000471
318    0.000756
319    0.000318
320    0.000420
321    0.000624
322    0.000324
323    0.000212
324    0.000523
325    0.000550
326    0.000481
327    0.000474
328    0.000321
329    0.000545
330    0.001054
331    0.000614
332    0.000514
333    0.000693
334    0.000306
335    0.000818
336    0.000780
337    0.000645
338    0.000469
339    0.000314
340    0.000232
341    0.000535
342    0.000728
343    0.000463
344    0.000536
345    0.000660
346    0.000659
347    0.000524
348    0.000549
349    0.000329
350    0.000368
351    0.000530
352    0.000509
353    0.000627
354    0.000634
355    0.000499
356    0.000455
357    0.000319
358    0.000574
359    0.000425
360    0.000465
361    0.000414
362    0.000722
363    0.000541
364    0.000899
365    0.000473
366    0.000591
367    0.000607
368    0.000522
369    0.000450
370    0.000723
371    0.001008
372    0.000626
373    0.000733
374    0.000330
375    0.000505
376    0.000523
377    0.000897
378    0.000540
379    0.000783
380    0.000874
381    0.000512
382    0.000528
383    0.000319
384    0.000249
385    0.001048
386    0.000238
387    0.000548
388    0.001076
389    0.000276
390    0.001139
391    0.000378
392    0.000274
393    0.000921
394    0.000410
395    0.000484
396    0.000609
397    0.000555
398    0.000619
399    0.000738
400    0.000437
401    0.000418
402    0.000755
403    0.000266
404    0.000375
405    0.000474
406    0.000406
407    0.000407
408    0.000391
409    0.000535
410    0.000418
411    0.000619
412    0.000444
413    0.000397
414    0.000509
415    0.000216
416    0.000638
417    0.000431
418    0.000362
419    0.000544
420    0.000848
421    0.000527
422    0.000492
423    0.000418
424    0.000833
425    0.000393
426    0.000465
427    0.000430
428    0.000640
429    0.000186
430    0.000423
431    0.000241
432    0.000331
433    0.000459
434    0.000370
435    0.000393
436    0.000595
437    0.000267
438    0.000496
439    0.000228
440    0.000411
441    0.000276
442    0.000344
443    0.000459
444    0.000385
445    0.000535
446    0.000448
447    0.000490
448    0.000253
449    0.000709
450    0.000380
451    0.000264
452    0.000434
453    0.000293
454    0.000306
455    0.000340
456    0.000292
457    0.000386
458    0.000223
459    0.000275
460    0.000550
461    0.000293
462    0.000288
463    0.000759
464    0.000596
465    0.000273
466    0.000370
467    0.000403
468    0.000231
469    0.000207
470    0.000371
471    0.000291
472    0.000287
473    0.000281
474    0.000434
475    0.000361
476    0.000416
477    0.000378
478    0.000296
479    0.000312
480    0.000313
481    0.000185
482    0.000224
483    0.000333
484    0.000629
485    0.000695
486    0.000269
487    0.000296
488    0.000277
489    0.000433
490    0.000262
491    0.000528
492    0.000508
493    0.000243
494    0.000467
495    0.000292
496    0.000341
497    0.000285
498    0.000507
499    0.000314
500    0.000201
501    0.000198
502    0.000135
503    0.000232
504    0.000326
505    0.000336
506    0.000317
507    0.000847
508    0.000273
509    0.000431
510    0.000253
511    0.000422
512    0.000275
513    0.000412
514    0.000241
515    0.000352
516    0.000255
517    0.000492
518    0.000290
519    0.000333
520    0.000233
521    0.000573
522    0.000305
523    0.000395
524    0.000346
525    0.000344
526    0.000282
527    0.000349
528    0.000403
529    0.000313
530    0.000100
531    0.000362
532    0.000309
533    0.000514
534    0.000727
535    0.000281
536    0.000206
537    0.000233
538    0.000164
539    0.000391
540    0.000230
541    0.000149
542    0.000183
543    0.000136
544    0.000267
545    0.000159
546    0.000215
547    0.000240
548    0.000307
549    0.000368
550    0.000244
551    0.000309
552    0.000266
553    0.000192
554    0.000452
555    0.000246
556    0.000332
557    0.000402
558    0.000182
559    0.000258
560    0.000340
561    0.000227
562    0.000233
563    0.000256
564    0.000236
565    0.000429
566    0.000316
567    0.000217
568    0.000297
569    0.000275
570    0.000291
571    0.000106
572    0.000278
573    0.000325
574    0.000255
575    0.000199
576    0.000250
577    0.000251
578    0.000175
579    0.000283
580    0.000316
581    0.000417
582    0.000228
583    0.000259
584    0.000378
585    0.000126
586    0.000448
587    0.000309
588    0.000172
589    0.000259
590    0.000353
591    0.000309
592    0.000396
593    0.000182
594    0.000209
595    0.000320
596    0.000152
597    0.000279
598    0.000233
599    0.000327
600    0.000355
601    0.000167
602    0.000269
603    0.000360
604    0.000475
605    0.000260
606    0.000267
607    0.000314
608    0.000253
609    0.000331
610    0.000192
611    0.000179
612    0.000227
613    0.000510
614    0.000266
615    0.000345
616    0.000250
617    0.000250
618    0.000437
619    0.000171
620    0.000084
621    0.000264
622    0.000408
623    0.000303
624    0.000112
625    0.000410
626    0.000176
627    0.000285
628    0.000397
629    0.000278
630    0.000188
631    0.000176
632    0.000188
633    0.000195
634    0.000627
635    0.000232
636    0.000278
637    0.000381
638    0.000181
639    0.000197
640    0.000218
641    0.000300
642    0.000438
643    0.000172
644    0.000151
645    0.000167
646    0.000271
647    0.000159
648    0.000270
649    0.000240
650    0.000467
651    0.000207
652    0.000163
653    0.000265
654    0.000332
655    0.000289
656    0.000451
657    0.000314
658    0.000257
659    0.000133
660    0.000269
661    0.000362
662    0.000331
663    0.000266
664    0.000230
665    0.000125
666    0.000199
667    0.000282
668    0.000417
669    0.000155
670    0.000261
671    0.000221
672    0.000341
673    0.000211
674    0.000365
675    0.000364
676    0.000358
677    0.000297
678    0.000382
679    0.000211
680    0.000404
681    0.000259
682    0.000447
683    0.000435
684    0.000422
685    0.000252
686    0.000496
687    0.000219
688    0.000399
689    0.000165
690    0.000123
691    0.000204
692    0.000180
693    0.000190
694    0.000327
695    0.000213
696    0.000144
697    0.000200
698    0.000258
699    0.000221
700    0.000197
701    0.000343
702    0.000225
703    0.000238
704    0.000258
705    0.000245
706    0.000204
707    0.000146
708    0.000227
709    0.000137
710    0.000203
711    0.000201
712    0.000218
713    0.000323
714    0.000121
715    0.000341
716    0.000284
717    0.000128
718    0.000230
719    0.000125
720    0.000214
721    0.000160
722    0.000160
723    0.000283
724    0.000484
725    0.000243
726    0.000224
727    0.000205
728    0.000206
729    0.000409
730    0.000383
731    0.000187
732    0.000120
733    0.000201
734    0.000253
735    0.000250
736    0.000293
737    0.000203
738    0.000162
739    0.000216
740    0.000236
741    0.000235
742    0.000353
743    0.000439
744    0.000205
745    0.000096
746    0.000139
747    0.000211
748    0.000194
749    0.000227
750    0.000050
751    0.000165
752    0.000216
753    0.000090
754    0.000226
755    0.000218
756    0.000206
757    0.000257
758    0.000293
759    0.000431
760    0.000088
761    0.000140
762    0.000110
763    0.000207
764    0.000065
765    0.000197
766    0.000378
767    0.000131
768    0.000584
769    0.000113
770    0.000080
771    0.000210
772    0.000204
773    0.000212
774    0.000187
775    0.000133
776    0.000353
777    0.000046
778    0.000219
779    0.000234
780    0.000090
781    0.000247
782    0.000126
783    0.000105
784    0.000356
785    0.000084
786    0.000196
787    0.000251
788    0.000249
789    0.000112
790    0.000414
791    0.000172
792    0.000126
793    0.000281
794    0.000207
795    0.000353
796    0.000103
797    0.000073
798    0.000169
799    0.000236
800    0.000214
801    0.000170
802    0.000276
803    0.000192
804    0.000136
805    0.000139
806    0.000190
807    0.000141
808    0.000193
809    0.000312
810    0.000151
811    0.000084
812    0.000342
813    0.000201
814    0.000187
815    0.000258
816    0.000264
817    0.000350
818    0.000099
819    0.000074
820    0.000404
821    0.000141
822    0.000121
823    0.000189
824    0.000239
825    0.000655
