  1    0.131751
  2    0.061810
  3    0.018635
  4    0.028617
  5    0.034347
  6    0.025125
  7    0.003975
  8    0.003100
  9    0.015683
 10    0.014862
 11    0.015163
 12    0.009641
 13    0.006894
 14    0.008848
 15    0.006972
 16    0.004156
 17    0.008467
 18    0.003770
 19    0.005666
 20    0.005276
 21    0.006590
 22    0.005496
 23    0.005589
 24    0.007471
 25    0.008726
 26    0.004940
 27    0.004458
 28    0.003849
 29    0.005755
 30    0.008029
 31    0.006795
 32    0.003403
 33    0.003009
 34    0.003554
 35    0.003626
 36    0.005475
 37    0.003203
 38    0.003637
 39    0.002737
 40    0.004596
 41    0.001944
 42    0.003454
 43    0.003008
 44    0.002437
 45    0.004361
 46    0.003261
 47    0.002373
 48    0.003376
 49    0.002239
 50    0.003406
 51    0.003528
 52    0.002739
 53    0.003103
 54    0.002933
 55    0.003495
 56    0.003307
 57    0.001650
 58    0.002312
 59    0.002182
 60    0.002744
 61    0.001634
 62    0.001739
 63    0.000932
 64    0.002398
 65    0.001878
 66    0.001850
 67    0.002599
 68    0.001554
 69    0.002303
 70    0.003043
 71    0.002096
 72    0.001489
 73    0.002302
 74    0.001390
 75    0.001586
 76    0.001996
 77    0.001297
 78    0.002004
 79    0.002003
 80    0.002333
 81    0.002100
 82    0.001226
 83    0.002121
 84    0.002251
 85    0.001262
 86    0.001912
 87    0.001838
 88    0.002506
 89    0.001465
 90    0.001116
 91    0.001704
 92    0.001422
 93    0.002036
 94    0.002144
 95    0.001321
 96    0.001067
 97    0.002314
 98    0.002370
 99    0.001442
100    0.001074
101    0.001521
102    0.001808
103    0.000943
104    0.001550
105    0.000816
106    0.001281
107    0.001256
108    0.001480
109    0.000902
110    0.000639
111    0.001581
112    0.000970
113    0.001435
114    0.000692
115    0.001173
116    0.002146
117    0.000935
118    0.001340
119    0.001182
120    0.002154
121    0.001260
122    0.001100
123    0.001670
124    0.001776
125    0.001493
126    0.001291
127    0.001351
128    0.001533
129    0.002041
130    0.000883
131    0.001009
132    0.001095
133    0.000910
134    0.001013
135    0.001419
136    0.001473
137    0.001425
138    0.001019
139    0.001133
140    0.001109
141    0.001032
142    0.001447
143    0.000479
144    0.001496
145    0.001121
146    0.001345
147    0.001232
148    0.001633
149    0.001538
150    0.001207
151    0.001220
152    0.001171
153    0.001630
154    0.000830
155    0.000854
156    0.001497
157    0.001260
158    0.000820
159    0.001017
160    0.000868
161    0.001064
162    0.001137
163    0.001074
164    0.000743
165    0.001269
166    0.000479
167    0.001402
168    0.000611
169    0.000877
170    0.000608
171    0.000748
172    0.001027
173    0.000833
174    0.000786
175    0.000841
176    0.001076
177    0.000903
178    0.000664
179    0.000797
180    0.001162
181    0.000814
182    0.000815
183    0.000716
184    0.000542
185    0.000767
186    0.000738
187    0.000967
188    0.000775
189    0.000804
190    0.001078
191    0.000954
192    0.000697
193    0.000614
194    0.000965
195    0.000912
196    0.001013
197    0.000886
198    0.000798
199    0.000789
200    0.001075
201    0.001235
202    0.000706
203    0.000812
204    0.000982
205    0.000981
206    0.000947
207    0.000836
208    0.000581
209    0.000994
210    0.000908
211    0.001134
212    0.000675
213    0.000798
214    0.000731
215    0.000719
216    0.000544
217    0.000987
218    0.000760
219    0.000916
220    0.000837
221    0.000935
222    0.001015
223    0.000886
224    0.000816
225    0.000882
226    0.000776
227    0.000351
228    0.000878
229    0.000529
230    0.000980
231    0.000821
232    0.000652
233    0.000363
234    0.000866
235    0.000516
236    0.000552
237    0.000593
238    0.001051
239    0.000637
240    0.000854
241    0.000810
242    0.000694
243    0.000521
244    0.000961
245    0.000677
246    0.000542
247    0.000688
248    0.001141
249    0.000716
250    0.000496
251    0.000622
252    0.000851
253    0.000583
254    0.000409
255    0.000262
256    0.000667
257    0.000694
258    0.000459
259    0.000883
260    0.000542
261    0.000425
262    0.000560
263    0.000861
264    0.000518
265    0.000707
266    0.000528
267    0.000753
268    0.000765
269    0.000459
270    0.000452
271    0.000472
272    0.000452
273    0.000471
274    0.000529
275    0.000622
276    0.000550
277    0.000552
278    0.000441
279    0.000548
280    0.000432
281    0.000551
282    0.000394
283    0.000443
284    0.000497
285    0.000593
286    0.000529
287    0.000634
288    0.000379
289    0.000525
290    0.000699
291    0.000327
292    0.000435
293    0.000368
294    0.000567
295    0.000715
296    0.000571
297    0.000619
298    0.000728
299    0.000695
300    0.000377
301    0.000435
302    0.000499
303    0.000532
304    0.000448
305    0.000430
306    0.000509
307    0.000655
308    0.000539
309    0.000583
310    0.000451
311    0.000680
312    0.000280
313    0.000509
314    0.000586
315    0.000768
316    0.000510
317    0.000746
318    0.000526
319    0.001042
320    0.000450
321    0.000469
322    0.000479
323    0.000628
324    0.000255
325    0.000387
326    0.000421
327    0.000410
328    0.000639
329    0.000313
330    0.000775
331    0.000534
332    0.000323
333    0.000306
334    0.000672
335    0.000450
336    0.000572
337    0.000721
338    0.000658
339    0.000595
340    0.000447
341    0.000586
342    0.000495
343    0.000379
344    0.000400
345    0.000630
346    0.000608
347    0.000389
348    0.000627
349    0.000432
350    0.000555
351    0.000335
352    0.000287
353    0.000876
354    0.000569
355    0.000629
356    0.000523
357    0.000674
358    0.000511
359    0.000378
360    0.000523
361    0.000369
362    0.000414
363    0.000421
364    0.000488
365    0.000464
366    0.000540
367    0.000286
368    0.000276
369    0.000612
370    0.000643
371    0.000848
372    0.000557
373    0.000355
374    0.000438
375    0.000831
376    0.000294
377    0.000335
378    0.000666
379    0.000475
380    0.000609
381    0.000348
382    0.000465
383    0.000516
384    0.000422
385    0.000567
386    0.000709
387    0.000380
388    0.000666
389    0.000390
390    0.000589
391    0.000381
392    0.000476
393    0.000513
394    0.000491
395    0.000681
396    0.000519
397    0.000312
398    0.000536
399    0.000619
400    0.000521
401    0.000337
402    0.000354
403    0.000451
404    0.000349
405    0.000502
406    0.000372
407    0.000367
408    0.000544
409    0.000372
410    0.000365
411    0.000373
412    0.000383
413    0.000415
414    0.000393
415    0.000524
416    0.000485
417    0.000307
418    0.000368
419    0.000298
420    0.000364
421    0.000490
422    0.000547
423    0.000494
424    0.000358
425    0.000414
426    0.000344
427    0.000411
428    0.000260
429    0.000301
430    0.000288
431    0.000272
432    0.000375
433    0.000345
434    0.000384
435    0.000267
436    0.000275
437    0.000232
438    0.000422
439    0.000387
440    0.000542
441    0.000362
442    0.000363
443    0.000501
444    0.000541
445    0.000118
446    0.000948
447    0.000495
448    0.000337
449    0.000348
450    0.000550
451    0.000401
452    0.000314
453    0.000306
454    0.000456
455    0.000537
456    0.000249
457    0.000515
458    0.000317
459    0.000256
460    0.000435
461    0.000619
462    0.000510
463    0.000381
464    0.000302
465    0.000209
466    0.000441
467    0.000337
468    0.000338
469    0.000500
470    0.000330
471    0.000249
472    0.000451
473    0.000352
474    0.000396
475    0.000420
476    0.000388
477    0.000356
478    0.000401
479    0.000325
480    0.000221
481    0.000359
482    0.000412
483    0.000291
484    0.000345
485    0.000207
486    0.000339
487    0.000420
488    0.000298
489    0.000273
490    0.000347
491    0.000252
492    0.000352
493    0.000249
494    0.000344
495    0.000365
496    0.000410
497    0.000429
498    0.000353
499    0.000304
500    0.000330
501    0.000314
502    0.000445
503    0.000360
504    0.000521
505    0.000255
506    0.000440
507    0.000315
508    0.000335
509    0.000341
510    0.000345
511    0.000360
512    0.000323
513    0.000180
514    0.000329
515    0.000290
516    0.000297
517    0.000217
518    0.000293
519    0.000289
520    0.000429
521    0.000335
522    0.000310
523    0.000441
524    0.000320
525    0.000302
526    0.000277
527    0.000484
528    0.000200
529    0.000365
530    0.000346
531    0.000325
532    0.000216
533    0.000319
534    0.000429
535    0.000360
536    0.000475
537    0.000476
538    0.000332
539    0.000182
540    0.000316
541    0.000294
542    0.000338
543    0.000347
544    0.000263
545    0.000331
546    0.000289
547    0.000452
548    0.000403
549    0.000349
550    0.000264
551    0.000382
552    0.000319
553    0.000345
554    0.000248
555    0.000188
556    0.000333
557    0.000287
558    0.000322
559    0.000307
560    0.000241
561    0.000243
562    0.000454
563    0.000351
564    0.000261
565    0.000393
566    0.000244
567    0.000292
568    0.000238
569    0.000238
570    0.000291
571    0.000252
572    0.000220
573    0.000220
574    0.000354
575    0.000300
576    0.000309
577    0.000332
578    0.000322
579    0.000241
580    0.000300
581    0.000262
582    0.000264
583    0.000296
584    0.000253
585    0.000271
586    0.000305
587    0.000307
588    0.000284
589    0.000208
590    0.000277
591    0.000408
592    0.000226
593    0.000347
594    0.000216
595    0.000333
596    0.000419
597    0.000398
598    0.000328
599    0.000326
600    0.000306
601    0.000292
602    0.000241
603    0.000315
604    0.000376
605    0.000313
606    0.000351
607    0.000300
608    0.000219
609    0.000253
610    0.000373
611    0.000427
612    0.000428
613    0.000317
614    0.000303
615    0.000248
616    0.000282
617    0.000314
618    0.000356
619    0.000305
620    0.000367
621    0.000354
622    0.000391
623    0.000193
624    0.000129
625    0.000215
626    0.000294
627    0.000409
628    0.000186
629    0.000241
630    0.000317
631    0.000253
632    0.000204
633    0.000237
634    0.000276
635    0.000276
636    0.000265
637    0.000435
638    0.000314
639    0.000318
640    0.000318
641    0.000306
642    0.000358
643    0.000297
644    0.000332
645    0.000251
646    0.000192
647    0.000296
648    0.000219
649    0.000254
650    0.000247
651    0.000275
652    0.000258
653    0.000207
654    0.000211
655    0.000246
656    0.000232
657    0.000308
658    0.000228
659    0.000436
660    0.000368
661    0.000331
662    0.000202
663    0.000450
664    0.000316
665    0.000270
666    0.000220
667    0.000304
668    0.000232
669    0.000294
670    0.000231
671    0.000241
672    0.000202
673    0.000353
674    0.000269
675    0.000235
676    0.000339
677    0.000264
678    0.000325
679    0.000294
680    0.000326
681    0.000256
682    0.000313
683    0.000375
684    0.000318
685    0.000235
686    0.000380
687    0.000299
688    0.000177
689    0.000189
690    0.000160
691    0.000244
692    0.000381
693    0.000318
694    0.000361
695    0.000263
696    0.000292
697    0.000286
698    0.000276
699    0.000246
700    0.000172
701    0.000216
702    0.000226
703    0.000163
704    0.000147
705    0.000372
706    0.000237
707    0.000258
708    0.000156
709    0.000235
710    0.000247
711    0.000276
712    0.000180
713    0.000211
714    0.000254
715    0.000209
716    0.000258
717    0.000147
718    0.000279
719    0.000323
720    0.000292
721    0.000194
722    0.000153
723    0.000331
724    0.000341
725    0.000230
726    0.000308
727    0.000224
728    0.000276
729    0.000275
730    0.000215
731    0.000250
732    0.000226
733    0.000259
734    0.000215
735    0.000207
736    0.000225
737    0.000224
738    0.000239
739    0.000147
740    0.000383
741    0.000161
742    0.000175
743    0.000156
744    0.000210
745    0.000254
746    0.000177
747    0.000190
748    0.000132
749    0.000185
750    0.000249
751    0.000164
752    0.000267
753    0.000181
754    0.000244
755    0.000167
756    0.000156
757    0.000205
758    0.000287
759    0.000360
760    0.000149
761    0.000256
762    0.000219
763    0.000122
764    0.000223
765    0.000145
766    0.000146
767    0.000198
768    0.000293
769    0.000162
770    0.000367
771    0.000153
772    0.000299
773    0.000176
774    0.000208
775    0.000154
776    0.000142
777    0.000147
778    0.000165
779    0.000157
780    0.000233
781    0.000176
782    0.000244
783    0.000221
784    0.000239
785    0.000191
786    0.000225
787    0.000227
788    0.000283
789    0.000279
790    0.000355
791    0.000219
792    0.000288
793    0.000156
794    0.000191
795    0.000195
796    0.000358
797    0.000347
798    0.000195
799    0.000122
800    0.000112
801    0.000074
802    0.000261
803    0.000223
804    0.000134
805    0.000196
806    0.000147
807    0.000210
808    0.000173
809    0.000255
810    0.000086
811    0.000102
812    0.000175
813    0.000155
814    0.000110
815    0.000250
816    0.000278
817    0.000178
818    0.000297
819    0.000422
820    0.000469
821    0.000213
822    0.000197
823    0.000432
824    0.000192
825    0.000521
