           1   538.67673086608181     
           2   189.12689031573086     
           3   210.91063333785434     
           4   181.84021391390627     
           5   120.40731643582942     
           6   185.20372556331631     
           7   192.27513259012585     
           8   285.98731053391577     
           9   219.79082372669234     
          10   162.38598142087642     
          11   248.51153393273722     
          12   225.61906998539189     
          13   355.16712048434511     
          14   403.70247639615275     
          15   310.60842045556205     
          16   248.82714284210726     
          17   406.42341227012730     
          18   496.32391540388176     
          19   776.04959188907787     
          20   992.52864499072405     
          21   542.47421452326864     
          22   293.00068052181501     
          23   280.32444439826691     
          24   207.71401721012128     
          25   171.70855267955022     
          26   137.96076226004291     
          27   141.42515220709853     
          28   153.53427002051976     
          29   129.07435349457120     
          30   305.05230398652151     
          31   329.94077786941949     
          32   538.75326331393160     
          33   1197.2703370773806     
          34   1119.1492451054810     
          35   1252.3335982171041     
          36   759.30128761818094     
          37   350.53157667685332     
          38   186.77338043252234     
          39   137.15511701813847     
          40   76.867873341173976     
          41   86.879900743402587     
          42   97.350170458019818     
          43   147.72796025524121     
          44   151.17819870095133     
          45   207.23010759518704     
          46   369.75585532336157     
          47   389.05643189543264     
          48   462.93957205478750     
          49   352.12616499093792     
          50   489.19239225530566     
          51   596.71465938083077     
          52   588.79174873691193     
          53   270.33040497967608     
          54   207.83732817596569     
          55   330.26136420604234     
          56   226.49556080381612     
          57   126.06750274627575     
          58   133.39159262531157     
          59   127.25556343203283     
          60   111.18077510087704     
          61   95.593579565080233     
          62   144.62229457580202     
          63   104.72287731723691     
          64   79.607199272389821     
          65   98.845518970969394     
          66   152.63261180058214     
          67   105.10739409748737     
          68   104.87565395030632     
          69   111.63288611873546     
          70   112.00561342365997     
          71   72.924751953667794     
          72   76.519448547395882     
          73   73.358666229030263     
          74   94.420441051125565     
          75   84.052517553620476     
          76   78.792163790735017     
          77   96.704315279773368     
          78   79.204628653590277     
          79   116.84277015506397     
          80   198.59769237114526     
          81   294.11739927434996     
          82   511.46727280944009     
          83   228.99705449374551     
          84   136.00881989890149     
          85   91.152500267341168     
          86   77.479151762241514     
          87   68.094738950855415     
          88   93.999903656633137     
          89   106.55328683159917     
          90   103.85591068027793     
          91   118.26990379747431     
          92   146.07580481295247     
          93   140.01232053219232     
          94   141.02231871147916     
          95   103.24355831160113     
          96   80.285966140245677     
          97   102.40241952164007     
          98   124.69851201131860     
          99   113.04804230304111     
         100   98.677611257429334     
         101   127.42665708880969     
         102   195.59329933923129     
         103   231.61177158163463     
         104   158.74767471762891     
         105   315.75499193204564     
         106   342.35997101945208     
         107   157.21341233741060     
         108   203.76334434326833     
         109   99.131528425310620     
         110   104.75371855484117     
         111   128.56706300567879     
         112   74.357013633014617     
         113   64.300382963088126     
         114   82.761753222142033     
         115   66.763044885169450     
         116   60.606391467970141     
         117   89.096359621648546     
         118   80.243484127130074     
         119   54.386039897913562     
         120   62.363712415524432     
         121   71.556075684349679     
         122   77.598244136550477     
         123   54.125300942250121     
         124   79.954991737426582     
         125   86.005751186976426     
         126   74.653208741125098     
         127   80.436311526603561     
         128   238.64411703029856     
         129   113.68785836321027     
         130   131.21834951122628     
         131   83.385987576357223     
         132   66.445771786863659     
         133   69.223798951462300     
         134   65.299605871847291     
         135   72.103706283578703     
         136   56.707506378962670     
         137   69.863528953192684     
         138   79.746497031254520     
         139   92.122488550348805     
         140   99.058687204499904     
         141   69.678230606689695     
         142   78.629871996033756     
         143   87.878504712815442     
         144   107.94667033492080     
         145   182.69300666780569     
         146   118.75738501608593     
         147   157.06308091465064     
         148   110.52622707542949     
         149   75.771987559582357     
         150   74.154835447414854     
         151   60.104499295033023     
         152   85.174361806472092     
         153   88.916723276972107     
         154   88.559459402600027     
         155   110.42517214186270     
         156   111.70744653020824     
         157   95.414066668220016     
         158   101.93375403700119     
         159   98.094205999656381     
         160   140.30710331758655     
         161   265.96949173792433     
         162   2796.3899064357984     
         163   1289.3053575617178     
         164   223.39825106155988     
         165   199.19777047500793     
         166   109.33774465701909     
         167   117.10346728286567     
         168   264.98829829300342     
         169   329.46545281131125     
         170   704.92880716884974     
         171   993.66251735941466     
         172   1628.9054016225498     
         173   1361.4560437786113     
         174   205.04202734632193     
         175   164.80698981773179     
         176   142.07088000431301     
         177   123.64185300094050     
         178   78.121600399775346     
         179   68.888495602321001     
         180   62.587119254238218     
         181   87.705553715314863     
         182   109.29358561379954     
         183   97.727792068055422     
         184   129.62341256080822     
         185   274.85005873421301     
         186   259.16022957802960     
         187   181.16877153969091     
         188   130.38354742670882     
         189   78.436168952476962     
         190   67.144915595282129     
         191   61.104632472073646     
         192   60.888832860787218     
         193   54.592627607273229     
         194   53.047684187664061     
         195   48.251749893859760     
         196   54.984532813909389     
         197   56.377604345684261     
         198   48.690228430468245     
         199   59.736975701249726     
         200   54.044618067972721     
         201   60.631696513063844     
         202   56.516153245248049     
         203   61.124121653349569     
         204   72.636086529567592     
         205   63.278296489155423     
         206   66.673076645880315     
         207   95.849132568500607     
         208   92.979152074446901     
         209   88.563870296679113     
         210   142.53920596177778     
         211   219.99259107652102     
         212   122.99268915803744     
         213   178.41535251292615     
         214   390.00655954960371     
         215   600.33834171501178     
         216   281.84798286875639     
         217   315.31302186376922     
         218   232.57810259753566     
         219   321.69450800016961     
         220   294.06783560537554     
         221   150.73805177581431     
         222   161.76744264844558     
         223   241.88705855443402     
         224   210.06997563803213     
         225   146.45785838893892     
         226   204.95681487218656     
         227   332.47554566426243     
         228   224.62979282312847     
         229   226.21758500659473     
         230   131.39027003899659     
         231   125.55713983738252     
         232   151.05516528137593     
         233   108.34235742720061     
         234   99.079448063199237     
         235   186.76836326363662     
         236   124.79180414223381     
         237   112.76085904651931     
         238   137.94945520447186     
         239   139.21228884614607     
         240   130.90918793961330     
         241   78.941005583416853     
         242   89.880579992670619     
         243   154.11361227932304     
         244   94.381910050387873     
         245   62.598583418504141     
         246   84.792851399051386     
         247   104.13415702126495     
         248   55.949989615008036     
         249   59.718362387426765     
         250   93.032569376551351     
         251   119.21033285410954     
         252   169.82012726459183     
         253   85.871871677909667     
         254   164.18569109970045     
         255   142.69191356556254     
         256   77.554018308361776     
         257   88.168018564059793     
         258   84.140580442856432     
         259   62.083229479798838     
         260   99.252597365930058     
         261   112.60574288709046     
         262   59.751823381193304     
         263   93.225652938341995     
         264   125.24581736822540     
         265   93.202508588231154     
         266   75.681116002791214     
         267   101.66332901629988     
         268   164.06525669524751     
         269   99.168271589576847     
         270   94.031391355186656     
         271   169.88149081308327     
         272   172.82499801834084     
         273   114.89946715271083     
         274   158.26016256562906     
         275   174.52285464809864     
         276   107.96170432966159     
         277   101.29795489150507     
