 -0.001133
 -0.034987
 -0.213676
  0.835855
  0.080849
 -0.338592
 -0.278847
 -0.113281
  0.021574
  0.095540
 -0.001753
  0.023387
  0.038213
 -0.000919
  0.051850
 -0.027207
 -0.014959
 -0.031824
  0.035151
 -0.023750
  0.001987
 -0.021327
  0.019881
 -0.005074
  0.125604
 -0.001036
  0.000476
 -0.007373
 -0.001547
 -0.002998
 -0.009488
  0.032700
  0.025756
  0.005043
 -0.010194
  0.011956
 -0.013279
 -0.006678
 -0.026503
  0.001926
 -0.024416
  0.016648
 -0.008675
  0.006353
  0.002741
  0.004253
  0.000873
 -0.002003
  0.006374
 -0.014834
  0.002803
 -0.003803
 -0.005174
  0.003551
 -0.005536
  0.021827
 -0.001851
 -0.005064
  0.003522
 -0.001030
 -0.003418
 -0.000834
  0.000649
 -0.001705
 -0.001531
 -0.001590
  0.000221
 -0.008705
 -0.000232
  0.000644
  0.006955
  0.002073
  0.002238
 -0.004599
  0.008005
 -0.004567
  0.006553
 -0.008054
 -0.001640
  0.000410
  0.004049
 -0.011761
 -0.001576
 -0.004007
 -0.002131
  0.003380
  0.003915
 -0.002210
 -0.000676
  0.007196
  0.000826
  0.000137
  0.001848
  0.003247
 -0.000666
  0.000933
  0.002004
  0.000206
  0.001347
  0.002870
  0.000659
 -0.001115
 -0.000441
 -0.004913
 -0.000138
 -0.001612
  0.000269
 -0.000550
 -0.001361
  0.003024
  0.000654
 -0.002186
  0.001552
  0.000493
 -0.002581
  0.001700
 -0.002812
  0.001045
  0.001540
  0.004214
 -0.003334
 -0.001123
 -0.001396
  0.001063
  0.002549
 -0.002225
  0.000906
  0.001969
  0.000191
 -0.001198
 -0.002945
 -0.000010
  0.002514
 -0.000156
 -0.006265
  0.001632
 -0.003033
  0.000465
 -0.001773
 -0.003073
  0.001362
 -0.002500
  0.000731
 -0.001533
 -0.001803
  0.000503
  0.001977
 -0.002414
  0.001373
  0.000189
 -0.000783
 -0.001186
 -0.000291
 -0.000184
  0.000931
 -0.002008
  0.009397
  0.000260
  0.015499
  0.000924
 -0.001404
  0.001065
 -0.000966
  0.001455
  0.002182
 -0.001420
  0.002179
  0.004084
 -0.003894
 -0.000958
  0.005304
  0.003398
  0.005859
 -0.004237
  0.000838
  0.000720
  0.001489
  0.001761
 -0.009614
 -0.001471
  0.001971
 -0.005645
  0.004599
  0.001255
  0.002174
 -0.001325
 -0.002567
 -0.004450
  0.005378
 -0.001025
  0.001507
  0.006387
  0.003364
 -0.003927
  0.000595
  0.001697
  0.006533
  0.000502
 -0.002833
  0.004978
 -0.001004
 -0.001345
  0.001111
 -0.000140
 -0.000461
  0.003086
  0.003546
  0.003355
  0.005963
 -0.003346
  0.003232
 -0.002241
 -0.001143
 -0.000223
  0.003788
 -0.001996
 -0.002304
  0.002862
 -0.003578
  0.002393
  0.008581
 -0.002528
 -0.001253
 -0.002124
 -0.003625
 -0.001208
 -0.001160
  0.002673
  0.002496
 -0.000804
 -0.001921
 -0.006949
  0.000179
  0.000937
 -0.001999
  0.000515
  0.001018
  0.002824
 -0.001622
 -0.002169
 -0.000894
 -0.001244
  0.000675
 -0.000060
  0.003715
 -0.003347
  0.005602
 -0.002234
  0.002723
 -0.005124
  0.001454
  0.000939
 -0.000866
  0.003510
  0.004050
  0.000878
 -0.000893
  0.000929
 -0.000363
  0.000672
  0.000091
  0.000256
 -0.000981
 -0.000729
 -0.003538
  0.002396
 -0.000903
 -0.002647
  0.001117
 -0.000463
  0.001726
 -0.000538
  0.000681
 -0.000086
  0.001389
 -0.000402
  0.001938
 -0.003255
 -0.002313
  0.000054
 -0.000832
  0.002456
  0.002495
 -0.000103
  0.000210
  0.001287
 -0.001378
 -0.000749
 -0.002673
 -0.003387
 -0.001205
 -0.000611
  0.001919
  0.000935
 -0.000276
 -0.000826
  0.000917
  0.000475
  0.000120
 -0.000879
 -0.000378
 -0.000650
  0.000268
 -0.000737
 -0.000101
  0.000203
  0.000419
  0.000358
 -0.000390
 -0.000780
  0.001287
 -0.000333
  0.000233
  0.000157
  0.000232
  0.000382
  0.000910
  0.000675
 -0.000466
 -0.000354
 -0.000682
 -0.000498
  0.002429
 -0.000483
  0.000090
 -0.000601
  0.000844
  0.000448
  0.001544
  0.000614
 -0.003630
 -0.000314
  0.000555
 -0.002425
 -0.000027
 -0.000879
 -0.001349
  0.001020
  0.003890
  0.002433
  0.001293
 -0.001204
  0.000907
  0.001786
  0.002933
  0.005443
  0.002943
 -0.001955
  0.000299
  0.002984
 -0.000937
  0.004123
 -0.000554
  0.006425
 -0.004288
 -0.000284
 -0.000784
 -0.000147
 -0.000569
 -0.003802
 -0.001963
 -0.000346
  0.000067
 -0.000764
  0.006815
  0.005225
 -0.001656
  0.000489
 -0.000921
 -0.000111
 -0.000855
 -0.000391
 -0.002933
 -0.000003
 -0.004432
 -0.002278
 -0.000546
 -0.000716
  0.002798
 -0.001070
  0.001005
 -0.000458
 -0.000983
  0.001947
  0.000370
 -0.002438
  0.000005
 -0.000008
  0.000187
  0.004469
 -0.001894
 -0.000529
 -0.001236
  0.001999
 -0.003349
  0.000024
  0.001422
  0.002002
  0.000121
  0.000278
  0.001629
  0.000246
  0.001041
 -0.000021
 -0.000724
 -0.002424
  0.001385
 -0.001160
  0.001809
  0.000069
 -0.000437
 -0.000266
  0.001302
 -0.001575
 -0.000893
 -0.000484
  0.001995
 -0.000059
 -0.000880
  0.000656
 -0.001091
  0.000893
  0.000058
 -0.000579
 -0.000675
  0.000556
 -0.000584
  0.000032
  0.000123
 -0.001253
  0.001380
  0.001270
  0.001147
 -0.000450
  0.001743
 -0.002721
  0.001848
  0.001833
 -0.000900
 -0.000637
  0.000097
  0.001264
 -0.000340
  0.000254
 -0.001721
 -0.000453
 -0.004138
  0.000550
 -0.000780
 -0.000227
  0.002884
  0.000144
  0.000022
 -0.001431
 -0.000186
  0.000135
  0.000653
  0.000631
  0.001026
  0.000699
  0.005167
 -0.003278
  0.001237
 -0.003091
 -0.000419
  0.001273
 -0.001395
 -0.001541
 -0.000544
 -0.000141
  0.001358
 -0.000496
  0.001411
  0.000244
  0.000581
  0.002621
  0.003259
  0.002030
 -0.000361
  0.000860
 -0.002702
 -0.000015
 -0.000949
  0.002500
 -0.000683
  0.001715
  0.000933
  0.000347
  0.001387
  0.001143
  0.001082
 -0.000327
 -0.000466
 -0.000749
 -0.000820
  0.002499
 -0.001199
 -0.000115
 -0.000779
 -0.001135
  0.000332
  0.000391
 -0.000124
 -0.000599
  0.000157
  0.000350
 -0.000711
 -0.000229
 -0.000176
  0.000501
  0.000013
  0.000662
  0.000867
  0.000473
 -0.000013
 -0.000993
  0.000459
 -0.000046
 -0.000139
  0.000371
 -0.000046
  0.001452
 -0.000511
 -0.000294
  0.000031
  0.001064
  0.000175
  0.000158
  0.000656
  0.001777
  0.000124
  0.000356
  0.000584
  0.000552
 -0.000157
 -0.001294
  0.000341
 -0.000537
 -0.000090
 -0.000030
 -0.000503
  0.000010
 -0.001145
  0.000288
 -0.000432
  0.000375
  0.001198
  0.000147
 -0.001301
 -0.000155
  0.000328
  0.000552
 -0.000012
 -0.000287
  0.000298
  0.000324
 -0.000729
 -0.000404
  0.000018
 -0.000767
  0.000161
 -0.000858
  0.000178
 -0.000034
  0.000056
 -0.000509
 -0.000069
 -0.000437
  0.000113
  0.000199
 -0.000405
 -0.000501
 -0.000181
  0.000165
  0.001296
 -0.000374
  0.000180
  0.000007
  0.000656
  0.000678
 -0.000072
  0.000895
  0.000707
  0.000418
  0.000062
  0.000214
  0.000427
  0.000453
 -0.000035
  0.000473
 -0.000972
 -0.000230
  0.000760
 -0.000012
 -0.000281
  0.000231
 -0.000022
 -0.001209
 -0.000176
 -0.000177
  0.000141
  0.000054
 -0.001143
 -0.000646
 -0.000476
  0.000326
  0.000000
  0.000590
  0.001457
 -0.000702
 -0.000360
 -0.000071
 -0.000101
 -0.000375
 -0.000405
 -0.000064
 -0.000040
  0.000677
  0.000110
 -0.000308
  0.000157
 -0.001351
  0.000491
  0.000231
  0.000391
  0.000454
  0.000287
  0.000338
  0.000238
 -0.000229
 -0.000172
  0.000110
  0.000322
  0.001493
 -0.000288
  0.000086
 -0.000399
 -0.000150
 -0.000033
 -0.000102
  0.000501
  0.000079
 -0.000018
  0.000134
 -0.000196
  0.000186
 -0.000147
 -0.000640
  0.000066
  0.000059
  0.000000
 -0.000020
 -0.000515
  0.000171
 -0.000498
  0.000300
 -0.000569
  0.000418
 -0.000086
 -0.001132
 -0.000116
 -0.000123
 -0.000384
 -0.000056
 -0.000457
 -0.000348
 -0.000107
  0.000152
 -0.000922
  0.000311
  0.000294
  0.000016
  0.000331
  0.000868
 -0.000173
 -0.000117
  0.000162
 -0.000941
 -0.000132
  0.000317
 -0.000739
 -0.000434
 -0.000057
 -0.000580
  0.000146
 -0.000593
 -0.000303
  0.000516
  0.000139
 -0.000300
  0.000398
  0.000895
 -0.000801
 -0.000153
  0.000310
  0.000262
  0.000040
 -0.000164
 -0.000256
 -0.000445
 -0.000163
  0.000591
 -0.000002
 -0.000024
 -0.000667
  0.000091
 -0.000116
  0.000119
  0.000637
 -0.000344
 -0.000234
 -0.000244
  0.000298
  0.000208
 -0.000191
 -0.000012
 -0.000403
 -0.000296
  0.000020
  0.000302
 -0.000442
  0.000377
  0.000258
  0.000511
  0.000556
 -0.000381
  0.000299
 -0.000222
  0.000068
  0.000659
  0.000329
 -0.000034
 -0.000449
 -0.000124
 -0.000463
  0.000127
  0.000213
  0.000401
  0.000268
 -0.000213
  0.000141
 -0.000302
  0.000075
 -0.000178
 -0.000216
  0.000197
 -0.000389
 -0.000179
 -0.000003
 -0.000084
 -0.000400
 -0.000377
 -0.000019
 -0.000361
 -0.000107
 -0.000070
 -0.000132
 -0.000187
  0.000584
 -0.000099
  0.000170
  0.000278
 -0.000100
 -0.000259
 -0.000046
  0.000176
  0.000106
 -0.000086
 -0.000133
  0.000270
 -0.000018
  0.000043
  0.000043
 -0.000123
 -0.000028
  0.000366
  0.000139
 -0.000057
  0.000183
 -0.000063
 -0.000105
  0.000140
  0.000779
 -0.000180
  0.000036
  0.000177
  0.000429
 -0.000191
 -0.000155
 -0.000190
  0.000071
  0.001170
  0.000313
  0.000045
 -0.000169
  0.000215
 -0.000116
 -0.000017
 -0.000189
 -0.000028
  0.000035
  0.000114
 -0.000042
 -0.000041
 -0.000088
 -0.000323
  0.000000
 -0.000028
 -0.000065
  0.000111
  0.000015
 -0.000005
 -0.000031
  0.000033
  0.000021
  0.000002
  0.000142
 -0.000097
  0.000024
  0.000018
 -0.000036
  0.000426
  0.000165
 -0.000102
  0.000159
