  0.012184
  0.077748
  0.483392
  0.013939
 -0.066723
  0.410697
 -0.027862
  0.071899
 -0.004850
  0.239033
 -0.048409
  0.700516
 -0.026588
  0.136429
  0.034101
 -0.010425
 -0.004562
  0.042159
 -0.037137
 -0.019967
 -0.015984
 -0.001318
  0.006389
 -0.014529
  0.031344
 -0.001837
 -0.003593
  0.013521
 -0.011373
 -0.002804
 -0.024379
 -0.007991
 -0.002627
  0.006581
 -0.011480
 -0.005351
  0.008158
 -0.003345
  0.019441
  0.012561
  0.006187
  0.012425
  0.000940
  0.005456
 -0.008333
  0.004569
 -0.001775
 -0.004739
  0.011013
  0.004548
  0.002579
 -0.001789
  0.008756
  0.005652
 -0.004011
  0.005782
 -0.006212
  0.002567
  0.000167
 -0.002375
 -0.000948
  0.000291
 -0.008430
  0.005087
 -0.001891
 -0.002812
 -0.002505
  0.004505
 -0.000178
 -0.000438
  0.000808
 -0.001987
 -0.001195
  0.004877
 -0.005856
  0.005585
 -0.015434
  0.006107
 -0.010744
  0.000562
  0.013295
  0.000610
 -0.004429
 -0.000398
  0.006983
 -0.005899
 -0.014116
  0.001200
 -0.003431
 -0.003331
  0.005235
  0.004047
 -0.000897
 -0.006914
 -0.001658
 -0.006140
  0.002130
  0.002375
 -0.000278
 -0.000231
  0.001790
  0.000866
 -0.000059
 -0.001241
 -0.005629
  0.001317
 -0.003769
  0.001669
 -0.002228
 -0.003275
  0.001105
  0.001198
  0.001104
 -0.002200
 -0.000006
  0.002918
  0.001431
  0.000330
 -0.002739
 -0.000210
  0.000409
 -0.000643
  0.001685
  0.001523
  0.000404
  0.000349
  0.000727
  0.000993
 -0.000343
  0.000414
  0.002139
 -0.003499
 -0.000137
  0.001788
  0.003898
 -0.000435
 -0.003970
  0.004096
 -0.000738
 -0.000723
  0.004372
 -0.000785
 -0.001328
  0.002425
  0.001575
  0.005760
 -0.000471
  0.000299
 -0.000242
 -0.000564
  0.001141
 -0.000935
  0.003196
 -0.000080
 -0.000839
 -0.003342
 -0.003511
  0.000128
  0.000871
 -0.000660
 -0.003174
  0.000875
 -0.001115
  0.004154
  0.001544
  0.004253
  0.000885
  0.000488
  0.000837
  0.001523
 -0.001563
 -0.000312
  0.000944
 -0.000899
  0.001327
  0.001521
 -0.005210
 -0.004550
 -0.001034
 -0.003762
  0.001420
 -0.000988
  0.000915
 -0.000134
  0.001186
 -0.002871
 -0.000016
 -0.001795
 -0.000004
 -0.001848
  0.002404
  0.001757
  0.000893
 -0.002010
 -0.005107
  0.001928
  0.002707
 -0.002328
  0.001115
 -0.000600
  0.000934
 -0.003749
 -0.001577
 -0.008947
  0.003540
  0.003321
  0.003146
  0.002136
 -0.002858
 -0.004763
 -0.001106
  0.000428
 -0.000724
  0.002472
 -0.003401
 -0.004186
 -0.007777
  0.001714
 -0.000544
 -0.004492
 -0.000043
  0.002183
  0.003231
 -0.004932
 -0.002492
 -0.001381
  0.000981
 -0.004454
  0.001240
  0.000530
 -0.002215
  0.000623
 -0.002016
 -0.001597
  0.005122
 -0.002452
  0.000233
 -0.000160
  0.000420
  0.003393
  0.001490
 -0.001918
 -0.001486
  0.002764
  0.001658
  0.001751
 -0.003628
 -0.000743
 -0.000400
  0.001397
  0.000540
  0.000237
  0.001585
  0.001022
 -0.000411
 -0.001397
  0.000949
  0.000204
  0.000461
  0.001422
  0.000001
  0.000608
  0.000137
 -0.000621
 -0.000566
  0.001167
  0.002099
  0.001446
 -0.003538
  0.003963
  0.000229
 -0.001178
  0.000824
  0.000700
 -0.000017
 -0.000726
  0.002366
 -0.000020
  0.000241
  0.000217
 -0.000219
  0.000008
 -0.000066
 -0.000533
 -0.000744
 -0.000022
  0.002184
  0.000932
 -0.001774
 -0.000212
  0.000031
 -0.001247
  0.000301
  0.000080
  0.000956
 -0.000565
  0.000177
 -0.001847
 -0.000002
  0.000225
  0.000029
 -0.001108
  0.001654
 -0.001413
 -0.001678
 -0.000410
  0.000517
 -0.000363
  0.000233
 -0.000083
  0.000414
 -0.000416
 -0.000303
  0.000104
 -0.000318
 -0.000359
  0.000189
  0.000079
 -0.000023
 -0.000324
  0.000407
 -0.000851
  0.000503
  0.000236
  0.000368
 -0.000119
  0.000029
  0.000300
  0.000506
 -0.000212
  0.000298
 -0.000361
  0.000038
  0.000034
 -0.002073
  0.000936
 -0.000549
  0.000011
  0.000359
  0.000191
 -0.000200
  0.000382
 -0.000044
 -0.000806
 -0.000787
 -0.001051
  0.000252
 -0.000374
  0.000654
 -0.000035
  0.000987
 -0.000235
  0.000449
  0.000494
 -0.000131
  0.000370
  0.001261
 -0.000555
  0.000015
  0.000606
  0.000127
 -0.001021
  0.000262
 -0.000466
 -0.000863
 -0.001760
 -0.000176
  0.000482
 -0.001618
 -0.002563
 -0.000248
 -0.000561
  0.000897
  0.000215
  0.001492
 -0.000309
  0.000673
 -0.000067
 -0.000376
  0.000248
  0.000109
 -0.001070
 -0.000210
 -0.000113
 -0.000048
 -0.000126
 -0.002055
 -0.000993
 -0.000794
  0.001447
 -0.000454
  0.000414
  0.000065
  0.000404
 -0.001310
 -0.001513
  0.000594
  0.000460
 -0.000389
 -0.000507
 -0.000286
 -0.000378
 -0.000339
 -0.000278
  0.000206
 -0.000314
  0.000315
 -0.001167
 -0.000109
 -0.000326
 -0.000176
  0.000907
 -0.000661
 -0.000703
  0.000926
  0.001169
 -0.000944
 -0.000119
 -0.001060
 -0.001442
 -0.001321
  0.000137
 -0.000637
 -0.000390
 -0.001924
 -0.000586
 -0.000306
 -0.000062
 -0.000475
 -0.000274
  0.000360
  0.000712
  0.000010
 -0.000160
  0.001172
  0.000078
 -0.000648
 -0.000021
 -0.000053
  0.000646
  0.000522
  0.001398
  0.001066
 -0.001235
 -0.000177
  0.003533
 -0.000599
  0.002405
  0.002102
 -0.000231
  0.001018
 -0.000763
 -0.000223
 -0.001105
 -0.000376
 -0.000040
  0.000473
 -0.001702
  0.000887
 -0.000449
  0.000386
  0.000286
  0.000690
 -0.000141
 -0.000104
 -0.000334
  0.000009
 -0.000037
 -0.001023
  0.000036
 -0.000244
  0.000485
  0.000060
 -0.002083
 -0.001684
 -0.000246
  0.000394
 -0.000112
 -0.000761
 -0.000623
 -0.001082
  0.000276
  0.001210
 -0.000902
  0.000368
  0.001103
 -0.000079
 -0.000698
 -0.000651
 -0.001157
  0.001269
  0.000125
  0.000058
  0.000062
 -0.001144
 -0.000664
 -0.000710
 -0.001697
  0.000019
 -0.000717
 -0.001220
 -0.000191
  0.000373
 -0.000017
  0.000373
  0.002053
  0.000382
 -0.000068
 -0.000244
  0.000281
 -0.000245
  0.000771
 -0.000822
  0.000556
 -0.000914
 -0.000610
 -0.001952
  0.001279
  0.000051
  0.001202
 -0.000359
 -0.000282
  0.000187
  0.000161
 -0.000341
  0.000527
 -0.000007
  0.000343
  0.000636
 -0.000283
  0.000062
 -0.000449
 -0.000058
 -0.000107
  0.000034
  0.000937
 -0.000499
  0.000087
 -0.000388
 -0.000975
  0.000236
  0.001572
 -0.001903
 -0.000216
 -0.000087
  0.000714
  0.000003
  0.000894
  0.000073
  0.000035
 -0.000179
 -0.000226
 -0.000910
  0.000935
  0.000177
  0.000618
 -0.000085
 -0.000151
  0.000233
  0.000945
  0.000585
  0.000212
  0.000305
 -0.000743
 -0.000319
  0.000188
  0.000026
  0.000025
  0.000645
 -0.000048
  0.001712
 -0.000625
 -0.001003
 -0.000185
 -0.000136
 -0.000148
 -0.000266
 -0.000593
  0.000029
 -0.000072
 -0.001253
 -0.000307
  0.000371
 -0.000147
  0.000322
  0.000406
 -0.000921
 -0.000342
  0.000105
  0.000081
 -0.000078
 -0.000198
 -0.000249
 -0.000516
  0.000030
  0.000002
 -0.000050
 -0.000369
  0.000406
  0.000186
  0.000244
  0.000200
  0.000230
  0.000212
 -0.000032
  0.000190
 -0.000435
  0.000453
  0.000370
 -0.000035
 -0.000362
  0.000110
 -0.000208
 -0.000120
 -0.000334
 -0.000094
  0.000395
 -0.000332
  0.000154
 -0.000289
 -0.000741
  0.000090
 -0.000645
 -0.000054
 -0.000126
  0.000535
  0.000041
  0.000138
 -0.000401
 -0.000272
 -0.000312
 -0.000540
 -0.001024
  0.000057
 -0.000443
  0.000145
 -0.000014
  0.000257
  0.000067
  0.000184
 -0.000184
 -0.000506
 -0.000112
 -0.000465
  0.000261
 -0.000407
 -0.000544
 -0.000216
 -0.000181
 -0.000215
  0.000255
  0.000223
 -0.000099
 -0.000242
 -0.000438
  0.000222
  0.000548
  0.000015
  0.000169
  0.000152
  0.000602
  0.000215
  0.000510
 -0.000471
 -0.000204
  0.000345
 -0.000460
  0.000474
  0.000200
 -0.000304
  0.000471
  0.000583
 -0.000013
 -0.000568
 -0.001026
  0.000270
 -0.000081
  0.000615
 -0.000070
  0.000596
 -0.000217
  0.000303
 -0.000633
  0.000327
  0.000229
  0.000179
  0.000197
  0.000120
 -0.000196
  0.000034
 -0.000284
  0.000032
 -0.000025
  0.000245
 -0.000077
 -0.000492
  0.000692
 -0.000600
 -0.000069
 -0.000279
 -0.000448
 -0.000167
 -0.000108
 -0.000023
  0.000127
  0.000133
 -0.000116
  0.000009
 -0.000202
  0.000371
 -0.000404
 -0.000397
 -0.000106
 -0.000167
 -0.000127
 -0.000073
  0.000191
 -0.000273
 -0.000095
  0.000041
  0.000219
 -0.000076
 -0.000173
  0.000158
 -0.000256
  0.000113
  0.000318
 -0.000223
  0.000280
 -0.000338
  0.000267
  0.000032
  0.000128
 -0.000069
 -0.000444
 -0.000138
 -0.000018
 -0.000037
  0.000367
 -0.000067
 -0.000029
 -0.000134
  0.000301
 -0.000686
 -0.000182
 -0.000235
 -0.000620
 -0.000116
  0.000342
 -0.000000
  0.000034
  0.000009
  0.000388
 -0.000204
 -0.000267
 -0.000340
 -0.000129
 -0.000100
  0.000080
 -0.000089
 -0.000011
 -0.000216
  0.000574
 -0.000006
 -0.000086
 -0.000026
 -0.000218
  0.000173
  0.000108
  0.000060
  0.000039
 -0.000193
 -0.000086
  0.000151
  0.000238
  0.000249
  0.000132
  0.000096
 -0.000460
  0.000200
  0.000107
 -0.000094
  0.000420
 -0.000037
  0.000309
  0.000018
 -0.000034
 -0.000266
  0.000115
  0.000018
 -0.000050
  0.000036
  0.000156
  0.000530
 -0.000163
 -0.000087
 -0.000676
  0.000109
 -0.000002
 -0.000222
 -0.000394
 -0.000130
  0.000047
  0.000023
  0.000058
  0.000031
  0.000033
  0.000059
 -0.000024
  0.000003
  0.000005
 -0.000135
 -0.000110
 -0.000013
  0.000044
 -0.000098
 -0.000073
  0.000097
  0.000055
  0.000125
  0.000008
  0.000133
 -0.000120
  0.000138
  0.000015
