  0.010127
 -0.084516
 -0.000107
  0.036824
 -0.531226
  0.815463
  0.158269
 -0.072701
 -0.023629
  0.058675
 -0.065037
  0.008854
 -0.003422
  0.035422
 -0.040763
 -0.016368
  0.006796
  0.010094
  0.016933
  0.005875
  0.005454
  0.000939
  0.003919
 -0.000635
  0.015112
  0.001738
  0.012727
 -0.009220
 -0.007097
 -0.002364
 -0.003853
  0.001586
  0.005824
  0.004576
 -0.002516
  0.021892
 -0.006565
  0.004165
  0.003935
  0.006599
 -0.000264
  0.001886
 -0.003585
 -0.001760
 -0.003885
  0.003440
 -0.001458
  0.004770
 -0.001665
  0.001352
  0.004340
 -0.001937
  0.005121
 -0.002773
 -0.000294
  0.003159
 -0.002312
  0.002118
 -0.000468
 -0.001362
 -0.000069
 -0.002148
 -0.001271
  0.002314
  0.003147
  0.000082
 -0.002372
  0.001457
  0.000280
 -0.002670
  0.002742
 -0.002839
  0.002184
  0.001427
 -0.001268
  0.000634
  0.000536
 -0.000579
 -0.000577
  0.002891
  0.000052
 -0.002109
 -0.001769
 -0.001069
 -0.000958
  0.000043
 -0.000277
  0.001944
 -0.001354
 -0.000938
 -0.000243
 -0.000433
 -0.000210
  0.003506
  0.000332
  0.000822
 -0.002393
  0.000011
  0.001110
 -0.002048
 -0.001127
  0.002324
  0.000261
  0.000798
 -0.002372
  0.001008
  0.000415
  0.002834
 -0.002846
  0.000822
  0.000898
  0.001135
  0.000104
  0.001589
 -0.000042
 -0.001370
  0.000558
 -0.000312
 -0.001663
 -0.000263
 -0.000418
 -0.001019
 -0.000544
 -0.000131
 -0.000089
  0.001711
  0.000757
 -0.000890
  0.001555
 -0.000007
 -0.001290
 -0.000412
  0.000281
  0.001888
  0.000835
 -0.000573
 -0.000035
 -0.002113
  0.000098
 -0.000378
 -0.000464
 -0.000723
 -0.000612
  0.000555
  0.000612
 -0.000959
  0.000942
 -0.001031
 -0.000489
 -0.001960
 -0.002853
 -0.001226
 -0.000608
  0.002882
  0.001053
 -0.002946
 -0.001799
 -0.001882
  0.000997
 -0.000264
  0.000551
  0.000987
 -0.002643
  0.000290
  0.000023
 -0.000556
  0.000153
  0.001104
 -0.001014
  0.000144
  0.001709
  0.000782
  0.000037
  0.000018
  0.001536
 -0.001770
  0.000165
  0.003290
 -0.000202
 -0.001947
 -0.002022
  0.002023
  0.000598
  0.000860
 -0.000922
 -0.001164
  0.000310
  0.002241
 -0.000816
 -0.000196
 -0.001072
 -0.000125
 -0.000144
 -0.001812
  0.000297
 -0.000802
  0.001202
  0.001923
  0.000856
  0.001854
  0.001248
  0.000234
  0.000725
  0.000250
  0.000583
 -0.001518
 -0.002233
  0.000538
  0.000607
  0.000770
 -0.001450
  0.000675
 -0.000347
  0.000010
  0.000117
 -0.000878
 -0.001439
 -0.001008
 -0.000887
  0.000741
 -0.000060
 -0.000633
  0.000425
  0.000486
 -0.000001
 -0.001196
 -0.001111
  0.000192
  0.001061
  0.000962
 -0.000809
  0.000060
  0.001985
 -0.000461
  0.000452
  0.000195
 -0.001513
 -0.000063
  0.000257
 -0.002408
  0.001195
  0.000428
 -0.000190
 -0.000119
  0.000206
  0.001520
 -0.000441
  0.001334
 -0.000873
 -0.000104
  0.002660
  0.000358
 -0.000303
  0.000982
 -0.001336
  0.000121
 -0.000555
 -0.000049
 -0.000721
 -0.000373
 -0.000270
  0.000391
 -0.000057
  0.000255
  0.000593
  0.000106
  0.000014
  0.000324
 -0.000282
  0.000553
  0.000977
  0.000072
 -0.001047
 -0.000600
  0.000551
  0.000252
  0.000425
 -0.000333
  0.000092
 -0.000359
  0.000470
  0.000989
 -0.001413
 -0.000601
  0.000480
  0.000027
 -0.000106
  0.000888
 -0.000261
  0.000672
  0.000633
 -0.000138
  0.000393
  0.000628
 -0.000376
  0.000180
  0.001529
 -0.000273
 -0.000358
  0.000518
  0.000728
  0.000392
 -0.000534
  0.000212
 -0.000021
  0.001664
 -0.000382
  0.000077
  0.000141
  0.000281
 -0.000812
  0.000346
 -0.000421
  0.000907
 -0.001549
  0.000079
 -0.000760
 -0.001218
 -0.000791
 -0.000634
  0.000090
 -0.000510
 -0.000850
 -0.000075
 -0.000145
 -0.000427
  0.000122
 -0.000830
  0.000467
  0.001224
  0.000485
  0.001172
  0.000244
  0.000459
 -0.000723
  0.000218
 -0.000054
 -0.000628
 -0.000615
  0.000192
 -0.000002
  0.000606
 -0.001051
 -0.000037
  0.000426
 -0.000455
 -0.000348
  0.000182
 -0.001404
 -0.000226
  0.000271
 -0.000060
  0.000853
 -0.000097
 -0.000128
  0.000528
  0.000455
 -0.000939
 -0.001247
  0.000334
  0.001140
 -0.000968
  0.000176
  0.000285
  0.001958
  0.000619
  0.000509
  0.001223
 -0.000213
 -0.000540
 -0.000999
 -0.000053
  0.001195
 -0.001114
 -0.001314
  0.000727
 -0.000325
  0.000075
  0.000028
 -0.001268
 -0.000138
  0.002849
 -0.000055
  0.000179
 -0.000341
 -0.000482
  0.000594
 -0.000283
 -0.000069
  0.000393
  0.000617
  0.000104
 -0.000760
 -0.000358
 -0.001031
 -0.000014
 -0.000289
 -0.000271
 -0.001442
 -0.000339
 -0.000807
  0.000105
  0.000989
  0.000044
 -0.000198
  0.000145
 -0.000251
  0.000512
  0.000369
  0.000276
 -0.000454
 -0.000586
 -0.000784
 -0.000181
 -0.000097
  0.000160
  0.000362
 -0.000044
  0.000820
 -0.001305
  0.000253
  0.000378
 -0.000147
 -0.000412
 -0.000558
  0.000804
  0.000095
 -0.000025
  0.002281
  0.000981
 -0.000463
 -0.000752
  0.000941
 -0.000550
 -0.001612
 -0.000604
 -0.000366
  0.000282
  0.000032
 -0.000417
 -0.000580
  0.000283
  0.000483
 -0.000304
  0.000111
  0.000295
 -0.000192
 -0.000341
 -0.001128
  0.001578
 -0.000405
 -0.000207
  0.000676
 -0.000522
 -0.002711
  0.000771
 -0.000110
  0.000488
 -0.000191
  0.000324
 -0.000654
 -0.000237
  0.000363
 -0.001030
 -0.000444
  0.000248
  0.000737
  0.000504
  0.000123
  0.001102
 -0.001309
 -0.000207
 -0.000134
  0.000019
 -0.000872
 -0.000463
 -0.000719
 -0.000252
 -0.000043
 -0.000158
 -0.000201
  0.001431
  0.001090
 -0.000423
 -0.000899
  0.000877
  0.000332
  0.000294
  0.000170
 -0.000205
  0.000080
 -0.000977
  0.000011
  0.000065
 -0.000222
  0.000300
 -0.000733
 -0.001071
 -0.001376
 -0.001057
 -0.000703
  0.000173
 -0.000399
  0.000722
 -0.000104
  0.000292
 -0.000578
  0.000406
  0.000148
 -0.000189
 -0.000540
  0.000122
 -0.001197
  0.000810
 -0.000406
 -0.000046
 -0.000433
  0.001056
  0.000372
  0.000972
 -0.000015
  0.000266
 -0.000631
 -0.000257
 -0.000491
 -0.000065
  0.000036
  0.000387
 -0.000222
 -0.000109
 -0.001106
  0.000496
  0.000057
 -0.000355
  0.000153
 -0.000016
  0.000271
 -0.000004
 -0.000027
  0.000501
 -0.000425
  0.000074
  0.000562
  0.000518
  0.000396
 -0.000441
 -0.000022
  0.000939
 -0.000399
  0.000033
 -0.000534
 -0.000331
 -0.000331
 -0.000017
 -0.000223
 -0.000293
  0.000218
  0.000197
  0.000021
  0.000087
  0.000114
 -0.000714
  0.000573
  0.000238
  0.000134
  0.000076
  0.000082
 -0.000194
  0.000591
 -0.000476
  0.000427
  0.000092
  0.000651
 -0.000812
  0.000067
  0.000234
  0.000090
  0.000479
  0.000725
 -0.000032
  0.000105
  0.000848
  0.000357
 -0.001084
 -0.000407
  0.000377
  0.000492
  0.000241
  0.000226
 -0.000443
  0.000092
 -0.000051
  0.000434
  0.000047
 -0.000615
  0.000573
  0.000326
  0.000060
  0.000228
  0.000144
 -0.000332
 -0.000347
  0.000289
 -0.000343
 -0.000588
  0.000587
  0.000028
 -0.000890
  0.000515
  0.000670
  0.000338
 -0.000188
 -0.000419
  0.000200
 -0.000110
  0.000119
  0.000426
  0.000276
 -0.000255
 -0.000477
 -0.000046
 -0.000660
  0.000664
 -0.000031
  0.000997
 -0.000800
  0.000432
  0.000286
 -0.000534
  0.000292
  0.000043
  0.000652
  0.000504
  0.000146
 -0.000429
 -0.000361
 -0.000294
 -0.000179
  0.000153
  0.000097
 -0.000146
  0.000208
 -0.000484
  0.000468
  0.000272
  0.000183
  0.000073
 -0.000302
 -0.000141
 -0.000072
 -0.000044
 -0.000521
  0.000270
 -0.000036
  0.000036
  0.000548
  0.000284
  0.000145
 -0.000421
  0.000177
  0.000062
 -0.000247
 -0.000408
  0.000355
 -0.000156
 -0.000024
 -0.000312
 -0.000015
 -0.000095
  0.000006
 -0.000110
  0.000143
  0.000427
  0.000132
 -0.000590
 -0.000259
 -0.000011
  0.000152
  0.000054
  0.000425
 -0.000251
 -0.000002
 -0.000135
  0.000277
  0.000005
  0.000009
  0.000096
 -0.000277
  0.000038
  0.000602
  0.000517
 -0.000338
 -0.000128
 -0.000160
 -0.000272
  0.000449
 -0.000026
 -0.000046
 -0.000010
 -0.000059
 -0.000219
  0.000732
  0.000259
 -0.000069
 -0.000377
  0.000203
  0.000063
 -0.000402
  0.000108
 -0.000077
 -0.000514
 -0.000240
  0.000074
 -0.000105
 -0.000162
  0.000046
 -0.000174
  0.000205
 -0.000677
 -0.000212
  0.000581
  0.000107
  0.000297
  0.000262
  0.000391
 -0.000125
 -0.000074
 -0.000120
  0.000209
 -0.000224
 -0.000468
 -0.000047
  0.000317
  0.000134
  0.000344
 -0.000115
 -0.000001
 -0.000180
 -0.000337
 -0.000074
 -0.000179
 -0.000359
  0.000073
  0.000133
 -0.000194
  0.000056
  0.000150
 -0.000127
 -0.000230
 -0.000133
 -0.000125
  0.000087
 -0.000101
 -0.000153
  0.000100
 -0.000157
  0.000053
 -0.000021
  0.000028
 -0.000119
  0.000579
 -0.000062
 -0.000455
  0.000112
  0.000138
 -0.000098
  0.000105
  0.000368
  0.000079
  0.000102
 -0.000274
 -0.000066
  0.000054
 -0.000173
 -0.000285
 -0.000109
  0.000175
  0.000161
 -0.000224
  0.000296
  0.000052
 -0.000066
  0.000026
  0.000010
 -0.000190
  0.000197
 -0.000346
  0.000063
 -0.000354
 -0.000040
  0.000018
  0.000068
  0.000034
  0.000098
  0.000114
  0.000151
 -0.000094
  0.000031
  0.000093
 -0.000061
 -0.000077
 -0.000065
  0.000119
 -0.000003
  0.000015
 -0.000018
 -0.000049
  0.000119
 -0.000021
 -0.000043
  0.000004
  0.000056
  0.000015
 -0.000012
 -0.000038
 -0.000213
 -0.000027
 -0.000140
  0.000062
  0.000062
 -0.000071
  0.000106
 -0.000141
  0.000063
 -0.000043
