  0.022916
  0.077972
 -0.992025
 -0.041981
 -0.006495
  0.064573
  0.022043
  0.001981
  0.012857
  0.016485
 -0.000607
 -0.006690
 -0.009470
 -0.032992
  0.004071
  0.012251
  0.006282
 -0.010812
 -0.006148
 -0.002370
 -0.005254
  0.017877
  0.000306
  0.003154
  0.001095
  0.003002
  0.004341
 -0.005655
  0.003541
 -0.005063
  0.003787
  0.002124
  0.001436
 -0.005671
 -0.004311
  0.001847
  0.000139
 -0.002787
  0.002476
 -0.001115
 -0.003924
 -0.004074
  0.003280
  0.000108
  0.001055
 -0.000754
  0.000183
 -0.005647
  0.000067
  0.003162
  0.002259
  0.002181
  0.003210
  0.000754
  0.000496
  0.001029
  0.000837
  0.001641
 -0.000902
 -0.000086
  0.000195
 -0.000032
 -0.000677
  0.000946
  0.001217
 -0.001413
 -0.002668
 -0.001414
  0.001160
  0.000293
 -0.000246
  0.000577
  0.000705
 -0.001721
  0.000319
 -0.001601
  0.000036
  0.000596
  0.001794
 -0.000077
 -0.000415
 -0.000771
  0.001151
 -0.000074
  0.000247
  0.000724
 -0.000232
 -0.001270
  0.001075
 -0.001523
 -0.001413
 -0.000957
  0.001302
 -0.000140
  0.001258
 -0.001325
  0.000715
 -0.001244
  0.000008
  0.000383
 -0.000632
 -0.001472
 -0.000384
  0.000783
 -0.000485
 -0.000470
 -0.002041
  0.000484
  0.001326
  0.000266
  0.000072
  0.000098
  0.000971
 -0.000245
  0.000438
 -0.000592
  0.000307
  0.000093
  0.001220
 -0.002767
 -0.000337
  0.000134
  0.000280
  0.000828
 -0.000220
  0.000060
 -0.000788
  0.001345
 -0.000451
 -0.000021
  0.000664
  0.000017
  0.000659
 -0.000426
 -0.000081
  0.000031
  0.000031
  0.000277
  0.000436
  0.000737
 -0.001067
 -0.000068
 -0.000612
  0.000565
 -0.000187
  0.000192
  0.000062
 -0.000462
 -0.000159
 -0.000692
 -0.000091
  0.000967
  0.000006
  0.000093
 -0.000149
 -0.000740
  0.000455
 -0.000200
 -0.001192
  0.000578
  0.000114
 -0.000345
 -0.000747
  0.000287
 -0.000869
  0.000475
 -0.000374
  0.000609
  0.000107
  0.000028
 -0.000321
 -0.000476
 -0.000037
 -0.000489
  0.000743
 -0.000743
  0.000809
  0.000458
 -0.000123
  0.000619
  0.000467
 -0.000160
  0.000225
 -0.000333
 -0.000086
  0.000063
 -0.000430
  0.000196
 -0.001277
  0.000390
  0.000420
 -0.000231
  0.000218
  0.000894
 -0.000368
 -0.000698
 -0.000208
  0.000625
 -0.000545
  0.000588
 -0.000700
  0.000310
 -0.000341
  0.000063
  0.000399
  0.000610
  0.000831
 -0.000230
  0.000110
 -0.000224
  0.000021
 -0.000234
  0.000099
 -0.000128
  0.000564
  0.000490
 -0.000015
  0.000076
  0.000174
  0.000299
 -0.000052
 -0.000930
  0.000003
  0.000178
  0.000043
 -0.000253
 -0.000079
 -0.000450
 -0.000508
  0.000405
  0.000100
  0.000703
 -0.000352
 -0.000072
 -0.000284
 -0.000326
  0.000077
 -0.000492
 -0.000435
 -0.000348
  0.000089
  0.000413
 -0.000539
  0.000285
  0.000177
 -0.000399
  0.000330
  0.000347
  0.000259
  0.000073
  0.000154
  0.000047
 -0.000024
  0.000109
 -0.000017
  0.000861
 -0.000387
  0.000233
 -0.000392
 -0.000057
  0.000255
  0.000238
  0.000473
  0.000258
 -0.000067
  0.000502
  0.000277
 -0.000654
 -0.000336
 -0.000013
 -0.000504
 -0.000457
 -0.000114
 -0.000166
 -0.000051
  0.000284
 -0.000341
  0.000053
  0.000168
 -0.000300
  0.000038
  0.000170
  0.000327
 -0.000208
 -0.000434
  0.000001
 -0.000001
 -0.000087
  0.000101
  0.000170
  0.000154
  0.000033
 -0.000481
  0.000033
 -0.000489
  0.000353
 -0.000249
  0.000005
 -0.000440
  0.000001
  0.000627
  0.000244
  0.000184
  0.000117
 -0.000858
 -0.000388
 -0.000140
  0.000035
  0.000178
 -0.000340
 -0.000276
  0.000113
  0.000070
  0.000109
 -0.000854
  0.000062
  0.000577
  0.000127
  0.000340
 -0.000458
 -0.000216
  0.000270
  0.000598
  0.000398
  0.000126
 -0.000007
 -0.000115
  0.000192
  0.000081
 -0.000657
  0.000119
 -0.000040
 -0.000376
 -0.000282
 -0.000343
  0.000128
 -0.000214
 -0.000139
 -0.000327
  0.000091
  0.000175
 -0.001014
 -0.000109
  0.000125
 -0.000413
 -0.000199
  0.000211
 -0.000222
  0.000055
  0.000358
 -0.000481
 -0.000401
  0.000239
 -0.000265
 -0.000148
  0.000671
  0.000143
  0.000055
  0.001173
  0.000130
 -0.000257
 -0.000808
 -0.000359
  0.000248
  0.000435
 -0.000051
 -0.000048
  0.000048
 -0.000065
 -0.000536
  0.000564
  0.000641
 -0.000096
  0.001894
 -0.000102
  0.000602
  0.000106
 -0.000207
 -0.001999
  0.000470
  0.000165
 -0.000058
 -0.000121
 -0.000076
  0.000076
  0.000088
 -0.000111
 -0.000355
 -0.000490
 -0.000312
 -0.000192
 -0.000253
  0.000226
 -0.000326
  0.000119
  0.000537
 -0.000311
 -0.000217
  0.000246
 -0.000201
  0.000138
  0.000373
 -0.000001
  0.000040
  0.000284
 -0.000271
  0.000271
  0.000229
 -0.000162
  0.000368
  0.000561
  0.000021
 -0.000798
 -0.000195
 -0.000210
 -0.000114
 -0.000326
 -0.000231
  0.000243
  0.000187
  0.000385
  0.000004
 -0.000155
 -0.000118
  0.000076
  0.000124
 -0.000183
 -0.000047
 -0.000007
 -0.000215
 -0.000391
 -0.000249
 -0.000255
 -0.000420
  0.000017
 -0.000245
 -0.000130
  0.000313
 -0.000153
  0.000241
 -0.000158
  0.000089
  0.000152
 -0.000215
 -0.000044
 -0.000086
 -0.000192
  0.000235
  0.000074
 -0.000112
  0.000210
 -0.000102
 -0.000116
  0.000343
  0.000176
 -0.000001
  0.000281
 -0.000062
  0.000401
  0.000318
  0.000183
  0.000098
  0.000221
 -0.000001
 -0.000102
 -0.000387
 -0.000116
 -0.000097
 -0.000433
  0.000169
 -0.000102
  0.000294
  0.000084
  0.000144
 -0.000115
 -0.000216
  0.000005
 -0.000124
  0.000074
  0.000179
 -0.000163
 -0.000492
 -0.000256
 -0.000136
 -0.000087
  0.000422
  0.000068
  0.000420
  0.000295
  0.000173
 -0.000265
 -0.000121
 -0.000011
 -0.000226
 -0.000570
 -0.000014
  0.000059
 -0.000014
  0.000034
 -0.000140
 -0.000040
 -0.000112
 -0.000166
 -0.000157
 -0.000257
  0.000340
  0.000161
  0.000779
  0.000027
  0.000374
 -0.000346
  0.000242
  0.000141
 -0.000000
  0.000273
 -0.000508
  0.000261
 -0.000168
 -0.000055
 -0.000093
 -0.000185
  0.000020
 -0.000072
 -0.000182
 -0.000196
 -0.000215
  0.000145
  0.000114
 -0.000293
  0.000111
  0.000219
  0.000102
  0.000188
  0.000020
 -0.000141
 -0.000106
  0.000472
  0.000074
  0.000186
 -0.000310
 -0.000029
  0.000129
 -0.000012
  0.000329
 -0.000138
 -0.000215
 -0.000170
  0.000010
  0.000208
 -0.000078
 -0.000325
 -0.000090
  0.000116
  0.000022
 -0.000028
 -0.000163
  0.000139
 -0.000236
 -0.000309
  0.000000
 -0.000064
  0.000243
 -0.000357
  0.000095
 -0.000159
 -0.000060
  0.000019
 -0.000111
  0.000238
 -0.000168
 -0.000327
  0.000225
 -0.000433
 -0.000221
 -0.000451
 -0.000081
 -0.000337
 -0.000211
 -0.000173
  0.000083
  0.000036
  0.000406
 -0.000059
  0.000036
  0.000142
 -0.000001
 -0.000170
  0.000179
  0.000099
  0.000120
  0.000057
  0.000065
  0.000435
  0.000292
  0.000137
  0.000049
  0.000006
 -0.000101
 -0.000184
  0.000201
  0.000100
  0.000248
  0.000069
 -0.000028
  0.000007
  0.000160
  0.000076
 -0.000003
 -0.000057
 -0.000164
  0.000007
  0.000010
  0.000117
 -0.000132
  0.000046
  0.000037
  0.000009
  0.000087
  0.000058
  0.000186
  0.000023
 -0.000015
 -0.000166
 -0.000384
  0.000152
  0.000056
  0.000030
 -0.000374
  0.000202
  0.000144
 -0.000204
 -0.000066
  0.000104
  0.000078
  0.000007
  0.000024
 -0.000021
  0.000041
  0.000071
  0.000205
  0.000035
 -0.000218
 -0.000115
  0.000046
 -0.000030
 -0.000118
 -0.000045
  0.000062
  0.000102
  0.000080
 -0.000225
 -0.000226
  0.000068
  0.000042
  0.000210
  0.000042
  0.000131
  0.000035
  0.000063
 -0.000020
  0.000044
 -0.000055
  0.000073
  0.000080
 -0.000046
  0.000121
  0.000037
 -0.000048
 -0.000146
  0.000155
 -0.000165
  0.000079
  0.000127
  0.000075
  0.000161
 -0.000132
 -0.000087
  0.000054
  0.000041
 -0.000052
 -0.000125
 -0.000037
 -0.000064
  0.000060
 -0.000128
  0.000041
 -0.000065
  0.000004
 -0.000042
 -0.000102
 -0.000250
  0.000071
 -0.000051
  0.000060
 -0.000211
  0.000056
 -0.000008
  0.000171
 -0.000023
  0.000039
  0.000118
 -0.000002
 -0.000034
  0.000032
 -0.000125
  0.000040
  0.000006
 -0.000037
  0.000135
  0.000144
  0.000158
  0.000049
 -0.000085
 -0.000010
  0.000033
 -0.000095
  0.000056
  0.000082
 -0.000017
 -0.000085
 -0.000157
  0.000057
 -0.000077
  0.000027
 -0.000026
 -0.000253
  0.000122
  0.000131
  0.000397
 -0.000110
 -0.000545
  0.000264
 -0.000116
  0.000103
  0.000172
 -0.000288
  0.000190
  0.000048
  0.000234
  0.000138
 -0.000057
 -0.000048
 -0.000047
  0.000094
  0.000001
 -0.000126
 -0.000024
  0.000023
 -0.000066
  0.000114
  0.000137
 -0.000048
  0.000012
  0.000129
  0.000202
  0.000021
  0.000177
 -0.000064
  0.000017
 -0.000102
 -0.000037
  0.000069
 -0.000076
 -0.000074
 -0.000009
  0.000038
  0.000045
 -0.000007
 -0.000011
 -0.000101
  0.000006
  0.000175
  0.000093
  0.000049
 -0.000044
  0.000168
 -0.000097
 -0.000056
 -0.000069
 -0.000085
 -0.000064
 -0.000214
 -0.000035
  0.000028
  0.000099
 -0.000056
 -0.000227
  0.000104
  0.000137
 -0.000072
  0.000034
 -0.000040
 -0.000104
 -0.000014
  0.000155
  0.000006
  0.000037
  0.000050
 -0.000038
  0.000122
 -0.000003
  0.000131
  0.000029
 -0.000084
  0.000011
  0.000073
  0.000092
  0.000011
 -0.000177
 -0.000052
 -0.000064
  0.000000
 -0.000003
 -0.000037
 -0.000041
 -0.000005
  0.000137
  0.000248
 -0.000239
 -0.000170
  0.000004
 -0.000021
 -0.000080
  0.000077
  0.000057
