 -0.104714
  0.009504
  0.748697
 -0.162414
  0.596533
  0.122188
  0.143962
 -0.035989
 -0.013077
  0.024619
  0.043195
  0.012960
  0.040532
  0.017949
  0.013124
 -0.007569
 -0.014915
 -0.012076
 -0.000926
  0.030364
  0.001812
 -0.011170
  0.002697
 -0.015714
 -0.007937
 -0.007379
 -0.010185
 -0.005917
  0.003971
 -0.007930
  0.008221
 -0.000489
  0.001651
  0.012961
 -0.002688
  0.011517
 -0.003184
 -0.010280
 -0.015685
 -0.011232
  0.001513
  0.002265
  0.002474
  0.014270
  0.000418
  0.006536
 -0.008077
  0.000779
  0.004148
 -0.007142
  0.004601
 -0.004511
 -0.000162
 -0.003301
 -0.002749
  0.003322
 -0.003010
 -0.003774
  0.002596
  0.000145
 -0.003235
 -0.000413
  0.002634
  0.000049
  0.001524
 -0.003556
  0.004596
  0.002799
  0.000965
 -0.001003
  0.000996
  0.003648
 -0.000917
  0.001733
 -0.001404
 -0.003307
 -0.001390
  0.002382
  0.000528
  0.002990
 -0.003802
 -0.008170
  0.000200
 -0.001815
  0.001154
  0.002448
 -0.005143
 -0.002243
 -0.003963
 -0.001264
  0.000596
 -0.001975
 -0.004020
  0.006052
 -0.002802
 -0.001118
  0.001158
  0.002777
 -0.005747
  0.000042
 -0.002182
  0.000369
 -0.006502
  0.002561
  0.002612
 -0.003721
 -0.000218
  0.001479
 -0.003317
  0.004162
  0.008148
  0.002534
  0.001395
 -0.000569
  0.000921
  0.005268
 -0.001330
  0.001831
  0.000909
  0.002876
 -0.003090
 -0.000039
  0.001372
  0.001113
  0.000996
  0.001143
  0.000607
 -0.000055
 -0.001039
 -0.001392
 -0.000201
  0.001222
 -0.000289
 -0.000415
 -0.000472
  0.000578
  0.000769
  0.000041
  0.000488
 -0.001047
  0.000954
 -0.000298
  0.000020
  0.000581
  0.000691
  0.000469
 -0.000909
 -0.000081
  0.000172
  0.000201
  0.000891
 -0.002809
  0.000250
  0.000475
 -0.000336
  0.002714
  0.000957
 -0.000194
 -0.000084
 -0.001930
  0.002223
 -0.000952
 -0.002798
 -0.002433
  0.000808
 -0.000363
  0.001084
 -0.000086
 -0.000055
  0.000227
 -0.000592
 -0.000907
 -0.000859
 -0.001734
  0.000043
  0.000216
  0.001065
  0.000191
 -0.000078
  0.001561
 -0.001916
 -0.001558
  0.000735
 -0.000487
 -0.000962
  0.000362
  0.000919
 -0.000859
 -0.000917
  0.000148
  0.000187
 -0.000264
  0.000637
 -0.001360
  0.000109
  0.000396
 -0.000407
 -0.000792
  0.000605
  0.000014
 -0.000127
 -0.000697
 -0.000217
  0.000086
  0.000368
  0.000493
 -0.002327
  0.000289
 -0.000145
 -0.000722
 -0.000648
  0.000232
 -0.001086
  0.000426
 -0.000080
  0.000163
 -0.000385
 -0.000183
 -0.000509
  0.000456
  0.000153
 -0.000238
 -0.000246
  0.000863
  0.000855
  0.001345
 -0.000079
 -0.000592
  0.000062
 -0.001709
 -0.000276
  0.000800
 -0.000268
  0.002513
  0.002043
 -0.000473
 -0.000888
  0.000531
 -0.001897
  0.000535
  0.000595
  0.000490
 -0.001309
 -0.000866
  0.000760
  0.000205
  0.001363
 -0.000909
  0.000189
  0.000644
  0.000889
 -0.000587
 -0.000182
  0.000672
 -0.000478
 -0.001023
  0.000856
  0.000059
  0.000317
 -0.000038
 -0.001346
 -0.000396
  0.000218
 -0.000407
  0.000061
 -0.000138
  0.000400
 -0.000615
 -0.000096
 -0.000430
  0.000069
  0.000414
 -0.000295
 -0.001105
 -0.000245
  0.000521
  0.000675
 -0.000416
 -0.001315
  0.000577
 -0.000594
 -0.001034
  0.000353
 -0.000278
 -0.000892
  0.000323
 -0.000031
 -0.000037
 -0.000288
 -0.000043
 -0.000238
  0.000045
  0.000255
 -0.000428
  0.000492
 -0.000484
 -0.000191
 -0.000164
  0.000436
  0.000488
  0.000525
  0.000686
 -0.000096
  0.000723
 -0.001086
 -0.000089
 -0.000565
 -0.000855
 -0.000622
  0.000172
 -0.000346
  0.000014
 -0.000032
 -0.000550
 -0.000277
  0.001406
 -0.000211
  0.000146
  0.000146
 -0.000401
  0.000761
  0.001108
  0.000090
  0.000317
  0.000671
 -0.000803
 -0.000250
 -0.000259
  0.001056
  0.000981
  0.000097
 -0.000753
  0.000019
 -0.000139
  0.000521
 -0.000397
  0.001916
  0.000612
  0.000433
  0.000204
  0.000547
 -0.000178
 -0.001242
  0.000346
  0.000764
 -0.000553
 -0.000801
 -0.000624
 -0.000310
  0.000285
  0.000595
  0.000406
  0.000203
 -0.000150
  0.000323
 -0.000068
 -0.000481
  0.000217
  0.000406
 -0.000547
 -0.000382
  0.000057
 -0.000129
 -0.000269
  0.000498
  0.000620
  0.000350
 -0.000242
 -0.000423
  0.001099
 -0.001386
  0.000025
 -0.000067
  0.000136
 -0.000758
 -0.001166
  0.000902
 -0.000404
 -0.000484
  0.000153
  0.001523
  0.000913
  0.000164
  0.000334
  0.000588
  0.000771
 -0.003502
  0.000559
  0.000073
 -0.000929
 -0.003836
  0.001455
  0.001278
  0.000472
 -0.000333
 -0.000238
  0.001186
 -0.000846
 -0.000830
  0.000045
  0.000780
 -0.000110
 -0.000980
 -0.000532
  0.000432
 -0.000587
  0.000357
 -0.000880
  0.000300
  0.000575
 -0.000167
  0.000761
  0.000363
 -0.000041
  0.000143
 -0.000004
  0.000033
 -0.000241
  0.000033
 -0.000130
 -0.000275
  0.000427
  0.000651
 -0.000508
  0.000668
  0.000233
 -0.000127
  0.000032
  0.000163
 -0.000653
  0.000070
  0.000782
 -0.000553
  0.000180
 -0.000957
  0.000147
  0.000245
  0.000002
 -0.000283
 -0.000139
  0.000315
 -0.000219
 -0.000298
  0.000555
  0.000093
 -0.001061
 -0.000168
  0.000240
  0.000579
  0.000635
  0.000113
 -0.000139
  0.000075
 -0.000186
 -0.000102
 -0.000365
  0.000171
 -0.000094
  0.000308
  0.000218
  0.000258
 -0.001062
  0.000313
 -0.000312
  0.000950
 -0.000181
  0.000375
 -0.000138
  0.000289
 -0.000154
 -0.000335
  0.000433
  0.000740
  0.000521
 -0.000725
 -0.000391
 -0.000099
 -0.000319
 -0.000263
  0.000780
  0.000101
 -0.000125
 -0.000787
  0.000062
  0.000363
 -0.000163
  0.000100
 -0.000188
 -0.000442
 -0.000510
 -0.000457
 -0.000027
  0.000910
 -0.000242
  0.000344
 -0.000074
 -0.000320
  0.000269
  0.000285
  0.001187
  0.000101
  0.000252
 -0.000358
  0.000347
  0.000247
  0.000787
 -0.000798
 -0.000615
  0.000107
  0.000061
  0.000472
  0.000397
 -0.000579
  0.000054
 -0.000004
 -0.000086
 -0.000590
 -0.000256
  0.000362
  0.000185
  0.000661
  0.000362
  0.000153
  0.000420
 -0.000215
  0.000185
 -0.000061
 -0.000034
  0.000029
 -0.001259
 -0.000122
 -0.000274
 -0.000744
 -0.000523
 -0.000082
 -0.000096
 -0.000391
  0.000058
 -0.000741
  0.000356
  0.000155
  0.000427
 -0.000100
  0.000806
  0.000183
 -0.000365
  0.000120
  0.000072
 -0.000128
 -0.000044
 -0.000148
  0.000258
  0.000252
  0.000179
 -0.000291
 -0.000009
 -0.000061
 -0.000204
  0.000257
 -0.000242
  0.000100
 -0.000097
 -0.000189
 -0.000150
  0.000047
  0.000048
 -0.000219
  0.000022
  0.000052
 -0.000046
  0.000268
  0.000199
 -0.000719
  0.000143
  0.000105
 -0.000210
 -0.000010
 -0.000093
 -0.000093
  0.000461
  0.000028
 -0.000684
 -0.000012
  0.000228
  0.000180
  0.000571
 -0.000508
 -0.000103
 -0.000436
  0.000356
 -0.000121
 -0.000184
 -0.000245
 -0.000022
 -0.000069
 -0.000104
 -0.000102
  0.000149
  0.000123
 -0.000309
 -0.000142
  0.000014
 -0.000132
 -0.000195
 -0.000079
 -0.000057
 -0.000128
 -0.000065
  0.000180
  0.000083
 -0.000292
  0.000209
  0.000424
 -0.000266
 -0.000055
  0.000057
  0.000334
  0.000237
  0.000235
  0.000166
 -0.000012
 -0.000057
  0.000101
  0.000376
 -0.000338
 -0.000223
 -0.000417
 -0.000224
  0.000458
 -0.000058
  0.000190
  0.000095
  0.000102
  0.000300
  0.000281
  0.000012
  0.000162
  0.000059
  0.000011
 -0.000217
 -0.000511
  0.000330
  0.000005
 -0.000158
  0.000046
  0.000045
  0.000034
 -0.000382
 -0.000109
 -0.000015
 -0.000001
 -0.000177
  0.000437
  0.000093
  0.000107
  0.000227
 -0.000334
  0.000216
  0.000190
  0.000096
  0.000065
 -0.000100
 -0.000162
  0.000207
  0.000279
 -0.000397
  0.000729
  0.000245
  0.000207
 -0.000300
  0.000033
 -0.000297
 -0.000034
  0.000059
 -0.000218
 -0.000017
  0.000372
  0.000222
 -0.000039
 -0.000380
  0.000264
  0.000242
 -0.000004
  0.000043
  0.000161
  0.000056
 -0.000023
 -0.000279
  0.000569
  0.000248
 -0.000398
  0.000893
 -0.000153
  0.000215
 -0.000067
  0.000127
 -0.000001
 -0.000499
 -0.000013
  0.000104
  0.000465
 -0.000052
  0.000098
  0.000239
  0.000256
  0.000026
 -0.000043
  0.000251
 -0.000098
  0.000130
  0.000156
  0.000223
  0.000422
 -0.000031
  0.000077
  0.000029
  0.000177
 -0.000032
 -0.000098
  0.000094
  0.000008
  0.000016
  0.000168
  0.000465
 -0.000288
 -0.000142
 -0.000196
  0.000157
  0.000177
 -0.000415
  0.000179
 -0.000244
  0.000597
  0.000025
 -0.000230
  0.000375
 -0.000499
  0.000340
  0.000647
  0.000048
  0.000548
  0.000064
 -0.000267
 -0.000126
  0.000785
 -0.000153
 -0.000860
 -0.000129
 -0.000123
  0.000285
  0.000238
  0.000096
 -0.000165
 -0.000414
  0.000348
 -0.000097
  0.000348
  0.000003
 -0.000119
 -0.000042
  0.000052
 -0.000126
 -0.000078
  0.000153
 -0.000025
  0.000136
 -0.000048
  0.000031
 -0.000039
 -0.000101
 -0.000116
  0.000116
 -0.000004
 -0.000017
  0.000166
  0.000084
 -0.000015
  0.000120
  0.000073
 -0.000107
 -0.000020
  0.000033
  0.000335
 -0.000031
  0.000033
 -0.000053
  0.000089
  0.000108
  0.000048
 -0.000090
 -0.000065
 -0.000325
  0.000038
 -0.000056
 -0.000119
  0.000068
 -0.000069
 -0.000003
 -0.000011
  0.000094
 -0.000018
  0.000004
  0.000048
  0.000100
  0.000053
  0.000054
  0.000024
 -0.000083
 -0.000013
 -0.000027
  0.000110
 -0.000101
  0.000010
 -0.000003
  0.000107
  0.000073
 -0.000145
 -0.000087
 -0.000110
  0.000110
  0.000067
  0.000080
  0.000027
 -0.000116
  0.000000
