  0.011453
  0.052807
 -0.948149
 -0.214681
 -0.068858
  0.175299
 -0.034348
  0.059100
 -0.008910
  0.027695
 -0.052674
  0.009921
 -0.007626
  0.009085
  0.002825
  0.020605
 -0.009737
  0.026712
  0.054545
  0.003294
  0.002745
  0.014014
 -0.007016
  0.020223
  0.025485
  0.004014
 -0.004613
  0.008768
  0.004485
 -0.003910
  0.003303
 -0.001264
  0.005776
  0.000469
 -0.015485
 -0.013457
  0.004122
 -0.003342
  0.001113
 -0.004295
 -0.005794
  0.003952
 -0.000467
  0.003966
 -0.001785
 -0.004810
  0.004949
  0.002721
 -0.002077
  0.002728
  0.000432
 -0.002073
  0.003865
  0.000048
  0.001581
 -0.000446
 -0.003271
  0.001563
 -0.001675
  0.002631
 -0.001081
  0.003104
  0.000469
  0.000309
  0.004905
 -0.000370
 -0.000782
 -0.000299
  0.000538
 -0.006637
  0.000762
  0.004924
  0.003471
  0.000792
 -0.000811
 -0.001794
  0.000148
 -0.002504
 -0.003404
 -0.003203
 -0.009176
  0.000887
 -0.000981
 -0.003765
  0.003434
  0.000488
 -0.002692
 -0.001739
  0.005842
  0.000016
 -0.000549
  0.007172
 -0.004445
  0.004397
 -0.000375
  0.002514
  0.003976
 -0.000606
  0.002535
  0.002421
  0.007491
  0.000329
 -0.002457
  0.001954
 -0.003481
  0.000402
 -0.001151
  0.001376
  0.000776
  0.000505
 -0.001697
  0.000355
  0.002532
 -0.000283
 -0.001243
 -0.001336
  0.001374
 -0.001520
  0.004186
  0.000941
 -0.000743
  0.001373
 -0.001675
 -0.005208
  0.001188
 -0.001677
  0.003969
  0.011563
  0.001250
  0.005120
  0.003491
 -0.002986
  0.004168
  0.001412
  0.000663
  0.001766
 -0.000563
  0.000521
  0.000572
  0.002255
  0.005401
 -0.000718
 -0.000409
 -0.000233
 -0.001491
  0.006793
  0.002957
  0.001230
  0.001880
  0.003298
  0.001826
  0.000612
 -0.003143
  0.002647
  0.001048
  0.004941
  0.003782
 -0.001799
 -0.002066
 -0.006742
 -0.000873
 -0.000044
 -0.007746
  0.003357
  0.000027
 -0.000857
  0.000226
 -0.000869
  0.002329
  0.000219
 -0.000903
  0.003125
 -0.001046
 -0.001407
 -0.002512
  0.000893
 -0.001010
 -0.002582
  0.002020
 -0.000066
 -0.000383
 -0.000253
  0.001290
  0.000244
 -0.000230
 -0.000012
  0.000460
  0.000036
 -0.000611
 -0.001250
 -0.001790
 -0.001932
 -0.002661
  0.000421
  0.002039
 -0.000417
 -0.000376
  0.000101
 -0.004846
  0.001027
 -0.000843
  0.001891
 -0.000328
  0.000497
 -0.001213
  0.000164
  0.000075
 -0.001083
 -0.002442
  0.001482
 -0.001070
 -0.001898
 -0.000571
  0.000180
  0.000083
 -0.001321
 -0.001106
 -0.000625
  0.002139
 -0.000624
 -0.000124
  0.001215
  0.000567
 -0.001154
 -0.000185
  0.001745
  0.000830
  0.000292
 -0.000956
  0.000133
 -0.000487
  0.000575
  0.000627
 -0.001712
 -0.000256
  0.000947
  0.001143
 -0.001399
 -0.000592
  0.003496
 -0.001148
 -0.001093
  0.002061
 -0.001629
  0.001159
  0.001533
  0.000844
  0.000694
 -0.001157
  0.000877
  0.003380
  0.000812
 -0.000732
 -0.002245
 -0.001578
  0.005355
  0.000705
  0.000544
  0.002024
 -0.001454
  0.000111
  0.001265
 -0.002631
 -0.001122
  0.001135
  0.001490
 -0.000210
  0.000234
 -0.003923
 -0.000142
 -0.001012
 -0.001301
 -0.002178
 -0.004009
  0.000765
  0.002992
 -0.002341
 -0.001439
 -0.002286
  0.000980
  0.000260
  0.001245
  0.001622
  0.000211
  0.002093
  0.001952
 -0.001453
  0.002865
 -0.000694
  0.001465
  0.000021
 -0.001283
 -0.001056
 -0.001648
 -0.000382
  0.003650
 -0.002104
 -0.003778
  0.002108
 -0.002222
 -0.000734
 -0.000729
  0.000956
  0.000114
  0.001251
 -0.000462
  0.001112
 -0.001202
  0.000731
  0.000933
 -0.000235
  0.000550
 -0.001609
  0.000168
 -0.001031
  0.000023
  0.000995
 -0.001235
  0.003561
 -0.000920
  0.001073
 -0.000023
  0.000327
  0.000850
  0.000360
  0.000533
  0.001202
  0.000504
  0.000135
 -0.001668
 -0.000196
 -0.000604
  0.000766
  0.000279
  0.000233
  0.000545
  0.001345
 -0.000640
 -0.000325
 -0.001114
  0.000934
 -0.000484
  0.000008
  0.000839
 -0.002682
 -0.000429
 -0.000571
 -0.001818
 -0.001194
 -0.000339
 -0.000357
 -0.000199
  0.001361
  0.000314
  0.000113
  0.000600
  0.000670
 -0.000471
 -0.000392
 -0.000555
  0.000476
 -0.000321
 -0.000053
 -0.000218
  0.000211
  0.000780
  0.000757
  0.000195
  0.000138
 -0.000629
  0.000674
  0.000739
  0.000405
 -0.000148
  0.000536
 -0.000342
  0.000646
  0.000389
  0.000216
 -0.000490
  0.000642
 -0.000654
  0.000290
  0.000375
 -0.000483
 -0.000154
  0.000411
 -0.000702
  0.000599
  0.000337
 -0.000595
  0.000262
  0.000158
 -0.000125
 -0.000067
 -0.000530
 -0.000578
  0.000169
 -0.000581
  0.000125
  0.000988
 -0.000121
  0.000245
 -0.000684
 -0.000897
 -0.000264
  0.000116
 -0.000608
  0.000390
  0.001759
  0.000532
  0.000287
 -0.002075
 -0.001119
 -0.000698
 -0.001458
  0.000602
 -0.000340
  0.000673
 -0.000412
  0.000216
  0.000004
 -0.000871
  0.000654
  0.000691
 -0.000370
 -0.000077
 -0.000710
  0.000151
 -0.000280
 -0.000949
 -0.001173
  0.000258
  0.000618
  0.000074
 -0.000059
 -0.000340
 -0.000441
 -0.000480
 -0.000232
  0.000078
 -0.000186
 -0.000627
 -0.000332
 -0.000115
  0.000949
  0.000062
  0.000145
 -0.000672
  0.000390
 -0.000419
 -0.001647
  0.000402
  0.001250
  0.000111
 -0.000562
  0.000948
  0.000699
  0.001176
  0.000259
 -0.001061
  0.001038
 -0.000196
  0.000273
  0.001305
 -0.000232
  0.000611
  0.000036
 -0.000380
  0.000386
  0.000135
 -0.000111
  0.000425
  0.001146
 -0.000557
  0.000433
 -0.000198
  0.000333
 -0.001251
  0.000244
  0.000777
 -0.002123
 -0.000664
  0.000121
 -0.000919
 -0.000223
  0.000537
 -0.000478
 -0.000785
  0.000595
 -0.000952
 -0.000122
  0.000011
  0.000886
 -0.000185
  0.000363
  0.000203
  0.000153
 -0.000140
 -0.000494
 -0.000193
 -0.000468
 -0.000335
  0.000642
  0.000789
  0.001068
 -0.000886
 -0.000002
  0.000238
  0.000666
 -0.000141
 -0.000018
  0.000176
 -0.000116
  0.000321
  0.000802
  0.000102
  0.000348
 -0.000122
 -0.000789
 -0.000668
  0.000269
 -0.000281
 -0.000247
  0.000671
  0.000412
  0.000604
  0.000375
  0.000860
  0.000296
  0.000270
 -0.000031
  0.000265
  0.000712
  0.000221
 -0.000306
 -0.000490
 -0.000657
 -0.000555
 -0.000077
  0.000336
 -0.000185
  0.000602
 -0.000222
 -0.000353
 -0.000485
  0.001498
 -0.000361
  0.000209
 -0.000311
  0.000736
 -0.000858
  0.000218
 -0.000474
  0.000538
  0.000211
 -0.000126
  0.000034
 -0.000302
 -0.000913
 -0.000011
 -0.000130
  0.000313
  0.000387
  0.000048
  0.000457
 -0.000110
  0.000335
  0.000253
 -0.000010
 -0.000207
 -0.000574
 -0.000320
  0.000006
 -0.000233
 -0.000341
 -0.000088
  0.000036
 -0.000244
 -0.000385
 -0.000447
 -0.000780
  0.000030
  0.000634
 -0.000598
  0.000308
  0.000288
  0.000082
 -0.000820
 -0.000031
  0.000095
 -0.000054
 -0.000136
 -0.000177
 -0.000080
  0.000602
  0.000913
 -0.000106
 -0.000135
  0.000344
  0.000309
  0.000071
 -0.000680
 -0.000042
 -0.000001
  0.000442
  0.000095
 -0.000330
 -0.000052
  0.000440
 -0.000663
 -0.000744
  0.001186
 -0.000839
 -0.000195
 -0.000284
 -0.000483
  0.000173
 -0.000453
 -0.000001
 -0.000049
  0.000024
  0.000027
 -0.000260
 -0.000326
 -0.000058
 -0.000252
  0.000418
 -0.000033
  0.000016
 -0.000346
 -0.000016
 -0.000268
 -0.000200
  0.000123
  0.000806
  0.000180
  0.000012
  0.000052
  0.000031
  0.000483
 -0.000810
  0.000120
  0.000277
 -0.000814
 -0.000668
 -0.000138
  0.000520
 -0.000616
  0.000357
 -0.000167
 -0.000193
 -0.000051
 -0.000302
  0.000386
  0.000086
  0.000087
 -0.000197
 -0.000076
 -0.000008
 -0.000070
 -0.000046
 -0.000019
  0.000107
  0.000126
  0.000246
  0.000261
 -0.000107
 -0.000685
  0.000205
 -0.000037
  0.000138
 -0.000141
  0.000061
 -0.000529
  0.000014
  0.000127
 -0.000483
 -0.000047
 -0.000154
 -0.000116
  0.000059
 -0.000271
  0.000249
  0.000081
  0.000470
  0.000241
 -0.000617
  0.000196
  0.000226
 -0.000356
  0.000245
 -0.000016
 -0.000032
  0.000069
  0.000128
  0.000067
  0.000040
  0.000092
 -0.000303
  0.000270
  0.000140
 -0.000169
  0.000146
 -0.000023
 -0.000260
  0.000204
 -0.000038
 -0.000049
 -0.000213
 -0.000135
 -0.000271
 -0.000008
 -0.000131
  0.000030
  0.000084
 -0.000006
  0.000103
 -0.000017
 -0.000154
 -0.000172
 -0.000152
 -0.000004
 -0.000605
  0.000041
  0.000173
 -0.000034
 -0.000009
  0.000017
  0.000204
  0.000005
  0.000044
  0.000099
  0.000221
  0.000175
  0.000481
  0.000186
  0.000178
 -0.000097
 -0.000124
 -0.000035
  0.000176
 -0.000023
  0.000089
 -0.000156
 -0.000043
  0.000165
  0.000001
  0.000006
  0.000130
 -0.000050
 -0.000012
 -0.000124
 -0.000038
  0.000093
  0.000071
  0.000096
  0.000132
  0.000089
  0.000149
  0.000057
  0.000188
 -0.000154
  0.000035
 -0.000122
 -0.000070
  0.000191
 -0.000031
 -0.000048
  0.000116
  0.000153
 -0.000476
 -0.000079
  0.000166
 -0.000076
 -0.000126
  0.000016
 -0.000250
 -0.000079
 -0.000068
  0.000032
 -0.000030
 -0.000229
 -0.000014
  0.000073
  0.000062
  0.000256
  0.000367
 -0.000224
 -0.000281
 -0.000015
  0.000114
 -0.000069
  0.000026
  0.000074
 -0.000050
 -0.000110
 -0.000228
  0.000009
  0.000038
 -0.000024
  0.000109
 -0.000021
  0.000042
 -0.000041
  0.000162
 -0.000048
  0.000072
 -0.000187
 -0.000015
 -0.000198
 -0.000034
  0.000079
  0.000027
 -0.000167
  0.000042
  0.000093
  0.000063
  0.000058
  0.000059
  0.000075
  0.000060
 -0.000022
  0.000035
 -0.000100
