  1    0.089359
  2    0.040296
  3    0.060986
  4    0.014919
  5    0.020803
  6    0.034500
  7    0.020821
  8    0.005089
  9    0.033296
 10    0.021800
 11    0.010777
 12    0.011706
 13    0.007636
 14    0.004722
 15    0.012504
 16    0.011843
 17    0.008305
 18    0.006918
 19    0.006849
 20    0.004585
 21    0.011806
 22    0.008235
 23    0.005328
 24    0.007302
 25    0.004698
 26    0.003821
 27    0.007124
 28    0.002572
 29    0.004882
 30    0.008595
 31    0.004797
 32    0.005866
 33    0.005041
 34    0.005049
 35    0.003680
 36    0.004552
 37    0.003317
 38    0.002315
 39    0.003251
 40    0.002229
 41    0.003609
 42    0.003953
 43    0.002273
 44    0.003558
 45    0.001841
 46    0.003928
 47    0.003572
 48    0.002053
 49    0.003014
 50    0.001514
 51    0.002164
 52    0.003802
 53    0.003176
 54    0.002922
 55    0.002665
 56    0.002210
 57    0.002988
 58    0.002658
 59    0.002014
 60    0.002820
 61    0.002253
 62    0.002029
 63    0.002330
 64    0.001559
 65    0.002427
 66    0.002031
 67    0.001206
 68    0.001600
 69    0.002096
 70    0.001725
 71    0.002067
 72    0.002105
 73    0.001600
 74    0.001565
 75    0.002831
 76    0.001320
 77    0.001422
 78    0.002009
 79    0.001515
 80    0.001940
 81    0.001593
 82    0.001000
 83    0.001726
 84    0.001318
 85    0.002555
 86    0.000854
 87    0.001422
 88    0.000743
 89    0.001289
 90    0.001214
 91    0.001730
 92    0.001541
 93    0.001198
 94    0.001382
 95    0.001198
 96    0.001379
 97    0.001899
 98    0.001623
 99    0.001831
100    0.001171
101    0.001623
102    0.001873
103    0.001320
104    0.001320
105    0.001688
106    0.001559
107    0.000802
108    0.001601
109    0.001236
110    0.001357
111    0.001607
112    0.001057
113    0.001831
114    0.001393
115    0.001107
116    0.000592
117    0.000884
118    0.001188
119    0.001264
120    0.000823
121    0.000948
122    0.000814
123    0.000979
124    0.001363
125    0.001160
126    0.001247
127    0.001556
128    0.000556
129    0.000877
130    0.001077
131    0.000766
132    0.001143
133    0.001316
134    0.001058
135    0.000989
136    0.000910
137    0.001667
138    0.001136
139    0.000750
140    0.001050
141    0.001138
142    0.001330
143    0.000925
144    0.001054
145    0.001087
146    0.000864
147    0.000971
148    0.001166
149    0.001102
150    0.001237
151    0.000835
152    0.000876
153    0.000782
154    0.001226
155    0.001380
156    0.000648
157    0.001170
158    0.000738
159    0.000755
160    0.000954
161    0.000862
162    0.001320
163    0.000449
164    0.000874
165    0.000476
166    0.001171
167    0.000669
168    0.001200
169    0.000634
170    0.001013
171    0.001202
172    0.000625
173    0.001398
174    0.000998
175    0.000842
176    0.000834
177    0.000656
178    0.001080
179    0.000876
180    0.001112
181    0.001218
182    0.001414
183    0.000996
184    0.000795
185    0.001310
186    0.000584
187    0.000730
188    0.000708
189    0.000676
190    0.000870
191    0.000501
192    0.001088
193    0.000894
194    0.000856
195    0.000566
196    0.001374
197    0.001278
198    0.000544
199    0.000727
200    0.000733
201    0.000780
202    0.000984
203    0.001097
204    0.000820
205    0.001342
206    0.000599
207    0.000617
208    0.000804
209    0.000692
210    0.001009
211    0.000635
212    0.000967
213    0.000898
214    0.000682
215    0.000607
216    0.000815
217    0.000998
218    0.000629
219    0.000720
220    0.000710
221    0.000664
222    0.000842
223    0.000873
224    0.000803
225    0.000561
226    0.000672
227    0.000546
228    0.001124
229    0.000866
230    0.000655
231    0.000351
232    0.000698
233    0.000883
234    0.000642
235    0.000660
236    0.000671
237    0.000501
238    0.000375
239    0.000368
240    0.000409
241    0.000706
242    0.000533
243    0.000466
244    0.000890
245    0.000554
246    0.000641
247    0.000410
248    0.000383
249    0.000572
250    0.000961
251    0.000810
252    0.000627
253    0.000738
254    0.000484
255    0.000452
256    0.000790
257    0.000578
258    0.000588
259    0.000508
260    0.000602
261    0.000785
262    0.000491
263    0.000447
264    0.000748
265    0.000827
266    0.000470
267    0.001029
268    0.000304
269    0.000683
270    0.000701
271    0.000468
272    0.000702
273    0.000646
274    0.000380
275    0.000885
276    0.000920
277    0.000505
278    0.000565
279    0.000464
280    0.000623
281    0.000559
282    0.000644
283    0.000779
284    0.000894
285    0.000708
286    0.000813
287    0.000740
288    0.000802
289    0.000733
290    0.000720
291    0.000696
292    0.001007
293    0.000436
294    0.000932
295    0.000648
296    0.000433
297    0.000724
298    0.000659
299    0.000460
300    0.000900
301    0.000373
302    0.000480
303    0.000533
304    0.000665
305    0.000638
306    0.000522
307    0.000455
308    0.000594
309    0.000385
310    0.000719
311    0.000570
312    0.000747
313    0.000685
314    0.000532
315    0.000426
316    0.000482
317    0.000355
318    0.000436
319    0.000817
320    0.000324
321    0.000485
322    0.000607
323    0.000271
324    0.000425
325    0.000189
326    0.000416
327    0.000583
328    0.000508
329    0.000609
330    0.000579
331    0.000719
332    0.000412
333    0.000633
334    0.000722
335    0.000436
336    0.000383
337    0.000454
338    0.000481
339    0.000516
340    0.000651
341    0.000439
342    0.000500
343    0.000511
344    0.000498
345    0.000521
346    0.000459
347    0.000539
348    0.000370
349    0.000499
350    0.000407
351    0.000453
352    0.000541
353    0.000302
354    0.000367
355    0.000332
356    0.000389
357    0.000426
358    0.000428
359    0.000276
360    0.000364
361    0.000542
362    0.000501
363    0.000406
364    0.000531
365    0.000451
366    0.000429
367    0.000419
368    0.000395
369    0.000332
370    0.000330
371    0.000786
372    0.000625
373    0.000513
374    0.000574
375    0.000377
376    0.000275
377    0.000451
378    0.000404
379    0.000360
380    0.000531
381    0.000496
382    0.000401
383    0.000230
384    0.000259
385    0.000465
386    0.000428
387    0.000582
388    0.000324
389    0.000248
390    0.000428
391    0.000591
392    0.000512
393    0.000182
394    0.000605
395    0.000409
396    0.000466
397    0.000619
398    0.000415
399    0.000374
400    0.000528
401    0.000423
402    0.000321
403    0.000551
404    0.000358
405    0.000354
406    0.000542
407    0.000406
408    0.000474
409    0.000324
410    0.000628
411    0.000352
412    0.000396
413    0.000353
414    0.000403
415    0.000253
416    0.000368
417    0.000327
418    0.000384
419    0.000499
420    0.000407
421    0.000304
422    0.000185
423    0.000412
424    0.000413
425    0.000281
426    0.000379
427    0.000258
428    0.000274
429    0.000480
430    0.000382
431    0.000282
432    0.000264
433    0.000381
434    0.000408
435    0.000233
436    0.000415
437    0.000326
438    0.000530
439    0.000307
440    0.000314
441    0.000366
442    0.000287
443    0.000351
444    0.000519
445    0.000348
446    0.000300
447    0.000097
448    0.000306
449    0.000268
450    0.000349
451    0.000408
452    0.000590
453    0.000529
454    0.000383
455    0.000269
456    0.000456
457    0.000381
458    0.000227
459    0.000326
460    0.000391
461    0.000431
462    0.000178
463    0.000259
464    0.000399
465    0.000415
466    0.000396
467    0.000254
468    0.000301
469    0.000283
470    0.000327
471    0.000248
472    0.000411
473    0.000404
474    0.000450
475    0.000495
476    0.000366
477    0.000399
478    0.000379
479    0.000509
480    0.000375
481    0.000295
482    0.000339
483    0.000284
484    0.000412
485    0.000314
486    0.000425
487    0.000386
488    0.000384
489    0.000427
490    0.000272
491    0.000273
492    0.000286
493    0.000313
494    0.000337
495    0.000489
496    0.000378
497    0.000416
498    0.000351
499    0.000397
500    0.000403
501    0.000379
502    0.000248
503    0.000346
504    0.000537
505    0.000447
506    0.000477
507    0.000314
508    0.000577
509    0.000485
510    0.000453
511    0.000377
512    0.000277
513    0.000453
514    0.000157
515    0.000424
516    0.000387
517    0.000338
518    0.000252
519    0.000362
520    0.000294
521    0.000342
522    0.000327
523    0.000280
524    0.000554
525    0.000358
526    0.000430
527    0.000421
528    0.000268
529    0.000363
530    0.000347
531    0.000285
532    0.000212
533    0.000459
534    0.000258
535    0.000355
536    0.000227
537    0.000322
538    0.000409
539    0.000360
540    0.000405
541    0.000317
542    0.000429
543    0.000186
544    0.000409
545    0.000366
546    0.000251
547    0.000283
548    0.000286
549    0.000244
550    0.000245
551    0.000244
552    0.000110
553    0.000230
554    0.000295
555    0.000275
556    0.000189
557    0.000286
558    0.000257
559    0.000272
560    0.000325
561    0.000331
562    0.000212
563    0.000429
564    0.000296
565    0.000220
566    0.000327
567    0.000277
568    0.000360
569    0.000286
570    0.000312
571    0.000400
572    0.000250
573    0.000254
574    0.000348
575    0.000324
576    0.000401
577    0.000231
578    0.000179
579    0.000340
580    0.000313
581    0.000373
582    0.000311
583    0.000350
584    0.000247
585    0.000348
586    0.000401
587    0.000254
588    0.000439
589    0.000367
590    0.000281
591    0.000185
592    0.000230
593    0.000271
594    0.000264
595    0.000286
596    0.000253
597    0.000258
598    0.000401
599    0.000290
600    0.000178
601    0.000274
602    0.000276
603    0.000389
604    0.000213
605    0.000283
606    0.000300
607    0.000298
608    0.000317
609    0.000229
610    0.000201
611    0.000370
612    0.000247
613    0.000259
614    0.000273
615    0.000442
616    0.000423
617    0.000269
618    0.000325
619    0.000263
620    0.000187
621    0.000313
622    0.000244
623    0.000365
624    0.000382
625    0.000320
626    0.000338
627    0.000287
628    0.000291
629    0.000310
630    0.000358
631    0.000326
632    0.000379
633    0.000274
634    0.000325
635    0.000434
636    0.000206
637    0.000456
638    0.000287
639    0.000172
640    0.000299
641    0.000263
642    0.000319
643    0.000223
644    0.000201
645    0.000374
646    0.000296
647    0.000274
648    0.000214
649    0.000236
650    0.000349
651    0.000243
652    0.000173
653    0.000287
654    0.000259
655    0.000191
656    0.000319
657    0.000292
658    0.000293
659    0.000171
660    0.000270
661    0.000235
662    0.000368
663    0.000369
664    0.000342
665    0.000303
666    0.000192
667    0.000287
668    0.000211
669    0.000396
670    0.000331
671    0.000424
672    0.000241
673    0.000223
674    0.000361
675    0.000451
676    0.000251
677    0.000206
678    0.000192
679    0.000282
680    0.000249
681    0.000267
682    0.000302
683    0.000180
684    0.000327
685    0.000303
686    0.000218
687    0.000327
688    0.000214
689    0.000442
690    0.000313
691    0.000386
692    0.000270
693    0.000169
694    0.000237
695    0.000223
696    0.000244
697    0.000172
698    0.000161
699    0.000294
700    0.000220
701    0.000233
702    0.000156
703    0.000252
704    0.000258
705    0.000202
706    0.000272
707    0.000247
708    0.000242
709    0.000160
710    0.000144
711    0.000216
712    0.000148
713    0.000292
714    0.000262
715    0.000132
716    0.000184
717    0.000157
718    0.000233
719    0.000148
720    0.000173
721    0.000178
722    0.000139
723    0.000130
724    0.000280
725    0.000153
726    0.000315
727    0.000152
728    0.000234
729    0.000263
730    0.000149
731    0.000283
732    0.000187
733    0.000429
734    0.000310
735    0.000224
736    0.000179
737    0.000272
738    0.000385
739    0.000427
740    0.000163
741    0.000239
742    0.000271
743    0.000328
744    0.000236
745    0.000174
746    0.000184
747    0.000189
748    0.000200
749    0.000228
750    0.000160
751    0.000195
752    0.000297
753    0.000256
754    0.000224
755    0.000184
756    0.000160
757    0.000243
758    0.000161
759    0.000292
760    0.000201
761    0.000282
762    0.000481
763    0.000268
764    0.000216
765    0.000260
766    0.000291
767    0.000168
768    0.000128
769    0.000219
770    0.000234
771    0.000267
772    0.000147
773    0.000256
774    0.000148
775    0.000162
776    0.000237
777    0.000147
778    0.000150
779    0.000341
780    0.000128
781    0.000108
782    0.000127
783    0.000094
784    0.000154
785    0.000141
786    0.000164
787    0.000201
788    0.000129
789    0.000201
790    0.000370
791    0.000202
792    0.000271
793    0.000387
794    0.000180
795    0.000287
796    0.000156
797    0.000389
798    0.000167
799    0.000248
800    0.000116
801    0.000166
802    0.000090
803    0.000319
804    0.000109
805    0.000077
806    0.000260
807    0.000106
808    0.000112
809    0.000110
810    0.000260
811    0.000223
812    0.000216
813    0.000115
814    0.000044
815    0.000148
816    0.000533
817    0.000146
818    0.000155
819    0.000272
820    0.000454
821    0.000361
822    0.000239
823    0.000191
824    0.000216
825    0.000624
