  1    0.197343
  2    0.048976
  3    0.016852
  4    0.068465
  5    0.029865
  6    0.033004
  7    0.011664
  8    0.015899
  9    0.010259
 10    0.012036
 11    0.012238
 12    0.006724
 13    0.006062
 14    0.004181
 15    0.013996
 16    0.011124
 17    0.008325
 18    0.007453
 19    0.004226
 20    0.002736
 21    0.008680
 22    0.003866
 23    0.005067
 24    0.004592
 25    0.004395
 26    0.002057
 27    0.003764
 28    0.004199
 29    0.004061
 30    0.002658
 31    0.004852
 32    0.004440
 33    0.004204
 34    0.006003
 35    0.003029
 36    0.005162
 37    0.002856
 38    0.004550
 39    0.002634
 40    0.002415
 41    0.002716
 42    0.002502
 43    0.003057
 44    0.003324
 45    0.003282
 46    0.002762
 47    0.002759
 48    0.001911
 49    0.002451
 50    0.003124
 51    0.003671
 52    0.003236
 53    0.002887
 54    0.001410
 55    0.001830
 56    0.002470
 57    0.002367
 58    0.001313
 59    0.001779
 60    0.002181
 61    0.002569
 62    0.001405
 63    0.002911
 64    0.002594
 65    0.001036
 66    0.001529
 67    0.001849
 68    0.002652
 69    0.001669
 70    0.001345
 71    0.001557
 72    0.001552
 73    0.000839
 74    0.001628
 75    0.002144
 76    0.001682
 77    0.001911
 78    0.001031
 79    0.001177
 80    0.002121
 81    0.001148
 82    0.001293
 83    0.001416
 84    0.001148
 85    0.001148
 86    0.001588
 87    0.001502
 88    0.001642
 89    0.001079
 90    0.001416
 91    0.001058
 92    0.001731
 93    0.001603
 94    0.001576
 95    0.001416
 96    0.000904
 97    0.001300
 98    0.001107
 99    0.000980
100    0.001057
101    0.001129
102    0.001346
103    0.001097
104    0.001022
105    0.001584
106    0.001719
107    0.001548
108    0.000936
109    0.001388
110    0.000769
111    0.000687
112    0.001156
113    0.000999
114    0.001049
115    0.001177
116    0.001053
117    0.000695
118    0.001172
119    0.001338
120    0.001166
121    0.000968
122    0.000216
123    0.000877
124    0.000486
125    0.001045
126    0.000667
127    0.000909
128    0.000842
129    0.000440
130    0.000775
131    0.001220
132    0.000790
133    0.000884
134    0.001088
135    0.001239
136    0.001238
137    0.000751
138    0.000976
139    0.001061
140    0.001248
141    0.000830
142    0.000799
143    0.000672
144    0.000827
145    0.000556
146    0.000950
147    0.000855
148    0.000730
149    0.000942
150    0.001035
151    0.000551
152    0.000917
153    0.000629
154    0.000898
155    0.000734
156    0.000578
157    0.000836
158    0.000678
159    0.001343
160    0.000806
161    0.001206
162    0.000575
163    0.000905
164    0.000469
165    0.000524
166    0.000949
167    0.000858
168    0.001147
169    0.000817
170    0.000544
171    0.000574
172    0.000610
173    0.000567
174    0.001166
175    0.000723
176    0.000878
177    0.000696
178    0.000999
179    0.000470
180    0.000722
181    0.000737
182    0.000816
183    0.000767
184    0.000640
185    0.000737
186    0.000636
187    0.000776
188    0.000740
189    0.000782
190    0.000838
191    0.000759
192    0.000559
193    0.000708
194    0.000793
195    0.000779
196    0.000759
197    0.000517
198    0.000906
199    0.000788
200    0.001174
201    0.000521
202    0.000699
203    0.000789
204    0.000263
205    0.000525
206    0.000692
207    0.000605
208    0.000525
209    0.000702
210    0.000894
211    0.001055
212    0.000663
213    0.000568
214    0.000830
215    0.000673
216    0.000825
217    0.000466
218    0.000733
219    0.000928
220    0.000970
221    0.000781
222    0.000639
223    0.000411
224    0.000890
225    0.000699
226    0.000711
227    0.000626
228    0.000431
229    0.000607
230    0.000486
231    0.000668
232    0.000675
233    0.000673
234    0.000794
235    0.000669
236    0.000512
237    0.000868
238    0.000827
239    0.000343
240    0.000729
241    0.000485
242    0.000471
243    0.000723
244    0.000641
245    0.000489
246    0.000560
247    0.000775
248    0.000536
249    0.001022
250    0.000614
251    0.000696
252    0.000330
253    0.000768
254    0.000692
255    0.000640
256    0.000740
257    0.000746
258    0.000551
259    0.001079
260    0.000913
261    0.000634
262    0.000752
263    0.001140
264    0.000671
265    0.000469
266    0.000531
267    0.000944
268    0.000382
269    0.000674
270    0.000546
271    0.000461
272    0.000643
273    0.000585
274    0.000728
275    0.000472
276    0.000487
277    0.000441
278    0.000323
279    0.000668
280    0.000479
281    0.000375
282    0.000537
283    0.000668
284    0.000383
285    0.000360
286    0.000428
287    0.000708
288    0.000481
289    0.000430
290    0.000553
291    0.000277
292    0.000425
293    0.000400
294    0.000286
295    0.000607
296    0.000489
297    0.000408
298    0.000471
299    0.000504
300    0.000648
301    0.000489
302    0.000551
303    0.000673
304    0.000409
305    0.000556
306    0.000627
307    0.000584
308    0.000297
309    0.000652
310    0.000337
311    0.000534
312    0.000383
313    0.000382
314    0.000395
315    0.000757
316    0.000289
317    0.000539
318    0.000598
319    0.000821
320    0.000527
321    0.000342
322    0.000330
323    0.000301
324    0.000583
325    0.000600
326    0.000470
327    0.000442
328    0.000319
329    0.000435
330    0.000527
331    0.000348
332    0.000407
333    0.000474
334    0.000310
335    0.000434
336    0.000378
337    0.000289
338    0.000367
339    0.000442
340    0.000380
341    0.000459
342    0.000556
343    0.000503
344    0.000408
345    0.000521
346    0.000582
347    0.000348
348    0.000281
349    0.000300
350    0.000313
351    0.000488
352    0.000461
353    0.000402
354    0.000495
355    0.000305
356    0.000295
357    0.000351
358    0.000471
359    0.000230
360    0.000601
361    0.000439
362    0.000502
363    0.000146
364    0.000204
365    0.000498
366    0.000501
367    0.000334
368    0.000297
369    0.000366
370    0.000479
371    0.000301
372    0.000346
373    0.000251
374    0.000251
375    0.000196
376    0.000313
377    0.000640
378    0.000371
379    0.000246
380    0.000384
381    0.000338
382    0.000467
383    0.000129
384    0.000348
385    0.000144
386    0.000325
387    0.000622
388    0.000380
389    0.000304
390    0.000373
391    0.000290
392    0.000495
393    0.000269
394    0.000622
395    0.000366
396    0.000394
397    0.000342
398    0.000635
399    0.000424
400    0.000429
401    0.000398
402    0.000458
403    0.000215
404    0.000451
405    0.000336
406    0.000434
407    0.000296
408    0.000493
409    0.000334
410    0.000284
411    0.000205
412    0.000280
413    0.000332
414    0.000355
415    0.000206
416    0.000372
417    0.000258
418    0.000438
419    0.000226
420    0.000219
421    0.000395
422    0.000342
423    0.000238
424    0.000224
425    0.000349
426    0.000175
427    0.000431
428    0.000241
429    0.000301
430    0.000315
431    0.000252
432    0.000170
433    0.000303
434    0.000386
435    0.000400
436    0.000193
437    0.000278
438    0.000177
439    0.000234
440    0.000182
441    0.000261
442    0.000312
443    0.000245
444    0.000245
445    0.000462
446    0.000448
447    0.000267
448    0.000362
449    0.000314
450    0.000194
451    0.000164
452    0.000198
453    0.000480
454    0.000270
455    0.000469
456    0.000226
457    0.000290
458    0.000300
459    0.000229
460    0.000331
461    0.000265
462    0.000227
463    0.000197
464    0.000258
465    0.000246
466    0.000332
467    0.000336
468    0.000205
469    0.000365
470    0.000490
471    0.000252
472    0.000148
473    0.000379
474    0.000333
475    0.000242
476    0.000256
477    0.000228
478    0.000195
479    0.000289
480    0.000277
481    0.000287
482    0.000430
483    0.000216
484    0.000285
485    0.000360
486    0.000246
487    0.000438
488    0.000233
489    0.000309
490    0.000347
491    0.000266
492    0.000319
493    0.000198
494    0.000225
495    0.000311
496    0.000307
497    0.000239
498    0.000212
499    0.000349
500    0.000232
501    0.000147
502    0.000266
503    0.000268
504    0.000234
505    0.000269
506    0.000379
507    0.000205
508    0.000344
509    0.000283
510    0.000228
511    0.000242
512    0.000247
513    0.000183
514    0.000178
515    0.000194
516    0.000256
517    0.000134
518    0.000185
519    0.000348
520    0.000326
521    0.000246
522    0.000239
523    0.000216
524    0.000311
525    0.000190
526    0.000312
527    0.000133
528    0.000264
529    0.000234
530    0.000137
531    0.000222
532    0.000379
533    0.000198
534    0.000289
535    0.000103
536    0.000204
537    0.000203
538    0.000133
539    0.000226
540    0.000182
541    0.000282
542    0.000243
543    0.000246
544    0.000201
545    0.000324
546    0.000308
547    0.000345
548    0.000138
549    0.000187
550    0.000321
551    0.000171
552    0.000195
553    0.000289
554    0.000188
555    0.000287
556    0.000320
557    0.000189
558    0.000251
559    0.000142
560    0.000142
561    0.000156
562    0.000245
563    0.000265
564    0.000366
565    0.000473
566    0.000191
567    0.000148
568    0.000244
569    0.000258
570    0.000338
571    0.000191
572    0.000250
573    0.000222
574    0.000143
575    0.000254
576    0.000148
577    0.000118
578    0.000209
579    0.000223
580    0.000228
581    0.000172
582    0.000158
583    0.000186
584    0.000237
585    0.000208
586    0.000222
587    0.000326
588    0.000229
589    0.000318
590    0.000137
591    0.000155
592    0.000258
593    0.000160
594    0.000171
595    0.000091
596    0.000200
597    0.000217
598    0.000207
599    0.000265
600    0.000271
601    0.000184
602    0.000174
603    0.000251
604    0.000135
605    0.000175
606    0.000189
607    0.000328
608    0.000292
609    0.000171
610    0.000202
611    0.000130
612    0.000238
613    0.000201
614    0.000265
615    0.000183
616    0.000270
617    0.000176
618    0.000252
619    0.000149
620    0.000151
621    0.000236
622    0.000221
623    0.000197
624    0.000176
625    0.000224
626    0.000155
627    0.000270
628    0.000166
629    0.000163
630    0.000242
631    0.000248
632    0.000266
633    0.000294
634    0.000214
635    0.000162
636    0.000150
637    0.000241
638    0.000228
639    0.000244
640    0.000237
641    0.000155
642    0.000124
643    0.000091
644    0.000134
645    0.000202
646    0.000189
647    0.000225
648    0.000130
649    0.000139
650    0.000218
651    0.000163
652    0.000256
653    0.000233
654    0.000155
655    0.000140
656    0.000250
657    0.000262
658    0.000255
659    0.000140
660    0.000133
661    0.000246
662    0.000207
663    0.000123
664    0.000192
665    0.000156
666    0.000172
667    0.000229
668    0.000163
669    0.000168
670    0.000181
671    0.000123
672    0.000167
673    0.000134
674    0.000207
675    0.000153
676    0.000175
677    0.000281
678    0.000174
679    0.000221
680    0.000167
681    0.000154
682    0.000229
683    0.000262
684    0.000262
685    0.000216
686    0.000154
687    0.000291
688    0.000168
689    0.000130
690    0.000231
691    0.000221
692    0.000205
693    0.000177
694    0.000202
695    0.000256
696    0.000098
697    0.000168
698    0.000162
699    0.000191
700    0.000198
701    0.000162
702    0.000119
703    0.000101
704    0.000182
705    0.000126
706    0.000144
707    0.000177
708    0.000177
709    0.000154
710    0.000163
711    0.000093
712    0.000109
713    0.000162
714    0.000171
715    0.000132
716    0.000112
717    0.000187
718    0.000090
719    0.000147
720    0.000085
721    0.000134
722    0.000120
723    0.000099
724    0.000177
725    0.000127
726    0.000182
727    0.000316
728    0.000135
729    0.000222
730    0.000115
731    0.000245
732    0.000165
733    0.000258
734    0.000137
735    0.000177
736    0.000135
737    0.000222
738    0.000174
739    0.000229
740    0.000130
741    0.000257
742    0.000161
743    0.000146
744    0.000149
745    0.000142
746    0.000172
747    0.000137
748    0.000172
749    0.000129
750    0.000146
751    0.000154
752    0.000173
753    0.000152
754    0.000147
755    0.000188
756    0.000140
757    0.000177
758    0.000149
759    0.000169
760    0.000202
761    0.000174
762    0.000202
763    0.000088
764    0.000287
765    0.000151
766    0.000211
767    0.000118
768    0.000121
769    0.000193
770    0.000135
771    0.000114
772    0.000124
773    0.000175
774    0.000207
775    0.000100
776    0.000082
777    0.000169
778    0.000073
779    0.000092
780    0.000371
781    0.000071
782    0.000112
783    0.000056
784    0.000166
785    0.000185
786    0.000157
787    0.000165
788    0.000144
789    0.000123
790    0.000134
791    0.000144
792    0.000231
793    0.000208
794    0.000260
795    0.000169
796    0.000241
797    0.000119
798    0.000147
799    0.000208
800    0.000071
801    0.000190
802    0.000037
803    0.000124
804    0.000152
805    0.000162
806    0.000101
807    0.000033
808    0.000085
809    0.000177
810    0.000116
811    0.000192
812    0.000117
813    0.000146
814    0.000068
815    0.000226
816    0.000157
817    0.000036
818    0.000094
819    0.000388
820    0.000161
821    0.000026
822    0.000138
823    0.000225
824    0.000093
825    0.000319
