  1    0.042316
  2    0.076137
  3    0.026022
  4    0.024788
  5    0.024106
  6    0.013863
  7    0.013906
  8    0.011379
  9    0.011254
 10    0.007137
 11    0.014777
 12    0.009790
 13    0.009482
 14    0.006849
 15    0.009597
 16    0.009734
 17    0.006670
 18    0.007259
 19    0.006521
 20    0.006591
 21    0.009509
 22    0.006892
 23    0.007724
 24    0.006359
 25    0.007357
 26    0.005270
 27    0.005934
 28    0.003851
 29    0.004635
 30    0.005027
 31    0.005218
 32    0.006523
 33    0.005691
 34    0.004486
 35    0.004284
 36    0.004462
 37    0.004011
 38    0.005678
 39    0.002920
 40    0.003450
 41    0.003225
 42    0.002441
 43    0.004357
 44    0.003306
 45    0.002691
 46    0.003447
 47    0.002210
 48    0.003626
 49    0.003083
 50    0.003646
 51    0.002294
 52    0.002847
 53    0.002684
 54    0.002166
 55    0.003292
 56    0.003562
 57    0.003374
 58    0.002904
 59    0.003074
 60    0.002530
 61    0.001414
 62    0.004169
 63    0.001691
 64    0.001960
 65    0.002063
 66    0.002899
 67    0.002998
 68    0.002409
 69    0.002387
 70    0.001685
 71    0.002199
 72    0.001846
 73    0.002535
 74    0.001949
 75    0.001622
 76    0.002350
 77    0.002138
 78    0.002292
 79    0.001281
 80    0.001557
 81    0.002181
 82    0.001232
 83    0.001118
 84    0.001964
 85    0.002013
 86    0.002203
 87    0.001584
 88    0.002254
 89    0.002245
 90    0.001881
 91    0.001861
 92    0.001991
 93    0.002112
 94    0.001353
 95    0.002043
 96    0.001304
 97    0.002606
 98    0.002087
 99    0.001464
100    0.000921
101    0.001335
102    0.001690
103    0.001856
104    0.003109
105    0.001483
106    0.001983
107    0.001850
108    0.002274
109    0.001487
110    0.001255
111    0.001313
112    0.001508
113    0.002514
114    0.001311
115    0.001449
116    0.000979
117    0.001231
118    0.001187
119    0.001680
120    0.001073
121    0.001595
122    0.001966
123    0.001555
124    0.001279
125    0.001231
126    0.000542
127    0.001269
128    0.001590
129    0.001764
130    0.001153
131    0.001605
132    0.001610
133    0.001898
134    0.001337
135    0.001383
136    0.000961
137    0.001607
138    0.000947
139    0.001556
140    0.001089
141    0.001406
142    0.000676
143    0.001565
144    0.001386
145    0.001309
146    0.001448
147    0.002260
148    0.001543
149    0.001220
150    0.001389
151    0.001381
152    0.001513
153    0.000936
154    0.001199
155    0.001189
156    0.001218
157    0.000832
158    0.000763
159    0.001033
160    0.001204
161    0.000555
162    0.001332
163    0.000973
164    0.001094
165    0.001167
166    0.001153
167    0.001012
168    0.000874
169    0.001584
170    0.001386
171    0.001380
172    0.001458
173    0.001014
174    0.001288
175    0.001669
176    0.000828
177    0.001685
178    0.000909
179    0.001056
180    0.000895
181    0.001618
182    0.000924
183    0.001576
184    0.001128
185    0.001163
186    0.001240
187    0.001432
188    0.000756
189    0.001045
190    0.000888
191    0.000847
192    0.000957
193    0.000991
194    0.000772
195    0.001185
196    0.000855
197    0.000586
198    0.002145
199    0.000917
200    0.001142
201    0.000831
202    0.000838
203    0.001276
204    0.000902
205    0.001274
206    0.000747
207    0.000733
208    0.000730
209    0.000731
210    0.000852
211    0.000603
212    0.001148
213    0.000925
214    0.000807
215    0.001258
216    0.001281
217    0.000805
218    0.000579
219    0.001319
220    0.000585
221    0.000690
222    0.001020
223    0.000840
224    0.000755
225    0.000681
226    0.000891
227    0.000761
228    0.001254
229    0.000913
230    0.001705
231    0.000660
232    0.001314
233    0.001289
234    0.000916
235    0.000750
236    0.000750
237    0.001083
238    0.000743
239    0.000583
240    0.000670
241    0.000680
242    0.000656
243    0.001019
244    0.001151
245    0.000759
246    0.000871
247    0.000928
248    0.000637
249    0.000814
250    0.000914
251    0.001172
252    0.000801
253    0.000793
254    0.001404
255    0.000674
256    0.000625
257    0.000895
258    0.000959
259    0.000892
260    0.000444
261    0.000590
262    0.000561
263    0.000653
264    0.000635
265    0.000603
266    0.000588
267    0.000617
268    0.000678
269    0.000873
270    0.000449
271    0.000632
272    0.000587
273    0.001132
274    0.000781
275    0.000554
276    0.000652
277    0.000969
278    0.000628
279    0.000630
280    0.000712
281    0.000398
282    0.000508
283    0.000566
284    0.000602
285    0.000734
286    0.000749
287    0.000445
288    0.000393
289    0.000719
290    0.000593
291    0.000583
292    0.000750
293    0.000569
294    0.000450
295    0.000539
296    0.000756
297    0.000444
298    0.000410
299    0.000890
300    0.000568
301    0.000529
302    0.000828
303    0.000629
304    0.000675
305    0.000678
306    0.000623
307    0.000538
308    0.000526
309    0.000878
310    0.000463
311    0.000500
312    0.000654
313    0.000735
314    0.000291
315    0.000423
316    0.000572
317    0.000592
318    0.000807
319    0.000888
320    0.000949
321    0.000665
322    0.000819
323    0.000725
324    0.000637
325    0.000550
326    0.000632
327    0.000767
328    0.000413
329    0.000524
330    0.000823
331    0.000623
332    0.000592
333    0.000957
334    0.000270
335    0.000851
336    0.000963
337    0.000572
338    0.000378
339    0.000573
340    0.000457
341    0.000626
342    0.000527
343    0.000847
344    0.000617
345    0.000603
346    0.000870
347    0.000451
348    0.000393
349    0.000542
350    0.000458
351    0.000592
352    0.000780
353    0.000467
354    0.000705
355    0.000698
356    0.000733
357    0.000598
358    0.000580
359    0.000721
360    0.000459
361    0.000430
362    0.000445
363    0.000431
364    0.000622
365    0.000478
366    0.000458
367    0.000501
368    0.000267
369    0.000615
370    0.000610
371    0.000514
372    0.000408
373    0.000377
374    0.000532
375    0.000430
376    0.000403
377    0.000533
378    0.000955
379    0.000523
380    0.000338
381    0.000801
382    0.000530
383    0.000473
384    0.000538
385    0.000296
386    0.000457
387    0.000371
388    0.000593
389    0.000751
390    0.000593
391    0.000326
392    0.000772
393    0.000406
394    0.000589
395    0.000439
396    0.000472
397    0.000280
398    0.000239
399    0.000446
400    0.000443
401    0.000439
402    0.000517
403    0.000691
404    0.000365
405    0.000473
406    0.000654
407    0.000350
408    0.000357
409    0.000348
410    0.000586
411    0.000690
412    0.000283
413    0.000405
414    0.000539
415    0.000618
416    0.000493
417    0.000234
418    0.000719
419    0.000558
420    0.000293
421    0.000531
422    0.000362
423    0.000583
424    0.000235
425    0.000528
426    0.000285
427    0.000385
428    0.000812
429    0.000459
430    0.000216
431    0.000425
432    0.000410
433    0.000482
434    0.000617
435    0.000526
436    0.000365
437    0.000588
438    0.000479
439    0.000336
440    0.000457
441    0.000384
442    0.000481
443    0.000426
444    0.000389
445    0.000542
446    0.000277
447    0.000429
448    0.000624
449    0.000354
450    0.000348
451    0.000438
452    0.000437
453    0.000701
454    0.000433
455    0.000296
456    0.000597
457    0.000333
458    0.000290
459    0.000648
460    0.000537
461    0.000427
462    0.000430
463    0.000663
464    0.000385
465    0.000354
466    0.000349
467    0.000673
468    0.000478
469    0.000557
470    0.000577
471    0.000369
472    0.000442
473    0.000558
474    0.000283
475    0.000391
476    0.000336
477    0.000369
478    0.000481
479    0.000353
480    0.000386
481    0.000413
482    0.000556
483    0.000361
484    0.000379
485    0.000375
486    0.000312
487    0.000324
488    0.000384
489    0.000495
490    0.000442
491    0.000275
492    0.000222
493    0.000522
494    0.000434
495    0.000507
496    0.000263
497    0.000389
498    0.000330
499    0.000507
500    0.000632
501    0.000438
502    0.000518
503    0.000428
504    0.000361
505    0.000442
506    0.000466
507    0.000197
508    0.000279
509    0.000348
510    0.000347
511    0.000437
512    0.000247
513    0.000419
514    0.000385
515    0.000360
516    0.000456
517    0.000482
518    0.000606
519    0.000411
520    0.000396
521    0.000215
522    0.000452
523    0.000448
524    0.000382
525    0.000328
526    0.000559
527    0.000565
528    0.000340
529    0.000361
530    0.000330
531    0.000353
532    0.000340
533    0.000236
534    0.000431
535    0.000309
536    0.000382
537    0.000298
538    0.000346
539    0.000370
540    0.000364
541    0.000460
542    0.000361
543    0.000480
544    0.000526
545    0.000451
546    0.000406
547    0.000438
548    0.000422
549    0.000480
550    0.000441
551    0.000382
552    0.000460
553    0.000410
554    0.000382
555    0.000338
556    0.000330
557    0.000322
558    0.000477
559    0.000399
560    0.000246
561    0.000221
562    0.000522
563    0.000384
564    0.000250
565    0.000202
566    0.000332
567    0.000403
568    0.000283
569    0.000308
570    0.000283
571    0.000200
572    0.000342
573    0.000339
574    0.000251
575    0.000307
576    0.000259
577    0.000174
578    0.000197
579    0.000249
580    0.000221
581    0.000274
582    0.000300
583    0.000203
584    0.000299
585    0.000190
586    0.000387
587    0.000262
588    0.000306
589    0.000405
590    0.000294
591    0.000426
592    0.000354
593    0.000387
594    0.000424
595    0.000384
596    0.000331
597    0.000339
598    0.000306
599    0.000290
600    0.000288
601    0.000378
602    0.000331
603    0.000266
604    0.000324
605    0.000302
606    0.000325
607    0.000566
608    0.000363
609    0.000183
610    0.000429
611    0.000333
612    0.000400
613    0.000445
614    0.000229
615    0.000393
616    0.000345
617    0.000540
618    0.000385
619    0.000275
620    0.000316
621    0.000360
622    0.000303
623    0.000490
624    0.000417
625    0.000295
626    0.000305
627    0.000371
628    0.000391
629    0.000243
630    0.000314
631    0.000165
632    0.000325
633    0.000305
634    0.000383
635    0.000544
636    0.000343
637    0.000513
638    0.000272
639    0.000279
640    0.000286
641    0.000283
642    0.000329
643    0.000318
644    0.000228
645    0.000306
646    0.000400
647    0.000304
648    0.000323
649    0.000239
650    0.000354
651    0.000239
652    0.000226
653    0.000388
654    0.000329
655    0.000352
656    0.000465
657    0.000354
658    0.000210
659    0.000383
660    0.000324
661    0.000360
662    0.000259
663    0.000224
664    0.000284
665    0.000340
666    0.000383
667    0.000199
668    0.000366
669    0.000277
670    0.000260
671    0.000369
672    0.000404
673    0.000366
674    0.000331
675    0.000340
676    0.000282
677    0.000215
678    0.000212
679    0.000248
680    0.000166
681    0.000263
682    0.000162
683    0.000202
684    0.000306
685    0.000251
686    0.000268
687    0.000288
688    0.000193
689    0.000391
690    0.000340
691    0.000220
692    0.000171
693    0.000358
694    0.000202
695    0.000199
696    0.000288
697    0.000336
698    0.000268
699    0.000236
700    0.000317
701    0.000260
702    0.000336
703    0.000237
704    0.000160
705    0.000240
706    0.000283
707    0.000257
708    0.000331
709    0.000291
710    0.000232
711    0.000413
712    0.000212
713    0.000209
714    0.000170
715    0.000220
716    0.000287
717    0.000229
718    0.000172
719    0.000255
720    0.000317
721    0.000188
722    0.000254
723    0.000342
724    0.000171
725    0.000261
726    0.000366
727    0.000200
728    0.000168
729    0.000316
730    0.000197
731    0.000395
732    0.000313
733    0.000377
734    0.000351
735    0.000241
736    0.000372
737    0.000436
738    0.000342
739    0.000438
740    0.000269
741    0.000268
742    0.000365
743    0.000385
744    0.000217
745    0.000232
746    0.000227
747    0.000220
748    0.000119
749    0.000214
750    0.000326
751    0.000374
752    0.000453
753    0.000245
754    0.000201
755    0.000303
756    0.000448
757    0.000262
758    0.000294
759    0.000288
760    0.000360
761    0.000273
762    0.000278
763    0.000391
764    0.000284
765    0.000377
766    0.000330
767    0.000153
768    0.000193
769    0.000259
770    0.000192
771    0.000171
772    0.000188
773    0.000300
774    0.000358
775    0.000296
776    0.000212
777    0.000162
778    0.000136
779    0.000315
780    0.000391
781    0.000317
782    0.000251
783    0.000213
784    0.000142
785    0.000151
786    0.000264
787    0.000228
788    0.000262
789    0.000266
790    0.000380
791    0.000213
792    0.000277
793    0.000261
794    0.000230
795    0.000250
796    0.000291
797    0.000342
798    0.000190
799    0.000324
800    0.000040
801    0.000217
802    0.000065
803    0.000238
804    0.000079
805    0.000233
806    0.000094
807    0.000117
808    0.000122
809    0.000222
810    0.000140
811    0.000203
812    0.000262
813    0.000227
814    0.000038
815    0.000164
816    0.000206
817    0.000084
818    0.000173
819    0.000357
820    0.000222
821    0.000123
822    0.000278
823    0.000265
824    0.000532
825    0.000456
