  1    0.088587
  2    0.093386
  3    0.025054
  4    0.010026
  5    0.014870
  6    0.027278
  7    0.041122
  8    0.016310
  9    0.008046
 10    0.013126
 11    0.012099
 12    0.008258
 13    0.022824
 14    0.004709
 15    0.015702
 16    0.006806
 17    0.010729
 18    0.004009
 19    0.004250
 20    0.006565
 21    0.009629
 22    0.006134
 23    0.004064
 24    0.002552
 25    0.007447
 26    0.004753
 27    0.007991
 28    0.004247
 29    0.006301
 30    0.005609
 31    0.002799
 32    0.003914
 33    0.004668
 34    0.003063
 35    0.002095
 36    0.004137
 37    0.004205
 38    0.003500
 39    0.003959
 40    0.003637
 41    0.004369
 42    0.004712
 43    0.003263
 44    0.003237
 45    0.003248
 46    0.002772
 47    0.004023
 48    0.002348
 49    0.004536
 50    0.003657
 51    0.003388
 52    0.001946
 53    0.003255
 54    0.003428
 55    0.002264
 56    0.002318
 57    0.002234
 58    0.001735
 59    0.001672
 60    0.003112
 61    0.002662
 62    0.001700
 63    0.001923
 64    0.001893
 65    0.001491
 66    0.001213
 67    0.002242
 68    0.000883
 69    0.001342
 70    0.001712
 71    0.001770
 72    0.001270
 73    0.002437
 74    0.001459
 75    0.002220
 76    0.002672
 77    0.001554
 78    0.001419
 79    0.001683
 80    0.001887
 81    0.002272
 82    0.000974
 83    0.001895
 84    0.000827
 85    0.001193
 86    0.001092
 87    0.001695
 88    0.001616
 89    0.001069
 90    0.001023
 91    0.001760
 92    0.001874
 93    0.001191
 94    0.001640
 95    0.001955
 96    0.001235
 97    0.001046
 98    0.001312
 99    0.001160
100    0.001115
101    0.000781
102    0.001326
103    0.001511
104    0.001538
105    0.001797
106    0.001140
107    0.001311
108    0.000994
109    0.001549
110    0.000850
111    0.000945
112    0.000490
113    0.001696
114    0.002037
115    0.001190
116    0.001473
117    0.001236
118    0.001487
119    0.000813
120    0.001665
121    0.000895
122    0.001076
123    0.001856
124    0.001634
125    0.001666
126    0.000999
127    0.001569
128    0.000908
129    0.001029
130    0.001332
131    0.001768
132    0.001612
133    0.001518
134    0.001513
135    0.001059
136    0.000868
137    0.000691
138    0.000754
139    0.001141
140    0.001659
141    0.000723
142    0.001258
143    0.000827
144    0.001085
145    0.000689
146    0.001058
147    0.001558
148    0.000763
149    0.000890
150    0.000697
151    0.000865
152    0.000794
153    0.000818
154    0.001131
155    0.001209
156    0.001246
157    0.001329
158    0.000638
159    0.001170
160    0.001027
161    0.001068
162    0.001335
163    0.000586
164    0.000792
165    0.001407
166    0.001606
167    0.000604
168    0.001265
169    0.000981
170    0.000841
171    0.000774
172    0.001205
173    0.000789
174    0.000799
175    0.000771
176    0.000462
177    0.001113
178    0.000900
179    0.000942
180    0.001053
181    0.000578
182    0.000780
183    0.000759
184    0.000638
185    0.000900
186    0.000745
187    0.000774
188    0.000871
189    0.001136
190    0.000754
191    0.000777
192    0.000565
193    0.001034
194    0.000992
195    0.000482
196    0.000988
197    0.001015
198    0.000926
199    0.000748
200    0.000798
201    0.000774
202    0.000710
203    0.000496
204    0.000804
205    0.000812
206    0.000622
207    0.000971
208    0.000855
209    0.000883
210    0.001224
211    0.000617
212    0.000621
213    0.000910
214    0.001080
215    0.000814
216    0.000864
217    0.000659
218    0.001262
219    0.000749
220    0.000687
221    0.000670
222    0.000674
223    0.000716
224    0.000390
225    0.000346
226    0.000388
227    0.000792
228    0.000612
229    0.000401
230    0.000495
231    0.000559
232    0.000747
233    0.000722
234    0.000756
235    0.000862
236    0.000739
237    0.000688
238    0.000697
239    0.000893
240    0.000317
241    0.000540
242    0.000646
243    0.000950
244    0.000704
245    0.001221
246    0.000632
247    0.000983
248    0.000521
249    0.000774
250    0.000503
251    0.000828
252    0.000665
253    0.000458
254    0.000647
255    0.000812
256    0.000581
257    0.000760
258    0.000424
259    0.000646
260    0.000788
261    0.000748
262    0.000409
263    0.000369
264    0.000448
265    0.000591
266    0.000597
267    0.000443
268    0.000772
269    0.000481
270    0.000610
271    0.000835
272    0.000550
273    0.000588
274    0.000391
275    0.000384
276    0.000462
277    0.000833
278    0.000492
279    0.000763
280    0.000656
281    0.000519
282    0.000677
283    0.000438
284    0.000616
285    0.000909
286    0.000480
287    0.000197
288    0.000368
289    0.000600
290    0.000722
291    0.000779
292    0.000487
293    0.000599
294    0.000709
295    0.000488
296    0.000485
297    0.000691
298    0.000541
299    0.000359
300    0.000427
301    0.000431
302    0.000372
303    0.000332
304    0.000675
305    0.000639
306    0.000399
307    0.000489
308    0.000579
309    0.000795
310    0.000413
311    0.000520
312    0.000534
313    0.000438
314    0.000574
315    0.000342
316    0.000606
317    0.000514
318    0.000434
319    0.000491
320    0.000563
321    0.000591
322    0.000553
323    0.000639
324    0.000493
325    0.000321
326    0.000349
327    0.000938
328    0.000735
329    0.000441
330    0.000895
331    0.000588
332    0.000573
333    0.000512
334    0.000981
335    0.000496
336    0.000469
337    0.000624
338    0.000385
339    0.000682
340    0.000659
341    0.000871
342    0.000333
343    0.000465
344    0.000557
345    0.000309
346    0.000236
347    0.000479
348    0.000437
349    0.000456
350    0.000626
351    0.000624
352    0.000548
353    0.000418
354    0.000551
355    0.000721
356    0.000493
357    0.000229
358    0.000577
359    0.000638
360    0.000488
361    0.000411
362    0.000612
363    0.000467
364    0.000229
365    0.000737
366    0.000619
367    0.000585
368    0.000539
369    0.000441
370    0.000535
371    0.000609
372    0.000390
373    0.000513
374    0.000477
375    0.000521
376    0.000400
377    0.000345
378    0.000425
379    0.000611
380    0.000488
381    0.000511
382    0.000448
383    0.000423
384    0.000428
385    0.000535
386    0.000631
387    0.000374
388    0.000547
389    0.000260
390    0.000546
391    0.000376
392    0.000342
393    0.000743
394    0.000529
395    0.000404
396    0.000401
397    0.000354
398    0.000378
399    0.000460
400    0.000486
401    0.000626
402    0.000519
403    0.000452
404    0.000530
405    0.000349
406    0.000531
407    0.000350
408    0.000269
409    0.000517
410    0.000470
411    0.000216
412    0.000551
413    0.000498
414    0.000342
415    0.000448
416    0.000294
417    0.000253
418    0.000431
419    0.000444
420    0.000173
421    0.000455
422    0.000424
423    0.000434
424    0.000399
425    0.000410
426    0.000424
427    0.000472
428    0.000260
429    0.000363
430    0.000502
431    0.000332
432    0.000593
433    0.000356
434    0.000395
435    0.000736
436    0.000396
437    0.000532
438    0.000516
439    0.000260
440    0.000303
441    0.000324
442    0.000303
443    0.000438
444    0.000469
445    0.000428
446    0.000160
447    0.000265
448    0.000513
449    0.000224
450    0.000429
451    0.000545
452    0.000346
453    0.000390
454    0.000498
455    0.000642
456    0.000336
457    0.000562
458    0.000525
459    0.000455
460    0.000310
461    0.000467
462    0.000329
463    0.000355
464    0.000340
465    0.000574
466    0.000385
467    0.000297
468    0.000439
469    0.000217
470    0.000376
471    0.000517
472    0.000463
473    0.000373
474    0.000419
475    0.000387
476    0.000382
477    0.000560
478    0.000267
479    0.000447
480    0.000305
481    0.000582
482    0.000414
483    0.000387
484    0.000273
485    0.000368
486    0.000331
487    0.000407
488    0.000352
489    0.000337
490    0.000335
491    0.000400
492    0.000337
493    0.000163
494    0.000309
495    0.000389
496    0.000343
497    0.000305
498    0.000192
499    0.000269
500    0.000421
501    0.000468
502    0.000353
503    0.000402
504    0.000429
505    0.000246
506    0.000335
507    0.000373
508    0.000258
509    0.000381
510    0.000249
511    0.000340
512    0.000533
513    0.000279
514    0.000471
515    0.000366
516    0.000201
517    0.000304
518    0.000293
519    0.000291
520    0.000372
521    0.000330
522    0.000310
523    0.000393
524    0.000237
525    0.000303
526    0.000250
527    0.000266
528    0.000329
529    0.000408
530    0.000231
531    0.000247
532    0.000261
533    0.000257
534    0.000317
535    0.000283
536    0.000303
537    0.000315
538    0.000308
539    0.000265
540    0.000286
541    0.000424
542    0.000367
543    0.000320
544    0.000382
545    0.000411
546    0.000289
547    0.000396
548    0.000276
549    0.000276
550    0.000295
551    0.000406
552    0.000253
553    0.000280
554    0.000386
555    0.000229
556    0.000313
557    0.000207
558    0.000248
559    0.000268
560    0.000168
561    0.000223
562    0.000375
563    0.000207
564    0.000237
565    0.000224
566    0.000268
567    0.000184
568    0.000295
569    0.000318
570    0.000309
571    0.000222
572    0.000271
573    0.000224
574    0.000235
575    0.000256
576    0.000263
577    0.000372
578    0.000297
579    0.000222
580    0.000229
581    0.000280
582    0.000246
583    0.000248
584    0.000171
585    0.000132
586    0.000142
587    0.000156
588    0.000258
589    0.000300
590    0.000252
591    0.000194
592    0.000279
593    0.000263
594    0.000199
595    0.000188
596    0.000211
597    0.000276
598    0.000202
599    0.000318
600    0.000281
601    0.000242
602    0.000364
603    0.000280
604    0.000329
605    0.000342
606    0.000222
607    0.000290
608    0.000227
609    0.000309
610    0.000185
611    0.000204
612    0.000234
613    0.000227
614    0.000158
615    0.000298
616    0.000227
617    0.000195
618    0.000244
619    0.000237
620    0.000273
621    0.000228
622    0.000276
623    0.000247
624    0.000237
625    0.000204
626    0.000345
627    0.000209
628    0.000224
629    0.000271
630    0.000236
631    0.000301
632    0.000268
633    0.000250
634    0.000384
635    0.000256
636    0.000231
637    0.000275
638    0.000250
639    0.000171
640    0.000264
641    0.000358
642    0.000273
643    0.000195
644    0.000237
645    0.000242
646    0.000252
647    0.000188
648    0.000148
649    0.000321
650    0.000362
651    0.000284
652    0.000221
653    0.000192
654    0.000222
655    0.000194
656    0.000329
657    0.000225
658    0.000204
659    0.000260
660    0.000223
661    0.000242
662    0.000155
663    0.000269
664    0.000168
665    0.000310
666    0.000219
667    0.000240
668    0.000301
669    0.000173
670    0.000202
671    0.000385
672    0.000186
673    0.000285
674    0.000278
675    0.000234
676    0.000258
677    0.000249
678    0.000224
679    0.000378
680    0.000244
681    0.000225
682    0.000173
683    0.000361
684    0.000234
685    0.000309
686    0.000171
687    0.000322
688    0.000299
689    0.000273
690    0.000241
691    0.000442
692    0.000373
693    0.000371
694    0.000263
695    0.000243
696    0.000170
697    0.000216
698    0.000384
699    0.000152
700    0.000209
701    0.000236
702    0.000270
703    0.000285
704    0.000171
705    0.000274
706    0.000139
707    0.000201
708    0.000165
709    0.000229
710    0.000325
711    0.000191
712    0.000435
713    0.000262
714    0.000165
715    0.000235
716    0.000296
717    0.000336
718    0.000177
719    0.000285
720    0.000260
721    0.000264
722    0.000271
723    0.000253
724    0.000285
725    0.000378
726    0.000126
727    0.000298
728    0.000324
729    0.000299
730    0.000296
731    0.000330
732    0.000346
733    0.000243
734    0.000375
735    0.000302
736    0.000243
737    0.000229
738    0.000236
739    0.000219
740    0.000215
741    0.000165
742    0.000177
743    0.000192
744    0.000206
745    0.000185
746    0.000171
747    0.000486
748    0.000235
749    0.000151
750    0.000212
751    0.000285
752    0.000172
753    0.000178
754    0.000162
755    0.000223
756    0.000169
757    0.000307
758    0.000387
759    0.000226
760    0.000180
761    0.000176
762    0.000157
763    0.000142
764    0.000157
765    0.000204
766    0.000255
767    0.000213
768    0.000164
769    0.000210
770    0.000136
771    0.000260
772    0.000126
773    0.000171
774    0.000196
775    0.000247
776    0.000153
777    0.000153
778    0.000191
779    0.000124
780    0.000187
781    0.000209
782    0.000389
783    0.000208
784    0.000333
785    0.000377
786    0.000218
787    0.000251
788    0.000210
789    0.000183
790    0.000320
791    0.000212
792    0.000264
793    0.000239
794    0.000253
795    0.000194
796    0.000202
797    0.000211
798    0.000223
799    0.000200
800    0.000102
801    0.000105
802    0.000104
803    0.000312
804    0.000141
805    0.000279
806    0.000198
807    0.000144
808    0.000178
809    0.000196
810    0.000098
811    0.000195
812    0.000181
813    0.000112
814    0.000184
815    0.000105
816    0.000118
817    0.000219
818    0.000429
819    0.000369
820    0.000373
821    0.000496
822    0.000203
823    0.000165
824    0.000204
825    0.000512
