  1    0.145884
  2    0.085575
  3    0.037167
  4    0.023911
  5    0.025337
  6    0.019326
  7    0.013269
  8    0.009410
  9    0.004090
 10    0.010088
 11    0.009037
 12    0.007770
 13    0.004409
 14    0.006481
 15    0.009072
 16    0.010042
 17    0.006128
 18    0.005974
 19    0.004429
 20    0.007423
 21    0.005921
 22    0.007411
 23    0.006184
 24    0.003832
 25    0.005923
 26    0.004602
 27    0.004870
 28    0.006080
 29    0.005532
 30    0.005277
 31    0.004439
 32    0.002750
 33    0.003917
 34    0.004576
 35    0.005162
 36    0.003809
 37    0.003375
 38    0.004605
 39    0.003014
 40    0.004709
 41    0.004544
 42    0.002932
 43    0.002382
 44    0.001634
 45    0.004123
 46    0.002567
 47    0.002651
 48    0.004148
 49    0.002878
 50    0.002186
 51    0.002402
 52    0.002518
 53    0.002293
 54    0.003047
 55    0.002598
 56    0.001532
 57    0.002729
 58    0.001434
 59    0.002004
 60    0.001761
 61    0.002554
 62    0.001899
 63    0.001817
 64    0.001760
 65    0.001924
 66    0.001958
 67    0.001843
 68    0.001755
 69    0.001772
 70    0.002203
 71    0.002191
 72    0.001086
 73    0.002423
 74    0.002066
 75    0.001518
 76    0.001937
 77    0.001481
 78    0.001833
 79    0.001340
 80    0.001983
 81    0.001475
 82    0.001429
 83    0.001540
 84    0.001474
 85    0.001400
 86    0.001465
 87    0.001605
 88    0.001668
 89    0.001386
 90    0.001172
 91    0.001360
 92    0.001073
 93    0.001113
 94    0.001657
 95    0.001812
 96    0.001477
 97    0.000734
 98    0.001785
 99    0.000846
100    0.001216
101    0.001432
102    0.001325
103    0.001223
104    0.001472
105    0.001568
106    0.001903
107    0.001083
108    0.000822
109    0.000932
110    0.001155
111    0.001371
112    0.000923
113    0.001397
114    0.001507
115    0.001514
116    0.002136
117    0.001052
118    0.001332
119    0.001915
120    0.001300
121    0.001630
122    0.000790
123    0.001573
124    0.001150
125    0.001530
126    0.000630
127    0.001457
128    0.001874
129    0.001367
130    0.001390
131    0.000925
132    0.001051
133    0.001002
134    0.000525
135    0.000871
136    0.000817
137    0.002131
138    0.001615
139    0.000958
140    0.000949
141    0.000781
142    0.000743
143    0.000879
144    0.001109
145    0.001549
146    0.001036
147    0.000710
148    0.001180
149    0.000634
150    0.001462
151    0.000760
152    0.002149
153    0.000828
154    0.000798
155    0.000938
156    0.000800
157    0.000584
158    0.000810
159    0.000594
160    0.000882
161    0.000705
162    0.000668
163    0.001228
164    0.000682
165    0.001383
166    0.000850
167    0.001201
168    0.001666
169    0.000974
170    0.000863
171    0.001175
172    0.000946
173    0.001068
174    0.000859
175    0.000844
176    0.001025
177    0.000760
178    0.000779
179    0.000920
180    0.000855
181    0.000686
182    0.000682
183    0.000680
184    0.000715
185    0.000761
186    0.000713
187    0.000664
188    0.001288
189    0.000923
190    0.000940
191    0.001367
192    0.000830
193    0.000495
194    0.000506
195    0.000800
196    0.000752
197    0.001148
198    0.000589
199    0.000738
200    0.000366
201    0.000556
202    0.000652
203    0.000831
204    0.000840
205    0.000866
206    0.000545
207    0.000995
208    0.000805
209    0.000713
210    0.000732
211    0.000820
212    0.000777
213    0.001131
214    0.000963
215    0.000443
216    0.000653
217    0.000786
218    0.000854
219    0.000659
220    0.000655
221    0.000761
222    0.000539
223    0.001031
224    0.000779
225    0.000624
226    0.000575
227    0.000667
228    0.000885
229    0.000797
230    0.000717
231    0.000934
232    0.000437
233    0.000780
234    0.000585
235    0.000396
236    0.000436
237    0.000587
238    0.000764
239    0.000500
240    0.000465
241    0.000493
242    0.000576
243    0.000512
244    0.000481
245    0.000872
246    0.000605
247    0.000636
248    0.000649
249    0.000832
250    0.001091
251    0.000371
252    0.000428
253    0.000663
254    0.000540
255    0.000735
256    0.000522
257    0.000875
258    0.000807
259    0.000661
260    0.000614
261    0.000720
262    0.000736
263    0.000669
264    0.000508
265    0.000889
266    0.000592
267    0.000680
268    0.000290
269    0.000423
270    0.000565
271    0.000428
272    0.000535
273    0.000547
274    0.000563
275    0.000824
276    0.000735
277    0.000562
278    0.000596
279    0.000398
280    0.000391
281    0.000896
282    0.000520
283    0.000655
284    0.000690
285    0.000218
286    0.000586
287    0.000426
288    0.000480
289    0.000564
290    0.000359
291    0.000541
292    0.000508
293    0.000673
294    0.000629
295    0.000371
296    0.000829
297    0.000370
298    0.000461
299    0.000418
300    0.000644
301    0.000464
302    0.000632
303    0.000295
304    0.000578
305    0.000539
306    0.000507
307    0.000439
308    0.000427
309    0.000622
310    0.000439
311    0.000536
312    0.000571
313    0.000477
314    0.000512
315    0.000609
316    0.000759
317    0.000574
318    0.000782
319    0.000407
320    0.000565
321    0.000346
322    0.000769
323    0.000741
324    0.000405
325    0.000674
326    0.000466
327    0.000381
328    0.000479
329    0.000429
330    0.000580
331    0.000575
332    0.000445
333    0.000344
334    0.000366
335    0.000425
336    0.000800
337    0.000662
338    0.000483
339    0.000305
340    0.000593
341    0.000683
342    0.000467
343    0.000609
344    0.000537
345    0.000401
346    0.000235
347    0.000641
348    0.000340
349    0.000357
350    0.000571
351    0.000601
352    0.000260
353    0.000567
354    0.000520
355    0.000696
356    0.000713
357    0.000333
358    0.000694
359    0.000424
360    0.000414
361    0.000422
362    0.000340
363    0.000698
364    0.000514
365    0.000333
366    0.000569
367    0.000520
368    0.000337
369    0.000430
370    0.000677
371    0.000589
372    0.000696
373    0.000543
374    0.000351
375    0.000436
376    0.000448
377    0.000431
378    0.000542
379    0.000376
380    0.000419
381    0.000294
382    0.000440
383    0.000524
384    0.000417
385    0.000421
386    0.000309
387    0.000279
388    0.000318
389    0.000365
390    0.000495
391    0.000354
392    0.000554
393    0.000391
394    0.000589
395    0.000488
396    0.000517
397    0.000451
398    0.000210
399    0.000402
400    0.000276
401    0.000355
402    0.000419
403    0.000563
404    0.000278
405    0.000544
406    0.000407
407    0.000622
408    0.000409
409    0.000191
410    0.000253
411    0.000398
412    0.000324
413    0.000150
414    0.000347
415    0.000308
416    0.000324
417    0.000355
418    0.000451
419    0.000327
420    0.000285
421    0.000366
422    0.000434
423    0.000464
424    0.000487
425    0.000576
426    0.000168
427    0.000673
428    0.000480
429    0.000510
430    0.000454
431    0.000453
432    0.000340
433    0.000354
434    0.000298
435    0.000312
436    0.000462
437    0.000335
438    0.000409
439    0.000759
440    0.000542
441    0.000516
442    0.000362
443    0.000475
444    0.000497
445    0.000529
446    0.000564
447    0.000376
448    0.000297
449    0.000551
450    0.000468
451    0.000279
452    0.000407
453    0.000430
454    0.000126
455    0.000485
456    0.000356
457    0.000358
458    0.000296
459    0.000295
460    0.000294
461    0.000412
462    0.000581
463    0.000514
464    0.000342
465    0.000439
466    0.000437
467    0.000245
468    0.000405
469    0.000333
470    0.000253
471    0.000282
472    0.000381
473    0.000337
474    0.000269
475    0.000503
476    0.000313
477    0.000357
478    0.000346
479    0.000335
480    0.000409
481    0.000314
482    0.000427
483    0.000328
484    0.000124
485    0.000278
486    0.000630
487    0.000352
488    0.000506
489    0.000244
490    0.000346
491    0.000391
492    0.000233
493    0.000287
494    0.000445
495    0.000230
496    0.000319
497    0.000343
498    0.000389
499    0.000355
500    0.000381
501    0.000294
502    0.000242
503    0.000329
504    0.000415
505    0.000375
506    0.000208
507    0.000371
508    0.000249
509    0.000425
510    0.000323
511    0.000307
512    0.000371
513    0.000196
514    0.000134
515    0.000188
516    0.000426
517    0.000269
518    0.000338
519    0.000190
520    0.000448
521    0.000443
522    0.000251
523    0.000275
524    0.000249
525    0.000237
526    0.000465
527    0.000329
528    0.000488
529    0.000182
530    0.000289
531    0.000226
532    0.000318
533    0.000250
534    0.000271
535    0.000212
536    0.000441
537    0.000241
538    0.000187
539    0.000420
540    0.000318
541    0.000344
542    0.000245
543    0.000246
544    0.000299
545    0.000641
546    0.000366
547    0.000280
548    0.000201
549    0.000378
550    0.000208
551    0.000245
552    0.000377
553    0.000317
554    0.000280
555    0.000312
556    0.000355
557    0.000416
558    0.000179
559    0.000347
560    0.000312
561    0.000335
562    0.000252
563    0.000218
564    0.000257
565    0.000220
566    0.000261
567    0.000209
568    0.000384
569    0.000185
570    0.000386
571    0.000278
572    0.000251
573    0.000344
574    0.000312
575    0.000327
576    0.000258
577    0.000288
578    0.000210
579    0.000267
580    0.000282
581    0.000177
582    0.000322
583    0.000313
584    0.000142
585    0.000278
586    0.000265
587    0.000269
588    0.000229
589    0.000250
590    0.000329
591    0.000253
592    0.000229
593    0.000219
594    0.000361
595    0.000198
596    0.000316
597    0.000199
598    0.000248
599    0.000403
600    0.000417
601    0.000298
602    0.000353
603    0.000354
604    0.000250
605    0.000235
606    0.000450
607    0.000264
608    0.000377
609    0.000218
610    0.000214
611    0.000304
612    0.000169
613    0.000284
614    0.000312
615    0.000214
616    0.000184
617    0.000169
618    0.000295
619    0.000198
620    0.000302
621    0.000340
622    0.000268
623    0.000263
624    0.000282
625    0.000202
626    0.000233
627    0.000263
628    0.000212
629    0.000315
630    0.000245
631    0.000198
632    0.000368
633    0.000412
634    0.000248
635    0.000245
636    0.000324
637    0.000319
638    0.000286
639    0.000170
640    0.000241
641    0.000149
642    0.000287
643    0.000241
644    0.000226
645    0.000242
646    0.000354
647    0.000272
648    0.000226
649    0.000352
650    0.000215
651    0.000201
652    0.000254
653    0.000336
654    0.000243
655    0.000188
656    0.000208
657    0.000203
658    0.000230
659    0.000303
660    0.000279
661    0.000264
662    0.000202
663    0.000406
664    0.000176
665    0.000328
666    0.000286
667    0.000299
668    0.000290
669    0.000369
670    0.000264
671    0.000218
672    0.000370
673    0.000300
674    0.000304
675    0.000212
676    0.000298
677    0.000245
678    0.000411
679    0.000250
680    0.000411
681    0.000339
682    0.000303
683    0.000272
684    0.000285
685    0.000240
686    0.000183
687    0.000287
688    0.000222
689    0.000302
690    0.000232
691    0.000311
692    0.000273
693    0.000222
694    0.000213
695    0.000159
696    0.000160
697    0.000271
698    0.000306
699    0.000163
700    0.000276
701    0.000366
702    0.000250
703    0.000299
704    0.000193
705    0.000257
706    0.000155
707    0.000201
708    0.000226
709    0.000131
710    0.000160
711    0.000283
712    0.000229
713    0.000206
714    0.000276
715    0.000186
716    0.000195
717    0.000148
718    0.000373
719    0.000281
720    0.000186
721    0.000317
722    0.000184
723    0.000249
724    0.000262
725    0.000289
726    0.000308
727    0.000274
728    0.000272
729    0.000210
730    0.000294
731    0.000204
732    0.000279
733    0.000296
734    0.000325
735    0.000174
736    0.000316
737    0.000307
738    0.000199
739    0.000270
740    0.000225
741    0.000218
742    0.000234
743    0.000225
744    0.000166
745    0.000229
746    0.000315
747    0.000191
748    0.000256
749    0.000231
750    0.000216
751    0.000250
752    0.000197
753    0.000154
754    0.000137
755    0.000201
756    0.000190
757    0.000186
758    0.000222
759    0.000220
760    0.000151
761    0.000162
762    0.000273
763    0.000202
764    0.000239
765    0.000148
766    0.000163
767    0.000241
768    0.000125
769    0.000128
770    0.000189
771    0.000213
772    0.000210
773    0.000204
774    0.000144
775    0.000206
776    0.000147
777    0.000270
778    0.000253
779    0.000193
780    0.000244
781    0.000211
782    0.000299
783    0.000233
784    0.000235
785    0.000264
786    0.000168
787    0.000207
788    0.000263
789    0.000239
790    0.000225
791    0.000236
792    0.000262
793    0.000162
794    0.000162
795    0.000250
796    0.000284
797    0.000137
798    0.000321
799    0.000105
800    0.000157
801    0.000153
802    0.000219
803    0.000217
804    0.000230
805    0.000070
806    0.000185
807    0.000122
808    0.000279
809    0.000097
810    0.000355
811    0.000241
812    0.000322
813    0.000161
814    0.000297
815    0.000107
816    0.000175
817    0.000111
818    0.000195
819    0.000229
820    0.000499
821    0.000268
822    0.000362
823    0.000314
824    0.000100
825    0.000489
