  1    0.153257
  2    0.081705
  3    0.032684
  4    0.031284
  5    0.018818
  6    0.020176
  7    0.013659
  8    0.005524
  9    0.012096
 10    0.011919
 11    0.006052
 12    0.004590
 13    0.004072
 14    0.007016
 15    0.006206
 16    0.008183
 17    0.008474
 18    0.010780
 19    0.004382
 20    0.004823
 21    0.005043
 22    0.005456
 23    0.005619
 24    0.007394
 25    0.007050
 26    0.003332
 27    0.003857
 28    0.004394
 29    0.005297
 30    0.003725
 31    0.003823
 32    0.002481
 33    0.005160
 34    0.003600
 35    0.005591
 36    0.004692
 37    0.002732
 38    0.006798
 39    0.002021
 40    0.003684
 41    0.003457
 42    0.003291
 43    0.002051
 44    0.004255
 45    0.001988
 46    0.002262
 47    0.003638
 48    0.003732
 49    0.002404
 50    0.003078
 51    0.002544
 52    0.002798
 53    0.002601
 54    0.002103
 55    0.001011
 56    0.001857
 57    0.002795
 58    0.001505
 59    0.001682
 60    0.002807
 61    0.001546
 62    0.001569
 63    0.001145
 64    0.001841
 65    0.002186
 66    0.001302
 67    0.001351
 68    0.002336
 69    0.001433
 70    0.001639
 71    0.001000
 72    0.001133
 73    0.001919
 74    0.001499
 75    0.001826
 76    0.001757
 77    0.001553
 78    0.001781
 79    0.002504
 80    0.001409
 81    0.001851
 82    0.001323
 83    0.001804
 84    0.001858
 85    0.001780
 86    0.001250
 87    0.001711
 88    0.001728
 89    0.001350
 90    0.001889
 91    0.001305
 92    0.001460
 93    0.001326
 94    0.001823
 95    0.001382
 96    0.001029
 97    0.001151
 98    0.000867
 99    0.000995
100    0.001427
101    0.000875
102    0.001864
103    0.000767
104    0.000889
105    0.000757
106    0.001531
107    0.001358
108    0.000760
109    0.001626
110    0.001599
111    0.001409
112    0.001106
113    0.001308
114    0.000904
115    0.000963
116    0.001106
117    0.001024
118    0.001173
119    0.001188
120    0.000793
121    0.001708
122    0.001407
123    0.001144
124    0.000989
125    0.000879
126    0.001529
127    0.001276
128    0.001254
129    0.002622
130    0.002252
131    0.000951
132    0.001119
133    0.000832
134    0.000769
135    0.001105
136    0.001167
137    0.000604
138    0.001493
139    0.001167
140    0.001137
141    0.001052
142    0.001480
143    0.000887
144    0.001183
145    0.001093
146    0.001056
147    0.000948
148    0.000849
149    0.000970
150    0.001067
151    0.000950
152    0.001241
153    0.000743
154    0.000969
155    0.001286
156    0.000954
157    0.000636
158    0.001065
159    0.000953
160    0.000994
161    0.000904
162    0.001179
163    0.000861
164    0.001305
165    0.001052
166    0.001163
167    0.000699
168    0.000961
169    0.001773
170    0.001303
171    0.000915
172    0.001152
173    0.000762
174    0.000847
175    0.001916
176    0.000902
177    0.000806
178    0.000657
179    0.000681
180    0.000817
181    0.001120
182    0.000768
183    0.001044
184    0.000965
185    0.001009
186    0.000686
187    0.000646
188    0.000923
189    0.000990
190    0.001147
191    0.000904
192    0.000744
193    0.001069
194    0.000868
195    0.000986
196    0.000848
197    0.000532
198    0.000845
199    0.000916
200    0.000768
201    0.000602
202    0.001036
203    0.000986
204    0.000992
205    0.000668
206    0.000756
207    0.001166
208    0.001020
209    0.000670
210    0.001168
211    0.001120
212    0.000784
213    0.001015
214    0.001052
215    0.000501
216    0.000757
217    0.000648
218    0.000810
219    0.000735
220    0.000905
221    0.000520
222    0.000889
223    0.000798
224    0.000750
225    0.000594
226    0.000402
227    0.000851
228    0.000713
229    0.000581
230    0.001127
231    0.000602
232    0.000522
233    0.000734
234    0.000550
235    0.001200
236    0.001214
237    0.000854
238    0.000506
239    0.000506
240    0.000641
241    0.000366
242    0.000438
243    0.000805
244    0.000812
245    0.000367
246    0.000539
247    0.000972
248    0.000443
249    0.000523
250    0.000825
251    0.000385
252    0.000603
253    0.000515
254    0.000747
255    0.000486
256    0.000830
257    0.000909
258    0.000431
259    0.000466
260    0.000721
261    0.000401
262    0.001038
263    0.000564
264    0.000608
265    0.000545
266    0.000638
267    0.000638
268    0.000858
269    0.000928
270    0.000382
271    0.000952
272    0.000464
273    0.000613
274    0.000313
275    0.000329
276    0.000856
277    0.000450
278    0.000902
279    0.000555
280    0.000708
281    0.000978
282    0.000508
283    0.000484
284    0.000876
285    0.000520
286    0.000598
287    0.000435
288    0.000478
289    0.000373
290    0.000571
291    0.000626
292    0.000384
293    0.000952
294    0.000401
295    0.000340
296    0.000410
297    0.000558
298    0.000274
299    0.000359
300    0.000440
301    0.000906
302    0.000339
303    0.000452
304    0.000526
305    0.000540
306    0.000473
307    0.000573
308    0.000576
309    0.000556
310    0.000817
311    0.000430
312    0.000415
313    0.000465
314    0.000806
315    0.000644
316    0.000679
317    0.000388
318    0.000593
319    0.000485
320    0.000315
321    0.000399
322    0.000511
323    0.000746
324    0.000397
325    0.000620
326    0.000421
327    0.000447
328    0.000435
329    0.000805
330    0.000558
331    0.000544
332    0.000617
333    0.000386
334    0.000512
335    0.000382
336    0.000416
337    0.000454
338    0.000533
339    0.000295
340    0.000520
341    0.000347
342    0.000510
343    0.000402
344    0.000692
345    0.000457
346    0.000382
347    0.000551
348    0.000346
349    0.000487
350    0.000542
351    0.000488
352    0.000460
353    0.000477
354    0.000547
355    0.000865
356    0.000381
357    0.000299
358    0.000460
359    0.000526
360    0.000546
361    0.000522
362    0.000270
363    0.000478
364    0.000428
365    0.000454
366    0.000506
367    0.000900
368    0.000542
369    0.000523
370    0.000326
371    0.000612
372    0.000739
373    0.000866
374    0.000671
375    0.000603
376    0.000382
377    0.000483
378    0.000458
379    0.000387
380    0.000353
381    0.000403
382    0.000406
383    0.000363
384    0.000419
385    0.000384
386    0.000389
387    0.000633
388    0.000463
389    0.000618
390    0.000423
391    0.000261
392    0.000548
393    0.000559
394    0.000318
395    0.000364
396    0.000482
397    0.000296
398    0.000404
399    0.000394
400    0.000450
401    0.000319
402    0.000432
403    0.000447
404    0.000355
405    0.000539
406    0.000373
407    0.000308
408    0.000435
409    0.000255
410    0.000341
411    0.000357
412    0.000490
413    0.000323
414    0.000487
415    0.000198
416    0.000729
417    0.000366
418    0.000316
419    0.000311
420    0.000515
421    0.000213
422    0.000326
423    0.000298
424    0.000300
425    0.000400
426    0.000357
427    0.000592
428    0.000387
429    0.000381
430    0.000300
431    0.000404
432    0.000353
433    0.000427
434    0.000394
435    0.000537
436    0.000241
437    0.000382
438    0.000413
439    0.000556
440    0.000489
441    0.000191
442    0.000454
443    0.000647
444    0.000174
445    0.000554
446    0.000571
447    0.000524
448    0.000556
449    0.000702
450    0.000473
451    0.000675
452    0.000536
453    0.000376
454    0.000459
455    0.000789
456    0.000448
457    0.000352
458    0.000345
459    0.000478
460    0.000321
461    0.000329
462    0.000298
463    0.000292
464    0.000266
465    0.000561
466    0.000324
467    0.000311
468    0.000292
469    0.000333
470    0.000432
471    0.000416
472    0.000305
473    0.000292
474    0.000317
475    0.000339
476    0.000387
477    0.000259
478    0.000437
479    0.000395
480    0.000256
481    0.000383
482    0.000285
483    0.000302
484    0.000276
485    0.000416
486    0.000147
487    0.000263
488    0.000412
489    0.000414
490    0.000411
491    0.000383
492    0.000271
493    0.000335
494    0.000500
495    0.000302
496    0.000219
497    0.000305
498    0.000230
499    0.000277
500    0.000281
501    0.000378
502    0.000338
503    0.000347
504    0.000238
505    0.000383
506    0.000436
507    0.000333
508    0.000447
509    0.000349
510    0.000223
511    0.000280
512    0.000488
513    0.000307
514    0.000249
515    0.000233
516    0.000418
517    0.000292
518    0.000324
519    0.000298
520    0.000278
521    0.000249
522    0.000336
523    0.000291
524    0.000302
525    0.000285
526    0.000421
527    0.000268
528    0.000540
529    0.000167
530    0.000268
531    0.000298
532    0.000486
533    0.000387
534    0.000337
535    0.000501
536    0.000288
537    0.000311
538    0.000587
539    0.000353
540    0.000238
541    0.000379
542    0.000489
543    0.000261
544    0.000390
545    0.000328
546    0.000198
547    0.000271
548    0.000340
549    0.000391
550    0.000287
551    0.000210
552    0.000336
553    0.000333
554    0.000317
555    0.000252
556    0.000278
557    0.000257
558    0.000409
559    0.000421
560    0.000253
561    0.000282
562    0.000296
563    0.000318
564    0.000172
565    0.000322
566    0.000194
567    0.000162
568    0.000261
569    0.000243
570    0.000323
571    0.000284
572    0.000247
573    0.000245
574    0.000201
575    0.000268
576    0.000248
577    0.000321
578    0.000250
579    0.000270
580    0.000382
581    0.000162
582    0.000225
583    0.000268
584    0.000258
585    0.000215
586    0.000338
587    0.000285
588    0.000223
589    0.000262
590    0.000252
591    0.000322
592    0.000290
593    0.000242
594    0.000271
595    0.000243
596    0.000183
597    0.000300
598    0.000204
599    0.000276
600    0.000318
601    0.000273
602    0.000196
603    0.000339
604    0.000251
605    0.000377
606    0.000371
607    0.000235
608    0.000170
609    0.000366
610    0.000173
611    0.000264
612    0.000310
613    0.000197
614    0.000174
615    0.000210
616    0.000167
617    0.000267
618    0.000443
619    0.000401
620    0.000225
621    0.000268
622    0.000233
623    0.000379
624    0.000254
625    0.000341
626    0.000298
627    0.000388
628    0.000327
629    0.000277
630    0.000274
631    0.000409
632    0.000336
633    0.000347
634    0.000237
635    0.000230
636    0.000180
637    0.000361
638    0.000266
639    0.000260
640    0.000310
641    0.000216
642    0.000362
643    0.000206
644    0.000278
645    0.000344
646    0.000180
647    0.000248
648    0.000250
649    0.000287
650    0.000334
651    0.000271
652    0.000222
653    0.000288
654    0.000236
655    0.000360
656    0.000350
657    0.000256
658    0.000211
659    0.000276
660    0.000224
661    0.000150
662    0.000300
663    0.000477
664    0.000254
665    0.000348
666    0.000272
667    0.000318
668    0.000365
669    0.000193
670    0.000207
671    0.000329
672    0.000275
673    0.000249
674    0.000299
675    0.000278
676    0.000300
677    0.000243
678    0.000229
679    0.000250
680    0.000308
681    0.000236
682    0.000181
683    0.000360
684    0.000359
685    0.000222
686    0.000305
687    0.000193
688    0.000277
689    0.000240
690    0.000235
691    0.000350
692    0.000240
693    0.000285
694    0.000199
695    0.000344
696    0.000190
697    0.000185
698    0.000188
699    0.000176
700    0.000213
701    0.000204
702    0.000328
703    0.000239
704    0.000173
705    0.000316
706    0.000261
707    0.000217
708    0.000249
709    0.000254
710    0.000247
711    0.000270
712    0.000220
713    0.000235
714    0.000204
715    0.000262
716    0.000213
717    0.000156
718    0.000245
719    0.000248
720    0.000260
721    0.000279
722    0.000270
723    0.000267
724    0.000210
725    0.000173
726    0.000125
727    0.000159
728    0.000245
729    0.000220
730    0.000304
731    0.000188
732    0.000362
733    0.000274
734    0.000347
735    0.000187
736    0.000333
737    0.000255
738    0.000234
739    0.000213
740    0.000190
741    0.000154
742    0.000216
743    0.000196
744    0.000358
745    0.000276
746    0.000236
747    0.000196
748    0.000313
749    0.000202
750    0.000209
751    0.000220
752    0.000249
753    0.000199
754    0.000233
755    0.000172
756    0.000154
757    0.000247
758    0.000382
759    0.000202
760    0.000186
761    0.000196
762    0.000157
763    0.000177
764    0.000085
765    0.000277
766    0.000148
767    0.000174
768    0.000077
769    0.000292
770    0.000225
771    0.000162
772    0.000176
773    0.000205
774    0.000176
775    0.000353
776    0.000176
777    0.000276
778    0.000197
779    0.000245
780    0.000119
781    0.000185
782    0.000151
783    0.000123
784    0.000289
785    0.000193
786    0.000276
787    0.000213
788    0.000208
789    0.000274
790    0.000170
791    0.000219
792    0.000209
793    0.000159
794    0.000203
795    0.000113
796    0.000159
797    0.000246
798    0.000201
799    0.000194
800    0.000081
801    0.000151
802    0.000208
803    0.000235
804    0.000146
805    0.000210
806    0.000233
807    0.000198
808    0.000164
809    0.000155
810    0.000134
811    0.000202
812    0.000354
813    0.000051
814    0.000255
815    0.000142
816    0.000104
817    0.000399
818    0.000508
819    0.000476
820    0.000289
821    0.000338
822    0.000189
823    0.000201
824    0.000058
825    0.000484
