  1    0.154710
  2    0.101949
  3    0.034240
  4    0.015417
  5    0.028735
  6    0.018533
  7    0.010778
  8    0.026502
  9    0.012683
 10    0.009991
 11    0.010465
 12    0.007091
 13    0.005793
 14    0.004937
 15    0.010449
 16    0.009617
 17    0.006495
 18    0.007498
 19    0.004520
 20    0.003746
 21    0.004664
 22    0.009240
 23    0.004428
 24    0.004423
 25    0.002833
 26    0.002911
 27    0.005332
 28    0.005383
 29    0.005008
 30    0.003574
 31    0.002541
 32    0.003500
 33    0.004685
 34    0.004757
 35    0.002217
 36    0.002852
 37    0.004771
 38    0.004533
 39    0.003408
 40    0.004163
 41    0.002628
 42    0.004185
 43    0.003268
 44    0.003553
 45    0.003173
 46    0.002373
 47    0.001880
 48    0.002900
 49    0.002740
 50    0.002464
 51    0.002768
 52    0.003235
 53    0.003091
 54    0.001773
 55    0.002449
 56    0.002143
 57    0.001709
 58    0.001051
 59    0.001820
 60    0.003155
 61    0.000988
 62    0.001256
 63    0.001348
 64    0.001554
 65    0.001645
 66    0.000965
 67    0.001536
 68    0.002731
 69    0.001355
 70    0.001823
 71    0.003126
 72    0.001005
 73    0.002511
 74    0.001812
 75    0.001788
 76    0.001006
 77    0.000834
 78    0.002469
 79    0.000879
 80    0.001582
 81    0.001362
 82    0.000925
 83    0.001687
 84    0.001178
 85    0.002293
 86    0.001531
 87    0.002062
 88    0.001185
 89    0.001185
 90    0.001861
 91    0.001724
 92    0.001241
 93    0.000994
 94    0.001472
 95    0.001201
 96    0.001452
 97    0.001252
 98    0.001479
 99    0.001609
100    0.001679
101    0.001503
102    0.001575
103    0.001173
104    0.001178
105    0.001224
106    0.001054
107    0.000924
108    0.001181
109    0.000750
110    0.001611
111    0.000910
112    0.001082
113    0.000734
114    0.000869
115    0.002028
116    0.001083
117    0.000927
118    0.001078
119    0.000767
120    0.000794
121    0.000883
122    0.000643
123    0.001081
124    0.000960
125    0.001406
126    0.001320
127    0.000829
128    0.001781
129    0.000729
130    0.001760
131    0.000815
132    0.000821
133    0.001431
134    0.000594
135    0.001130
136    0.000969
137    0.000659
138    0.000549
139    0.001022
140    0.000793
141    0.000660
142    0.001297
143    0.000995
144    0.000779
145    0.000489
146    0.000692
147    0.000891
148    0.000630
149    0.001157
150    0.000862
151    0.000839
152    0.000823
153    0.000846
154    0.000939
155    0.000571
156    0.001322
157    0.000814
158    0.000817
159    0.001540
160    0.000733
161    0.001549
162    0.001357
163    0.001001
164    0.001080
165    0.000861
166    0.000848
167    0.001541
168    0.000512
169    0.001100
170    0.001056
171    0.001732
172    0.001372
173    0.000972
174    0.000969
175    0.000599
176    0.000819
177    0.000808
178    0.000922
179    0.001070
180    0.000942
181    0.001065
182    0.000898
183    0.000901
184    0.001010
185    0.000611
186    0.000927
187    0.000804
188    0.000919
189    0.000762
190    0.000629
191    0.000673
192    0.000748
193    0.000624
194    0.000841
195    0.000680
196    0.000649
197    0.000733
198    0.000623
199    0.000841
200    0.000737
201    0.000858
202    0.000969
203    0.000627
204    0.000751
205    0.000743
206    0.000984
207    0.000588
208    0.001030
209    0.000796
210    0.000927
211    0.000609
212    0.000650
213    0.000629
214    0.000762
215    0.000625
216    0.000510
217    0.000433
218    0.000692
219    0.000506
220    0.000662
221    0.000804
222    0.000933
223    0.000702
224    0.000732
225    0.000714
226    0.000579
227    0.000934
228    0.000641
229    0.000537
230    0.000614
231    0.000678
232    0.000542
233    0.000690
234    0.000311
235    0.000575
236    0.000853
237    0.000945
238    0.000696
239    0.000680
240    0.000939
241    0.000441
242    0.000427
243    0.000461
244    0.000531
245    0.000620
246    0.000671
247    0.000629
248    0.000515
249    0.000588
250    0.001142
251    0.000713
252    0.000371
253    0.000402
254    0.001078
255    0.000332
256    0.000483
257    0.000624
258    0.000979
259    0.000483
260    0.000442
261    0.000616
262    0.000780
263    0.000459
264    0.000671
265    0.000788
266    0.000931
267    0.000376
268    0.000257
269    0.000836
270    0.000562
271    0.000677
272    0.000522
273    0.000723
274    0.000398
275    0.000897
276    0.000444
277    0.000840
278    0.000722
279    0.000571
280    0.000454
281    0.000631
282    0.000829
283    0.000701
284    0.000628
285    0.000900
286    0.000619
287    0.000497
288    0.000484
289    0.000406
290    0.000592
291    0.000414
292    0.000838
293    0.000769
294    0.000583
295    0.000548
296    0.000444
297    0.000605
298    0.000643
299    0.000571
300    0.000628
301    0.000467
302    0.000463
303    0.000552
304    0.000451
305    0.000543
306    0.000167
307    0.000274
308    0.000393
309    0.000522
310    0.000267
311    0.000614
312    0.000442
313    0.000403
314    0.000343
315    0.000458
316    0.000459
317    0.000440
318    0.000675
319    0.000371
320    0.000445
321    0.000441
322    0.000428
323    0.000590
324    0.000443
325    0.000544
326    0.000537
327    0.000317
328    0.000423
329    0.000697
330    0.000498
331    0.000537
332    0.000528
333    0.000552
334    0.000546
335    0.000408
336    0.000512
337    0.000336
338    0.000243
339    0.000222
340    0.000305
341    0.000280
342    0.000497
343    0.000463
344    0.000289
345    0.000200
346    0.000619
347    0.000570
348    0.000527
349    0.000458
350    0.000405
351    0.000531
352    0.000412
353    0.000409
354    0.000476
355    0.000341
356    0.000724
357    0.000817
358    0.000738
359    0.000510
360    0.000353
361    0.000415
362    0.000788
363    0.000588
364    0.000619
365    0.000592
366    0.000394
367    0.000480
368    0.000244
369    0.000427
370    0.000498
371    0.000434
372    0.000303
373    0.000263
374    0.000222
375    0.000319
376    0.000405
377    0.000216
378    0.000284
379    0.000484
380    0.000382
381    0.000341
382    0.000506
383    0.000433
384    0.000373
385    0.000523
386    0.000580
387    0.000545
388    0.000323
389    0.000361
390    0.000494
391    0.000468
392    0.000666
393    0.000502
394    0.000314
395    0.000291
396    0.000316
397    0.000391
398    0.000579
399    0.000367
400    0.000199
401    0.000424
402    0.000292
403    0.000328
404    0.000537
405    0.000393
406    0.000352
407    0.000369
408    0.000406
409    0.000238
410    0.000392
411    0.000346
412    0.000253
413    0.000333
414    0.000355
415    0.000268
416    0.000285
417    0.000267
418    0.000341
419    0.000336
420    0.000326
421    0.000199
422    0.000230
423    0.000243
424    0.000338
425    0.000265
426    0.000287
427    0.000239
428    0.000432
429    0.000354
430    0.000233
431    0.000283
432    0.000563
433    0.000438
434    0.000320
435    0.000354
436    0.000763
437    0.000380
438    0.000396
439    0.000365
440    0.000361
441    0.000243
442    0.000390
443    0.000422
444    0.000868
445    0.000336
446    0.000632
447    0.000396
448    0.000260
449    0.000677
450    0.000341
451    0.000278
452    0.000267
453    0.000466
454    0.000265
455    0.000247
456    0.000262
457    0.000368
458    0.000353
459    0.000473
460    0.000300
461    0.000297
462    0.000217
463    0.000300
464    0.000337
465    0.000348
466    0.000397
467    0.000407
468    0.000519
469    0.000274
470    0.000384
471    0.000332
472    0.000420
473    0.000462
474    0.000435
475    0.000202
476    0.000339
477    0.000378
478    0.000311
479    0.000194
480    0.000366
481    0.000375
482    0.000358
483    0.000238
484    0.000307
485    0.000263
486    0.000349
487    0.000354
488    0.000220
489    0.000321
490    0.000306
491    0.000311
492    0.000386
493    0.000309
494    0.000313
495    0.000213
496    0.000249
497    0.000308
498    0.000288
499    0.000209
500    0.000256
501    0.000271
502    0.000283
503    0.000266
504    0.000216
505    0.000148
506    0.000313
507    0.000475
508    0.000362
509    0.000386
510    0.000429
511    0.000249
512    0.000212
513    0.000233
514    0.000334
515    0.000293
516    0.000221
517    0.000163
518    0.000296
519    0.000265
520    0.000422
521    0.000223
522    0.000356
523    0.000281
524    0.000299
525    0.000204
526    0.000243
527    0.000359
528    0.000146
529    0.000518
530    0.000399
531    0.000214
532    0.000351
533    0.000323
534    0.000342
535    0.000318
536    0.000218
537    0.000234
538    0.000283
539    0.000156
540    0.000199
541    0.000395
542    0.000350
543    0.000247
544    0.000265
545    0.000213
546    0.000312
547    0.000199
548    0.000166
549    0.000277
550    0.000249
551    0.000312
552    0.000299
553    0.000182
554    0.000255
555    0.000179
556    0.000228
557    0.000262
558    0.000315
559    0.000356
560    0.000160
561    0.000244
562    0.000227
563    0.000179
564    0.000261
565    0.000235
566    0.000282
567    0.000313
568    0.000307
569    0.000192
570    0.000260
571    0.000214
572    0.000348
573    0.000393
574    0.000282
575    0.000295
576    0.000202
577    0.000198
578    0.000353
579    0.000187
580    0.000296
581    0.000245
582    0.000234
583    0.000278
584    0.000256
585    0.000295
586    0.000229
587    0.000226
588    0.000287
589    0.000146
590    0.000244
591    0.000319
592    0.000247
593    0.000225
594    0.000354
595    0.000167
596    0.000241
597    0.000241
598    0.000336
599    0.000259
600    0.000177
601    0.000247
602    0.000206
603    0.000160
604    0.000273
605    0.000188
606    0.000198
607    0.000257
608    0.000234
609    0.000247
610    0.000168
611    0.000224
612    0.000183
613    0.000177
614    0.000282
615    0.000241
616    0.000155
617    0.000241
618    0.000205
619    0.000261
620    0.000286
621    0.000174
622    0.000124
623    0.000230
624    0.000237
625    0.000211
626    0.000265
627    0.000192
628    0.000187
629    0.000235
630    0.000367
631    0.000198
632    0.000241
633    0.000166
634    0.000243
635    0.000252
636    0.000213
637    0.000284
638    0.000351
639    0.000280
640    0.000322
641    0.000202
642    0.000305
643    0.000301
644    0.000373
645    0.000209
646    0.000323
647    0.000260
648    0.000164
649    0.000276
650    0.000256
651    0.000277
652    0.000148
653    0.000224
654    0.000294
655    0.000246
656    0.000253
657    0.000169
658    0.000254
659    0.000260
660    0.000376
661    0.000311
662    0.000277
663    0.000293
664    0.000199
665    0.000211
666    0.000217
667    0.000294
668    0.000250
669    0.000200
670    0.000441
671    0.000258
672    0.000181
673    0.000196
674    0.000331
675    0.000288
676    0.000186
677    0.000212
678    0.000246
679    0.000268
680    0.000338
681    0.000207
682    0.000220
683    0.000267
684    0.000197
685    0.000167
686    0.000260
687    0.000333
688    0.000225
689    0.000205
690    0.000246
691    0.000207
692    0.000179
693    0.000169
694    0.000208
695    0.000230
696    0.000202
697    0.000228
698    0.000125
699    0.000192
700    0.000247
701    0.000193
702    0.000148
703    0.000186
704    0.000309
705    0.000270
706    0.000261
707    0.000243
708    0.000222
709    0.000120
710    0.000209
711    0.000236
712    0.000349
713    0.000145
714    0.000171
715    0.000157
716    0.000102
717    0.000142
718    0.000270
719    0.000121
720    0.000141
721    0.000153
722    0.000159
723    0.000257
724    0.000117
725    0.000119
726    0.000180
727    0.000263
728    0.000167
729    0.000238
730    0.000190
731    0.000166
732    0.000327
733    0.000204
734    0.000205
735    0.000227
736    0.000281
737    0.000187
738    0.000226
739    0.000200
740    0.000271
741    0.000152
742    0.000220
743    0.000237
744    0.000148
745    0.000196
746    0.000289
747    0.000321
748    0.000203
749    0.000176
750    0.000159
751    0.000208
752    0.000253
753    0.000193
754    0.000165
755    0.000197
756    0.000174
757    0.000200
758    0.000141
759    0.000165
760    0.000155
761    0.000181
762    0.000080
763    0.000097
764    0.000163
765    0.000251
766    0.000219
767    0.000173
768    0.000184
769    0.000191
770    0.000199
771    0.000258
772    0.000232
773    0.000249
774    0.000204
775    0.000204
776    0.000263
777    0.000174
778    0.000194
779    0.000147
780    0.000253
781    0.000140
782    0.000103
783    0.000160
784    0.000248
785    0.000094
786    0.000187
787    0.000334
788    0.000209
789    0.000228
790    0.000186
791    0.000134
792    0.000119
793    0.000213
794    0.000179
795    0.000147
796    0.000212
797    0.000135
798    0.000123
799    0.000143
800    0.000152
801    0.000070
802    0.000195
803    0.000205
804    0.000173
805    0.000253
806    0.000254
807    0.000136
808    0.000165
809    0.000217
810    0.000044
811    0.000237
812    0.000224
813    0.000069
814    0.000165
815    0.000136
816    0.000258
817    0.000050
818    0.000234
819    0.000034
820    0.000385
821    0.000510
822    0.000183
823    0.000304
824    0.000187
825    0.000346
