Frame	Volume
1	1216.53
2	1106.51
3	1104.49
4	1184.88
5	1223.12
6	1015.71
7	1189.1
8	1062.72
9	1105.92
10	1120.72
11	1111.44
12	1108.88
13	1072.52
14	1183.39
15	1155.68
16	1124.18
17	1184.98
18	1040.46
19	1090.64
20	1121.8
21	1104.72
22	1164.32
23	1130.31
24	1167.04
25	1109.74
26	1151.29
27	1132.78
28	1155.43
29	1064.01
30	1115.93
31	1127.34
32	1141.1
33	1112.73
34	1084.48
35	1134.86
36	1152.47
37	1107.24
38	1073.76
39	1051.39
40	1134.75
41	1101.83
42	1109.24
43	1130.32
44	1094.72
45	1140.89
46	1115.01
47	1012.21
48	1132.64
49	1183.31
50	1074.74
51	1109.86
52	1068.9
53	1136.56
54	1149.96
55	1135.09
56	1137.99
57	1101.15
58	1132
59	1112.93
60	1095.06
61	1119.15
62	1095.42
63	1081.86
64	1069.75
65	1105.21
66	1109.55
67	1110.04
68	1106.25
69	1104.94
70	1038.19
71	1071.76
72	1121.65
73	1162.02
74	1152.01
75	1043.64
76	1049.27
77	1050.64
78	1099.44
79	1061.92
80	1135.04
81	1146.77
82	1093.4
83	1171.33
84	1044.71
85	1116.85
86	1141.41
87	1116.3
88	1131.97
89	1128.77
90	1120.26
91	1043.79
92	1198.12
93	1089.5
94	1154.64
95	1073.31
96	1059.59
97	1168.59
98	1032.61
99	1072.5
100	1140.06
101	1116.03
102	1190.53
103	1121.65
104	1135.22
105	1068.11
106	1124.88
107	1191.62
108	1093.54
109	1040.68
110	1208.03
111	1057.62
112	1082.43
113	1123.65
114	1108.66
115	1052.35
116	1033.83
117	1110.03
118	1201.62
119	1238.68
120	1207.53
121	1145.01
122	1104.64
123	1071.26
124	1239.56
125	1017.31
126	1210.86
127	1258.57
128	1120.71
129	1091.36
130	1090.61
131	1110.07
132	1207.03
133	1092.28
134	1048.36
135	1141.54
136	1027.54
137	1063.61
138	1066.06
139	1141.99
140	1122.1
141	1168.71
142	1101.52
143	1134.35
144	1169.18
145	1209.66
146	1190.58
147	1169.18
148	1237.49
149	1145.84
150	1237.53
151	1112.57
152	1051.62
153	1020.99
154	1082.74
155	1166.97
156	1076.93
157	1042.69
158	1046
159	1160.95
160	1105.24
161	1188.7
162	992.05
163	1076.17
164	1090.44
165	1136.74
166	1108.71
167	1161.83
168	1135.75
169	1222.37
170	1220.3
171	1114.03
172	1182.73
173	1118.51
174	1061.09
175	1086.49
176	1117.17
177	1096.58
178	1135.44
179	1188.18
180	1156.23
181	1108.94
182	1170.33
183	1108.89
184	1173.46
185	1096.44
186	1095.79
187	1179.58
188	1155.38
189	1096.98
190	1060.45
191	1134.1
192	1151.15
193	1128.05
194	1061.18
195	1084.55
196	1106.52
197	1062.02
198	1250.37
199	1118.35
200	1076.13
201	1072.04
202	1142.52
203	1010.3
204	1140.73
205	1178.54
206	1016.15
207	1098.57
208	1102.64
209	1064.27
210	1112.57
211	980.524
212	1091.91
213	1097.23
214	1115.25
215	1232.67
216	1085.78
217	1105.59
218	1016.61
219	1138.15
220	1197.98
221	1170.72
222	1051.22
223	1140.18
224	1243.62
225	1040.04
226	1116.39
227	1084.97
228	1164.37
229	1132.96
230	1157.06
231	1068.46
232	1046.5
233	1082.67
234	1071.52
235	1054.62
236	1120.37
237	1096.76
238	1211.64
239	1178.77
240	1110.23
241	1119.63
242	1031.18
243	1121.09
244	1052.01
245	1149.67
246	1032.34
247	1159
248	1144.58
249	1081.57
250	1037.21
251	925.751
252	1112.99
253	1155.19
254	992.326
255	1069.06
256	1082.99
257	1143.42
258	1151.64
259	1110.53
260	1113.74
261	1106.3
262	1037.93
263	1130.16
264	1074.85
265	1216.32
266	1141.72
267	1121.16
268	1124.21
269	1138.93
270	1017.01
271	1187.83
272	1060.54
273	1244.36
274	1165.96
275	1055.46
276	1134.52
277	1095.37
278	1107.47
279	1214
280	1148.71
281	1015.47
282	1039.7
283	1185.43
284	1201.44
285	1075.97
286	1192.34
287	1044.06
288	1169.32
289	1107.4
290	1172.44
291	1015.56
292	1007.13
293	1075.87
294	1060.11
295	1070.35
296	1196.01
297	1127.82
298	1105.16
299	1082.15
300	1073.62
301	1202.88
302	1115.92
303	1191.36
304	1173.4
305	1147.42
306	1077.89
307	1102.83
308	1151.18
309	1113.14
310	955.628
311	1155.93
312	1128.87
313	1060
314	1149.52
315	1103.46
316	1107.13
317	1133.01
318	1127.01
319	1077.63
320	1137.26
321	1148.04
322	1148.13
323	1171.15
324	1076.89
325	1093.29
326	1075
327	1011.02
328	1081.05
329	1067.17
330	1039.94
331	1047.79
332	1091.51
333	1077.89
334	996.843
335	1006.06
336	1161.5
337	1030.88
338	1058.43
339	1167.68
340	1179.06
341	1170.92
342	1174.62
343	1068.66
344	1206.48
345	1141.82
346	1051.03
347	990.329
348	1135.45
349	1167.01
350	1065.53
351	1096.61
352	1185.99
353	1068.48
354	1104.12
355	1180.52
356	1113.08
357	1093.82
358	1136.92
359	1101.07
360	1211.28
361	1220.66
362	1071.08
363	1034.14
364	980.407
365	1087
366	1096.32
367	1133.63
368	1019.04
369	1153.18
370	1207.85
371	1213.21
372	1148.95
373	1165.56
374	1061.28
375	1067.15
376	1066.32
377	1160.25
378	1074.66
379	1118.77
380	1249.13
381	1103.95
382	1063.19
383	1084.43
384	1098.37
385	1118.61
386	1112.01
387	1116.73
388	1158.32
389	1110.92
390	1199.23
391	1120.67
392	1135.88
393	1074.28
394	1102.77
395	1157.89
396	1046.32
397	1105.19
398	1053.5
399	1133.15
400	1113.64
401	1174.2
402	1187.31
403	1137.57
404	1173.74
405	1197.02
406	1138.06
407	1092.71
408	1191.92
409	1093.95
410	1178.54
411	1152.3
412	1105.35
413	1239.26
414	1119.12
415	1201.22
416	1079.28
417	1167.02
418	1134.73
419	1030.23
420	1026.08
421	1131.79
422	1273.42
423	1263.84
424	1106.59
425	1169.57
426	1127.29
427	1100.28
428	1118.04
429	1073.7
430	1144.77
431	1103.31
432	1105.29
433	1165.76
434	1170.88
435	1142.8
436	1184.51
437	1125.55
438	1121.86
439	1207.34
440	1090.74
441	1197.68
442	1180.11
443	1099.89
444	1142.22
445	1097.95
446	1120.53
447	1057.91
448	1151.89
449	1090.99
450	1154.48
451	1146.67
452	1125.32
453	1134.62
454	1116.94
455	1094.94
456	1085.22
457	1150.02
458	1082.14
459	1205.39
460	1060.08
461	1112.81
462	1144.39
463	1240.24
464	1084.58
465	1228.23
466	1117.92
467	1077.33
468	1200.73
469	1198.79
470	1092.52
471	1118.48
472	1094.95
473	1169.53
474	1105.18
475	1097.91
476	1187.02
477	1190.79
478	1100.14
479	1096.62
480	1061.96
481	1056.75
482	1177.78
483	1075.59
484	1062.73
485	1145.96
486	1074.66
487	1121.59
488	1072.19
489	1135.94
490	1147.47
491	1132.94
492	1123.56
493	977.179
494	1055.96
495	1111.01
496	1182.8
497	1172.27
498	1122.93
499	1220.5
500	1042.47
501	1071.78
502	1123.1
503	1132.33
504	1138.63
505	1042.92
506	1166.42
507	1026.96
508	1184.5
509	1063.28
510	1107.77
511	1106.95
512	1127.56
513	1071.34
514	1149.72
515	1044.34
516	1074.24
517	1102.21
518	1141.6
519	1091.59
520	1217.61
521	1105.51
522	1105.23
523	1087.33
524	1097.62
525	1092.19
526	1119.98
527	1118.38
528	1165.72
529	1100.99
530	1167.62
531	1173.95
532	1168.55
533	1199.09
534	1142.21
535	1096.46
536	1090.46
537	1109.84
538	1146.54
539	1118.08
540	1109.67
541	1137.89
542	1108.12
543	1094.25
544	1136.86
545	1112.4
546	1107.37
547	1096.09
548	1143.87
549	1131.02
550	1098.48
551	1162.17
552	1129.93
553	1063.5
554	1088.51
555	1121.71
556	1164.84
557	1120.24
558	1153.74
559	1152.58
560	1174.12
561	1079.84
562	1168.72
563	1105.19
564	1149.65
565	1170
566	1176.96
567	1103.99
568	1163.17
569	1132.13
570	1073.28
571	1121.81
572	1059.22
573	1080.82
574	1084.51
575	1156.78
576	1141.97
577	1099.57
578	1056.53
579	1143.48
580	1043.35
581	1156.29
582	1157.82
583	1140.16
584	1128.81
585	1220.17
586	1116.76
587	1099.83
588	1163.65
589	1055.34
590	1143.78
591	1047.55
592	1071.12
593	1071.4
594	1154.89
595	1149.81
596	1097.8
597	1158.66
598	1143.5
599	1053.21
600	1098.73
601	1135.05
602	1136
603	1059.33
604	1105
605	1073.98
606	1067.42
607	1109.01
608	1093.96
609	1183.08
610	1047.26
611	1085.16
612	1119.29
613	1152.73
614	1129.47
615	1115.61
616	1151.93
617	1114.75
618	1104.13
619	1153.96
620	1096.39
621	1089.32
622	1109.48
623	1129.88
624	1201.09
625	1114.77
626	1105.77
627	1117.96
628	1137.13
629	1111.1
630	1088.17
631	1101.15
632	1114.78
633	1142.09
634	1055.43
635	1110.25
636	1080.46
637	1147.9
638	1153.75
639	1162.12
640	1148.4
641	1135.27
642	1052.52
643	1135.22
644	1135.26
645	1118.26
646	1124.43
647	1132.26
648	1101.02
649	1067.65
650	1170.47
651	1130.21
652	1160.58
653	1136.84
654	1105.85
655	1040.17
656	1122.74
657	1124.08
658	1163.8
659	1090.51
660	1123.63
661	1113.52
662	1155.09
663	1087.02
664	1135.24
665	1063.85
666	1100.17
667	1112.1
668	1035.14
669	1172.69
670	1098.96
671	1101.01
672	1128.58
673	1134.14
674	1078.07
675	1104.37
676	1101.64
677	1057.14
678	1080.78
679	1131.1
680	1121.77
681	1116.21
682	1213.69
683	1112.38
684	1104.03
685	1113.17
686	1128.87
687	1190.85
688	1094.61
689	1174.19
690	1127.71
691	1097.81
692	1137.1
693	1090.26
694	1118.74
695	1107.55
696	1127.57
697	1085.98
698	1145.82
699	1154.2
700	1118.37
701	1096.63
702	1117.46
703	1100.1
704	1188.56
705	1169.59
706	1153.58
707	1116.66
708	1146.73
709	1106.04
710	1070.66
711	1138.18
712	1126.77
713	1125.12
714	1093.02
715	1132.84
716	1171.09
717	1146.38
718	1088.12
719	1128.44
720	1106.37
721	1113.14
722	1226.63
723	1106.24
724	1121.24
725	1091.86
726	1112.19
727	1082.72
728	1108.34
729	1083.78
730	1106.27
731	1108.35
732	1139.86
733	1128.19
734	1117.26
735	1160.86
736	1130.99
737	1125.85
738	1105.42
739	1107.73
740	1157.37
741	1113.63
742	1141.29
743	1088.14
744	1136.84
745	1124.67
746	1115.85
747	1096.07
748	1113.6
749	1136.75
750	1182.97
751	1160.12
752	1084.37
753	1086.14
754	1072.26
755	1111.95
756	1065.82
757	1114.34
758	1010.43
759	1136.8
760	1217.21
761	1073.16
762	1140.97
763	1084.35
764	1106.36
765	1100.51
766	1115.97
767	1122.94
768	1103.74
769	1103.44
770	1114.76
771	1092
772	1136.97
773	1183.85
774	1065.52
775	1140.73
776	1140.94
777	1045.94
778	1032.23
779	1184.07
780	1066.63
781	1117.66
782	1128.35
783	1114.12
784	1094.89
785	1106.56
786	1116.99
787	1103.83
788	1119.82
789	1079.94
790	1141.3
791	1129
792	1097.69
793	1123.76
794	1116.14
795	1072.61
796	1106.15
797	1145.22
798	1131.3
799	1118.68
800	1140.68
801	1120.99
802	1094.81
803	1173.11
804	1052.8
805	1099.96
806	1094.99
807	1129.13
808	1060.05
809	1129.9
810	1153.33
811	1126.69
812	1096.49
813	1101.74
814	1147.66
815	1045.26
816	1104.96
817	1091.68
818	1088.66
819	1097.19
820	1025.17
821	1064.14
822	1130.31
823	1113.39
824	1078.83
825	999.098
