  1    0.110589
  2    0.058980
  3    0.030349
  4    0.023593
  5    0.028093
  6    0.051330
  7    0.017233
  8    0.006436
  9    0.013803
 10    0.015365
 11    0.011050
 12    0.012411
 13    0.008819
 14    0.008590
 15    0.008084
 16    0.001890
 17    0.006873
 18    0.007202
 19    0.004773
 20    0.002598
 21    0.005281
 22    0.004181
 23    0.003527
 24    0.005734
 25    0.007327
 26    0.005467
 27    0.003596
 28    0.005403
 29    0.009127
 30    0.005235
 31    0.003058
 32    0.005334
 33    0.003836
 34    0.005279
 35    0.003922
 36    0.005474
 37    0.003750
 38    0.003201
 39    0.003208
 40    0.004673
 41    0.003947
 42    0.004037
 43    0.002451
 44    0.002536
 45    0.004258
 46    0.001441
 47    0.003558
 48    0.002534
 49    0.002295
 50    0.002634
 51    0.002648
 52    0.001613
 53    0.001756
 54    0.003193
 55    0.002804
 56    0.002754
 57    0.002849
 58    0.001520
 59    0.000851
 60    0.001496
 61    0.002312
 62    0.001859
 63    0.002470
 64    0.001779
 65    0.001559
 66    0.001412
 67    0.000789
 68    0.002001
 69    0.002061
 70    0.002609
 71    0.002112
 72    0.001289
 73    0.002005
 74    0.003047
 75    0.000963
 76    0.001846
 77    0.001423
 78    0.001003
 79    0.002245
 80    0.000644
 81    0.001737
 82    0.001475
 83    0.001838
 84    0.001203
 85    0.001617
 86    0.002345
 87    0.001178
 88    0.001097
 89    0.003881
 90    0.001339
 91    0.001214
 92    0.002938
 93    0.001887
 94    0.002373
 95    0.002641
 96    0.001847
 97    0.002629
 98    0.001725
 99    0.001607
100    0.001392
101    0.001674
102    0.000987
103    0.001648
104    0.002977
105    0.000971
106    0.000947
107    0.000743
108    0.001454
109    0.001127
110    0.001724
111    0.001750
112    0.001843
113    0.001885
114    0.001237
115    0.001432
116    0.000919
117    0.001021
118    0.000832
119    0.001244
120    0.001831
121    0.001697
122    0.001826
123    0.000721
124    0.001237
125    0.001865
126    0.002405
127    0.001117
128    0.001161
129    0.002562
130    0.001147
131    0.001864
132    0.000930
133    0.000978
134    0.001289
135    0.000557
136    0.000608
137    0.001912
138    0.001036
139    0.001140
140    0.000587
141    0.001863
142    0.000760
143    0.000844
144    0.000579
145    0.001135
146    0.001228
147    0.000677
148    0.001294
149    0.000743
150    0.001485
151    0.000463
152    0.000657
153    0.002113
154    0.001416
155    0.000562
156    0.001353
157    0.001631
158    0.000650
159    0.001951
160    0.000830
161    0.000468
162    0.001166
163    0.001034
164    0.000900
165    0.000469
166    0.000771
167    0.000864
168    0.001076
169    0.000972
170    0.000515
171    0.000728
172    0.000491
173    0.001020
174    0.000650
175    0.000953
176    0.000949
177    0.000550
178    0.000603
179    0.000433
180    0.000686
181    0.001699
182    0.000463
183    0.001608
184    0.000857
185    0.000817
186    0.000367
187    0.000646
188    0.000633
189    0.000326
190    0.000679
191    0.000362
192    0.001240
193    0.000872
194    0.000456
195    0.000718
196    0.000739
197    0.001510
198    0.000910
199    0.001359
200    0.000510
201    0.000910
202    0.000591
203    0.000484
204    0.000772
205    0.000428
206    0.000656
207    0.000718
208    0.000714
209    0.000491
210    0.000469
211    0.000642
212    0.000728
213    0.000279
214    0.000797
215    0.000581
216    0.000278
217    0.000887
218    0.000343
219    0.000756
220    0.000553
221    0.001186
222    0.000754
223    0.000629
224    0.000981
225    0.000561
226    0.000704
227    0.001167
228    0.000570
229    0.000441
230    0.000750
231    0.000826
232    0.001111
233    0.000553
234    0.000994
235    0.000695
236    0.000639
237    0.000591
238    0.000468
239    0.000855
240    0.001007
241    0.000546
242    0.001107
243    0.000495
244    0.000669
245    0.000519
246    0.000520
247    0.001296
248    0.000877
249    0.000983
250    0.000929
251    0.000403
252    0.000674
253    0.000696
254    0.000718
255    0.000638
256    0.000943
257    0.000488
258    0.000726
259    0.000520
260    0.000585
261    0.000416
262    0.000259
263    0.000430
264    0.000560
265    0.000304
266    0.000309
267    0.000323
268    0.000615
269    0.000414
270    0.000617
271    0.000706
272    0.000695
273    0.000956
274    0.000736
275    0.000678
276    0.000290
277    0.000490
278    0.000503
279    0.000655
280    0.000363
281    0.000513
282    0.000655
283    0.000223
284    0.000517
285    0.000483
286    0.000607
287    0.000711
288    0.000649
289    0.000207
290    0.000805
291    0.000272
292    0.000621
293    0.000577
294    0.000548
295    0.000361
296    0.000375
297    0.000627
298    0.000645
299    0.000368
300    0.000458
301    0.000866
302    0.000351
303    0.000920
304    0.000288
305    0.000299
306    0.000420
307    0.000390
308    0.000606
309    0.000540
310    0.000412
311    0.000745
312    0.000756
313    0.000411
314    0.000497
315    0.000415
316    0.000364
317    0.000318
318    0.000324
319    0.000471
320    0.000217
321    0.000420
322    0.000321
323    0.000624
324    0.000212
325    0.001054
326    0.000523
327    0.000550
328    0.000545
329    0.000818
330    0.000474
331    0.000469
332    0.000481
333    0.000614
334    0.000232
335    0.000514
336    0.000645
337    0.000780
338    0.000693
339    0.000728
340    0.000306
341    0.000463
342    0.000660
343    0.000536
344    0.000659
345    0.000314
346    0.000535
347    0.000530
348    0.000524
349    0.000368
350    0.000634
351    0.000329
352    0.000455
353    0.000509
354    0.000549
355    0.000499
356    0.000425
357    0.000627
358    0.000319
359    0.000473
360    0.000722
361    0.000414
362    0.000541
363    0.000450
364    0.000465
365    0.000574
366    0.000607
367    0.000899
368    0.000723
369    0.000522
370    0.000591
371    0.000505
372    0.000626
373    0.000523
374    0.000733
375    0.000330
376    0.000512
377    0.000874
378    0.001008
379    0.000319
380    0.000540
381    0.000897
382    0.000783
383    0.000238
384    0.000249
385    0.000528
386    0.000276
387    0.000274
388    0.000548
389    0.000378
390    0.001048
391    0.001076
392    0.000555
393    0.000738
394    0.000921
395    0.001139
396    0.000410
397    0.000437
398    0.000406
399    0.000484
400    0.000619
401    0.000609
402    0.000755
403    0.000391
404    0.000266
405    0.000418
406    0.000474
407    0.000535
408    0.000375
409    0.000418
410    0.000397
411    0.000407
412    0.000216
413    0.000509
414    0.000444
415    0.000362
416    0.000848
417    0.000619
418    0.000465
419    0.000544
420    0.000431
421    0.000527
422    0.000418
423    0.000492
424    0.000638
425    0.000833
426    0.000331
427    0.000423
428    0.000640
429    0.000393
430    0.000186
431    0.000430
432    0.000459
433    0.000370
434    0.000241
435    0.000411
436    0.000595
437    0.000276
438    0.000228
439    0.000496
440    0.000385
441    0.000393
442    0.000448
443    0.000267
444    0.000490
445    0.000535
446    0.000344
447    0.000380
448    0.000459
449    0.000253
450    0.000434
451    0.000264
452    0.000386
453    0.000340
454    0.000709
455    0.000293
456    0.000293
457    0.000223
458    0.000292
459    0.000550
460    0.000306
461    0.000596
462    0.000288
463    0.000273
464    0.000275
465    0.000287
466    0.000291
467    0.000370
468    0.000207
469    0.000403
470    0.000759
471    0.000231
472    0.000281
473    0.000361
474    0.000312
475    0.000371
476    0.000434
477    0.000378
478    0.000296
479    0.000416
480    0.000313
481    0.000185
482    0.000224
483    0.000333
484    0.000695
485    0.000433
486    0.000269
487    0.000296
488    0.000243
489    0.000629
490    0.000285
491    0.000528
492    0.000292
493    0.000341
494    0.000277
495    0.000467
496    0.000198
497    0.000262
498    0.000201
499    0.000507
500    0.000508
501    0.000135
502    0.000847
503    0.000314
504    0.000317
505    0.000232
506    0.000422
507    0.000253
508    0.000273
509    0.000326
510    0.000431
511    0.000412
512    0.000352
513    0.000336
514    0.000290
515    0.000395
516    0.000241
517    0.000573
518    0.000492
519    0.000275
520    0.000333
521    0.000255
522    0.000305
523    0.000349
524    0.000309
525    0.000344
526    0.000346
527    0.000233
528    0.000403
529    0.000282
530    0.000281
531    0.000362
532    0.000727
533    0.000313
534    0.000100
535    0.000233
536    0.000391
537    0.000514
538    0.000206
539    0.000159
540    0.000230
541    0.000183
542    0.000240
543    0.000164
544    0.000149
545    0.000267
546    0.000136
547    0.000246
548    0.000309
549    0.000307
550    0.000215
551    0.000266
552    0.000402
553    0.000192
554    0.000368
555    0.000244
556    0.000340
557    0.000332
558    0.000452
559    0.000227
560    0.000236
561    0.000429
562    0.000258
563    0.000182
564    0.000316
565    0.000297
566    0.000275
567    0.000233
568    0.000291
569    0.000256
570    0.000278
571    0.000250
572    0.000106
573    0.000217
574    0.000316
575    0.000255
576    0.000283
577    0.000251
578    0.000175
579    0.000325
580    0.000228
581    0.000417
582    0.000378
583    0.000199
584    0.000396
585    0.000259
586    0.000126
587    0.000259
588    0.000353
589    0.000172
590    0.000448
591    0.000209
592    0.000309
593    0.000152
594    0.000279
595    0.000309
596    0.000327
597    0.000320
598    0.000182
599    0.000267
600    0.000167
601    0.000233
602    0.000475
603    0.000269
604    0.000355
605    0.000360
606    0.000260
607    0.000227
608    0.000192
609    0.000331
610    0.000314
611    0.000179
612    0.000266
613    0.000250
614    0.000345
615    0.000253
616    0.000250
617    0.000303
618    0.000510
619    0.000264
620    0.000176
621    0.000437
622    0.000171
623    0.000408
624    0.000084
625    0.000285
626    0.000410
627    0.000397
628    0.000278
629    0.000112
630    0.000195
631    0.000188
632    0.000176
633    0.000627
634    0.000181
635    0.000232
636    0.000188
637    0.000381
638    0.000172
639    0.000218
640    0.000278
641    0.000270
642    0.000438
643    0.000240
644    0.000197
645    0.000300
646    0.000159
647    0.000271
648    0.000167
649    0.000151
650    0.000163
651    0.000332
652    0.000207
653    0.000133
654    0.000265
655    0.000257
656    0.000289
657    0.000362
658    0.000467
659    0.000451
660    0.000269
661    0.000230
662    0.000331
663    0.000314
664    0.000266
665    0.000282
666    0.000125
667    0.000221
668    0.000199
669    0.000417
670    0.000155
671    0.000364
672    0.000341
673    0.000211
674    0.000297
675    0.000211
676    0.000261
677    0.000358
678    0.000365
679    0.000259
680    0.000382
681    0.000404
682    0.000496
683    0.000252
684    0.000219
685    0.000422
686    0.000123
687    0.000435
688    0.000399
689    0.000165
690    0.000447
691    0.000221
692    0.000204
693    0.000190
694    0.000144
695    0.000327
696    0.000180
697    0.000200
698    0.000213
699    0.000258
700    0.000197
701    0.000343
702    0.000225
703    0.000201
704    0.000146
705    0.000204
706    0.000238
707    0.000137
708    0.000227
709    0.000258
710    0.000245
711    0.000284
712    0.000323
713    0.000203
714    0.000218
715    0.000128
716    0.000121
717    0.000160
718    0.000243
719    0.000341
720    0.000214
721    0.000224
722    0.000283
723    0.000125
724    0.000230
725    0.000160
726    0.000205
727    0.000187
728    0.000383
729    0.000201
730    0.000203
731    0.000484
732    0.000253
733    0.000162
734    0.000206
735    0.000120
736    0.000409
737    0.000353
738    0.000250
739    0.000293
740    0.000205
741    0.000235
742    0.000216
743    0.000236
744    0.000439
745    0.000194
746    0.000139
747    0.000211
748    0.000227
749    0.000096
750    0.000165
751    0.000431
752    0.000216
753    0.000226
754    0.000050
755    0.000206
756    0.000088
757    0.000090
758    0.000218
759    0.000293
760    0.000257
761    0.000065
762    0.000110
763    0.000207
764    0.000197
765    0.000378
766    0.000140
767    0.000080
768    0.000113
769    0.000210
770    0.000046
771    0.000131
772    0.000204
773    0.000212
774    0.000187
775    0.000219
776    0.000584
777    0.000090
778    0.000126
779    0.000353
780    0.000251
781    0.000133
782    0.000105
783    0.000234
784    0.000247
785    0.000196
786    0.000356
787    0.000084
788    0.000172
789    0.000112
790    0.000126
791    0.000249
792    0.000414
793    0.000207
794    0.000281
795    0.000103
796    0.000214
797    0.000169
798    0.000236
799    0.000073
800    0.000192
801    0.000353
802    0.000276
803    0.000141
804    0.000084
805    0.000136
806    0.000190
807    0.000170
808    0.000193
809    0.000151
810    0.000139
811    0.000312
812    0.000187
813    0.000201
814    0.000342
815    0.000074
816    0.000258
817    0.000404
818    0.000099
819    0.000350
820    0.000141
821    0.000264
822    0.000239
823    0.000189
824    0.000121
825    0.000655
