Frame	Volume
1	1003.18
2	1073.9
3	1023.92
4	948.395
5	1084.04
6	988.647
7	1037.68
8	1061.64
9	1084.03
10	989.034
11	1054.24
12	1023.84
13	1029.09
14	1059.12
15	1059.26
16	1038.09
17	1075.32
18	1104.57
19	1004.52
20	960.848
21	1103.82
22	1067.39
23	1039.71
24	1103.44
25	1109.85
26	1035.02
27	1052.61
28	997.904
29	1046.84
30	1034.9
31	1019.45
32	1091.33
33	1007.22
34	1087.62
35	1040.16
36	1062.51
37	1091.35
38	1079.85
39	1031.19
40	1078.23
41	1104.83
42	1020.18
43	1046.44
44	1069.41
45	1027.94
46	1047.83
47	1095.25
48	1085.38
49	1014.77
50	1069.35
51	994.646
52	1044.67
53	1118.65
54	1075.69
55	1081.48
56	1097.75
57	1066.96
58	1059.76
59	1064.96
60	1081.92
61	1007.5
62	1051.93
63	1082.31
64	1060.56
65	1064.92
66	1047.7
67	1050.4
68	1074.36
69	1057.06
70	1059.11
71	1150.72
72	999.543
73	1059.29
74	1061.18
75	1052.97
76	1078.57
77	1010.85
78	1008.03
79	1062.1
80	998.097
81	1128.35
82	1082
83	1129.79
84	1113.88
85	982.037
86	971.901
87	1079.74
88	881.049
89	1059.75
90	971.833
91	1062.35
92	1038.5
93	1002.9
94	1061.01
95	1000.24
96	1037.17
97	1058.52
98	1072.6
99	855.27
100	963.913
101	972.423
102	926.313
103	1112.33
104	1104.75
105	991.06
106	1045.17
107	1091.61
108	1024.03
109	1042.96
110	1062.44
111	1013.51
112	1007.26
113	1161.33
114	1003.68
115	1076.52
116	1084.34
117	1012.59
118	1065.22
119	988.258
120	1097.04
121	1113.14
122	966.797
123	982.045
124	1075.98
125	1096.79
126	1086.59
127	1109.27
128	998.266
129	1111.57
130	1003.3
131	1065.03
132	979.394
133	1099.52
134	1063.08
135	1030.21
136	1045.86
137	1016.57
138	1008.95
139	1003
140	1077.9
141	1110.33
142	1126.04
143	1050.33
144	980.169
145	1135.37
146	1108.57
147	1018.31
148	1101.35
149	1071.57
150	1017.32
151	1092.57
152	1065.12
153	1043.44
154	1044.14
155	1097.56
156	1028.49
157	1034.78
158	1043.95
159	1026.68
160	1006.52
161	976.544
162	991.758
163	975.458
164	1071.87
165	1026.89
166	991.052
167	1074.63
168	1041.53
169	994.395
170	1026.86
171	1108.73
172	1057.84
173	1046.46
174	1097.81
175	975.357
176	1032.04
177	1044.13
178	1016.59
179	1002.94
180	1015.54
181	1015.33
182	990.445
183	1027.2
184	1051.13
185	1074.48
186	1056.79
187	1021.94
188	952.949
189	1132.74
190	990.087
191	1051.74
192	1010.9
193	1099.03
194	1075.16
195	1085.73
196	1012.14
197	1025.69
198	1040.88
199	1088.75
200	1020.63
201	1058.01
202	1120.47
203	1061.46
204	1032.11
205	1097.32
206	1084.58
207	1123.78
208	1122.85
209	1011.54
210	995.768
211	1041.87
212	985.051
213	1065.58
214	1066.18
215	1020.85
216	1054.65
217	1060.96
218	958.789
219	1001.89
220	1063.23
221	1073.55
222	963.632
223	1036.81
224	1085.53
225	1050.22
226	1138.84
227	963.51
228	1079.76
229	951.929
230	1062.12
231	1040.42
232	970.436
233	1019.69
234	1001.35
235	981.895
236	912.033
237	1113.82
238	942.068
239	1078.44
240	1072.72
241	1087.29
242	1013.99
243	1028.54
244	994.74
245	1077.83
246	1018.98
247	1027.13
248	1023.42
249	1121.16
250	1041.38
251	1019.78
252	993.805
253	1071.29
254	1009.14
255	1009.56
256	1081.26
257	1067.35
258	971.426
259	1149.98
260	1095.09
261	1202.71
262	1015.26
263	1050.66
264	1027.12
265	1081.55
266	1100.2
267	1084.49
268	1075.93
269	1067.58
270	980.911
271	1016.53
272	1029.25
273	1021.11
274	1066.08
275	1080.93
276	985.921
277	987.482
278	1161.71
279	1023.32
280	1034.01
281	1019.6
282	1047.31
283	1106.18
284	1124.24
285	1043
286	1060.19
287	1054.41
288	1102.18
289	926.634
290	978.094
291	1104.9
292	977.416
293	1109.86
294	966.698
295	1031.99
296	1104.71
297	932.643
298	1036.03
299	984.164
300	994.228
301	1077.61
302	1087.35
303	969.899
304	1013.56
305	1001.64
306	1010.96
307	1004.24
308	1015.91
309	994.382
310	955.245
311	1082.94
312	1120.47
313	1051.42
314	988.974
315	961.812
316	1067.67
317	1020.29
318	1033.01
319	1057.41
320	1038.85
321	1017.6
322	1108.83
323	1076.27
324	1005.81
325	1031.73
326	1013.69
327	1079.82
328	1126.72
329	1045.4
330	1040.78
331	1058.96
332	1069.28
333	1069.67
334	1064.97
335	1089.87
336	965.65
337	1120.16
338	1069.85
339	1081.43
340	1002.49
341	1145.44
342	1006.88
343	1021.32
344	1047.25
345	1023.02
346	1075.48
347	1085.09
348	1038.54
349	1020.45
350	1042.31
351	1081.82
352	1088.09
353	991.702
354	1062.91
355	963.732
356	1045.54
357	1074.41
358	1021.04
359	1148.08
360	1089.88
361	1093.71
362	999.428
363	1054.2
364	1034.92
365	1116.81
366	1010.48
367	1056.91
368	1044.63
369	1073.45
370	1045.42
371	996.654
372	1010.26
373	1032.77
374	1032.74
375	1030.11
376	1001.94
377	952.644
378	1162.38
379	981.826
380	1101.19
381	1002.5
382	1005.84
383	978.087
384	1081.28
385	1059.53
386	969.318
387	1047.92
388	1033.14
389	1035.71
390	1035.9
391	1022.72
392	1123.55
393	1000.13
394	1065.66
395	1072.97
396	1001.71
397	1047.06
398	1053.08
399	1041.07
400	1040.81
401	1106.77
402	913.36
403	982.125
404	1096.56
405	1042.34
406	966.801
407	1030.02
408	1097.45
409	1091.33
410	1081.68
411	1053.35
412	1029.08
413	1046.4
414	1064.23
415	1082.04
416	1043.09
417	1048.37
418	1101.25
419	1042.55
420	1025.43
421	1064.04
422	983.774
423	983.424
424	1180.4
425	1011.41
426	1000.41
427	1056.42
428	994.605
429	1074.13
430	1072.04
431	1062.64
432	1056.9
433	1097.41
434	1065.62
435	1040.99
436	1085.22
437	1019.22
438	1058.92
439	1155.43
440	992.603
441	1040.28
442	1000.39
443	1067.68
444	1053.89
445	1043.67
446	1042.86
447	1012.4
448	1035.71
449	1115.68
450	1016.84
451	1034.55
452	1053.17
453	1052.17
454	1043.89
455	1007.85
456	1021.47
457	1020.07
458	1080.58
459	1080.88
460	1076.72
461	1043.85
462	982.809
463	1089.88
464	1049.04
465	1037.17
466	1057.42
467	1070.15
468	959.736
469	1087.42
470	1051.6
471	1036.67
472	1040.94
473	991.179
474	1121.66
475	1121.23
476	1057.23
477	1058.09
478	1054.74
479	1093.04
480	976.784
481	1050.28
482	1042.04
483	1080.06
484	1000.28
485	1055.08
486	1071.64
487	1030.25
488	1021.92
489	1076.23
490	1064.08
491	1075.51
492	1053.32
493	1050.67
494	1019.37
495	1071.99
496	964.595
497	1011.03
498	922.453
499	1113.22
500	1021.48
501	1030.25
502	1005.44
503	1053.83
504	1053.65
505	1059.14
506	1080.09
507	1045.88
508	1099.57
509	1111.03
510	1016.43
511	1106.12
512	1074
513	1038.86
514	1055.36
515	1029.66
516	1016.26
517	1045.54
518	1066.65
519	1042.57
520	1003.95
521	1047.2
522	1019.45
523	1040.7
524	1023.2
525	1053.77
526	1005.78
527	1066.81
528	1051.82
529	969.55
530	1084.53
531	1144.7
532	1095.1
533	1037.69
534	1052.09
535	1050.76
536	1001.52
537	1026.86
538	1048.87
539	986.847
540	1031.39
541	1081.99
542	1041.81
543	1005.12
544	984.016
545	989.303
546	1081.05
547	997.987
548	995.333
549	1036
550	1028.89
551	1017.65
552	1051.4
553	1088.93
554	1087.65
555	1076.19
556	1027.01
557	1013.27
558	1073.76
559	1040.71
560	1056.03
561	1038.19
562	1073.51
563	1050.18
564	1027.23
565	1048.23
566	1000.63
567	998.561
568	1041.28
569	1074.03
570	1038.17
571	986.948
572	1033.44
573	988.494
574	1013.61
575	1056.35
576	1015.83
577	1110.12
578	995.454
579	1078.85
580	1024.38
581	1035.92
582	1024.23
583	1080.5
584	1111.39
585	997.864
586	1006.79
587	1058.35
588	1108.29
589	1097.66
590	1061.21
591	1101.1
592	1039.76
593	1065.96
594	1023.08
595	1004.99
596	1041.77
597	1049.99
598	990.425
599	1018.09
600	1004.98
601	1021.86
602	973.18
603	1029.34
604	1097.05
605	1093.53
606	1026.41
607	1036.76
608	1041.96
609	1052.32
610	1023.24
611	1056.52
612	1064.03
613	997.024
614	1057.57
615	1114.34
616	1030.3
617	988.286
618	1000.93
619	1012.29
620	1041.44
621	1155.33
622	1048.38
623	1043.13
624	1047.2
625	1030.71
626	1047.45
627	1107.59
628	1045.81
629	1079.29
630	995.675
631	1069.68
632	1054.01
633	1012.94
634	1034.17
635	1056.45
636	1014.66
637	1050.93
638	1009.44
639	967.061
640	1058.01
641	1053.53
642	1037.58
643	1019.9
644	1042.82
645	1080.4
646	1068.17
647	1064.13
648	1043.08
649	999.264
650	1013.81
651	1040.09
652	1060.48
653	1040.5
654	1025.81
655	1051.09
656	1056.02
657	1025.75
658	1039.02
659	1017.86
660	1031
661	1068.83
662	1057.99
663	1066.49
664	1034.9
665	1033.57
666	1000.58
667	1073.68
668	1051.58
669	1055.44
670	1082.02
671	1022.65
672	1033.68
673	1040.22
674	1048.37
675	1064.67
676	1096.77
677	1110.69
678	1086.32
679	1014.11
680	1080.47
681	1041.17
682	1095.01
683	1013.38
684	1036.37
685	1067.41
686	1145.96
687	1053.51
688	1047.23
689	1046.07
690	1027.72
691	1005.02
692	1009.07
693	1013.67
694	1010.66
695	1032.07
696	995.01
697	1055.05
698	1015.08
699	1052.98
700	1031.61
701	1061.78
702	1015.02
703	1010.87
704	1095.65
705	1019.83
706	1003.52
707	1053.14
708	1023.03
709	1030.65
710	1074.23
711	1062.27
712	1041.67
713	1069.39
714	1069.38
715	1117.22
716	1053.1
717	1024.45
718	1098.48
719	1053.02
720	1012.51
721	1081.09
722	1039.34
723	1004.11
724	1048.62
725	1041.18
726	1049.25
727	999.171
728	1031.31
729	1015.23
730	1078.64
731	1039.89
732	1051.1
733	1070
734	984.979
735	1054.47
736	1073.59
737	1064.1
738	996.306
739	1058.02
740	1048.68
741	1084.28
742	1023.21
743	1037.78
744	1091.37
745	1041.58
746	1067.62
747	1044.44
748	1048.57
749	1046.21
750	1045.7
751	1103.44
752	1084.89
753	1033.22
754	1008.35
755	1030.77
756	1061.41
757	999.022
758	1106.95
759	1051.94
760	1035.59
761	1049.8
762	1055.75
763	1051.86
764	1010.4
765	1019.69
766	1009.98
767	1031.89
768	1041.62
769	1066.2
770	1030.18
771	1103.99
772	1056.6
773	1073.7
774	1021.15
775	995.184
776	1090.71
777	1037.81
778	984.36
779	1031.22
780	1020.35
781	1101.91
782	993.882
783	1059.69
784	1026.11
785	1054.08
786	1051.04
787	1066.82
788	1016.64
789	1063.92
790	1016.52
791	1052.06
792	1038.89
793	1098.33
794	1011.22
795	1044.13
796	1028.68
797	1075.77
798	1014.92
799	1023.99
800	988.824
801	1053.59
802	1063.48
803	982.368
804	1042.21
805	1063.55
806	1104.7
807	1017.15
808	1050.33
809	1057.54
810	1039.98
811	1054.3
812	1004.54
813	1038.14
814	1060.43
815	1046.41
816	1029.06
817	1060.25
818	1014.62
819	1050.96
820	1015.34
821	1086.12
822	1016.25
823	1022.13
824	1033.63
825	991.4
