 -0.013882
 -0.189089
 -0.034052
  0.799772
  0.155168
 -0.328376
  0.374949
  0.143754
 -0.027724
 -0.031422
  0.006150
  0.011356
 -0.010557
 -0.019073
  0.003445
 -0.000962
 -0.038811
  0.023173
  0.009774
  0.071361
  0.009175
  0.000464
  0.023633
 -0.010776
  0.014877
 -0.010514
  0.018053
 -0.018833
  0.015178
  0.009601
 -0.017486
 -0.019361
  0.001192
 -0.035491
 -0.027626
  0.010893
  0.030614
  0.026748
  0.035036
 -0.007237
  0.011475
 -0.014845
 -0.005622
  0.000185
  0.009146
  0.002638
 -0.016949
  0.004968
  0.001589
 -0.006725
  0.012191
 -0.002224
 -0.010254
  0.025255
 -0.015868
  0.006650
 -0.003524
 -0.003218
 -0.014397
 -0.005307
  0.006492
 -0.000923
 -0.002303
  0.009021
  0.012376
 -0.003601
  0.004575
  0.000050
  0.008722
 -0.008165
 -0.011401
 -0.012466
 -0.006144
  0.009402
 -0.017767
 -0.000571
 -0.002756
 -0.014724
 -0.017127
  0.002719
 -0.002238
  0.010764
 -0.001540
  0.002362
 -0.010396
  0.016764
 -0.000917
  0.013871
  0.010547
 -0.002564
 -0.006376
 -0.015806
 -0.008288
 -0.017545
 -0.015008
 -0.010868
  0.001192
  0.009894
 -0.022067
 -0.003727
 -0.004353
  0.006114
  0.013872
 -0.006600
 -0.027481
 -0.016224
 -0.003500
  0.005198
  0.014972
  0.002160
 -0.006349
  0.012909
  0.007139
  0.000365
 -0.003915
  0.005168
  0.001895
  0.000814
  0.010146
 -0.002748
  0.008231
 -0.004625
 -0.002981
  0.001411
  0.002505
 -0.000717
 -0.003210
  0.003187
  0.000926
 -0.005644
 -0.011668
 -0.005958
 -0.002995
 -0.000970
  0.008326
  0.008091
  0.009070
  0.006063
  0.003734
  0.001014
  0.005310
 -0.000595
  0.007864
 -0.006906
  0.000371
  0.003280
 -0.000777
 -0.000219
  0.003163
 -0.003554
 -0.000780
  0.002608
 -0.008424
  0.004083
 -0.002317
 -0.001795
 -0.002165
 -0.001499
  0.006298
 -0.009383
 -0.010611
 -0.005210
  0.000025
  0.006998
 -0.000343
  0.004143
 -0.002011
 -0.002084
  0.007757
 -0.000602
  0.001902
 -0.007412
 -0.002607
  0.000662
  0.007652
 -0.004025
  0.005684
 -0.000923
 -0.002582
  0.001104
  0.004937
  0.002807
  0.002284
 -0.001014
 -0.002736
 -0.004458
 -0.000586
 -0.002259
  0.004671
 -0.003578
  0.006106
  0.000579
  0.003725
  0.003291
 -0.000537
  0.000645
  0.002095
 -0.001213
  0.002420
 -0.002556
 -0.001425
 -0.001915
 -0.004198
  0.002068
 -0.000007
  0.001879
 -0.000461
 -0.002112
  0.002617
  0.001094
  0.000940
  0.001945
 -0.001182
 -0.000507
  0.000727
  0.001305
  0.000068
 -0.006602
 -0.001242
 -0.001040
  0.002536
  0.002524
  0.001197
  0.000830
  0.000950
  0.004230
 -0.002426
 -0.001101
  0.002818
 -0.013278
  0.003124
 -0.002088
 -0.001302
 -0.002357
 -0.003105
 -0.000004
 -0.007023
  0.002932
  0.000662
  0.001674
 -0.006499
  0.001102
 -0.000247
  0.005087
 -0.003024
 -0.004458
  0.003229
  0.004677
 -0.004499
 -0.003571
  0.003946
  0.004383
 -0.000265
 -0.000072
  0.003759
 -0.001843
 -0.004827
  0.000874
 -0.000929
  0.005924
 -0.000476
 -0.003657
 -0.000674
 -0.002503
  0.005505
 -0.001714
 -0.006349
 -0.008010
 -0.001933
 -0.001584
  0.006158
 -0.008261
 -0.000615
  0.002138
  0.004519
  0.001030
  0.000102
  0.003540
  0.000858
 -0.000345
  0.001940
  0.001325
  0.000072
  0.002123
 -0.000131
  0.001932
 -0.000430
  0.002313
  0.000534
 -0.003550
  0.002792
 -0.000811
 -0.001477
 -0.001780
 -0.000528
 -0.002145
  0.003005
  0.001350
  0.000051
 -0.000813
  0.002786
 -0.001360
  0.002440
  0.000756
  0.002802
  0.002932
  0.001045
  0.001211
  0.001883
  0.003997
  0.004286
  0.002686
  0.002619
 -0.000374
 -0.000396
 -0.002403
 -0.001456
 -0.001783
 -0.001552
  0.000587
  0.002795
 -0.000172
 -0.000323
  0.000268
 -0.001220
  0.002038
 -0.000231
 -0.000017
 -0.001595
 -0.000609
  0.000069
  0.000813
 -0.000433
 -0.001014
 -0.000307
 -0.000382
 -0.002848
 -0.000111
 -0.000218
 -0.001865
  0.002070
  0.001661
 -0.000281
  0.000701
 -0.001472
  0.000933
  0.000957
  0.000436
  0.000420
 -0.001325
 -0.000253
  0.000092
  0.000532
  0.000627
 -0.000220
 -0.000604
  0.000710
  0.000632
 -0.000034
  0.001157
  0.002946
 -0.000978
  0.000331
 -0.000575
  0.001508
  0.002038
  0.000791
  0.000863
  0.003160
  0.000393
  0.002356
  0.006193
 -0.001602
  0.003761
  0.001584
  0.001046
 -0.000674
 -0.001299
 -0.002475
  0.005538
  0.000451
  0.004248
  0.002132
  0.003365
  0.001321
  0.000084
  0.001055
 -0.002984
 -0.001460
  0.003796
 -0.000945
 -0.000821
  0.002926
  0.001638
  0.000515
  0.000335
  0.000376
 -0.004533
 -0.001557
  0.000904
 -0.002708
 -0.003516
 -0.005864
  0.000932
 -0.003315
 -0.000685
 -0.000598
 -0.001587
  0.003809
  0.001053
  0.005830
  0.001391
  0.003161
  0.001041
  0.004140
 -0.000223
 -0.007259
  0.001045
 -0.003567
 -0.001947
  0.002030
 -0.001745
  0.001539
  0.003151
  0.000130
  0.004679
 -0.003158
  0.001753
 -0.001845
 -0.000114
  0.005742
  0.000354
 -0.001010
 -0.001141
 -0.001170
  0.001768
 -0.002265
  0.002602
  0.000993
  0.003150
  0.003448
 -0.000694
 -0.000866
  0.001795
 -0.000254
  0.002090
 -0.002083
  0.000546
  0.002413
  0.003128
 -0.004410
 -0.001095
 -0.001753
  0.000319
  0.000905
 -0.002169
 -0.001628
  0.001111
 -0.002225
 -0.001400
  0.001590
 -0.000851
  0.000538
 -0.002508
 -0.002701
  0.001773
 -0.001018
 -0.000907
 -0.000063
  0.000673
 -0.002844
 -0.003379
 -0.003280
 -0.002674
 -0.000414
  0.002466
  0.000038
 -0.001716
  0.001083
 -0.001026
  0.007903
  0.001762
 -0.001903
 -0.000415
  0.002722
  0.002210
  0.000921
 -0.001648
  0.000326
  0.000094
  0.001090
  0.000005
  0.001505
 -0.002112
 -0.002070
  0.002053
  0.001326
  0.000204
  0.002943
  0.000488
 -0.001113
 -0.002367
  0.000807
 -0.002954
  0.000543
  0.003152
  0.002175
 -0.003993
  0.001547
  0.000179
  0.001067
 -0.000636
 -0.004000
  0.000710
 -0.003316
 -0.002508
  0.000220
 -0.002795
 -0.000584
 -0.000791
  0.000828
  0.002946
 -0.000008
  0.000892
  0.002076
 -0.001261
  0.000885
  0.003765
  0.002673
  0.004102
  0.002658
  0.003009
 -0.002209
 -0.000283
 -0.000297
  0.004181
  0.000669
 -0.000054
 -0.000199
 -0.000408
  0.000138
 -0.000894
  0.001303
 -0.000309
 -0.001090
 -0.000904
  0.003117
  0.000391
  0.001455
 -0.001237
 -0.003163
 -0.000066
 -0.001418
 -0.002976
 -0.000735
  0.004365
  0.000168
  0.001260
  0.000536
 -0.000550
  0.000323
  0.000105
  0.000753
  0.000368
  0.001911
  0.000935
  0.001232
  0.001671
  0.003757
 -0.000770
  0.000044
 -0.000346
  0.001618
 -0.001156
  0.000016
 -0.000682
  0.000008
 -0.001133
 -0.001485
  0.000613
 -0.000067
  0.001574
  0.000911
  0.000096
 -0.000232
 -0.000014
  0.001371
  0.000226
  0.000037
 -0.000912
 -0.001053
  0.001119
  0.000129
  0.001816
  0.001705
 -0.001843
  0.001400
  0.000422
  0.003264
  0.000266
 -0.000893
  0.000472
 -0.000073
  0.001544
 -0.000196
 -0.000976
  0.001625
 -0.002441
  0.000781
  0.001787
  0.000292
 -0.000509
 -0.001115
  0.000953
  0.000786
 -0.003702
  0.000195
  0.000773
 -0.001022
 -0.000915
 -0.001156
  0.001605
  0.002678
  0.001207
 -0.001010
 -0.001735
  0.001048
 -0.000803
  0.000509
  0.000554
  0.000694
  0.001060
 -0.000459
  0.000938
  0.000696
 -0.001635
 -0.000287
  0.002082
  0.000810
 -0.000576
  0.000396
  0.000145
  0.000768
 -0.000849
 -0.000210
 -0.002405
  0.001112
  0.000455
 -0.000128
  0.001025
  0.001418
  0.000599
  0.000902
  0.000829
  0.000295
 -0.001205
 -0.000987
  0.002355
  0.000484
  0.000586
  0.000025
  0.000201
 -0.000692
 -0.001244
  0.002919
 -0.000219
  0.001246
 -0.001368
 -0.001560
  0.000570
 -0.000525
 -0.000429
  0.001309
  0.002060
  0.000811
 -0.000552
  0.000385
  0.000752
 -0.001391
 -0.000232
  0.000069
  0.000611
 -0.000491
  0.000527
  0.000123
 -0.000167
  0.000216
  0.000339
 -0.000696
 -0.001665
  0.000857
  0.000223
 -0.000401
 -0.000467
 -0.000269
  0.000537
 -0.000922
  0.001046
 -0.000189
 -0.000715
 -0.000112
  0.001402
  0.000369
 -0.000303
  0.000611
 -0.001659
 -0.000378
 -0.000487
  0.000349
 -0.000652
 -0.000116
  0.000075
  0.000586
 -0.000203
  0.000079
  0.000673
 -0.000304
  0.000676
 -0.000937
 -0.000275
 -0.000638
 -0.000336
 -0.000700
 -0.000862
 -0.000264
 -0.000477
 -0.000493
  0.000743
 -0.000000
  0.000676
 -0.000578
 -0.000451
 -0.000341
 -0.000333
 -0.000952
 -0.000261
 -0.000287
  0.000626
 -0.000189
  0.000687
  0.000609
 -0.000747
  0.000818
 -0.000623
  0.000338
  0.000995
  0.000391
  0.000505
  0.000437
  0.000085
 -0.000126
 -0.000294
 -0.000785
 -0.001019
 -0.000229
 -0.000078
 -0.000122
 -0.000645
 -0.000095
 -0.001094
  0.000288
  0.000145
  0.000461
  0.000534
  0.000477
  0.000459
 -0.001068
  0.000021
 -0.000031
  0.000280
  0.000088
 -0.000215
 -0.000248
 -0.000013
 -0.000050
  0.000076
  0.000047
 -0.000302
  0.000073
 -0.000163
 -0.000275
  0.000075
 -0.000169
 -0.000034
 -0.000104
 -0.000050
  0.000007
  0.000517
  0.000236
 -0.000057
  0.000104
  0.000191
  0.000090
 -0.000064
  0.000202
 -0.000114
  0.000251
 -0.000067
  0.000229
 -0.000113
 -0.000087
  0.000092
 -0.000094
  0.000166
 -0.000121
 -0.000012
  0.000043
 -0.000269
 -0.000293
  0.000074
  0.000202
 -0.000091
 -0.000119
  0.000039
 -0.000312
 -0.000364
  0.000024
 -0.000145
 -0.000531
 -0.000193
 -0.000269
  0.000327
  0.000020
 -0.000013
  0.000112
