  0.004953
 -0.036229
 -0.043119
  0.417125
  0.260147
 -0.041003
  0.824805
 -0.067540
 -0.156561
  0.001216
  0.001259
 -0.098164
  0.129142
  0.042120
 -0.024847
  0.014209
 -0.024475
 -0.030273
 -0.006805
  0.001675
 -0.010926
  0.038760
  0.027921
 -0.007531
 -0.018038
  0.021661
 -0.026899
  0.024591
  0.004981
 -0.001373
  0.024842
  0.012853
 -0.002138
 -0.027275
  0.018658
 -0.003915
 -0.009967
 -0.017766
 -0.007998
  0.046946
 -0.006271
 -0.018860
  0.007825
  0.005053
  0.001186
 -0.015740
  0.011171
  0.003481
  0.001348
 -0.010254
  0.021739
 -0.002621
 -0.001455
  0.021096
 -0.009315
 -0.005545
  0.003917
  0.001233
 -0.001547
  0.000458
 -0.018050
 -0.006391
  0.002730
  0.005142
  0.007154
  0.009473
  0.002105
  0.002918
  0.001690
 -0.001489
  0.001278
 -0.003228
  0.007670
  0.002672
  0.001564
 -0.000469
  0.005643
 -0.001124
 -0.000570
  0.000842
  0.000638
 -0.000222
 -0.002759
 -0.000447
 -0.001672
 -0.000593
 -0.001269
 -0.002269
 -0.000788
  0.000356
  0.003128
 -0.000575
 -0.001447
 -0.000360
 -0.001193
  0.005283
  0.001267
 -0.000643
 -0.000011
  0.002438
  0.001497
 -0.000522
  0.001444
 -0.000028
  0.001709
  0.001714
 -0.005564
  0.004912
  0.000186
 -0.001389
  0.003051
 -0.001779
  0.001708
  0.000228
  0.003971
 -0.000188
 -0.001443
 -0.001294
 -0.000851
  0.000254
 -0.002887
 -0.004139
 -0.001022
 -0.001526
 -0.003501
  0.007054
  0.002643
  0.001082
  0.007356
 -0.000460
  0.004011
 -0.002660
  0.015481
  0.003699
  0.005469
  0.002867
  0.007429
  0.006801
  0.002355
  0.000265
 -0.002629
  0.005671
  0.001323
  0.000682
  0.000877
 -0.002052
  0.001605
 -0.001679
  0.003147
 -0.002613
  0.002020
 -0.003317
 -0.000632
 -0.001226
 -0.001860
  0.001400
 -0.002193
 -0.005038
 -0.001852
  0.000780
 -0.003791
 -0.001698
 -0.000548
 -0.001099
 -0.000645
  0.004969
 -0.001201
 -0.001256
 -0.004978
 -0.000271
  0.001264
 -0.001463
 -0.003495
 -0.003250
 -0.006151
 -0.008599
 -0.005147
 -0.008497
 -0.001728
 -0.003160
 -0.002725
  0.000073
 -0.000193
  0.000167
  0.001083
 -0.008414
 -0.004020
 -0.002950
  0.003238
 -0.002429
  0.005853
  0.003864
 -0.001508
 -0.004916
 -0.001064
  0.000736
  0.001798
  0.000052
  0.000329
  0.000092
 -0.001846
 -0.000737
  0.001773
  0.004730
 -0.000716
 -0.000915
 -0.003214
  0.000393
  0.004280
  0.001538
 -0.000523
  0.000300
  0.000371
  0.000885
 -0.001643
  0.000845
 -0.000431
 -0.000943
 -0.000536
  0.001019
  0.000248
  0.000428
  0.000615
  0.000484
  0.000001
 -0.001196
  0.000609
 -0.000931
  0.001405
 -0.000547
 -0.000097
  0.000245
  0.000323
  0.000614
  0.000242
  0.001805
 -0.000522
 -0.000063
  0.001492
 -0.000047
  0.000271
 -0.001185
 -0.001131
 -0.000894
 -0.000220
 -0.001210
  0.001209
  0.000991
 -0.000546
  0.000663
 -0.001531
 -0.001130
  0.000591
 -0.000604
  0.001539
  0.000300
 -0.000037
  0.001106
  0.000638
  0.001155
 -0.000199
 -0.000641
 -0.000561
  0.000229
  0.000500
 -0.000491
  0.000971
  0.000176
 -0.001537
 -0.000520
 -0.001398
  0.001629
  0.000079
 -0.000502
 -0.001036
 -0.000325
 -0.000794
 -0.000366
 -0.000738
 -0.000097
  0.001134
 -0.000522
 -0.000568
  0.000258
 -0.000839
 -0.000136
  0.000549
 -0.001916
  0.000030
 -0.001451
 -0.000766
  0.000386
 -0.000160
 -0.000197
 -0.000085
  0.002239
 -0.001940
  0.000450
  0.001093
  0.001020
  0.000385
 -0.000668
  0.000926
 -0.000066
 -0.002347
  0.001130
 -0.001248
  0.000245
  0.000943
 -0.001154
  0.002564
  0.000988
  0.000510
 -0.000552
  0.003762
 -0.001288
  0.000630
  0.002141
 -0.001962
  0.000077
  0.000242
 -0.000167
 -0.000092
  0.001076
 -0.000578
 -0.001213
 -0.000893
 -0.000903
  0.000130
  0.000146
  0.000488
 -0.001176
 -0.000605
  0.001530
 -0.002990
 -0.000541
  0.000161
  0.000210
 -0.000123
 -0.000287
 -0.000666
 -0.000103
  0.000118
  0.000041
  0.001952
  0.000710
 -0.000629
 -0.001247
  0.001572
 -0.000069
 -0.000540
 -0.001292
 -0.000049
 -0.000238
 -0.000263
 -0.000080
  0.000871
  0.000963
  0.000382
  0.000334
 -0.000895
 -0.000163
  0.000147
 -0.000804
 -0.000146
 -0.001662
  0.000608
 -0.000364
 -0.000278
  0.001704
 -0.000631
 -0.000161
 -0.000109
 -0.000805
  0.000200
  0.001709
  0.000013
 -0.000891
 -0.001299
  0.000651
  0.000065
  0.000620
 -0.000657
  0.001848
  0.000801
  0.000280
  0.000033
 -0.001391
 -0.000338
  0.000385
  0.000019
 -0.000829
  0.001580
  0.000117
  0.000283
  0.000594
  0.001224
 -0.001412
 -0.000168
  0.000152
  0.000333
  0.001141
  0.000627
 -0.000815
 -0.000650
  0.000432
 -0.000299
  0.001173
 -0.000934
  0.001012
 -0.000498
  0.001227
 -0.000400
  0.000085
 -0.000255
  0.000048
  0.000378
 -0.000418
  0.000306
  0.000255
  0.000347
 -0.000078
 -0.000309
  0.000378
  0.000360
 -0.000140
  0.000862
 -0.000689
 -0.000053
  0.000463
  0.000706
  0.000164
  0.000287
  0.000339
  0.000365
  0.001112
  0.000076
 -0.000727
 -0.000369
 -0.000044
  0.001113
 -0.000767
  0.000413
 -0.000131
 -0.000214
 -0.000172
  0.000074
 -0.000567
 -0.001161
  0.000116
  0.000475
  0.000366
  0.000022
 -0.000757
 -0.000433
  0.000254
  0.000527
  0.000510
  0.000007
 -0.000905
 -0.000826
  0.000685
  0.000349
  0.000677
  0.001298
 -0.000497
  0.000330
  0.000850
  0.000241
  0.000021
 -0.000620
 -0.000811
  0.000386
 -0.000938
 -0.000337
 -0.000092
  0.002555
  0.000060
 -0.001283
 -0.000112
 -0.001190
 -0.001023
  0.000258
  0.000081
 -0.000333
  0.000524
 -0.000526
  0.000564
 -0.000536
  0.000170
 -0.001159
 -0.000134
  0.000425
  0.000428
 -0.000753
  0.000186
 -0.000196
 -0.000584
 -0.000242
  0.000580
 -0.000349
  0.000247
  0.000426
  0.000042
 -0.000165
  0.000008
  0.000349
  0.000002
  0.000122
  0.000418
 -0.000391
  0.000178
  0.000136
 -0.000244
 -0.000311
 -0.000113
  0.000026
 -0.000105
  0.000127
  0.000449
  0.000201
  0.000581
 -0.000094
 -0.000313
 -0.000004
 -0.000980
 -0.000225
  0.000399
 -0.000249
 -0.000284
 -0.000499
 -0.000051
  0.000126
  0.000088
 -0.001232
  0.000009
 -0.000387
  0.000932
 -0.000021
  0.000110
 -0.000252
 -0.000577
 -0.000020
  0.000143
 -0.000108
  0.000351
  0.000129
  0.000206
  0.000174
  0.000144
  0.000555
  0.000745
  0.000270
 -0.000206
 -0.000006
  0.000007
  0.000339
  0.000005
  0.000222
 -0.000065
  0.000340
 -0.000115
 -0.000297
  0.000062
 -0.000379
  0.000201
 -0.000987
 -0.000186
  0.000610
  0.000422
 -0.000368
 -0.000037
 -0.000425
 -0.000786
  0.000046
 -0.000397
 -0.000260
  0.000203
 -0.000006
  0.000226
 -0.000056
  0.000419
  0.000115
  0.000086
 -0.000367
  0.000127
 -0.000357
  0.000017
 -0.000026
 -0.000094
 -0.000326
  0.000063
 -0.000017
 -0.000580
  0.000188
  0.000443
 -0.000734
  0.000070
 -0.000431
  0.000430
  0.000610
  0.000553
 -0.000230
 -0.000430
 -0.000261
 -0.000287
 -0.000051
 -0.000141
 -0.000045
  0.000128
 -0.001285
 -0.000474
  0.000567
 -0.000788
 -0.000734
 -0.000404
  0.000927
 -0.000245
 -0.000000
 -0.000332
  0.000127
  0.000534
  0.000235
  0.000274
 -0.000467
  0.000165
 -0.000051
  0.000149
 -0.000445
  0.000110
  0.000158
 -0.000297
 -0.000628
 -0.000176
  0.000108
 -0.000156
  0.000166
  0.000260
 -0.000505
  0.000127
  0.000269
  0.000282
 -0.000096
 -0.000306
  0.000022
  0.000014
  0.000178
 -0.000275
 -0.000049
 -0.000433
  0.000252
 -0.000065
  0.000068
  0.000048
 -0.000032
  0.000116
 -0.000065
  0.000124
 -0.000415
  0.000368
 -0.000408
  0.000010
 -0.000124
 -0.000094
  0.000400
 -0.000446
  0.000500
  0.000451
  0.000296
  0.000243
 -0.000241
 -0.000258
 -0.000325
  0.000058
 -0.000103
  0.000039
  0.000029
  0.000074
 -0.000335
 -0.000062
  0.000834
  0.000631
  0.000320
  0.000024
 -0.000486
 -0.000258
  0.000244
  0.000253
 -0.000018
 -0.000405
 -0.000281
  0.000146
 -0.000073
 -0.000041
 -0.000070
 -0.000017
 -0.000007
 -0.000118
 -0.000431
  0.000148
  0.000044
  0.000302
  0.000031
  0.000090
 -0.000008
  0.000181
 -0.000075
 -0.000345
 -0.000227
 -0.000405
 -0.000083
 -0.000102
 -0.000093
  0.000281
  0.000050
  0.000038
 -0.000018
 -0.000165
 -0.000025
 -0.000175
  0.000123
 -0.000665
  0.000359
  0.000245
 -0.000218
  0.000349
 -0.000002
 -0.000211
 -0.000276
  0.000015
  0.000296
 -0.000215
  0.000312
 -0.000026
  0.000207
 -0.000193
  0.000116
 -0.000246
 -0.000188
 -0.000076
 -0.000008
  0.000082
  0.000142
  0.000205
  0.000128
 -0.000095
 -0.000501
  0.000130
  0.000643
 -0.000215
  0.000277
 -0.000094
  0.000191
 -0.000190
 -0.000267
  0.000156
  0.000192
  0.000077
 -0.000094
  0.000122
  0.000028
  0.000097
 -0.000131
  0.000014
  0.000184
  0.000040
  0.000032
  0.000244
  0.000018
 -0.000251
 -0.000174
  0.000121
  0.000078
 -0.000023
  0.000093
  0.000266
  0.000072
  0.000228
 -0.000150
 -0.000157
  0.000013
 -0.000315
  0.000274
 -0.000543
 -0.000319
 -0.000314
  0.000076
 -0.000091
 -0.000125
 -0.000075
  0.000013
  0.000300
  0.000113
 -0.000042
  0.000063
 -0.000244
 -0.000120
  0.000040
  0.000182
  0.000263
 -0.000042
 -0.000058
 -0.000157
  0.000139
 -0.000138
  0.000248
 -0.000017
  0.000100
  0.000106
 -0.000007
  0.000011
  0.000033
 -0.000078
 -0.000113
 -0.000051
 -0.000004
  0.000007
  0.000040
 -0.000003
  0.000028
  0.000014
  0.000042
 -0.000017
 -0.000014
 -0.000000
