 -0.013890
  0.075776
 -0.069877
 -0.421743
  0.158023
 -0.757721
 -0.374425
 -0.017355
 -0.168611
 -0.061829
  0.032515
  0.022603
 -0.028556
 -0.009643
 -0.059520
  0.018012
  0.042992
 -0.071354
 -0.011732
  0.055363
 -0.017278
 -0.002303
  0.024806
  0.042392
 -0.019818
 -0.005977
  0.040579
 -0.061938
 -0.009107
  0.005342
 -0.028032
  0.007479
 -0.013141
  0.010263
  0.009293
 -0.028514
  0.016244
 -0.013911
 -0.015905
 -0.010915
  0.009105
 -0.013147
 -0.001289
 -0.004595
 -0.011556
  0.005343
  0.007564
 -0.008115
  0.010252
  0.003127
 -0.003959
  0.007559
  0.002263
 -0.006567
 -0.007790
  0.002407
 -0.002271
 -0.014813
 -0.001662
 -0.000329
  0.009606
  0.012863
 -0.010105
 -0.017601
 -0.007042
 -0.016403
  0.004919
 -0.002057
 -0.008654
  0.013405
  0.004413
  0.013387
 -0.031688
  0.007105
 -0.010179
  0.004256
  0.000660
 -0.017594
 -0.016768
  0.006767
 -0.004440
  0.001935
  0.011859
 -0.004001
  0.002048
  0.007296
  0.006979
  0.001943
 -0.025029
 -0.000351
  0.004034
 -0.004477
 -0.006521
 -0.000973
  0.006963
 -0.007658
 -0.018695
 -0.029225
 -0.013468
  0.008975
  0.012708
 -0.002564
 -0.004956
 -0.003192
  0.005649
 -0.003249
  0.009385
 -0.006109
 -0.001089
  0.018642
 -0.010545
  0.000042
  0.001202
 -0.001326
 -0.002539
  0.012521
  0.003644
  0.006165
  0.001990
 -0.000009
 -0.001711
 -0.000348
 -0.006918
 -0.000563
  0.001602
  0.014093
 -0.000151
 -0.000019
 -0.002816
  0.003052
  0.000236
 -0.000686
 -0.003267
 -0.001461
  0.000272
 -0.004972
  0.000691
 -0.003165
 -0.005599
  0.004679
 -0.000964
 -0.006896
 -0.012455
 -0.004948
 -0.009862
 -0.007249
  0.001717
  0.003140
 -0.001169
 -0.000595
  0.000924
 -0.002853
  0.003098
  0.002017
  0.004366
  0.002751
  0.000110
 -0.000544
  0.003544
  0.008571
  0.000901
  0.004234
  0.003219
 -0.005218
  0.000415
  0.005641
  0.007437
  0.001001
 -0.000246
  0.000918
  0.001996
  0.004561
 -0.000378
 -0.008774
 -0.002481
  0.002430
 -0.006653
  0.006734
 -0.002767
  0.003927
 -0.004809
 -0.006253
  0.003627
 -0.002329
 -0.003207
 -0.002565
  0.001163
 -0.009077
 -0.003876
  0.002768
  0.001280
  0.001253
  0.001135
 -0.006198
 -0.000548
 -0.000999
  0.000598
  0.003213
  0.000405
  0.002236
  0.001159
 -0.001113
  0.000252
  0.002547
 -0.000586
  0.000507
  0.004433
 -0.001248
  0.000548
  0.004274
  0.004344
  0.000431
  0.002726
 -0.000640
 -0.002522
 -0.001098
 -0.002059
 -0.001662
 -0.000759
  0.002710
  0.001071
 -0.001108
 -0.001442
  0.002367
 -0.003212
 -0.000830
  0.000583
  0.002115
  0.001865
 -0.000311
  0.000213
 -0.000700
  0.001962
 -0.002252
  0.001378
  0.000481
 -0.000331
  0.001703
  0.002113
 -0.000031
  0.000606
  0.000504
 -0.003154
 -0.000489
 -0.003842
 -0.000493
  0.002745
  0.001577
  0.000199
  0.002193
  0.004121
  0.000289
 -0.007819
  0.003808
 -0.002618
  0.001126
  0.000108
  0.000687
  0.001552
  0.000039
  0.002741
 -0.000996
 -0.001384
  0.000017
 -0.003333
  0.002775
  0.000123
 -0.001694
  0.000523
 -0.000405
 -0.002897
 -0.000212
 -0.000845
 -0.001009
 -0.002098
 -0.001305
  0.002168
 -0.001836
 -0.000436
  0.001585
  0.002335
  0.001014
  0.002921
 -0.000051
  0.002673
 -0.003196
  0.001452
  0.000058
 -0.003781
 -0.000749
  0.001584
  0.006780
  0.002755
 -0.002826
  0.001115
  0.002181
  0.001491
  0.002267
 -0.001431
 -0.000209
 -0.000184
  0.001792
 -0.002040
  0.001079
  0.000944
 -0.001954
  0.001974
 -0.001487
 -0.001331
  0.001725
 -0.000133
 -0.001566
 -0.001800
  0.000433
  0.000373
  0.000216
  0.001389
  0.003251
  0.001242
 -0.000211
 -0.001521
 -0.003127
  0.002560
  0.000783
 -0.001405
  0.001001
  0.002073
 -0.000786
  0.001140
 -0.002426
  0.001642
  0.002804
  0.000064
 -0.001148
  0.001391
 -0.001389
 -0.001312
 -0.001773
  0.001862
  0.000006
 -0.001444
  0.001390
  0.001495
 -0.000441
  0.000236
  0.004819
  0.001862
  0.000002
  0.000534
  0.000020
  0.000995
 -0.002286
  0.001416
  0.000237
 -0.000458
  0.000154
  0.000263
 -0.001312
  0.000928
  0.000465
  0.000440
 -0.000999
 -0.002477
  0.001194
  0.000025
 -0.001441
 -0.001040
  0.002662
 -0.000407
 -0.000884
 -0.002809
 -0.001154
  0.006323
  0.002001
 -0.000210
  0.002289
 -0.000327
  0.002917
 -0.002897
  0.002880
  0.009539
  0.003319
 -0.000466
 -0.002703
  0.004722
  0.001202
 -0.001961
  0.004623
 -0.001593
  0.000401
  0.000902
 -0.002669
 -0.002065
 -0.001992
 -0.002297
 -0.005199
  0.000219
  0.000093
  0.000758
  0.002224
 -0.002000
  0.001136
  0.001983
  0.001970
  0.002589
  0.000649
 -0.001393
  0.000007
  0.003006
 -0.005669
 -0.001148
  0.006364
 -0.001197
 -0.001984
 -0.000736
  0.000113
  0.002296
 -0.001136
  0.000850
 -0.000408
  0.000439
 -0.001148
 -0.000181
  0.002364
  0.002391
 -0.003113
 -0.000453
  0.002801
 -0.000779
  0.000085
  0.001218
 -0.000342
  0.000714
 -0.000371
  0.002813
  0.001678
  0.001508
 -0.000815
 -0.003333
  0.000939
 -0.000430
 -0.004648
  0.001472
  0.000797
  0.000602
 -0.002917
  0.005015
 -0.000886
 -0.003827
 -0.001200
  0.003672
 -0.001370
  0.001635
 -0.002408
 -0.001264
 -0.000783
 -0.001016
 -0.000276
  0.000968
 -0.000110
  0.001056
 -0.001003
  0.000373
 -0.001519
 -0.000013
 -0.001162
 -0.001911
  0.003192
 -0.000803
 -0.001693
  0.000075
  0.000038
 -0.002420
  0.001400
 -0.000168
  0.000910
 -0.000130
 -0.002315
  0.002322
  0.003124
  0.001696
 -0.005435
 -0.003769
  0.001145
 -0.000665
 -0.004791
  0.000317
 -0.002522
 -0.003900
 -0.001613
  0.000614
 -0.000214
  0.002608
 -0.000460
 -0.001321
 -0.002813
 -0.003129
 -0.001349
 -0.000262
  0.001822
  0.000538
  0.000365
  0.000092
  0.000736
 -0.000269
  0.000015
 -0.003601
  0.000126
 -0.002285
 -0.000377
 -0.001921
  0.000219
  0.000888
  0.000409
  0.000850
  0.002922
  0.000917
 -0.000975
  0.000463
 -0.000486
  0.001564
  0.002539
 -0.000177
 -0.003529
 -0.000809
 -0.002887
 -0.001765
 -0.000147
  0.000202
 -0.004253
  0.000305
 -0.001320
  0.002307
  0.000213
  0.000382
 -0.004320
  0.002713
 -0.000096
 -0.002542
  0.003279
 -0.000005
  0.002299
 -0.000076
 -0.002072
 -0.000504
 -0.000696
 -0.000371
  0.000714
  0.000515
  0.001437
 -0.000381
  0.000325
 -0.001622
  0.000231
  0.001278
  0.001816
 -0.000932
 -0.003021
 -0.000640
  0.000461
  0.002283
  0.002064
 -0.001542
 -0.002413
 -0.000319
 -0.000842
  0.001376
  0.000000
  0.001268
 -0.002041
  0.000425
  0.000171
 -0.001901
 -0.000157
  0.001004
 -0.001013
 -0.002156
 -0.000488
  0.000710
 -0.000210
 -0.001061
  0.000297
 -0.000829
 -0.001313
  0.001942
 -0.000789
 -0.001141
 -0.000269
  0.000068
  0.000015
  0.001704
 -0.000545
 -0.002133
  0.000507
 -0.000854
 -0.000454
 -0.001197
  0.000619
 -0.000723
 -0.000274
  0.000505
 -0.001905
  0.002044
 -0.000236
 -0.000290
  0.000788
  0.002432
  0.001849
 -0.000782
 -0.000610
  0.003824
  0.001451
 -0.000474
 -0.000202
  0.000452
  0.000369
  0.002393
  0.000869
 -0.000215
 -0.000289
 -0.000250
  0.000506
  0.000419
 -0.000299
  0.002588
 -0.000640
  0.002588
  0.000824
  0.000467
 -0.000487
  0.000114
  0.000476
 -0.000010
 -0.001091
  0.000022
 -0.000301
 -0.001540
 -0.001522
 -0.000266
 -0.001162
  0.000047
 -0.000565
 -0.001686
  0.002028
 -0.000655
  0.000875
  0.001003
  0.001472
 -0.000114
  0.000954
  0.001603
  0.000221
  0.000946
 -0.000812
  0.001460
  0.001708
 -0.000437
 -0.001073
 -0.000317
  0.001315
 -0.001089
  0.001647
 -0.001738
  0.002178
 -0.001500
 -0.000254
  0.002164
  0.000426
 -0.000477
 -0.001473
 -0.000362
 -0.000890
  0.002584
 -0.000152
  0.000381
  0.000685
 -0.000312
 -0.001131
  0.001768
 -0.000409
  0.002023
 -0.000265
 -0.000793
 -0.000059
 -0.000038
  0.000412
  0.000141
  0.001277
  0.000276
  0.000447
  0.000205
  0.000430
  0.000552
  0.001953
  0.000797
 -0.000491
  0.001556
 -0.000641
  0.000173
 -0.000318
 -0.000830
  0.000109
  0.001043
 -0.000813
 -0.000576
 -0.001124
 -0.000582
  0.000273
  0.000988
  0.000364
 -0.000278
 -0.001252
 -0.000342
 -0.000772
  0.002561
  0.000257
 -0.002384
  0.000353
  0.000082
  0.001085
  0.000069
 -0.001123
  0.000359
  0.001413
  0.002162
 -0.000388
 -0.001202
 -0.000250
  0.000325
  0.000398
 -0.000204
 -0.000151
  0.001346
  0.000722
  0.000441
  0.000578
  0.000640
  0.000955
  0.001008
 -0.000329
  0.000048
  0.000636
 -0.000111
 -0.000044
  0.001467
 -0.001835
 -0.000736
 -0.000898
 -0.001052
  0.000516
 -0.000377
  0.000441
 -0.000257
  0.001039
  0.000268
  0.000056
 -0.000628
 -0.000060
 -0.000674
 -0.003102
  0.000553
 -0.001623
  0.000216
  0.000383
  0.000269
  0.000846
 -0.000876
  0.001217
  0.000042
 -0.000993
 -0.000293
  0.001093
 -0.000820
 -0.000137
 -0.000050
 -0.000968
  0.000030
  0.000245
 -0.000094
  0.000039
  0.000232
 -0.000337
  0.000047
 -0.000245
 -0.000017
  0.000362
  0.000702
 -0.000229
 -0.000121
  0.000048
 -0.000512
  0.000103
  0.000121
 -0.000451
 -0.000317
  0.000390
  0.000237
  0.000341
 -0.000316
 -0.000376
 -0.000043
  0.000026
  0.000051
 -0.000545
 -0.000166
 -0.000048
  0.000264
  0.000165
 -0.000520
 -0.000191
  0.000076
 -0.000227
 -0.000071
 -0.000096
  0.000079
 -0.000418
  0.000089
 -0.000060
 -0.000127
 -0.000234
 -0.000095
  0.000097
 -0.000187
 -0.000270
  0.000053
