  0.018212
 -0.031432
  0.671051
  0.446961
  0.104946
  0.185176
 -0.036923
 -0.489806
 -0.001485
  0.095505
  0.037106
  0.009296
 -0.021157
 -0.018784
 -0.072340
 -0.016320
 -0.156870
 -0.033115
 -0.004614
 -0.042627
  0.009549
 -0.019835
 -0.000467
 -0.003159
  0.004767
 -0.033369
 -0.014299
  0.025499
 -0.005627
  0.012864
  0.039174
  0.007284
  0.004584
 -0.025153
 -0.027894
 -0.045835
 -0.008065
  0.009775
  0.027851
 -0.000919
 -0.023153
 -0.001248
  0.036405
 -0.005262
 -0.000480
  0.034102
  0.017311
 -0.010058
 -0.002873
 -0.001816
  0.008567
 -0.002183
 -0.004302
  0.000841
  0.010046
  0.013854
  0.011174
 -0.007006
 -0.028091
  0.005828
 -0.003901
  0.002621
  0.006881
 -0.000123
  0.005412
  0.006362
 -0.009299
  0.003777
 -0.001891
  0.002680
  0.002642
 -0.004693
  0.007318
  0.006041
  0.001684
 -0.000216
  0.003276
  0.007215
  0.002210
 -0.006854
 -0.004352
 -0.000935
 -0.000777
 -0.005165
  0.001373
  0.004740
  0.003419
  0.002627
  0.009061
 -0.000412
  0.002133
  0.000748
  0.002103
 -0.001286
  0.000873
  0.003005
  0.005959
  0.002849
 -0.000518
 -0.003741
  0.014842
  0.001969
  0.001677
  0.004845
  0.003708
 -0.001163
 -0.003302
 -0.011026
 -0.008864
  0.002158
 -0.007790
 -0.001542
  0.001860
  0.009747
  0.001783
  0.002287
 -0.001669
 -0.022317
 -0.005491
  0.008203
 -0.000388
 -0.000922
  0.000042
 -0.005767
 -0.000241
  0.001728
 -0.004123
 -0.004695
  0.000359
 -0.010687
  0.004567
 -0.009810
 -0.005140
  0.010431
  0.002010
  0.004137
  0.008777
  0.006000
 -0.000754
 -0.006049
  0.003641
 -0.000470
  0.001348
 -0.002211
 -0.000957
  0.001828
  0.003074
 -0.001263
 -0.002551
 -0.001290
 -0.000229
 -0.007673
 -0.006502
 -0.002314
 -0.001640
 -0.001377
 -0.005033
  0.002670
  0.004051
  0.005787
 -0.005590
 -0.001749
  0.000700
  0.002020
  0.001843
 -0.005615
 -0.006081
  0.007770
  0.000590
  0.001906
  0.000647
 -0.006785
 -0.008271
 -0.013230
  0.000446
 -0.003866
 -0.004282
 -0.000467
  0.002929
 -0.001948
 -0.001908
  0.001687
  0.001399
  0.002804
 -0.000669
 -0.005867
 -0.000719
  0.000536
 -0.001483
 -0.002119
  0.003873
 -0.005404
 -0.003184
 -0.000175
 -0.001690
 -0.001642
  0.004225
  0.002770
  0.002798
  0.000590
 -0.000382
  0.000529
  0.001396
 -0.000764
  0.002060
 -0.000275
  0.001289
 -0.000698
 -0.004324
 -0.000078
 -0.001533
  0.001004
 -0.002352
 -0.000582
 -0.001254
 -0.003179
 -0.000803
  0.001127
  0.000033
 -0.000784
 -0.001843
  0.002073
  0.000877
  0.001177
  0.000539
 -0.002974
 -0.001257
  0.001405
 -0.000690
  0.000347
 -0.000531
  0.000761
 -0.000779
  0.000332
 -0.000947
  0.002971
  0.001082
 -0.000543
 -0.000024
 -0.003296
 -0.001063
  0.001076
  0.000165
  0.000393
 -0.001352
  0.000577
 -0.003234
  0.004422
 -0.000184
  0.002784
 -0.002959
 -0.000824
 -0.000381
 -0.004636
 -0.001571
 -0.003354
  0.002125
 -0.001365
 -0.001827
 -0.000563
  0.000644
  0.001344
 -0.000839
 -0.000778
  0.001404
  0.000183
  0.001813
 -0.000506
 -0.002009
  0.001098
 -0.000712
 -0.001211
  0.000906
  0.001248
  0.001070
 -0.000878
  0.000029
  0.000103
  0.000538
 -0.000630
  0.000385
  0.002879
 -0.000736
  0.002454
  0.001603
  0.000691
  0.000360
 -0.000060
  0.001093
  0.002321
 -0.001450
 -0.000346
  0.001765
 -0.000176
  0.000921
 -0.002192
 -0.000312
  0.003188
  0.001258
  0.001030
 -0.001318
  0.000467
  0.001973
  0.001063
 -0.000321
 -0.000507
  0.001393
  0.000188
  0.004089
  0.001504
 -0.000363
  0.002564
 -0.001891
 -0.000266
  0.003195
 -0.000721
  0.000508
  0.001285
  0.002822
 -0.001065
  0.001696
 -0.000608
 -0.000961
  0.001174
 -0.002244
 -0.000612
  0.000745
  0.000617
 -0.000128
 -0.000758
 -0.000297
 -0.000318
 -0.001904
  0.000874
 -0.000282
  0.000665
 -0.000657
  0.001060
 -0.000730
  0.000310
  0.000120
  0.000601
  0.000784
  0.000089
  0.000845
  0.000182
 -0.000611
 -0.000220
  0.000205
  0.000447
  0.000692
  0.001511
 -0.000367
  0.000437
  0.000909
  0.000429
 -0.000385
  0.000823
  0.000248
  0.001154
 -0.000312
  0.001668
 -0.000827
  0.002366
 -0.000434
  0.000066
  0.000262
 -0.000383
  0.000528
 -0.000373
 -0.000537
 -0.000302
 -0.001472
 -0.000510
  0.000287
 -0.000874
  0.000859
 -0.000983
  0.000633
  0.000048
 -0.000387
  0.000718
  0.000786
  0.000243
 -0.000835
  0.000659
  0.001001
 -0.000189
  0.000313
  0.000829
  0.000877
  0.000360
 -0.001089
  0.001578
  0.001119
 -0.000708
  0.001195
  0.000165
 -0.000164
 -0.000387
 -0.000066
 -0.000866
 -0.000430
  0.001016
  0.000130
  0.001434
 -0.000120
  0.000471
  0.001054
 -0.000787
 -0.000501
 -0.000518
  0.000130
  0.000210
 -0.000868
  0.000704
 -0.000687
 -0.000776
 -0.000009
  0.000671
  0.000597
  0.000848
 -0.000403
 -0.000853
  0.000106
 -0.001716
 -0.000639
  0.000415
  0.000014
 -0.000013
 -0.000104
 -0.000160
  0.000691
  0.000322
 -0.000319
  0.001200
  0.000717
 -0.000219
  0.000319
 -0.000207
 -0.000572
  0.000474
  0.000664
  0.000997
 -0.000197
  0.000021
 -0.000839
 -0.001002
  0.000042
 -0.000821
 -0.000525
 -0.000477
 -0.000451
 -0.000360
 -0.000100
  0.000528
 -0.000600
 -0.001502
 -0.000373
 -0.002168
  0.000761
 -0.000101
 -0.000347
  0.000845
  0.000118
  0.000076
  0.000479
 -0.000259
 -0.000261
 -0.000291
 -0.000150
 -0.000288
  0.000521
  0.000155
 -0.000736
  0.001527
  0.002037
  0.000360
 -0.000069
 -0.000886
 -0.000035
 -0.000080
 -0.000787
  0.002250
  0.002056
 -0.000316
  0.002557
 -0.001612
 -0.001391
 -0.000448
  0.001729
  0.000197
 -0.000105
  0.000666
  0.000837
 -0.000061
 -0.001407
  0.000925
 -0.000458
  0.000410
 -0.000395
  0.000501
  0.000017
  0.000363
 -0.000027
 -0.000863
 -0.000095
  0.000016
 -0.000068
 -0.000450
 -0.000171
  0.001108
  0.000332
 -0.000153
 -0.000302
  0.000281
 -0.000756
  0.000508
 -0.000212
  0.000283
 -0.000462
  0.000546
  0.000883
  0.000350
  0.000524
 -0.000190
 -0.000095
  0.000447
 -0.000195
  0.000046
  0.000549
 -0.000406
  0.000758
 -0.000587
 -0.000267
 -0.000198
 -0.000236
 -0.000176
 -0.000400
 -0.000086
 -0.001485
 -0.000225
  0.000295
 -0.000061
 -0.000621
 -0.000514
 -0.000062
 -0.000987
 -0.000006
 -0.000481
  0.000437
  0.000425
 -0.000021
  0.000158
 -0.000706
  0.000686
 -0.000152
 -0.000169
  0.000130
 -0.000101
  0.000558
  0.000021
 -0.000248
  0.000003
 -0.000337
 -0.000249
 -0.000320
 -0.000252
 -0.000416
 -0.000376
  0.000149
  0.000806
  0.000239
  0.000201
 -0.000581
 -0.000079
 -0.000096
 -0.000225
 -0.000020
  0.000244
 -0.000151
  0.000080
  0.000063
  0.000158
  0.000046
  0.000339
 -0.000129
 -0.000436
 -0.000188
  0.000493
  0.000338
 -0.000319
  0.000434
  0.000158
  0.000593
 -0.000544
 -0.000028
  0.000028
  0.000299
 -0.000103
  0.001378
 -0.000615
  0.000352
  0.000055
  0.000517
  0.000603
  0.000310
 -0.000571
 -0.000124
 -0.000145
 -0.000104
 -0.000023
  0.000350
  0.000302
 -0.000011
 -0.000293
  0.000281
 -0.000159
 -0.000379
 -0.000267
  0.000407
  0.000122
  0.000154
 -0.000450
 -0.000173
 -0.000159
 -0.000239
  0.000090
  0.000229
 -0.000175
 -0.000171
 -0.000435
  0.000482
  0.000401
  0.000036
 -0.000950
 -0.000271
 -0.000003
 -0.000301
  0.000109
 -0.000281
  0.000029
  0.000312
 -0.000089
  0.000035
  0.000224
 -0.000277
 -0.000433
  0.000080
 -0.000426
  0.000205
 -0.000229
  0.000264
  0.000138
 -0.000139
  0.000329
  0.000276
 -0.000071
 -0.000493
 -0.000177
  0.000222
  0.000940
  0.000127
 -0.000235
 -0.000477
  0.000076
 -0.000265
 -0.000157
  0.000082
  0.000140
 -0.000592
  0.000372
 -0.000260
  0.000031
 -0.000756
 -0.000398
  0.000368
 -0.000371
  0.000186
  0.000044
  0.000137
 -0.000233
  0.000802
  0.001868
  0.000575
  0.000583
 -0.000196
  0.000331
 -0.000994
  0.000141
 -0.000069
  0.000066
  0.000564
  0.000378
  0.000421
 -0.000005
 -0.000223
  0.000339
 -0.000008
 -0.000127
 -0.000251
  0.000337
 -0.000294
  0.000003
 -0.000919
  0.000375
 -0.000059
 -0.000079
  0.000089
  0.000062
  0.000242
 -0.000187
  0.000005
  0.000210
 -0.000268
  0.000385
 -0.000664
 -0.000174
 -0.000026
 -0.000191
 -0.000402
 -0.000076
 -0.000030
 -0.000830
 -0.000042
  0.000110
  0.000367
  0.000041
 -0.000023
  0.000061
 -0.000419
  0.000177
  0.000018
  0.000035
  0.000271
  0.000259
 -0.000030
  0.000225
  0.000324
 -0.000362
  0.000329
  0.000178
  0.000539
 -0.000454
  0.000093
  0.000383
 -0.000037
  0.000062
 -0.000088
  0.000222
  0.000299
 -0.000037
 -0.000161
  0.000029
 -0.000256
  0.000220
 -0.000165
 -0.000227
  0.000067
  0.000128
  0.000115
  0.000076
  0.000092
 -0.000131
 -0.000107
  0.000499
 -0.000189
  0.000209
  0.000259
  0.000118
  0.000118
 -0.000163
 -0.000043
 -0.000128
 -0.000005
 -0.000010
 -0.000417
 -0.000195
  0.000235
  0.000020
  0.000091
 -0.000034
 -0.000100
  0.000396
  0.000162
  0.000407
 -0.000156
  0.000063
 -0.000244
 -0.000086
  0.000151
 -0.000119
 -0.000058
  0.000168
 -0.000010
 -0.000185
  0.000249
  0.000138
  0.000094
  0.000025
  0.000018
  0.000245
 -0.000100
  0.000108
  0.000046
 -0.000054
  0.000007
  0.000011
 -0.000114
 -0.000255
 -0.000058
  0.000019
  0.000097
  0.000063
  0.000119
 -0.000055
  0.000046
 -0.000013
  0.000020
 -0.000102
 -0.000021
 -0.000046
  0.000073
 -0.000030
 -0.000097
