 -0.027939
  0.140035
  0.379032
  0.492721
  0.484191
 -0.113483
 -0.376205
  0.131865
  0.387125
 -0.009907
  0.112566
  0.015898
 -0.040695
  0.002457
 -0.022351
  0.018223
  0.000619
  0.029929
 -0.025633
 -0.044770
  0.060900
 -0.001355
 -0.016312
 -0.022018
 -0.020077
 -0.025689
  0.031621
  0.015898
  0.002069
  0.052191
 -0.038783
 -0.004915
  0.003828
 -0.039034
  0.017273
  0.001113
  0.016745
 -0.016957
  0.015232
 -0.022087
 -0.008694
  0.003998
 -0.004436
  0.005372
 -0.002384
 -0.010822
 -0.003784
  0.010926
 -0.002978
 -0.001904
  0.010074
  0.005665
 -0.005802
  0.013167
 -0.004606
  0.011320
 -0.006073
  0.015852
  0.003817
 -0.001973
 -0.000620
  0.005552
  0.002061
  0.013591
 -0.003053
 -0.004453
  0.000287
  0.002997
  0.005425
 -0.001328
 -0.006230
  0.005117
  0.010238
  0.000463
 -0.008700
 -0.001090
  0.001107
  0.000006
  0.001560
  0.008838
 -0.002821
 -0.004734
  0.002404
 -0.002159
  0.008133
  0.005863
  0.004771
 -0.004461
  0.004818
  0.002260
  0.001625
 -0.006094
  0.002047
 -0.000572
 -0.004797
 -0.000296
  0.000865
 -0.001940
 -0.007909
  0.001442
  0.001037
  0.003063
 -0.001774
 -0.006650
  0.001594
 -0.010068
  0.003684
 -0.000134
  0.006516
  0.002409
 -0.000061
  0.003043
  0.000965
  0.002886
 -0.000067
 -0.007847
  0.001471
 -0.001770
  0.001132
 -0.000508
  0.000943
  0.000866
  0.000908
  0.000770
  0.003799
 -0.000981
  0.000883
 -0.000975
  0.004221
  0.006741
 -0.003245
 -0.001610
  0.000541
 -0.004957
 -0.000996
 -0.000594
  0.001101
  0.000621
  0.000097
  0.002631
 -0.001904
  0.000438
 -0.001198
  0.002763
 -0.002000
 -0.000038
 -0.000088
 -0.002348
  0.000050
  0.000067
  0.000915
 -0.000679
  0.001810
 -0.003918
  0.000750
 -0.000388
  0.000924
 -0.000808
 -0.002933
  0.000341
 -0.000692
 -0.000706
  0.000963
  0.000686
 -0.008473
 -0.000587
  0.002382
 -0.004443
 -0.001215
 -0.000379
 -0.001624
  0.000256
  0.002836
  0.002271
  0.000111
 -0.001904
 -0.000039
 -0.002584
 -0.000155
 -0.000423
  0.004062
  0.000252
  0.002813
 -0.005710
  0.005885
  0.008637
 -0.008572
 -0.003901
  0.002104
  0.004771
 -0.002331
 -0.005081
 -0.000968
  0.001095
  0.001668
 -0.001782
 -0.006005
 -0.000128
 -0.000576
  0.000360
  0.000817
 -0.000561
  0.003605
  0.004520
 -0.001214
 -0.002773
  0.000283
 -0.001002
  0.000034
 -0.000127
  0.001510
 -0.001070
  0.001594
  0.000924
  0.003242
 -0.004593
 -0.002010
  0.001575
  0.001539
 -0.000148
 -0.001734
 -0.001266
 -0.000239
 -0.000397
 -0.003181
  0.000413
 -0.002046
 -0.000526
 -0.003126
 -0.003320
 -0.002694
 -0.001177
  0.002510
  0.000866
 -0.001457
  0.000170
 -0.000209
 -0.001359
  0.000089
  0.000071
 -0.000845
 -0.001393
 -0.000466
  0.000263
 -0.000959
 -0.000244
  0.000444
 -0.000878
 -0.000113
 -0.000342
 -0.001402
 -0.000345
  0.000757
  0.000331
 -0.000587
  0.001867
  0.001117
  0.001259
 -0.001879
 -0.000541
 -0.002448
 -0.000536
 -0.000423
 -0.000406
  0.000114
 -0.000020
 -0.000504
 -0.001497
 -0.001879
 -0.000021
 -0.000365
  0.000648
 -0.001163
 -0.001334
 -0.000701
  0.001902
  0.000830
 -0.000064
 -0.000306
 -0.000196
  0.000677
  0.001291
  0.001332
  0.000323
  0.000592
  0.000304
 -0.000477
 -0.000318
  0.000695
 -0.000451
  0.000880
  0.000038
 -0.000502
 -0.002145
  0.000274
  0.000251
 -0.000231
 -0.000241
 -0.000263
  0.000534
  0.000745
  0.000401
  0.000844
 -0.000866
  0.000177
  0.000830
  0.000454
  0.000077
 -0.000137
  0.000186
  0.000120
  0.000030
  0.000198
 -0.000512
  0.000898
 -0.000053
 -0.001057
  0.000092
 -0.000128
 -0.000174
  0.000751
 -0.000536
  0.000679
  0.000426
 -0.000080
 -0.000472
  0.000905
  0.000451
 -0.000360
  0.000361
 -0.000322
 -0.000303
  0.000816
  0.000203
 -0.000221
 -0.000528
 -0.000513
 -0.000982
 -0.000047
 -0.000611
 -0.000462
 -0.000823
  0.000358
 -0.000433
 -0.000752
  0.000638
  0.000249
  0.000113
  0.001331
  0.000523
  0.001932
  0.000413
  0.000393
  0.002733
  0.000850
 -0.000362
 -0.002288
 -0.001918
 -0.000677
 -0.000690
  0.003048
  0.006911
 -0.001162
 -0.000048
  0.000850
 -0.001237
  0.000662
  0.002358
  0.001972
  0.000424
  0.000138
  0.004171
 -0.000667
  0.001092
 -0.001889
 -0.000160
  0.001554
 -0.002381
  0.001446
 -0.002214
 -0.000299
 -0.000207
  0.000278
  0.002696
  0.000592
  0.002188
  0.005306
 -0.005581
  0.000197
 -0.000690
  0.000826
 -0.002212
 -0.000472
  0.001530
 -0.000140
  0.002110
  0.002985
  0.000726
 -0.000904
 -0.000542
  0.000553
 -0.001141
  0.002573
  0.001687
 -0.000402
  0.001278
  0.001537
 -0.000065
 -0.001170
 -0.000055
  0.000919
 -0.001129
  0.002260
  0.000100
 -0.001011
 -0.001384
 -0.000734
  0.000401
 -0.000138
  0.000511
  0.003043
 -0.000289
 -0.000303
  0.000009
 -0.001367
 -0.002580
 -0.002291
  0.000955
  0.000608
  0.000947
  0.000296
 -0.002328
  0.000696
 -0.002897
  0.001964
 -0.001036
 -0.000270
 -0.000130
 -0.000549
 -0.000470
 -0.000581
  0.000569
  0.001527
  0.000304
  0.000305
  0.000156
 -0.001068
  0.000943
  0.000644
  0.000780
 -0.000242
 -0.000703
  0.000315
 -0.001218
 -0.000395
  0.000711
 -0.001630
 -0.001910
  0.000335
 -0.001914
  0.001995
 -0.000362
 -0.001373
 -0.000759
 -0.000555
 -0.000039
  0.002805
  0.000427
  0.001181
  0.001762
  0.000699
  0.001032
 -0.001265
  0.000411
 -0.002046
 -0.001838
  0.000031
 -0.000212
 -0.001395
 -0.000389
 -0.000462
  0.000126
  0.001234
 -0.000535
  0.000240
 -0.000049
  0.000182
  0.000107
 -0.000825
  0.000072
 -0.000273
 -0.000217
 -0.000486
  0.000106
  0.000391
  0.000526
 -0.000246
  0.000913
  0.000742
  0.000329
  0.000856
  0.000108
  0.001828
  0.000616
 -0.000226
 -0.000521
  0.000824
 -0.000400
 -0.000553
  0.000127
  0.000450
  0.000145
 -0.000554
  0.000680
  0.000090
  0.000045
 -0.000021
 -0.000466
 -0.000760
  0.000084
  0.000240
 -0.000075
  0.001110
 -0.000280
 -0.000129
 -0.000260
  0.000820
 -0.000639
  0.000485
 -0.001244
  0.000611
 -0.000578
  0.000999
 -0.000951
 -0.000714
 -0.000671
 -0.000247
 -0.000531
 -0.000210
 -0.000895
  0.000051
  0.000676
 -0.000809
 -0.000668
  0.001479
  0.000450
 -0.001146
  0.001375
 -0.001235
  0.000857
  0.000329
 -0.000442
  0.000195
 -0.000098
  0.000780
  0.000358
  0.000465
 -0.000874
  0.000421
 -0.000043
  0.000217
  0.000165
  0.000728
  0.000409
  0.000272
  0.000178
  0.000709
  0.000428
  0.000223
 -0.000507
  0.000182
 -0.000695
 -0.000783
  0.001033
 -0.000135
 -0.000453
 -0.000989
 -0.000180
 -0.000415
  0.000602
 -0.000129
  0.000237
  0.000352
  0.000259
 -0.000247
 -0.001566
  0.000022
 -0.000334
 -0.000054
 -0.000190
  0.000348
 -0.001131
 -0.000002
  0.001185
  0.000256
 -0.000482
 -0.000397
 -0.000320
 -0.000516
  0.000289
  0.000100
 -0.000366
 -0.000283
  0.000486
 -0.000425
 -0.000834
  0.001064
 -0.000085
  0.000259
  0.000719
 -0.000065
 -0.000431
 -0.000343
 -0.000060
  0.000273
 -0.000124
 -0.000550
  0.000117
 -0.000455
 -0.000505
 -0.000367
  0.000371
 -0.000158
 -0.000630
 -0.000044
 -0.000512
 -0.000491
  0.000011
  0.000354
  0.000359
  0.000346
 -0.000677
  0.000193
 -0.000017
  0.000029
 -0.000105
  0.000169
  0.000713
 -0.000125
  0.000245
  0.000507
  0.000762
 -0.000164
  0.000909
  0.000088
 -0.000190
  0.000458
  0.000660
  0.000546
 -0.000253
 -0.000133
  0.001558
  0.000197
 -0.000374
 -0.000576
 -0.001120
  0.001044
 -0.000680
  0.000542
  0.000844
  0.000139
  0.000296
 -0.000843
 -0.000492
 -0.001446
  0.000168
  0.000472
  0.000294
 -0.000286
  0.000202
  0.000436
  0.002085
  0.000964
 -0.000443
 -0.000009
  0.000615
  0.000042
 -0.001070
  0.000711
  0.001390
 -0.002140
 -0.000047
 -0.001331
  0.001211
 -0.000140
 -0.000648
  0.000137
  0.000947
 -0.000657
 -0.000757
 -0.000746
  0.000079
  0.000783
 -0.000123
 -0.000022
 -0.000987
  0.001748
  0.001980
  0.001694
  0.000208
 -0.000136
 -0.000722
 -0.000135
  0.001493
  0.000364
 -0.000427
 -0.000245
 -0.000291
  0.001486
  0.000133
  0.000404
  0.000092
 -0.000318
  0.000129
  0.000205
 -0.000121
 -0.000192
  0.000261
  0.000027
  0.000293
 -0.000010
  0.000177
 -0.000048
 -0.000490
  0.000522
  0.000179
 -0.000102
 -0.000146
  0.000630
  0.000068
  0.000115
  0.000233
  0.000612
  0.000209
 -0.000279
  0.000329
 -0.000321
  0.000226
 -0.000067
 -0.000043
 -0.000004
  0.000242
 -0.000174
 -0.000288
 -0.000103
  0.000206
 -0.000329
  0.000142
 -0.000091
 -0.000118
 -0.000133
  0.000585
  0.000057
 -0.000402
  0.000213
 -0.000347
  0.000121
 -0.000147
 -0.000379
 -0.000057
  0.000149
 -0.000040
 -0.000511
 -0.000219
 -0.000574
 -0.000446
  0.000065
  0.000034
 -0.000039
 -0.000211
  0.000117
  0.000071
  0.000570
  0.000293
  0.000194
 -0.000220
  0.000239
  0.000062
  0.000194
  0.000363
  0.000586
 -0.000001
 -0.000167
 -0.000006
 -0.000067
 -0.000035
  0.000122
  0.000208
  0.000252
  0.000096
  0.000588
 -0.000160
 -0.000127
  0.000247
 -0.000096
  0.000132
 -0.000023
  0.000113
  0.000410
  0.000035
  0.000067
 -0.000011
 -0.000212
  0.000007
  0.000072
 -0.000129
  0.000014
 -0.000196
 -0.000050
  0.000150
 -0.000109
  0.000398
  0.000165
  0.000167
  0.000112
  0.000013
  0.000063
  0.000030
 -0.000033
 -0.000022
  0.000002
  0.000012
 -0.000036
  0.000028
  0.000007
