 -0.016977
  0.079835
  0.058776
  0.647455
 -0.649012
  0.143312
  0.127678
  0.224169
  0.082615
  0.011158
 -0.174120
  0.015639
  0.023016
  0.063750
 -0.021404
 -0.028964
  0.002270
  0.001594
  0.010358
 -0.102388
  0.008028
  0.055700
 -0.027306
 -0.000819
  0.010484
 -0.009053
 -0.007182
  0.035912
 -0.026818
  0.008813
 -0.001453
  0.011536
  0.020006
 -0.001182
 -0.011815
 -0.006326
  0.009485
  0.013436
 -0.010348
 -0.001903
 -0.005913
  0.005025
 -0.000445
 -0.001494
 -0.000164
 -0.009939
 -0.005663
  0.001256
  0.000318
 -0.001472
  0.003495
  0.010158
  0.002715
  0.002781
 -0.007904
 -0.001244
 -0.001522
 -0.005574
  0.003061
 -0.000869
 -0.002428
 -0.000529
  0.005323
 -0.000714
  0.000158
 -0.002812
 -0.000996
 -0.000541
  0.002454
  0.004138
 -0.002454
  0.003523
  0.003243
 -0.000914
  0.004828
  0.001890
 -0.001387
  0.000223
 -0.001298
 -0.001859
 -0.002521
  0.002421
  0.001001
  0.000834
 -0.000316
 -0.002046
 -0.001584
 -0.005488
  0.000118
 -0.001289
  0.000254
 -0.000315
  0.003279
 -0.000546
 -0.001569
 -0.001519
  0.001173
 -0.000499
 -0.001580
  0.001133
 -0.003455
 -0.000279
  0.001203
 -0.000396
  0.001986
 -0.003313
  0.001565
  0.001197
  0.001703
 -0.001645
 -0.000674
  0.001139
  0.002082
  0.001029
  0.001193
 -0.001212
 -0.000703
  0.000897
 -0.000685
  0.000265
  0.000821
  0.000867
  0.000601
  0.000510
  0.000233
 -0.000349
 -0.000130
  0.000471
  0.001980
 -0.001384
  0.001250
 -0.000067
 -0.001614
 -0.001005
 -0.002084
  0.000283
  0.000314
  0.000995
 -0.001554
 -0.004711
 -0.000334
  0.000684
 -0.002891
  0.000404
 -0.000881
 -0.001626
  0.002388
 -0.001568
  0.001738
  0.004061
  0.001361
  0.001592
 -0.000264
  0.000673
  0.004454
  0.001459
 -0.002038
 -0.000811
  0.000729
 -0.000198
 -0.001203
 -0.001294
  0.000271
  0.002255
 -0.000026
 -0.001388
 -0.000781
  0.000707
 -0.000516
  0.000052
  0.000742
 -0.002058
 -0.000510
 -0.000787
 -0.000788
 -0.002444
 -0.001082
  0.000237
  0.000717
  0.001801
  0.001176
  0.000326
  0.001053
  0.003521
  0.001474
 -0.000034
 -0.000279
  0.000922
 -0.000161
 -0.000250
  0.000325
  0.001015
  0.000092
  0.000949
  0.001327
 -0.000237
  0.000412
  0.000062
  0.001476
 -0.000574
 -0.000444
 -0.000066
 -0.000085
 -0.000195
 -0.000638
  0.000551
 -0.001488
  0.000332
  0.000156
  0.000138
  0.000483
  0.000777
  0.000166
 -0.000555
 -0.001673
  0.000634
 -0.000097
  0.000362
 -0.000349
  0.000493
 -0.001273
  0.000569
 -0.001877
  0.001949
 -0.000278
  0.001671
 -0.000865
  0.000485
  0.001505
  0.001123
  0.000857
  0.000907
 -0.000646
 -0.000136
  0.000050
  0.001286
 -0.000448
  0.001024
 -0.000918
  0.000268
  0.001138
  0.000792
  0.000855
  0.000406
  0.000872
  0.000797
  0.000246
 -0.000156
  0.000167
 -0.001188
 -0.000272
  0.000170
 -0.000591
 -0.000121
 -0.001052
  0.001005
  0.000592
 -0.000501
 -0.001021
  0.000733
  0.000883
  0.000113
 -0.000259
 -0.000732
 -0.000356
  0.000318
 -0.000418
 -0.000448
 -0.000510
  0.000475
 -0.000316
  0.000499
  0.000092
  0.000184
  0.000126
 -0.000558
  0.000049
  0.002167
  0.000194
 -0.000626
 -0.000341
  0.000237
 -0.000979
  0.000498
  0.000599
 -0.000493
  0.000098
 -0.000494
 -0.000140
 -0.000138
  0.001149
 -0.000281
 -0.000528
 -0.001525
  0.000146
  0.001313
  0.001320
  0.000123
  0.001096
 -0.000099
  0.000403
  0.000303
  0.000413
  0.000055
  0.000415
  0.000073
 -0.000189
  0.000551
 -0.000396
 -0.000239
 -0.001110
 -0.000458
 -0.000294
 -0.000215
 -0.000663
 -0.000329
 -0.000297
 -0.000433
  0.000234
  0.000008
  0.000102
  0.000321
  0.000019
  0.000103
 -0.000180
 -0.000343
 -0.000206
  0.000329
 -0.000206
 -0.000441
 -0.000220
  0.000154
 -0.000328
  0.000385
  0.000190
  0.000098
 -0.000506
 -0.000221
  0.000968
 -0.000861
  0.000625
 -0.000808
  0.000059
 -0.000095
  0.000289
 -0.000881
 -0.000121
 -0.000592
  0.000502
 -0.000282
 -0.000672
  0.000342
  0.000777
  0.000055
 -0.000263
 -0.000582
 -0.000264
 -0.000217
 -0.000767
 -0.000557
  0.000048
 -0.000962
  0.001574
  0.000222
 -0.000338
 -0.000414
 -0.000252
 -0.001338
  0.000042
  0.000525
  0.000634
  0.000542
 -0.000454
 -0.000187
  0.000567
 -0.000488
 -0.000289
  0.000118
  0.000224
 -0.000846
  0.000087
  0.000556
 -0.000140
 -0.000283
 -0.000089
 -0.000094
  0.000962
  0.000199
 -0.000040
 -0.000945
  0.000226
 -0.000223
 -0.000456
  0.000476
 -0.000036
  0.000341
  0.000544
 -0.000053
 -0.000055
 -0.000062
  0.000253
 -0.000762
  0.000755
  0.000522
  0.000059
 -0.001444
 -0.000898
 -0.000986
  0.000501
 -0.000278
  0.000203
 -0.000687
  0.000654
  0.001820
 -0.000491
 -0.000023
  0.000754
  0.000222
  0.000188
 -0.000821
  0.000751
  0.000129
 -0.000772
 -0.000134
  0.000303
 -0.000340
  0.000567
 -0.001331
  0.000927
  0.001474
 -0.000735
 -0.001289
 -0.000253
 -0.002458
  0.000068
  0.001036
  0.002550
 -0.000305
  0.002286
  0.000768
  0.000371
 -0.000025
 -0.000573
 -0.000148
  0.002759
 -0.001449
  0.000887
  0.001078
  0.000556
 -0.001254
 -0.000177
  0.000800
 -0.000876
 -0.000427
 -0.000213
  0.000363
 -0.000641
  0.000240
  0.001220
 -0.000162
 -0.000757
 -0.000105
 -0.000044
 -0.000960
 -0.000175
 -0.000072
 -0.000410
  0.000284
 -0.000255
  0.000109
  0.000379
  0.000172
  0.000205
  0.000199
  0.000738
 -0.000825
  0.000304
  0.000122
  0.000032
  0.000515
 -0.000589
 -0.000081
  0.000027
 -0.000291
  0.000093
  0.000039
  0.000147
 -0.000731
  0.000907
 -0.000086
  0.000069
 -0.000016
  0.001666
 -0.000294
 -0.000086
  0.000190
 -0.000400
 -0.000375
  0.000526
 -0.000428
 -0.000725
 -0.000208
 -0.000708
 -0.000194
  0.000202
 -0.000154
 -0.000845
  0.000605
  0.000168
 -0.000046
  0.000493
 -0.000784
  0.000402
 -0.000118
  0.000130
 -0.000143
 -0.000002
 -0.000038
  0.000045
  0.000148
  0.000021
 -0.000043
  0.000095
 -0.000013
 -0.000173
 -0.000069
  0.000055
 -0.000101
 -0.000557
 -0.000161
 -0.000032
  0.000018
  0.000004
 -0.000570
 -0.000149
 -0.000119
 -0.000071
  0.000200
 -0.000119
 -0.000244
  0.000629
  0.000100
 -0.000009
  0.000052
 -0.000016
 -0.000730
 -0.000256
  0.000179
  0.000124
  0.000778
 -0.000239
 -0.000283
 -0.000041
 -0.000056
 -0.000438
 -0.000558
  0.000396
 -0.000168
 -0.000429
  0.000060
  0.000188
  0.000047
 -0.000154
 -0.000154
  0.000293
  0.000012
 -0.000187
 -0.000087
 -0.000422
 -0.000336
 -0.000234
  0.000055
 -0.000181
 -0.000023
 -0.000202
 -0.000549
  0.000356
 -0.000050
 -0.000324
  0.000082
 -0.000193
  0.000250
  0.000160
 -0.000111
  0.000056
  0.000014
  0.000280
  0.000398
 -0.000401
  0.000195
 -0.000359
 -0.000426
 -0.000034
 -0.000841
  0.000220
  0.000005
  0.000573
 -0.000168
  0.000215
 -0.000254
 -0.000389
  0.000370
 -0.000397
 -0.000178
  0.000782
  0.000267
 -0.000005
  0.000062
  0.000687
  0.000745
  0.000298
  0.000179
 -0.000496
  0.000038
  0.000232
 -0.000399
 -0.000109
  0.000312
 -0.000374
 -0.000177
 -0.000031
  0.000125
 -0.000042
 -0.000287
 -0.000003
  0.000403
  0.000078
  0.000227
  0.000197
  0.000526
  0.000340
  0.000103
  0.000214
 -0.000155
 -0.000139
  0.000454
 -0.000197
  0.000584
  0.000279
 -0.000419
 -0.000452
 -0.000322
 -0.000917
 -0.000008
  0.000329
 -0.000081
 -0.000007
 -0.000062
 -0.000316
  0.000273
  0.000078
 -0.000210
  0.000453
 -0.000195
  0.000142
  0.000040
 -0.000103
  0.000131
  0.000114
 -0.000144
  0.000583
 -0.000032
 -0.000213
  0.000243
  0.000147
 -0.000229
  0.000140
 -0.000503
 -0.000279
 -0.000048
 -0.000091
  0.000111
  0.000231
  0.000282
 -0.000150
  0.000421
  0.000479
 -0.000321
  0.000105
 -0.000652
  0.000716
  0.000233
  0.000020
 -0.000003
 -0.000774
 -0.000101
  0.000229
 -0.000107
 -0.000236
  0.000162
  0.000097
  0.000010
  0.000260
 -0.000165
 -0.000010
  0.000055
  0.000189
  0.000223
  0.000114
  0.000223
 -0.000023
  0.000117
  0.000230
  0.000237
  0.000338
 -0.000191
  0.000139
  0.000257
  0.000004
  0.000097
 -0.000138
 -0.000148
 -0.000046
 -0.000219
 -0.000392
  0.000208
  0.000141
  0.000046
 -0.000152
 -0.000155
  0.000366
  0.000242
 -0.000295
  0.000102
  0.000366
 -0.000184
 -0.000316
  0.000178
  0.000079
  0.000013
  0.000103
  0.000174
  0.000188
 -0.000100
 -0.000035
 -0.000149
  0.000105
  0.000190
 -0.000203
  0.000045
 -0.000206
 -0.000383
 -0.000296
  0.000233
 -0.000029
  0.000188
 -0.000156
 -0.000310
  0.000108
  0.000174
  0.000571
 -0.000529
 -0.000068
 -0.000022
  0.000251
  0.000120
 -0.000256
 -0.000166
  0.000069
  0.000021
 -0.000087
 -0.000210
  0.000070
  0.000017
  0.000145
 -0.000073
  0.000092
 -0.000038
  0.000030
 -0.000012
 -0.000186
 -0.000061
  0.000009
 -0.000066
 -0.000114
  0.000065
 -0.000301
  0.000092
 -0.000195
 -0.000156
  0.000006
  0.000292
  0.000503
 -0.000235
 -0.000010
 -0.000145
 -0.000085
 -0.000015
 -0.000319
 -0.000044
 -0.000304
  0.000088
  0.000033
  0.000023
 -0.000068
 -0.000030
  0.000006
  0.000016
 -0.000203
 -0.000032
 -0.000012
 -0.000081
 -0.000137
  0.000249
 -0.000036
 -0.000004
  0.000081
 -0.000121
  0.000041
  0.000143
  0.000095
 -0.000114
  0.000134
 -0.000018
 -0.000074
 -0.000064
  0.000003
 -0.000003
 -0.000063
 -0.000066
 -0.000005
 -0.000004
  0.000015
 -0.000020
 -0.000022
