  0.012366
  0.067201
  0.746961
 -0.629963
  0.142599
  0.011824
  0.059842
  0.015223
 -0.009725
 -0.010302
 -0.037393
 -0.036124
 -0.015027
 -0.009440
  0.000506
 -0.074174
 -0.015951
  0.013928
 -0.002088
 -0.062918
  0.033411
 -0.009213
 -0.004813
 -0.001830
  0.013619
 -0.009546
  0.026387
  0.005315
 -0.001569
  0.000266
  0.000686
  0.012242
  0.001758
 -0.009814
 -0.008635
 -0.000367
 -0.005777
 -0.007735
  0.001186
 -0.000814
  0.000429
 -0.004920
 -0.007057
 -0.001164
  0.005705
  0.001074
 -0.000523
  0.003904
  0.001611
 -0.000134
 -0.003862
 -0.000278
  0.001735
  0.003878
  0.000613
 -0.001747
  0.001337
 -0.000829
 -0.000632
  0.001115
 -0.001681
  0.000887
  0.004238
  0.004615
  0.001030
  0.003965
  0.000126
 -0.002674
 -0.001599
  0.001408
 -0.001353
 -0.004472
  0.001786
  0.000304
 -0.003315
 -0.003166
 -0.000664
 -0.000195
  0.000098
  0.001696
 -0.000621
 -0.000652
  0.002247
 -0.001559
  0.002867
 -0.000956
 -0.000135
  0.001523
  0.001052
 -0.000115
  0.000522
 -0.000139
 -0.000085
 -0.001459
  0.000079
 -0.000229
  0.000907
  0.000252
  0.001425
  0.004447
  0.002098
 -0.001885
  0.000126
 -0.000557
 -0.000239
 -0.001431
  0.000870
 -0.000685
 -0.001132
  0.000802
  0.001658
  0.001157
 -0.002450
 -0.000879
  0.000456
  0.000003
  0.001596
  0.000592
  0.001389
  0.000171
  0.000422
 -0.001769
 -0.001063
 -0.001131
  0.000750
  0.000194
  0.001020
  0.000823
  0.000289
  0.000753
 -0.000355
  0.002170
  0.000276
  0.000245
  0.000013
  0.001191
 -0.001358
 -0.000180
  0.000475
  0.000292
  0.000077
 -0.000825
  0.000295
  0.000696
  0.001500
  0.000356
 -0.000300
  0.000094
  0.000408
  0.001753
  0.000741
 -0.000079
  0.001197
 -0.000078
  0.000103
 -0.000610
 -0.000274
 -0.000194
 -0.000336
 -0.000809
 -0.000170
  0.000407
 -0.000256
 -0.000050
  0.000494
  0.000743
 -0.000405
 -0.000848
  0.000441
  0.000091
 -0.000249
 -0.000369
  0.000857
 -0.000184
 -0.000292
 -0.000440
  0.000576
 -0.001383
 -0.000194
  0.000044
 -0.000569
 -0.000060
 -0.000330
  0.000214
  0.000969
  0.001028
 -0.000549
  0.000351
 -0.000169
  0.000260
  0.000009
 -0.000593
  0.000828
  0.000316
  0.000433
  0.000383
  0.000005
  0.000605
  0.000254
 -0.000219
  0.000136
  0.000746
 -0.000160
  0.000351
  0.000025
  0.000091
 -0.000034
 -0.000728
  0.000977
 -0.000030
  0.000269
 -0.000035
  0.000262
  0.000428
  0.000301
  0.000070
  0.000063
  0.000077
 -0.000279
  0.000273
 -0.000419
  0.000279
  0.000252
 -0.000131
  0.000181
 -0.000211
  0.000079
  0.000408
  0.000037
 -0.000441
  0.000127
 -0.000147
  0.000026
  0.000001
 -0.000144
  0.000142
  0.000610
  0.000039
 -0.000105
 -0.000311
  0.000440
  0.000179
  0.000350
  0.000103
 -0.000364
 -0.000180
 -0.000177
  0.000083
  0.000293
 -0.000322
 -0.000094
 -0.000763
  0.000664
  0.000078
  0.000481
  0.000096
 -0.000430
  0.000135
  0.000021
  0.000626
  0.000092
  0.000402
  0.000833
 -0.000364
 -0.000073
 -0.000145
 -0.000553
  0.000172
 -0.000234
 -0.000745
 -0.000141
 -0.000448
  0.000658
  0.000547
 -0.000661
 -0.000141
 -0.000418
 -0.000135
  0.000221
  0.000756
 -0.000178
 -0.000657
 -0.000107
  0.000367
  0.000243
 -0.000023
 -0.000528
  0.000208
 -0.000518
  0.000402
  0.000345
 -0.000190
  0.000115
  0.000047
 -0.000100
 -0.000080
 -0.000211
  0.000113
  0.000158
 -0.000105
 -0.000179
 -0.000160
 -0.000583
  0.000349
 -0.000465
 -0.000514
 -0.000183
 -0.000103
  0.000078
  0.000644
  0.000122
  0.000349
  0.000057
 -0.000093
 -0.000222
  0.000638
  0.000351
  0.000390
 -0.000215
  0.000179
  0.000316
 -0.000579
  0.000248
  0.000374
 -0.000400
 -0.000603
  0.000102
  0.000077
 -0.000282
  0.000149
 -0.000482
  0.000441
  0.000060
  0.000155
 -0.000150
 -0.000102
 -0.000048
  0.000159
  0.000093
  0.000172
 -0.000141
 -0.000193
 -0.000339
 -0.000046
 -0.000113
  0.000248
 -0.000067
  0.000261
 -0.000081
  0.000306
 -0.000065
 -0.000035
  0.000048
 -0.000075
 -0.000083
 -0.000537
 -0.000226
  0.000155
  0.000021
 -0.000168
  0.000073
  0.000018
 -0.000474
 -0.000051
  0.000098
 -0.000090
  0.000076
 -0.000456
 -0.000133
 -0.000232
 -0.000067
  0.000103
 -0.000034
 -0.000066
 -0.000300
  0.000107
 -0.000103
  0.000149
  0.000073
  0.000046
  0.000347
  0.000114
 -0.000025
  0.000106
  0.000170
 -0.000476
 -0.000186
  0.000520
 -0.000504
 -0.000192
  0.000088
 -0.000185
 -0.000501
 -0.000013
  0.000012
  0.000062
 -0.000325
  0.000200
  0.000337
 -0.000068
  0.000127
  0.000035
  0.000438
 -0.000406
 -0.000133
 -0.000486
 -0.000179
  0.000300
 -0.000522
  0.001037
  0.000293
  0.000669
  0.000583
 -0.000250
  0.000527
  0.000063
 -0.000069
 -0.000443
  0.000366
 -0.000198
  0.000103
 -0.000430
  0.000280
 -0.000135
 -0.000304
 -0.000419
 -0.000000
 -0.000045
 -0.000607
  0.000516
  0.000020
  0.000404
  0.000418
  0.000998
 -0.000344
 -0.000340
  0.000106
 -0.000496
  0.000474
  0.000820
 -0.000039
 -0.000037
 -0.000496
  0.000274
 -0.000023
  0.000140
  0.000253
 -0.000094
  0.000097
  0.000334
 -0.000198
 -0.000002
 -0.000092
  0.000470
  0.000097
  0.000343
  0.000089
  0.000202
  0.000204
  0.000118
  0.000291
 -0.000236
 -0.000119
 -0.000375
  0.001489
  0.000225
  0.000305
 -0.000453
  0.000238
  0.000056
  0.000208
 -0.000139
  0.000029
 -0.000762
  0.000310
 -0.000405
 -0.000145
  0.000325
 -0.000061
  0.000914
  0.000435
 -0.000220
 -0.000364
 -0.000181
  0.000120
 -0.000561
  0.000210
 -0.000061
 -0.000201
 -0.000318
 -0.000159
  0.000118
  0.000490
  0.000853
  0.000114
 -0.000377
 -0.000584
 -0.000139
  0.000386
  0.000096
 -0.000235
  0.000030
  0.000528
  0.000411
 -0.000272
  0.000395
 -0.000129
 -0.000412
  0.000552
  0.000155
  0.000303
 -0.000117
 -0.000280
  0.000489
  0.000741
  0.000232
  0.000714
 -0.000382
 -0.000257
 -0.000220
 -0.000506
  0.001044
  0.000797
  0.000548
 -0.000365
  0.000965
  0.000492
  0.000051
 -0.000061
 -0.000114
  0.000088
 -0.000165
  0.000259
  0.000026
 -0.000003
 -0.000214
  0.000160
  0.000150
  0.000587
  0.000547
  0.000245
 -0.000004
 -0.000061
 -0.000221
  0.000309
 -0.000537
 -0.000195
  0.000023
 -0.000109
 -0.000158
 -0.000254
  0.000053
 -0.000252
 -0.000129
  0.000191
  0.000181
 -0.000156
 -0.000131
  0.000213
 -0.000687
 -0.000011
  0.000170
 -0.000286
 -0.000111
 -0.000069
  0.000027
  0.000121
  0.000353
 -0.000095
  0.000079
  0.000129
  0.000244
  0.000223
 -0.000145
  0.000240
 -0.000341
  0.000159
  0.000271
  0.000094
  0.000115
  0.000113
  0.000100
 -0.000224
  0.000209
 -0.000137
  0.000217
 -0.000343
  0.000089
  0.000099
  0.000088
 -0.000225
  0.000084
  0.000160
 -0.000396
  0.000258
  0.000255
 -0.000019
 -0.000562
  0.000066
  0.000043
  0.000342
 -0.000324
 -0.000122
  0.000025
 -0.000230
  0.000312
 -0.000388
 -0.000236
  0.000146
 -0.000051
  0.000174
 -0.000224
 -0.000059
  0.000229
  0.000065
 -0.000208
  0.000160
 -0.000036
 -0.000130
  0.000230
  0.000046
  0.000266
 -0.000180
 -0.000016
  0.000185
 -0.000106
 -0.000081
  0.000130
  0.000116
  0.000032
  0.000027
  0.000442
 -0.000126
  0.000092
 -0.000023
  0.000069
  0.000155
  0.000035
  0.000049
 -0.000101
  0.000033
  0.000385
  0.000098
  0.000107
  0.000089
  0.000139
  0.000099
 -0.000010
 -0.000395
  0.000079
 -0.000070
  0.000085
  0.000098
  0.000170
 -0.000332
 -0.000145
  0.000070
  0.000180
  0.000066
 -0.000225
 -0.000016
 -0.000310
  0.000720
 -0.000136
  0.000134
 -0.000654
  0.000244
  0.000100
 -0.000229
 -0.000049
 -0.000431
 -0.000047
  0.000299
 -0.000119
 -0.000131
  0.000327
 -0.000288
  0.000659
  0.000286
 -0.000113
 -0.000220
  0.000369
 -0.000082
  0.000287
 -0.000007
 -0.000162
 -0.000002
 -0.000532
 -0.000312
 -0.000154
 -0.000374
  0.000007
 -0.000004
 -0.000299
  0.000162
  0.000322
  0.000105
  0.000246
  0.000129
  0.000037
  0.000004
 -0.000266
 -0.000235
 -0.000022
 -0.000182
 -0.000021
 -0.000331
  0.000151
  0.000076
  0.000050
  0.000135
 -0.000153
  0.000336
 -0.000126
  0.000078
  0.000026
  0.000138
 -0.000121
  0.000069
  0.000238
  0.000078
 -0.000181
  0.000185
  0.000137
  0.000049
  0.000106
 -0.000213
 -0.000130
  0.000187
  0.000148
  0.000024
  0.000156
  0.000068
  0.000122
  0.000065
  0.000388
  0.000041
  0.000414
  0.000190
  0.000197
 -0.000094
 -0.000169
  0.000054
 -0.000031
  0.000285
  0.000198
  0.000109
  0.000053
 -0.000089
  0.000163
  0.000184
  0.000013
  0.000036
  0.000016
 -0.000052
 -0.000175
  0.000171
  0.000005
 -0.000165
  0.000131
  0.000008
 -0.000001
  0.000044
 -0.000169
 -0.000144
 -0.000082
 -0.000133
  0.000313
 -0.000090
  0.000120
  0.000262
 -0.000199
 -0.000091
  0.000031
  0.000135
 -0.000067
  0.000134
 -0.000063
  0.000095
  0.000022
 -0.000024
 -0.000049
 -0.000136
  0.000018
 -0.000005
  0.000004
  0.000096
 -0.000043
  0.000096
 -0.000013
  0.000041
 -0.000035
 -0.000133
  0.000080
  0.000077
 -0.000006
  0.000065
 -0.000048
  0.000184
  0.000005
  0.000085
  0.000021
 -0.000049
 -0.000001
  0.000058
 -0.000031
 -0.000031
 -0.000042
 -0.000014
 -0.000164
 -0.000243
 -0.000065
 -0.000099
 -0.000045
  0.000141
 -0.000046
  0.000118
 -0.000078
 -0.000011
  0.000017
  0.000025
 -0.000036
 -0.000013
  0.000011
  0.000029
