 -0.115963
 -0.003304
  0.605059
  0.440726
  0.544594
  0.265049
 -0.028376
  0.083032
 -0.039750
 -0.104181
 -0.001394
  0.062371
  0.001084
  0.001166
  0.013163
  0.130517
 -0.005869
 -0.014698
 -0.005021
 -0.018565
  0.023148
 -0.005841
 -0.027928
 -0.031258
  0.020919
  0.019308
 -0.037479
  0.004506
  0.029396
 -0.039430
 -0.037982
 -0.012313
  0.000743
  0.007676
  0.013475
 -0.033873
 -0.000388
 -0.001582
  0.029983
 -0.000125
  0.001952
 -0.017044
 -0.043830
  0.000897
 -0.000526
 -0.018439
  0.010250
 -0.008218
 -0.001648
 -0.001266
 -0.002444
  0.000445
 -0.005528
  0.007070
 -0.010650
 -0.003933
  0.008293
 -0.002441
  0.011914
 -0.001520
 -0.014756
  0.000075
  0.002364
 -0.003731
  0.006285
 -0.009788
 -0.001450
  0.009496
 -0.005945
  0.002891
  0.010169
 -0.002635
  0.008960
  0.006805
 -0.000789
  0.004719
 -0.002224
 -0.003237
 -0.003046
  0.001145
  0.001611
  0.000443
 -0.002865
 -0.015782
 -0.004243
  0.004396
 -0.004179
 -0.000270
 -0.000953
  0.003629
  0.001345
  0.000409
  0.004406
  0.000467
 -0.006503
  0.004812
  0.010194
 -0.003745
  0.001928
  0.020121
  0.006626
  0.003829
 -0.001856
 -0.002513
 -0.001435
  0.002572
  0.002030
 -0.009549
 -0.003728
 -0.000405
 -0.000474
 -0.004350
 -0.007501
 -0.004214
 -0.002346
 -0.000915
  0.002222
  0.000272
  0.001133
  0.001092
  0.002339
 -0.002955
  0.000626
  0.001881
  0.003100
  0.000351
 -0.001654
  0.002778
 -0.001363
  0.000388
  0.002332
  0.000219
  0.000534
  0.000699
 -0.000078
  0.001608
  0.000044
  0.000234
  0.000576
 -0.000215
 -0.000829
  0.000034
  0.000818
 -0.000595
  0.000142
 -0.000143
 -0.000452
  0.000105
 -0.002955
  0.000617
  0.003237
 -0.000388
  0.000344
 -0.000472
  0.000009
  0.003179
  0.001335
 -0.000891
 -0.001089
 -0.000854
  0.001173
 -0.001895
  0.002495
 -0.006196
  0.001072
 -0.000916
  0.000299
  0.000016
  0.000797
  0.000425
  0.000420
 -0.000359
  0.000334
  0.000981
  0.002084
  0.000601
  0.002183
 -0.000724
 -0.000982
 -0.002523
 -0.001520
  0.000687
 -0.005755
  0.000058
 -0.001359
  0.005453
 -0.005771
  0.001040
  0.001046
  0.001171
 -0.000503
  0.000530
  0.003037
 -0.003396
  0.000012
  0.001172
 -0.001272
  0.002096
  0.000943
 -0.000287
 -0.000507
  0.000164
  0.001367
  0.000551
  0.001174
 -0.001024
 -0.000803
 -0.001100
  0.000513
 -0.000975
 -0.000120
  0.001071
 -0.000508
  0.000878
  0.000023
 -0.000180
  0.000028
  0.000825
  0.000318
  0.001635
  0.000644
 -0.000320
  0.001234
  0.000578
  0.001910
 -0.000224
 -0.005328
 -0.001539
  0.000048
  0.007426
  0.001894
 -0.001955
 -0.004542
 -0.001609
 -0.007627
 -0.001237
  0.005544
  0.009368
  0.003044
 -0.004266
  0.006410
 -0.008232
  0.002619
  0.002042
 -0.003396
  0.000971
 -0.000658
  0.000163
 -0.002148
 -0.002325
  0.002411
 -0.004951
 -0.001555
  0.006060
  0.003058
  0.000293
 -0.002298
  0.000795
 -0.000054
 -0.000172
  0.000690
 -0.001991
 -0.002487
 -0.001554
 -0.001863
  0.001006
 -0.001042
 -0.000125
  0.000166
 -0.000467
 -0.001302
  0.002451
 -0.000924
 -0.001559
 -0.001030
  0.000579
  0.001045
  0.000890
  0.001674
  0.000118
  0.002375
  0.000228
  0.002832
 -0.000145
  0.003105
 -0.000413
  0.003963
  0.001112
 -0.000886
 -0.000007
  0.000835
 -0.000714
  0.000918
 -0.000876
 -0.000504
 -0.000745
  0.000920
  0.000953
  0.000026
 -0.001273
  0.001228
 -0.000129
 -0.000247
 -0.000800
  0.000602
  0.003864
 -0.000368
 -0.001208
  0.000414
  0.001542
 -0.000257
 -0.000141
 -0.001129
 -0.000666
  0.000896
 -0.000496
  0.002039
 -0.000313
  0.000926
  0.000868
 -0.000365
 -0.000061
  0.000915
 -0.000435
 -0.002418
  0.000848
  0.000814
 -0.000075
  0.001555
  0.001029
  0.000122
 -0.000097
  0.001289
 -0.000266
  0.000529
 -0.001408
 -0.000611
  0.000325
  0.000050
 -0.001655
  0.000305
  0.000546
  0.000440
 -0.000922
  0.000027
 -0.000312
 -0.000032
  0.000036
  0.000100
  0.000205
  0.000122
 -0.000384
 -0.000421
 -0.000046
  0.000493
 -0.000887
  0.000938
 -0.001218
 -0.000149
 -0.000638
  0.001438
  0.001080
 -0.000861
  0.000388
 -0.001696
  0.001096
 -0.000128
 -0.000676
 -0.000291
  0.000255
  0.002134
  0.000241
 -0.000154
  0.000719
  0.000342
  0.001841
 -0.000823
  0.000088
  0.006341
  0.000098
 -0.000941
  0.000009
  0.001274
 -0.002205
  0.002245
 -0.000351
  0.003065
  0.000354
  0.001828
  0.009341
 -0.005644
 -0.001183
 -0.002721
  0.002470
 -0.000271
 -0.002460
 -0.000326
  0.000744
 -0.001051
 -0.001688
 -0.002915
 -0.000001
 -0.002089
 -0.000119
 -0.000530
  0.000409
 -0.001057
  0.000822
 -0.001387
  0.000533
 -0.000864
  0.000704
 -0.001167
  0.000754
 -0.000076
  0.000480
 -0.001517
 -0.000083
  0.000759
  0.000644
 -0.003063
 -0.000092
 -0.000450
 -0.001618
  0.000816
  0.000920
  0.001436
  0.001648
  0.000060
  0.000324
  0.000546
 -0.000368
 -0.000044
  0.000995
 -0.000356
  0.000264
 -0.000300
 -0.000835
 -0.000073
 -0.000113
 -0.002085
  0.000084
  0.000016
 -0.000997
 -0.000116
 -0.001431
 -0.000302
 -0.000591
  0.000443
  0.000884
  0.001197
 -0.001049
  0.000411
  0.000343
  0.000216
 -0.000228
 -0.000494
 -0.000155
 -0.000387
  0.000295
  0.000274
  0.000972
 -0.001321
  0.000381
  0.000217
 -0.000291
 -0.000034
  0.000340
  0.000242
 -0.000560
 -0.000299
  0.000563
 -0.000433
  0.000726
 -0.000092
 -0.000262
  0.000093
  0.000229
  0.000616
 -0.000401
  0.000383
 -0.000090
 -0.000441
  0.000489
 -0.000996
  0.000441
  0.000525
  0.000046
  0.000665
  0.000113
  0.000368
  0.000040
  0.000188
  0.000305
 -0.000347
  0.000870
  0.002338
  0.000130
  0.000493
 -0.000398
 -0.000653
 -0.000662
 -0.000313
 -0.002553
  0.001567
  0.002142
 -0.000196
 -0.000181
 -0.000491
 -0.001159
 -0.000151
 -0.001084
  0.000437
  0.000088
 -0.000329
  0.000777
 -0.001051
 -0.000147
  0.000080
 -0.001355
 -0.000079
  0.000172
  0.001812
 -0.000828
  0.001916
  0.001358
  0.001638
  0.001339
  0.001898
 -0.000988
  0.000346
  0.000635
  0.001992
 -0.000314
  0.001458
  0.000731
 -0.000463
 -0.001485
  0.000470
 -0.000370
  0.003528
  0.003131
 -0.002754
  0.000602
  0.000160
 -0.000559
 -0.000266
 -0.000009
 -0.000579
 -0.000208
  0.001518
  0.001111
 -0.000706
  0.001248
 -0.000425
 -0.001437
 -0.001313
  0.001913
 -0.000485
 -0.000588
  0.000330
 -0.000368
  0.000063
  0.001017
  0.000276
  0.001140
 -0.000417
  0.000076
 -0.000041
  0.000670
  0.000639
 -0.000132
  0.000116
 -0.000176
 -0.000055
 -0.000965
  0.000396
 -0.000802
 -0.000768
  0.000195
 -0.000085
 -0.000515
 -0.001421
  0.000890
  0.000900
  0.000796
  0.000420
 -0.000813
 -0.000004
 -0.000223
  0.000494
 -0.000364
  0.000017
  0.000341
  0.000224
  0.000420
 -0.000119
 -0.001050
 -0.000902
 -0.000920
  0.000333
 -0.000178
  0.000286
  0.000958
 -0.000090
 -0.000428
 -0.000123
  0.001118
  0.000540
  0.000623
  0.000042
  0.000142
  0.000330
 -0.001236
 -0.001606
 -0.000512
  0.000120
  0.000276
 -0.001194
 -0.000141
  0.000538
 -0.000113
 -0.001054
 -0.001007
 -0.001920
 -0.000427
 -0.000468
  0.000085
 -0.000405
  0.000264
  0.000280
  0.000187
 -0.000201
  0.000561
 -0.000906
 -0.000278
  0.000130
  0.000351
  0.000165
  0.001159
 -0.000174
  0.000291
  0.000566
  0.000149
 -0.000312
  0.000449
 -0.000495
 -0.000450
  0.000247
  0.000012
 -0.000203
  0.000064
 -0.000501
  0.000069
  0.000027
  0.000186
  0.000386
  0.000404
  0.000088
 -0.000214
 -0.001278
 -0.000271
  0.000753
 -0.000458
  0.000880
 -0.000009
 -0.000338
 -0.000320
 -0.000501
 -0.000418
 -0.000221
 -0.000171
 -0.000527
 -0.000445
  0.000065
 -0.000745
  0.000130
  0.000980
 -0.000142
  0.000462
 -0.000125
  0.000189
  0.000159
 -0.000529
 -0.000391
 -0.000013
  0.000166
 -0.000464
 -0.000609
  0.000295
  0.000630
  0.000617
  0.000078
 -0.001005
 -0.000260
  0.000537
  0.000151
  0.000002
 -0.000129
  0.000602
 -0.000513
  0.000225
  0.000151
  0.000096
  0.000414
 -0.000329
  0.000209
  0.000107
 -0.000063
 -0.000205
  0.000226
 -0.000221
  0.000152
 -0.000274
  0.000053
 -0.000220
  0.000091
 -0.000024
  0.000241
  0.000058
 -0.000369
  0.000196
 -0.000029
 -0.000244
  0.000262
  0.000010
  0.000246
 -0.000332
 -0.000553
 -0.000469
 -0.000440
  0.000625
 -0.000230
  0.000266
 -0.000131
 -0.000192
 -0.000086
  0.000397
 -0.000366
  0.000499
  0.000807
 -0.000292
 -0.000143
 -0.000395
  0.000165
  0.000042
 -0.000388
 -0.000309
  0.000365
  0.000781
 -0.000139
 -0.000116
 -0.000342
 -0.000215
  0.000069
  0.000290
 -0.000105
 -0.000116
  0.000418
  0.000423
 -0.000146
 -0.000233
 -0.000004
  0.000268
 -0.000107
  0.000011
 -0.000259
  0.000180
  0.000190
  0.000128
  0.000271
 -0.000022
  0.000370
 -0.000094
 -0.000062
  0.000183
  0.000007
 -0.000226
 -0.000316
 -0.000017
  0.000361
  0.000179
 -0.000175
  0.000356
 -0.000060
  0.000146
  0.000523
  0.000432
 -0.000345
  0.000010
 -0.000122
  0.000577
  0.000469
  0.000479
 -0.000234
 -0.000838
  0.000363
  0.000288
  0.000538
  0.000145
 -0.000265
 -0.000177
 -0.000100
 -0.000270
 -0.000151
 -0.000411
 -0.000326
  0.000075
  0.000235
  0.000013
 -0.000118
 -0.000315
 -0.000289
  0.000332
  0.000036
 -0.000039
 -0.000115
  0.000033
  0.000121
 -0.000017
  0.000159
 -0.000094
  0.000042
 -0.000026
 -0.000010
