 -0.019420
  0.231253
 -0.598233
  0.099486
 -0.002594
 -0.116487
 -0.610668
  0.078953
 -0.360676
  0.001067
  0.029260
  0.047840
 -0.020661
  0.016339
  0.060866
  0.022976
  0.004589
  0.031092
 -0.023823
 -0.005605
  0.083835
 -0.000543
 -0.019036
 -0.038863
 -0.025797
 -0.048363
  0.024971
  0.008233
 -0.001772
  0.099968
 -0.056028
 -0.017305
  0.004813
 -0.056970
  0.010572
 -0.002016
  0.044415
 -0.044763
  0.012631
 -0.010002
 -0.011700
 -0.005450
  0.002421
  0.003109
 -0.006210
 -0.021503
  0.003264
  0.005465
 -0.009537
 -0.005235
  0.029566
  0.002199
  0.000542
  0.022260
  0.012488
  0.009756
 -0.004682
  0.025222
  0.003160
 -0.011754
 -0.006793
  0.003857
 -0.005410
  0.023299
 -0.007528
 -0.000786
  0.002792
 -0.001825
  0.003972
  0.001733
 -0.009894
  0.009332
  0.019901
  0.001115
 -0.012707
  0.000891
  0.007140
  0.001436
 -0.000188
  0.017241
 -0.012566
 -0.008144
  0.005921
  0.003308
  0.015009
  0.010895
  0.007869
 -0.007088
  0.001642
  0.003646
  0.000264
 -0.010506
  0.007003
  0.001143
 -0.004214
 -0.001049
 -0.009261
  0.001959
 -0.010474
  0.006126
  0.002308
  0.003145
 -0.001451
 -0.017490
  0.004698
 -0.012550
  0.002482
  0.000080
  0.013213
  0.001810
 -0.001659
  0.001963
  0.000371
  0.005732
  0.000038
 -0.006651
  0.002548
  0.000199
  0.001457
 -0.000151
  0.003573
  0.000413
 -0.005000
 -0.010547
  0.002448
  0.001657
 -0.001025
 -0.001083
 -0.001229
  0.019324
 -0.003986
  0.000754
 -0.003502
 -0.013004
 -0.003473
 -0.000213
  0.002375
 -0.000236
  0.002470
  0.005261
 -0.003657
  0.001908
  0.000767
  0.001268
 -0.001437
  0.001388
  0.004935
 -0.004358
  0.002098
  0.001569
 -0.000369
  0.003586
 -0.002012
 -0.008461
 -0.002421
 -0.000430
  0.002085
  0.001851
 -0.003206
 -0.000339
 -0.000386
  0.001625
  0.004457
  0.003365
 -0.017990
 -0.003351
  0.005309
 -0.010607
 -0.002131
 -0.000894
 -0.003805
 -0.000969
  0.005567
  0.005229
 -0.003466
 -0.004694
 -0.002138
 -0.004219
  0.000273
 -0.003703
  0.007527
 -0.000621
  0.005374
 -0.011367
  0.013949
  0.018531
 -0.018439
 -0.007093
  0.003688
  0.011919
 -0.002214
 -0.010051
 -0.001807
  0.002749
  0.003559
 -0.002760
 -0.011816
  0.000175
  0.000019
 -0.001732
  0.000468
 -0.001650
  0.005977
  0.005943
 -0.002959
 -0.006181
 -0.001113
 -0.002748
 -0.001031
 -0.000216
  0.001864
 -0.003078
  0.001776
  0.004114
  0.002949
 -0.006456
 -0.003369
  0.003698
  0.004070
 -0.001024
 -0.002665
 -0.000532
 -0.001191
  0.000489
 -0.004252
  0.000222
 -0.002315
 -0.001570
 -0.004349
 -0.005935
 -0.005877
 -0.001707
  0.002582
  0.001299
 -0.002685
 -0.000940
  0.002238
 -0.002330
 -0.000255
 -0.000161
 -0.001745
 -0.000672
  0.000641
 -0.000840
 -0.001287
  0.000607
  0.000183
 -0.001007
  0.000750
 -0.001242
 -0.002177
 -0.000873
  0.000378
  0.000700
 -0.000074
  0.003106
  0.003394
  0.000666
  0.001487
  0.000652
 -0.003955
  0.004233
  0.003752
  0.000700
 -0.000343
 -0.000318
 -0.000930
 -0.000673
 -0.001707
  0.000543
 -0.000752
  0.001719
 -0.003174
 -0.001309
 -0.000395
  0.001631
  0.002946
  0.000645
 -0.000367
 -0.002603
 -0.000346
  0.000758
 -0.000500
  0.003180
 -0.001109
  0.000916
  0.000125
  0.000767
  0.001735
 -0.000181
  0.001220
  0.002061
 -0.001803
 -0.002638
 -0.000441
  0.000108
 -0.001093
 -0.000806
  0.000239
 -0.000788
  0.001363
 -0.000897
  0.000839
 -0.001945
  0.001375
  0.001608
 -0.000058
  0.000125
 -0.000151
 -0.001603
 -0.000212
 -0.000682
  0.001117
  0.000363
  0.002061
 -0.000038
 -0.001285
 -0.000394
 -0.000591
 -0.000812
  0.001647
 -0.000350
 -0.000394
 -0.000673
  0.000240
 -0.000332
 -0.000303
  0.001439
 -0.000749
  0.001561
 -0.000650
 -0.001610
  0.000177
 -0.000813
  0.000172
 -0.000054
  0.000169
  0.000258
 -0.000314
 -0.000439
  0.000733
 -0.003201
  0.001162
  0.000751
 -0.000805
  0.000274
 -0.000511
 -0.000085
  0.002572
 -0.000397
  0.004454
  0.000699
 -0.000265
  0.002856
  0.001563
 -0.000716
 -0.004316
 -0.003274
  0.000517
  0.001086
  0.006472
  0.012667
 -0.000763
 -0.000177
  0.002589
 -0.002138
  0.001021
  0.005537
  0.003007
 -0.000480
  0.002571
  0.007492
 -0.001998
  0.002058
 -0.004140
 -0.000241
  0.002454
 -0.003981
  0.004082
 -0.003669
  0.000322
 -0.000407
 -0.000301
  0.005407
  0.000339
  0.004615
  0.009342
 -0.011428
 -0.000267
 -0.000661
  0.001128
 -0.002961
 -0.000674
  0.004584
  0.000928
  0.002788
  0.004191
  0.002187
 -0.003735
 -0.000456
  0.000006
  0.000490
  0.006923
  0.002933
 -0.001255
  0.001588
  0.002795
 -0.000099
 -0.001142
 -0.000134
  0.000639
 -0.000196
  0.003797
  0.000468
  0.000168
 -0.002354
 -0.001657
 -0.000183
 -0.000462
  0.001233
  0.002644
 -0.000708
 -0.000502
  0.000855
  0.002734
 -0.002199
 -0.001016
  0.001269
  0.000464
  0.001094
  0.001995
 -0.001317
  0.000854
 -0.001668
  0.002843
 -0.000700
 -0.000917
 -0.000608
 -0.000861
 -0.001005
 -0.000202
  0.002411
  0.001427
  0.000401
 -0.000089
  0.000256
 -0.000276
  0.000438
  0.000872
 -0.000527
 -0.000295
  0.000293
  0.000461
  0.000565
 -0.002091
 -0.000890
 -0.003300
 -0.002920
  0.000597
 -0.001589
  0.001673
  0.000605
 -0.001546
 -0.001259
 -0.001350
 -0.000664
  0.005008
  0.000628
 -0.000316
  0.003196
 -0.000275
  0.002373
 -0.004126
  0.001729
 -0.002695
 -0.001694
  0.000185
 -0.000232
 -0.001907
  0.000361
  0.000345
 -0.000126
  0.001999
 -0.000428
 -0.000763
 -0.000215
 -0.001036
 -0.000278
 -0.000811
  0.000155
  0.000037
 -0.001181
 -0.000510
  0.000746
  0.000043
 -0.000858
 -0.000304
  0.003220
  0.000651
  0.001949
  0.001867
  0.000770
  0.003434
  0.001966
  0.000153
 -0.000986
  0.002402
 -0.000447
 -0.001519
  0.000577
  0.000468
  0.000302
 -0.001136
  0.000901
  0.000199
  0.000227
 -0.000283
 -0.000425
 -0.000950
 -0.000037
  0.000903
 -0.000341
  0.001296
 -0.000394
 -0.000184
 -0.000807
  0.000983
 -0.001452
  0.000323
 -0.001977
  0.001127
 -0.000931
  0.001586
 -0.001252
 -0.001104
 -0.000568
 -0.000391
 -0.000973
  0.000140
 -0.001701
  0.000379
  0.000812
 -0.000966
 -0.000855
  0.002010
  0.000317
 -0.001414
  0.002410
 -0.001444
  0.000297
  0.000510
 -0.000928
 -0.000570
 -0.000179
  0.001192
  0.000879
  0.000734
 -0.001160
  0.000265
 -0.000702
 -0.000064
  0.000348
  0.001647
 -0.000197
  0.000261
  0.000671
  0.001053
  0.000919
  0.000486
 -0.001117
  0.000077
 -0.001529
 -0.001378
  0.001048
 -0.000163
 -0.000800
 -0.003210
 -0.000197
 -0.000248
  0.000177
 -0.000618
  0.001056
  0.000859
  0.000141
  0.000189
 -0.000924
  0.000285
 -0.000371
  0.000221
  0.000521
  0.000410
 -0.000814
 -0.000055
  0.001036
 -0.000334
 -0.000105
 -0.000525
  0.000065
 -0.001277
 -0.000036
 -0.000053
 -0.000347
 -0.000324
  0.000405
 -0.000567
 -0.001209
  0.001623
 -0.000045
  0.000507
  0.000687
  0.000009
 -0.000167
 -0.000803
 -0.000415
  0.000255
 -0.000014
 -0.000541
  0.000326
 -0.000733
 -0.000615
 -0.000700
  0.000121
 -0.000577
 -0.001433
 -0.000369
 -0.000738
 -0.001322
 -0.000428
  0.000160
  0.000553
  0.000161
 -0.001125
  0.000590
 -0.000296
 -0.000350
 -0.000323
  0.000559
  0.000815
 -0.000056
  0.000727
  0.000897
  0.001164
 -0.000023
  0.001686
  0.000256
 -0.000811
  0.000043
  0.000754
  0.000213
 -0.000495
 -0.000378
  0.002203
  0.000151
 -0.000660
 -0.001254
 -0.002053
  0.002034
 -0.001291
  0.000880
  0.001697
 -0.000350
 -0.000257
 -0.000241
 -0.000442
 -0.002416
  0.000555
  0.001070
  0.000443
 -0.000573
  0.000127
  0.000889
  0.003296
  0.001637
 -0.000245
 -0.000236
  0.000774
  0.000139
 -0.000804
  0.000666
  0.001443
 -0.003484
 -0.000398
 -0.001336
  0.001782
  0.000189
 -0.001944
  0.000103
  0.001755
 -0.000516
 -0.001303
 -0.002356
  0.000163
  0.001435
 -0.000930
  0.000019
 -0.001740
  0.002998
  0.003461
  0.003046
  0.000354
 -0.000216
 -0.001503
 -0.000262
  0.003979
  0.000536
  0.000123
 -0.000231
 -0.000841
  0.001495
  0.000279
  0.000328
  0.000412
  0.000260
  0.000377
  0.000307
 -0.000646
  0.000241
  0.000731
  0.000105
  0.000207
  0.000356
  0.000221
 -0.000276
 -0.000682
  0.000651
  0.000685
  0.000018
 -0.000276
  0.001505
  0.000327
  0.000244
 -0.000058
  0.001376
  0.000326
 -0.000290
 -0.000160
 -0.001040
  0.000146
  0.000152
 -0.001084
 -0.000161
 -0.000057
  0.000097
 -0.000287
  0.000132
  0.000328
 -0.000148
  0.000464
 -0.000045
 -0.000282
 -0.000024
  0.001082
 -0.000260
  0.000314
  0.000523
 -0.000314
  0.000276
  0.000123
  0.000604
 -0.000090
 -0.000090
 -0.000077
  0.000257
  0.000002
 -0.000382
  0.000067
 -0.000059
 -0.000498
 -0.000211
  0.000101
  0.000028
  0.000104
  0.000017
 -0.000047
  0.000019
 -0.000103
 -0.000191
  0.000211
 -0.000186
  0.000361
 -0.000122
  0.000055
  0.000079
 -0.000060
 -0.000017
 -0.000249
  0.000153
 -0.000135
 -0.000172
  0.000097
 -0.000345
  0.000035
 -0.000065
  0.000033
  0.000125
  0.000017
 -0.000043
  0.000166
 -0.000156
 -0.000114
  0.000090
  0.000090
 -0.000109
 -0.000140
 -0.000043
 -0.000007
  0.000101
  0.000114
  0.000042
 -0.000083
  0.000218
 -0.000092
  0.000021
  0.000150
  0.000012
  0.000007
  0.000019
  0.000065
 -0.000147
 -0.000013
 -0.000061
  0.000048
  0.000005
  0.000030
  0.000069
