  1    0.034347
  2    0.018635
  3    0.025125
  4    0.015163
  5    0.131751
  6    0.061810
  7    0.028617
  8    0.009641
  9    0.003975
 10    0.008848
 11    0.014862
 12    0.003100
 13    0.005666
 14    0.015683
 15    0.006894
 16    0.006972
 17    0.005276
 18    0.004156
 19    0.004940
 20    0.003770
 21    0.008467
 22    0.005589
 23    0.006590
 24    0.005755
 25    0.007471
 26    0.008726
 27    0.005496
 28    0.005475
 29    0.003554
 30    0.003849
 31    0.006795
 32    0.008029
 33    0.003009
 34    0.004458
 35    0.002737
 36    0.003203
 37    0.003403
 38    0.001944
 39    0.004596
 40    0.003637
 41    0.002437
 42    0.003626
 43    0.002373
 44    0.003261
 45    0.004361
 46    0.003454
 47    0.003376
 48    0.003528
 49    0.003008
 50    0.003406
 51    0.003495
 52    0.003103
 53    0.002239
 54    0.002933
 55    0.002182
 56    0.000932
 57    0.003307
 58    0.002312
 59    0.001650
 60    0.002739
 61    0.001878
 62    0.002744
 63    0.002398
 64    0.001634
 65    0.001739
 66    0.002303
 67    0.001554
 68    0.001850
 69    0.002599
 70    0.002302
 71    0.001489
 72    0.003043
 73    0.002096
 74    0.002100
 75    0.001996
 76    0.001390
 77    0.001586
 78    0.002003
 79    0.002333
 80    0.001226
 81    0.002004
 82    0.001297
 83    0.002251
 84    0.002121
 85    0.001422
 86    0.002506
 87    0.001262
 88    0.002036
 89    0.001912
 90    0.002314
 91    0.001704
 92    0.001838
 93    0.001465
 94    0.002370
 95    0.001116
 96    0.002144
 97    0.001074
 98    0.001521
 99    0.001067
100    0.001550
101    0.001321
102    0.001281
103    0.001808
104    0.001442
105    0.001256
106    0.001480
107    0.000816
108    0.000692
109    0.000639
110    0.000943
111    0.001173
112    0.002146
113    0.001581
114    0.000970
115    0.001100
116    0.000902
117    0.001435
118    0.001776
119    0.000935
120    0.001182
121    0.002154
122    0.002041
123    0.001260
124    0.001340
125    0.001291
126    0.001493
127    0.001670
128    0.001533
129    0.000883
130    0.001009
131    0.001351
132    0.001013
133    0.001419
134    0.001425
135    0.001095
136    0.001473
137    0.001496
138    0.001019
139    0.000910
140    0.001109
141    0.001032
142    0.001633
143    0.001232
144    0.001345
145    0.001133
146    0.001207
147    0.001447
148    0.001630
149    0.000854
150    0.001121
151    0.000479
152    0.001171
153    0.001220
154    0.001538
155    0.001497
156    0.001017
157    0.000820
158    0.001137
159    0.000868
160    0.000743
161    0.000830
162    0.000611
163    0.001260
164    0.001402
165    0.001064
166    0.000608
167    0.001269
168    0.001027
169    0.000479
170    0.001074
171    0.000841
172    0.000786
173    0.000748
174    0.000814
175    0.000877
176    0.000833
177    0.000664
178    0.000903
179    0.000797
180    0.000542
181    0.000738
182    0.001076
183    0.000775
184    0.000815
185    0.001162
186    0.000716
187    0.000967
188    0.000804
189    0.000767
190    0.000697
191    0.001078
192    0.000954
193    0.000912
194    0.001075
195    0.000789
196    0.000614
197    0.000886
198    0.000981
199    0.001013
200    0.000965
201    0.000581
202    0.000706
203    0.000798
204    0.000982
205    0.000812
206    0.000947
207    0.000994
208    0.000798
209    0.001235
210    0.001134
211    0.000908
212    0.000731
213    0.000760
214    0.000836
215    0.000987
216    0.000675
217    0.000916
218    0.000719
219    0.000935
220    0.000878
221    0.000544
222    0.000882
223    0.001015
224    0.000886
225    0.000351
226    0.000837
227    0.000821
228    0.000776
229    0.000980
230    0.000529
231    0.000816
232    0.000552
233    0.000363
234    0.000593
235    0.000516
236    0.000637
237    0.000866
238    0.001051
239    0.000652
240    0.000961
241    0.000854
242    0.000521
243    0.000810
244    0.000694
245    0.001141
246    0.000677
247    0.000688
248    0.000622
249    0.000542
250    0.000409
251    0.000851
252    0.000496
253    0.000583
254    0.000667
255    0.000716
256    0.000459
257    0.000262
258    0.000518
259    0.000425
260    0.000694
261    0.000883
262    0.000707
263    0.000459
264    0.000560
265    0.000452
266    0.000542
267    0.000753
268    0.000528
269    0.000861
270    0.000765
271    0.000471
272    0.000472
273    0.000529
274    0.000552
275    0.000452
276    0.000622
277    0.000441
278    0.000548
279    0.000550
280    0.000394
281    0.000432
282    0.000551
283    0.000443
284    0.000379
285    0.000634
286    0.000529
287    0.000497
288    0.000327
289    0.000593
290    0.000715
291    0.000699
292    0.000728
293    0.000368
294    0.000619
295    0.000435
296    0.000525
297    0.000567
298    0.000571
299    0.000377
300    0.000695
301    0.000499
302    0.000430
303    0.000532
304    0.000509
305    0.000448
306    0.000280
307    0.000583
308    0.000435
309    0.000451
310    0.000655
311    0.000510
312    0.000768
313    0.001042
314    0.000539
315    0.000586
316    0.000680
317    0.000509
318    0.000479
319    0.000746
320    0.000450
321    0.000469
322    0.000639
323    0.000526
324    0.000775
325    0.000628
326    0.000255
327    0.000387
328    0.000410
329    0.000421
330    0.000534
331    0.000313
332    0.000721
333    0.000323
334    0.000672
335    0.000572
336    0.000306
337    0.000586
338    0.000447
339    0.000379
340    0.000595
341    0.000495
342    0.000450
343    0.000432
344    0.000555
345    0.000658
346    0.000608
347    0.000400
348    0.000523
349    0.000627
350    0.000287
351    0.000630
352    0.000389
353    0.000876
354    0.000335
355    0.000629
356    0.000369
357    0.000378
358    0.000511
359    0.000523
360    0.000569
361    0.000464
362    0.000674
363    0.000488
364    0.000421
365    0.000276
366    0.000286
367    0.000643
368    0.000414
369    0.000540
370    0.000294
371    0.000335
372    0.000848
373    0.000612
374    0.000475
375    0.000831
376    0.000355
377    0.000557
378    0.000516
379    0.000709
380    0.000666
381    0.000567
382    0.000438
383    0.000348
384    0.000609
385    0.000465
386    0.000381
387    0.000380
388    0.000666
389    0.000681
390    0.000422
391    0.000589
392    0.000390
393    0.000519
394    0.000536
395    0.000619
396    0.000337
397    0.000521
398    0.000476
399    0.000513
400    0.000491
401    0.000349
402    0.000372
403    0.000312
404    0.000451
405    0.000367
406    0.000372
407    0.000365
408    0.000383
409    0.000354
410    0.000415
411    0.000502
412    0.000544
413    0.000393
414    0.000524
415    0.000485
416    0.000298
417    0.000368
418    0.000494
419    0.000373
420    0.000307
421    0.000411
422    0.000364
423    0.000344
424    0.000272
425    0.000547
426    0.000358
427    0.000301
428    0.000375
429    0.000490
430    0.000288
431    0.000414
432    0.000345
433    0.000384
434    0.000260
435    0.000232
436    0.000387
437    0.000422
438    0.000542
439    0.000363
440    0.000501
441    0.000267
442    0.000275
443    0.000118
444    0.000362
445    0.000348
446    0.000495
447    0.000948
448    0.000306
449    0.000401
450    0.000541
451    0.000337
452    0.000314
453    0.000550
454    0.000249
455    0.000515
456    0.000537
457    0.000317
458    0.000456
459    0.000209
460    0.000619
461    0.000337
462    0.000256
463    0.000510
464    0.000249
465    0.000381
466    0.000435
467    0.000302
468    0.000441
469    0.000388
470    0.000420
471    0.000338
472    0.000330
473    0.000500
474    0.000221
475    0.000352
476    0.000451
477    0.000396
478    0.000401
479    0.000291
480    0.000339
481    0.000359
482    0.000356
483    0.000345
484    0.000412
485    0.000325
486    0.000273
487    0.000207
488    0.000420
489    0.000352
490    0.000365
491    0.000252
492    0.000429
493    0.000347
494    0.000344
495    0.000298
496    0.000410
497    0.000304
498    0.000249
499    0.000445
500    0.000353
501    0.000314
502    0.000330
503    0.000315
504    0.000521
505    0.000255
506    0.000440
507    0.000360
508    0.000180
509    0.000360
510    0.000329
511    0.000335
512    0.000323
513    0.000290
514    0.000217
515    0.000341
516    0.000289
517    0.000345
518    0.000429
519    0.000297
520    0.000310
521    0.000293
522    0.000441
523    0.000200
524    0.000320
525    0.000302
526    0.000335
527    0.000325
528    0.000360
529    0.000484
530    0.000277
531    0.000332
532    0.000365
533    0.000429
534    0.000319
535    0.000476
536    0.000346
537    0.000182
538    0.000338
539    0.000216
540    0.000316
541    0.000331
542    0.000347
543    0.000475
544    0.000264
545    0.000294
546    0.000263
547    0.000319
548    0.000345
549    0.000349
550    0.000403
551    0.000452
552    0.000289
553    0.000188
554    0.000382
555    0.000322
556    0.000248
557    0.000287
558    0.000333
559    0.000243
560    0.000241
561    0.000261
562    0.000393
563    0.000454
564    0.000307
565    0.000238
566    0.000244
567    0.000292
568    0.000238
569    0.000220
570    0.000309
571    0.000351
572    0.000354
573    0.000220
574    0.000291
575    0.000241
576    0.000300
577    0.000332
578    0.000252
579    0.000322
580    0.000253
581    0.000262
582    0.000264
583    0.000300
584    0.000296
585    0.000307
586    0.000271
587    0.000277
588    0.000408
589    0.000284
590    0.000216
591    0.000305
592    0.000419
593    0.000333
594    0.000208
595    0.000226
596    0.000328
597    0.000315
598    0.000292
599    0.000347
600    0.000351
601    0.000326
602    0.000306
603    0.000219
604    0.000398
605    0.000313
606    0.000376
607    0.000241
608    0.000300
609    0.000428
610    0.000253
611    0.000317
612    0.000303
613    0.000427
614    0.000373
615    0.000391
616    0.000248
617    0.000356
618    0.000282
619    0.000314
620    0.000367
621    0.000215
622    0.000129
623    0.000193
624    0.000409
625    0.000294
626    0.000354
627    0.000305
628    0.000204
629    0.000241
630    0.000276
631    0.000318
632    0.000253
633    0.000435
634    0.000186
635    0.000317
636    0.000237
637    0.000265
638    0.000358
639    0.000276
640    0.000318
641    0.000314
642    0.000306
643    0.000251
644    0.000332
645    0.000207
646    0.000219
647    0.000297
648    0.000192
649    0.000254
650    0.000296
651    0.000275
652    0.000247
653    0.000246
654    0.000232
655    0.000258
656    0.000211
657    0.000308
658    0.000331
659    0.000228
660    0.000368
661    0.000436
662    0.000450
663    0.000270
664    0.000294
665    0.000316
666    0.000304
667    0.000232
668    0.000241
669    0.000202
670    0.000325
671    0.000220
672    0.000231
673    0.000353
674    0.000264
675    0.000269
676    0.000326
677    0.000202
678    0.000256
679    0.000339
680    0.000235
681    0.000313
682    0.000375
683    0.000189
684    0.000380
685    0.000160
686    0.000177
687    0.000294
688    0.000318
689    0.000318
690    0.000235
691    0.000263
692    0.000299
693    0.000246
694    0.000276
695    0.000381
696    0.000244
697    0.000292
698    0.000172
699    0.000361
700    0.000286
701    0.000216
702    0.000163
703    0.000226
704    0.000147
705    0.000237
706    0.000235
707    0.000156
708    0.000258
709    0.000372
710    0.000211
711    0.000247
712    0.000209
713    0.000147
714    0.000276
715    0.000254
716    0.000180
717    0.000230
718    0.000323
719    0.000258
720    0.000292
721    0.000194
722    0.000279
723    0.000331
724    0.000224
725    0.000341
726    0.000153
727    0.000276
728    0.000215
729    0.000225
730    0.000308
731    0.000275
732    0.000383
733    0.000259
734    0.000250
735    0.000226
736    0.000239
737    0.000207
738    0.000215
739    0.000224
740    0.000147
741    0.000156
742    0.000161
743    0.000210
744    0.000190
745    0.000177
746    0.000164
747    0.000175
748    0.000244
749    0.000267
750    0.000185
751    0.000254
752    0.000249
753    0.000181
754    0.000132
755    0.000167
756    0.000287
757    0.000219
758    0.000205
759    0.000360
760    0.000149
761    0.000223
762    0.000293
763    0.000156
764    0.000122
765    0.000256
766    0.000146
767    0.000299
768    0.000145
769    0.000198
770    0.000208
771    0.000142
772    0.000162
773    0.000367
774    0.000153
775    0.000147
776    0.000154
777    0.000233
778    0.000157
779    0.000176
780    0.000165
781    0.000221
782    0.000176
783    0.000244
784    0.000239
785    0.000219
786    0.000225
787    0.000355
788    0.000191
789    0.000191
790    0.000283
791    0.000227
792    0.000279
793    0.000195
794    0.000347
795    0.000156
796    0.000358
797    0.000288
798    0.000147
799    0.000196
800    0.000074
801    0.000122
802    0.000255
803    0.000195
804    0.000112
805    0.000261
806    0.000134
807    0.000223
808    0.000102
809    0.000210
810    0.000250
811    0.000173
812    0.000086
813    0.000155
814    0.000110
815    0.000175
816    0.000178
817    0.000278
818    0.000422
819    0.000213
820    0.000297
821    0.000469
822    0.000432
823    0.000197
824    0.000192
825    0.000521
