  1    0.004616
  2    0.006724
  3    0.020207
  4    0.018590
  5    0.125895
  6    0.072744
  7    0.023416
  8    0.023687
  9    0.015940
 10    0.017513
 11    0.011397
 12    0.005587
 13    0.002171
 14    0.009746
 15    0.015784
 16    0.002723
 17    0.006737
 18    0.009671
 19    0.008036
 20    0.007428
 21    0.005284
 22    0.005870
 23    0.007054
 24    0.003799
 25    0.005598
 26    0.004777
 27    0.006759
 28    0.011826
 29    0.005923
 30    0.005354
 31    0.005107
 32    0.005778
 33    0.005276
 34    0.007039
 35    0.004828
 36    0.001482
 37    0.003052
 38    0.003238
 39    0.002994
 40    0.002400
 41    0.005823
 42    0.004359
 43    0.002058
 44    0.003456
 45    0.002975
 46    0.004853
 47    0.003659
 48    0.004455
 49    0.003256
 50    0.003023
 51    0.002388
 52    0.001998
 53    0.004048
 54    0.002840
 55    0.002823
 56    0.002394
 57    0.001723
 58    0.003080
 59    0.001855
 60    0.002438
 61    0.001397
 62    0.001786
 63    0.002298
 64    0.001985
 65    0.001929
 66    0.002136
 67    0.001780
 68    0.001556
 69    0.001818
 70    0.002373
 71    0.004282
 72    0.002038
 73    0.001930
 74    0.002339
 75    0.001990
 76    0.002008
 77    0.002673
 78    0.001772
 79    0.003642
 80    0.002654
 81    0.001661
 82    0.001212
 83    0.002436
 84    0.002364
 85    0.002119
 86    0.001531
 87    0.001319
 88    0.001472
 89    0.001830
 90    0.001072
 91    0.001267
 92    0.001200
 93    0.001900
 94    0.001136
 95    0.000914
 96    0.001779
 97    0.001319
 98    0.001731
 99    0.001500
100    0.001913
101    0.001459
102    0.001288
103    0.000789
104    0.001529
105    0.001203
106    0.001718
107    0.001154
108    0.002493
109    0.001484
110    0.000925
111    0.003014
112    0.001083
113    0.001071
114    0.000986
115    0.001081
116    0.001866
117    0.001294
118    0.000796
119    0.001047
120    0.001465
121    0.000914
122    0.000894
123    0.001175
124    0.001137
125    0.001153
126    0.000811
127    0.000417
128    0.001008
129    0.000932
130    0.001690
131    0.000831
132    0.001860
133    0.001070
134    0.000951
135    0.001133
136    0.001208
137    0.001522
138    0.001212
139    0.001568
140    0.001260
141    0.001142
142    0.001459
143    0.001087
144    0.000712
145    0.001375
146    0.001055
147    0.001592
148    0.000841
149    0.001217
150    0.001243
151    0.001260
152    0.000897
153    0.001188
154    0.001279
155    0.000589
156    0.000795
157    0.001037
158    0.000904
159    0.000792
160    0.001066
161    0.001145
162    0.001285
163    0.001120
164    0.001762
165    0.000786
166    0.000879
167    0.001022
168    0.001053
169    0.001025
170    0.001383
171    0.000935
172    0.001027
173    0.001347
174    0.000447
175    0.000936
176    0.001279
177    0.001220
178    0.000865
179    0.000820
180    0.000881
181    0.000655
182    0.001045
183    0.001000
184    0.001515
185    0.000984
186    0.000786
187    0.001410
188    0.000852
189    0.000636
190    0.000602
191    0.000876
192    0.000722
193    0.000870
194    0.000650
195    0.000461
196    0.000756
197    0.000918
198    0.000672
199    0.000709
200    0.000923
201    0.001172
202    0.000624
203    0.001005
204    0.000981
205    0.000810
206    0.000794
207    0.000783
208    0.000614
209    0.000887
210    0.000674
211    0.000807
212    0.000903
213    0.000527
214    0.000751
215    0.000527
216    0.000556
217    0.000499
218    0.000708
219    0.000834
220    0.001133
221    0.000637
222    0.000705
223    0.000768
224    0.000693
225    0.000622
226    0.000565
227    0.000742
228    0.000859
229    0.001021
230    0.000917
231    0.000701
232    0.001375
233    0.000686
234    0.001086
235    0.000724
236    0.000597
237    0.000627
238    0.000631
239    0.000952
240    0.000577
241    0.000565
242    0.000570
243    0.000767
244    0.000636
245    0.000962
246    0.000762
247    0.000606
248    0.000912
249    0.000481
250    0.000566
251    0.000733
252    0.000837
253    0.000570
254    0.001067
255    0.000471
256    0.000635
257    0.000679
258    0.000655
259    0.000718
260    0.000495
261    0.000531
262    0.000587
263    0.000527
264    0.000406
265    0.000603
266    0.000639
267    0.000501
268    0.000378
269    0.000677
270    0.000586
271    0.000384
272    0.000673
273    0.000600
274    0.000718
275    0.000671
276    0.000303
277    0.000531
278    0.000574
279    0.000579
280    0.000593
281    0.000469
282    0.000367
283    0.000669
284    0.000324
285    0.000545
286    0.000841
287    0.000557
288    0.000648
289    0.000651
290    0.000534
291    0.000336
292    0.000606
293    0.000400
294    0.000642
295    0.000808
296    0.000589
297    0.000411
298    0.000563
299    0.000584
300    0.000610
301    0.000585
302    0.000663
303    0.000470
304    0.000469
305    0.000466
306    0.000441
307    0.000520
308    0.000771
309    0.000687
310    0.000363
311    0.000301
312    0.000474
313    0.000535
314    0.000252
315    0.000389
316    0.000586
317    0.000371
318    0.000439
319    0.000564
320    0.000441
321    0.000316
322    0.000628
323    0.000510
324    0.000609
325    0.000436
326    0.000668
327    0.000320
328    0.000611
329    0.000479
330    0.000716
331    0.000530
332    0.000820
333    0.000571
334    0.000312
335    0.000574
336    0.000318
337    0.000475
338    0.000512
339    0.000539
340    0.000488
341    0.000833
342    0.000570
343    0.000447
344    0.000369
345    0.000426
346    0.000310
347    0.000395
348    0.000511
349    0.000521
350    0.000442
351    0.000496
352    0.000577
353    0.000511
354    0.000442
355    0.000285
356    0.000362
357    0.000501
358    0.000526
359    0.000670
360    0.000295
361    0.000406
362    0.000479
363    0.000325
364    0.000470
365    0.000360
366    0.000435
367    0.000592
368    0.000521
369    0.000341
370    0.000512
371    0.000543
372    0.000388
373    0.000386
374    0.000427
375    0.000270
376    0.000577
377    0.000683
378    0.000389
379    0.000523
380    0.000414
381    0.000390
382    0.000479
383    0.000486
384    0.000849
385    0.000408
386    0.000472
387    0.000527
388    0.000362
389    0.000272
390    0.000385
391    0.000560
392    0.000245
393    0.000376
394    0.000308
395    0.000528
396    0.000733
397    0.000408
398    0.000474
399    0.000556
400    0.000361
401    0.000469
402    0.000232
403    0.000390
404    0.000344
405    0.000802
406    0.000619
407    0.000459
408    0.000537
409    0.000538
410    0.000371
411    0.000642
412    0.000440
413    0.000271
414    0.000381
415    0.000458
416    0.000401
417    0.000396
418    0.000309
419    0.000388
420    0.000526
421    0.000497
422    0.000372
423    0.000278
424    0.000504
425    0.000319
426    0.000284
427    0.000414
428    0.000248
429    0.000248
430    0.000318
431    0.000343
432    0.000357
433    0.000308
434    0.000285
435    0.000398
436    0.000292
437    0.000275
438    0.000327
439    0.000364
440    0.000307
441    0.000292
442    0.000384
443    0.000325
444    0.000204
445    0.000332
446    0.000430
447    0.000744
448    0.000590
449    0.000427
450    0.000373
451    0.000346
452    0.000337
453    0.000391
454    0.000353
455    0.000280
456    0.000409
457    0.000354
458    0.000427
459    0.000522
460    0.000372
461    0.000511
462    0.000457
463    0.000228
464    0.000405
465    0.000479
466    0.000424
467    0.000466
468    0.000287
469    0.000274
470    0.000316
471    0.000448
472    0.000356
473    0.000428
474    0.000390
475    0.000266
476    0.000120
477    0.000285
478    0.000407
479    0.000490
480    0.000291
481    0.000281
482    0.000271
483    0.000429
484    0.000347
485    0.000232
486    0.000348
487    0.000339
488    0.000448
489    0.000407
490    0.000389
491    0.000272
492    0.000433
493    0.000330
494    0.000328
495    0.000260
496    0.000210
497    0.000408
498    0.000230
499    0.000505
500    0.000204
501    0.000475
502    0.000230
503    0.000321
504    0.000377
505    0.000357
506    0.000302
507    0.000386
508    0.000378
509    0.000319
510    0.000344
511    0.000327
512    0.000328
513    0.000611
514    0.000282
515    0.000446
516    0.000218
517    0.000458
518    0.000348
519    0.000363
520    0.000440
521    0.000600
522    0.000274
523    0.000396
524    0.000240
525    0.000255
526    0.000366
527    0.000351
528    0.000301
529    0.000406
530    0.000343
531    0.000275
532    0.000287
533    0.000447
534    0.000287
535    0.000354
536    0.000328
537    0.000286
538    0.000364
539    0.000380
540    0.000248
541    0.000237
542    0.000198
543    0.000380
544    0.000342
545    0.000313
546    0.000275
547    0.000424
548    0.000317
549    0.000216
550    0.000328
551    0.000303
552    0.000298
553    0.000413
554    0.000281
555    0.000306
556    0.000344
557    0.000388
558    0.000295
559    0.000254
560    0.000389
561    0.000288
562    0.000278
563    0.000258
564    0.000242
565    0.000349
566    0.000263
567    0.000317
568    0.000304
569    0.000329
570    0.000249
571    0.000356
572    0.000354
573    0.000363
574    0.000319
575    0.000311
576    0.000249
577    0.000289
578    0.000307
579    0.000261
580    0.000224
581    0.000199
582    0.000342
583    0.000311
584    0.000278
585    0.000242
586    0.000390
587    0.000378
588    0.000253
589    0.000348
590    0.000279
591    0.000296
592    0.000313
593    0.000229
594    0.000375
595    0.000303
596    0.000272
597    0.000206
598    0.000126
599    0.000241
600    0.000349
601    0.000266
602    0.000274
603    0.000278
604    0.000389
605    0.000302
606    0.000433
607    0.000300
608    0.000457
609    0.000288
610    0.000225
611    0.000259
612    0.000266
613    0.000375
614    0.000237
615    0.000330
616    0.000231
617    0.000304
618    0.000245
619    0.000185
620    0.000252
621    0.000328
622    0.000325
623    0.000136
624    0.000390
625    0.000223
626    0.000344
627    0.000345
628    0.000181
629    0.000252
630    0.000247
631    0.000261
632    0.000340
633    0.000141
634    0.000287
635    0.000313
636    0.000266
637    0.000239
638    0.000205
639    0.000257
640    0.000228
641    0.000332
642    0.000188
643    0.000253
644    0.000287
645    0.000392
646    0.000216
647    0.000190
648    0.000241
649    0.000146
650    0.000383
651    0.000165
652    0.000242
653    0.000375
654    0.000178
655    0.000221
656    0.000169
657    0.000183
658    0.000256
659    0.000262
660    0.000346
661    0.000283
662    0.000278
663    0.000294
664    0.000283
665    0.000344
666    0.000231
667    0.000150
668    0.000230
669    0.000272
670    0.000276
671    0.000221
672    0.000214
673    0.000188
674    0.000225
675    0.000265
676    0.000255
677    0.000262
678    0.000249
679    0.000334
680    0.000149
681    0.000136
682    0.000348
683    0.000281
684    0.000425
685    0.000204
686    0.000214
687    0.000193
688    0.000313
689    0.000137
690    0.000186
691    0.000236
692    0.000178
693    0.000173
694    0.000243
695    0.000268
696    0.000180
697    0.000314
698    0.000230
699    0.000255
700    0.000217
701    0.000248
702    0.000164
703    0.000328
704    0.000185
705    0.000311
706    0.000230
707    0.000377
708    0.000216
709    0.000182
710    0.000128
711    0.000196
712    0.000207
713    0.000240
714    0.000246
715    0.000254
716    0.000149
717    0.000250
718    0.000174
719    0.000175
720    0.000195
721    0.000201
722    0.000214
723    0.000257
724    0.000254
725    0.000281
726    0.000176
727    0.000172
728    0.000209
729    0.000397
730    0.000264
731    0.000407
732    0.000260
733    0.000189
734    0.000247
735    0.000292
736    0.000298
737    0.000149
738    0.000281
739    0.000226
740    0.000272
741    0.000190
742    0.000273
743    0.000197
744    0.000221
745    0.000206
746    0.000311
747    0.000227
748    0.000231
749    0.000129
750    0.000217
751    0.000283
752    0.000192
753    0.000277
754    0.000234
755    0.000194
756    0.000102
757    0.000217
758    0.000222
759    0.000232
760    0.000259
761    0.000307
762    0.000295
763    0.000228
764    0.000236
765    0.000134
766    0.000255
767    0.000234
768    0.000131
769    0.000178
770    0.000197
771    0.000139
772    0.000198
773    0.000214
774    0.000150
775    0.000259
776    0.000139
777    0.000197
778    0.000109
779    0.000107
780    0.000258
781    0.000133
782    0.000175
783    0.000203
784    0.000211
785    0.000243
786    0.000161
787    0.000156
788    0.000284
789    0.000200
790    0.000249
791    0.000373
792    0.000264
793    0.000293
794    0.000344
795    0.000168
796    0.000292
797    0.000108
798    0.000331
799    0.000139
800    0.000128
801    0.000230
802    0.000200
803    0.000276
804    0.000090
805    0.000132
806    0.000272
807    0.000241
808    0.000106
809    0.000164
810    0.000301
811    0.000198
812    0.000095
813    0.000202
814    0.000112
815    0.000176
816    0.000221
817    0.000146
818    0.000158
819    0.000326
820    0.000267
821    0.000361
822    0.000240
823    0.000039
824    0.000209
825    0.000509
