  1    0.022379
  2    0.014820
  3    0.012025
  4    0.006811
  5    0.130138
  6    0.065352
  7    0.025023
  8    0.044269
  9    0.007737
 10    0.010517
 11    0.003920
 12    0.009887
 13    0.009562
 14    0.015251
 15    0.006001
 16    0.006280
 17    0.011063
 18    0.006814
 19    0.003735
 20    0.008193
 21    0.004187
 22    0.005161
 23    0.006590
 24    0.005795
 25    0.005774
 26    0.008088
 27    0.003503
 28    0.005843
 29    0.003881
 30    0.004648
 31    0.004540
 32    0.005057
 33    0.006728
 34    0.005183
 35    0.003218
 36    0.005206
 37    0.003315
 38    0.004179
 39    0.003136
 40    0.003605
 41    0.002743
 42    0.004335
 43    0.002863
 44    0.003413
 45    0.003382
 46    0.002673
 47    0.005294
 48    0.003334
 49    0.002612
 50    0.002253
 51    0.003679
 52    0.001498
 53    0.003213
 54    0.002581
 55    0.001936
 56    0.002538
 57    0.002069
 58    0.002686
 59    0.002736
 60    0.001589
 61    0.001957
 62    0.002106
 63    0.001224
 64    0.001963
 65    0.001399
 66    0.001988
 67    0.002192
 68    0.001840
 69    0.001728
 70    0.002408
 71    0.001917
 72    0.002256
 73    0.002155
 74    0.001416
 75    0.000977
 76    0.003116
 77    0.001862
 78    0.001128
 79    0.002162
 80    0.001022
 81    0.001468
 82    0.001302
 83    0.002451
 84    0.001279
 85    0.001432
 86    0.002119
 87    0.001179
 88    0.001842
 89    0.001377
 90    0.001501
 91    0.001057
 92    0.001131
 93    0.001672
 94    0.001652
 95    0.000915
 96    0.001263
 97    0.000756
 98    0.001433
 99    0.001868
100    0.001482
101    0.000840
102    0.001721
103    0.000704
104    0.001718
105    0.001610
106    0.000496
107    0.001192
108    0.001160
109    0.001407
110    0.001458
111    0.001323
112    0.000773
113    0.000927
114    0.000827
115    0.001798
116    0.001572
117    0.001398
118    0.000922
119    0.001269
120    0.001725
121    0.000846
122    0.001587
123    0.001201
124    0.000914
125    0.001154
126    0.001756
127    0.001894
128    0.001537
129    0.001404
130    0.000901
131    0.000886
132    0.001204
133    0.001598
134    0.001088
135    0.001622
136    0.001755
137    0.001278
138    0.001327
139    0.001879
140    0.001839
141    0.001334
142    0.001878
143    0.001502
144    0.001110
145    0.000940
146    0.001525
147    0.000987
148    0.001358
149    0.001215
150    0.001025
151    0.000864
152    0.000900
153    0.001113
154    0.001952
155    0.000830
156    0.001087
157    0.001555
158    0.000684
159    0.000460
160    0.000831
161    0.000705
162    0.000920
163    0.000684
164    0.000618
165    0.001225
166    0.000651
167    0.000668
168    0.001016
169    0.000995
170    0.001281
171    0.001001
172    0.001322
173    0.000922
174    0.000968
175    0.000871
176    0.001459
177    0.001204
178    0.001918
179    0.001155
180    0.001444
181    0.000724
182    0.000699
183    0.000702
184    0.000603
185    0.000952
186    0.000685
187    0.000978
188    0.000675
189    0.000903
190    0.001276
191    0.000786
192    0.000878
193    0.001040
194    0.000746
195    0.000640
196    0.001051
197    0.001014
198    0.000812
199    0.001227
200    0.000368
201    0.001009
202    0.001173
203    0.000695
204    0.000547
205    0.000848
206    0.000833
207    0.000573
208    0.000701
209    0.000529
210    0.000586
211    0.000817
212    0.000699
213    0.000752
214    0.000592
215    0.000902
216    0.000793
217    0.000743
218    0.000695
219    0.000768
220    0.000503
221    0.000695
222    0.000409
223    0.000954
224    0.000600
225    0.000615
226    0.000552
227    0.000585
228    0.000724
229    0.000786
230    0.000737
231    0.000549
232    0.000823
233    0.000696
234    0.000473
235    0.000672
236    0.001142
237    0.000785
238    0.000544
239    0.000604
240    0.000706
241    0.000659
242    0.000550
243    0.000716
244    0.000523
245    0.000469
246    0.000810
247    0.000777
248    0.000705
249    0.000520
250    0.000527
251    0.000756
252    0.000462
253    0.000588
254    0.001148
255    0.000456
256    0.000853
257    0.000601
258    0.000589
259    0.000677
260    0.000762
261    0.000844
262    0.000576
263    0.000595
264    0.000922
265    0.000527
266    0.000745
267    0.000770
268    0.000626
269    0.000942
270    0.000707
271    0.000797
272    0.000811
273    0.000677
274    0.000504
275    0.000662
276    0.000390
277    0.000462
278    0.000542
279    0.000703
280    0.000622
281    0.000629
282    0.000680
283    0.000483
284    0.000331
285    0.000462
286    0.000661
287    0.000649
288    0.000506
289    0.000410
290    0.000707
291    0.000493
292    0.000388
293    0.000784
294    0.000461
295    0.000411
296    0.000455
297    0.000543
298    0.000782
299    0.000868
300    0.000587
301    0.000432
302    0.000549
303    0.000751
304    0.000428
305    0.000790
306    0.000763
307    0.000313
308    0.000840
309    0.000545
310    0.000411
311    0.000698
312    0.000675
313    0.000748
314    0.000519
315    0.000682
316    0.000391
317    0.000448
318    0.000399
319    0.000396
320    0.000517
321    0.000411
322    0.000596
323    0.000788
324    0.000519
325    0.000744
326    0.000299
327    0.000453
328    0.000556
329    0.000649
330    0.000440
331    0.000635
332    0.000769
333    0.000532
334    0.000859
335    0.000440
336    0.000785
337    0.000659
338    0.000433
339    0.000537
340    0.000587
341    0.000594
342    0.000410
343    0.000304
344    0.000446
345    0.000372
346    0.000411
347    0.000442
348    0.000408
349    0.000333
350    0.000424
351    0.000447
352    0.000331
353    0.000413
354    0.000491
355    0.000439
356    0.000688
357    0.000430
358    0.000724
359    0.000582
360    0.000411
361    0.000486
362    0.000383
363    0.000366
364    0.000476
365    0.000420
366    0.000398
367    0.000493
368    0.000627
369    0.000376
370    0.000640
371    0.000647
372    0.000608
373    0.000555
374    0.000463
375    0.000343
376    0.000431
377    0.000663
378    0.000698
379    0.000330
380    0.000339
381    0.000393
382    0.000511
383    0.000526
384    0.000556
385    0.000351
386    0.000527
387    0.000346
388    0.000592
389    0.000415
390    0.000479
391    0.000526
392    0.000689
393    0.000519
394    0.000531
395    0.000698
396    0.000326
397    0.000441
398    0.000397
399    0.000635
400    0.000481
401    0.000439
402    0.000363
403    0.000545
404    0.000352
405    0.000484
406    0.000446
407    0.000427
408    0.000457
409    0.000294
410    0.000748
411    0.000443
412    0.000638
413    0.000500
414    0.000494
415    0.000297
416    0.000327
417    0.000468
418    0.000358
419    0.000363
420    0.000397
421    0.000588
422    0.000385
423    0.000379
424    0.000361
425    0.000206
426    0.000470
427    0.000265
428    0.000229
429    0.000250
430    0.000348
431    0.000478
432    0.000548
433    0.000488
434    0.000512
435    0.000307
436    0.000507
437    0.000497
438    0.000295
439    0.000636
440    0.000466
441    0.000597
442    0.000704
443    0.000323
444    0.000402
445    0.000515
446    0.000351
447    0.000415
448    0.000364
449    0.000302
450    0.000476
451    0.000231
452    0.000428
453    0.000478
454    0.000364
455    0.000453
456    0.000390
457    0.000271
458    0.000330
459    0.000415
460    0.000297
461    0.000395
462    0.000291
463    0.000407
464    0.000273
465    0.000464
466    0.000431
467    0.000261
468    0.000398
469    0.000289
470    0.000357
471    0.000498
472    0.000469
473    0.000356
474    0.000324
475    0.000284
476    0.000407
477    0.000353
478    0.000462
479    0.000308
480    0.000475
481    0.000394
482    0.000379
483    0.000173
484    0.000265
485    0.000192
486    0.000431
487    0.000420
488    0.000467
489    0.000284
490    0.000430
491    0.000255
492    0.000352
493    0.000422
494    0.000294
495    0.000491
496    0.000309
497    0.000354
498    0.000366
499    0.000333
500    0.000251
501    0.000315
502    0.000407
503    0.000373
504    0.000322
505    0.000478
506    0.000302
507    0.000393
508    0.000485
509    0.000376
510    0.000367
511    0.000324
512    0.000335
513    0.000229
514    0.000305
515    0.000268
516    0.000256
517    0.000337
518    0.000276
519    0.000302
520    0.000240
521    0.000403
522    0.000349
523    0.000226
524    0.000274
525    0.000398
526    0.000213
527    0.000298
528    0.000243
529    0.000391
530    0.000331
531    0.000228
532    0.000237
533    0.000316
534    0.000337
535    0.000336
536    0.000249
537    0.000547
538    0.000346
539    0.000300
540    0.000445
541    0.000271
542    0.000356
543    0.000345
544    0.000274
545    0.000355
546    0.000365
547    0.000393
548    0.000238
549    0.000212
550    0.000260
551    0.000259
552    0.000414
553    0.000326
554    0.000359
555    0.000325
556    0.000323
557    0.000268
558    0.000349
559    0.000283
560    0.000387
561    0.000349
562    0.000275
563    0.000187
564    0.000270
565    0.000296
566    0.000358
567    0.000275
568    0.000367
569    0.000362
570    0.000401
571    0.000332
572    0.000273
573    0.000266
574    0.000281
575    0.000289
576    0.000288
577    0.000234
578    0.000251
579    0.000380
580    0.000353
581    0.000463
582    0.000374
583    0.000338
584    0.000434
585    0.000344
586    0.000351
587    0.000338
588    0.000233
589    0.000186
590    0.000258
591    0.000286
592    0.000233
593    0.000257
594    0.000368
595    0.000314
596    0.000303
597    0.000216
598    0.000291
599    0.000357
600    0.000286
601    0.000298
602    0.000232
603    0.000309
604    0.000371
605    0.000205
606    0.000354
607    0.000240
608    0.000228
609    0.000239
610    0.000332
611    0.000282
612    0.000387
613    0.000291
614    0.000236
615    0.000255
616    0.000298
617    0.000297
618    0.000216
619    0.000326
620    0.000324
621    0.000253
622    0.000270
623    0.000377
624    0.000233
625    0.000260
626    0.000366
627    0.000225
628    0.000297
629    0.000420
630    0.000331
631    0.000330
632    0.000307
633    0.000458
634    0.000194
635    0.000184
636    0.000223
637    0.000287
638    0.000232
639    0.000205
640    0.000328
641    0.000246
642    0.000200
643    0.000193
644    0.000336
645    0.000343
646    0.000174
647    0.000362
648    0.000240
649    0.000285
650    0.000195
651    0.000274
652    0.000280
653    0.000202
654    0.000202
655    0.000272
656    0.000314
657    0.000215
658    0.000245
659    0.000395
660    0.000231
661    0.000266
662    0.000217
663    0.000255
664    0.000303
665    0.000382
666    0.000214
667    0.000179
668    0.000355
669    0.000221
670    0.000269
671    0.000254
672    0.000287
673    0.000281
674    0.000273
675    0.000235
676    0.000303
677    0.000228
678    0.000269
679    0.000238
680    0.000395
681    0.000207
682    0.000176
683    0.000322
684    0.000427
685    0.000281
686    0.000279
687    0.000381
688    0.000342
689    0.000129
690    0.000294
691    0.000306
692    0.000239
693    0.000253
694    0.000334
695    0.000210
696    0.000172
697    0.000240
698    0.000210
699    0.000325
700    0.000224
701    0.000243
702    0.000209
703    0.000335
704    0.000166
705    0.000211
706    0.000229
707    0.000155
708    0.000255
709    0.000166
710    0.000195
711    0.000258
712    0.000338
713    0.000183
714    0.000165
715    0.000264
716    0.000230
717    0.000168
718    0.000334
719    0.000163
720    0.000187
721    0.000175
722    0.000223
723    0.000396
724    0.000246
725    0.000287
726    0.000325
727    0.000323
728    0.000367
729    0.000234
730    0.000199
731    0.000393
732    0.000256
733    0.000307
734    0.000295
735    0.000156
736    0.000260
737    0.000322
738    0.000239
739    0.000224
740    0.000236
741    0.000243
742    0.000219
743    0.000320
744    0.000317
745    0.000212
746    0.000217
747    0.000181
748    0.000285
749    0.000201
750    0.000312
751    0.000236
752    0.000132
753    0.000198
754    0.000226
755    0.000200
756    0.000215
757    0.000242
758    0.000207
759    0.000237
760    0.000159
761    0.000168
762    0.000199
763    0.000154
764    0.000173
765    0.000201
766    0.000203
767    0.000243
768    0.000283
769    0.000238
770    0.000195
771    0.000362
772    0.000160
773    0.000245
774    0.000191
775    0.000360
776    0.000194
777    0.000276
778    0.000126
779    0.000200
780    0.000202
781    0.000149
782    0.000198
783    0.000205
784    0.000260
785    0.000257
786    0.000182
787    0.000118
788    0.000139
789    0.000150
790    0.000342
791    0.000240
792    0.000216
793    0.000194
794    0.000260
795    0.000290
796    0.000242
797    0.000148
798    0.000145
799    0.000085
800    0.000249
801    0.000182
802    0.000089
803    0.000215
804    0.000132
805    0.000324
806    0.000316
807    0.000337
808    0.000303
809    0.000179
810    0.000166
811    0.000285
812    0.000319
813    0.000197
814    0.000065
815    0.000299
816    0.000051
817    0.000222
818    0.000200
819    0.000314
820    0.000072
821    0.000589
822    0.000349
823    0.000130
824    0.000129
825    0.000447
