  1    0.025197
  2    0.017496
  3    0.085551
  4    0.017500
  5    0.092742
  6    0.056724
  7    0.023191
  8    0.023355
  9    0.026118
 10    0.019513
 11    0.009106
 12    0.007071
 13    0.014524
 14    0.016131
 15    0.004100
 16    0.006141
 17    0.005120
 18    0.002400
 19    0.001382
 20    0.004284
 21    0.004452
 22    0.006052
 23    0.004463
 24    0.002587
 25    0.010279
 26    0.007303
 27    0.006207
 28    0.005627
 29    0.003850
 30    0.006119
 31    0.005543
 32    0.003140
 33    0.005664
 34    0.005122
 35    0.002498
 36    0.005405
 37    0.003573
 38    0.005309
 39    0.003210
 40    0.002808
 41    0.003890
 42    0.004063
 43    0.003295
 44    0.003568
 45    0.003831
 46    0.002140
 47    0.004001
 48    0.001932
 49    0.002824
 50    0.002176
 51    0.003751
 52    0.002380
 53    0.001357
 54    0.003089
 55    0.002711
 56    0.003133
 57    0.001832
 58    0.002182
 59    0.002448
 60    0.003226
 61    0.003096
 62    0.001684
 63    0.002167
 64    0.002591
 65    0.001911
 66    0.002147
 67    0.001739
 68    0.001722
 69    0.001782
 70    0.001738
 71    0.001394
 72    0.001049
 73    0.001399
 74    0.001408
 75    0.001175
 76    0.002186
 77    0.001308
 78    0.000961
 79    0.001222
 80    0.001229
 81    0.001222
 82    0.001938
 83    0.002098
 84    0.001336
 85    0.002358
 86    0.001387
 87    0.001506
 88    0.001313
 89    0.001282
 90    0.001723
 91    0.001649
 92    0.001310
 93    0.001641
 94    0.001070
 95    0.001195
 96    0.001212
 97    0.001538
 98    0.001319
 99    0.000958
100    0.000617
101    0.001924
102    0.001584
103    0.000947
104    0.002048
105    0.001450
106    0.002237
107    0.002698
108    0.001225
109    0.001341
110    0.000990
111    0.001219
112    0.001122
113    0.000879
114    0.001820
115    0.000978
116    0.002433
117    0.000766
118    0.000646
119    0.001539
120    0.000902
121    0.000856
122    0.000448
123    0.001398
124    0.001097
125    0.000977
126    0.000761
127    0.001320
128    0.001237
129    0.002144
130    0.000872
131    0.000856
132    0.000834
133    0.001203
134    0.001468
135    0.000614
136    0.000808
137    0.001205
138    0.000614
139    0.000889
140    0.001391
141    0.001016
142    0.001039
143    0.001153
144    0.001264
145    0.001106
146    0.000895
147    0.001174
148    0.000752
149    0.001051
150    0.001125
151    0.000730
152    0.000812
153    0.001237
154    0.001050
155    0.001025
156    0.001085
157    0.001077
158    0.000836
159    0.000714
160    0.000981
161    0.001075
162    0.000759
163    0.000555
164    0.001007
165    0.001005
166    0.000610
167    0.001517
168    0.001238
169    0.001139
170    0.001393
171    0.000941
172    0.000937
173    0.000811
174    0.000850
175    0.000762
176    0.001065
177    0.001090
178    0.000838
179    0.000964
180    0.000639
181    0.000702
182    0.001082
183    0.000699
184    0.000749
185    0.000563
186    0.000958
187    0.000688
188    0.000509
189    0.000785
190    0.001493
191    0.000701
192    0.000668
193    0.000972
194    0.000530
195    0.000962
196    0.000720
197    0.000740
198    0.001265
199    0.001186
200    0.001272
201    0.001022
202    0.000866
203    0.000581
204    0.000822
205    0.001099
206    0.000615
207    0.000651
208    0.000687
209    0.000661
210    0.000684
211    0.000811
212    0.000873
213    0.000651
214    0.000969
215    0.000853
216    0.000678
217    0.000806
218    0.000680
219    0.000837
220    0.001018
221    0.000621
222    0.000722
223    0.000487
224    0.000471
225    0.000658
226    0.000452
227    0.000423
228    0.000573
229    0.000551
230    0.000534
231    0.000582
232    0.000659
233    0.000636
234    0.000362
235    0.000863
236    0.000549
237    0.000512
238    0.000546
239    0.000371
240    0.000595
241    0.000546
242    0.000536
243    0.000837
244    0.000694
245    0.000464
246    0.000282
247    0.000527
248    0.000698
249    0.000690
250    0.000450
251    0.000543
252    0.000503
253    0.000743
254    0.000585
255    0.000475
256    0.000652
257    0.000797
258    0.000696
259    0.000518
260    0.000870
261    0.000510
262    0.000813
263    0.000520
264    0.000530
265    0.000625
266    0.000514
267    0.000607
268    0.000834
269    0.000406
270    0.000799
271    0.000793
272    0.000474
273    0.000601
274    0.000660
275    0.000439
276    0.000591
277    0.000365
278    0.000793
279    0.000544
280    0.000720
281    0.000873
282    0.000629
283    0.000864
284    0.000888
285    0.000705
286    0.000589
287    0.000540
288    0.000406
289    0.000280
290    0.000281
291    0.000709
292    0.000430
293    0.000566
294    0.000553
295    0.000612
296    0.000503
297    0.000458
298    0.000297
299    0.000493
300    0.000494
301    0.000223
302    0.000550
303    0.000720
304    0.000473
305    0.000318
306    0.000448
307    0.000484
308    0.000388
309    0.000442
310    0.000541
311    0.000411
312    0.000562
313    0.000637
314    0.000438
315    0.000729
316    0.000576
317    0.000351
318    0.000334
319    0.000568
320    0.000621
321    0.000479
322    0.000538
323    0.000391
324    0.000316
325    0.000417
326    0.000628
327    0.000278
328    0.000303
329    0.000936
330    0.000522
331    0.000459
332    0.000445
333    0.000286
334    0.000494
335    0.000485
336    0.000473
337    0.000448
338    0.000507
339    0.000509
340    0.000511
341    0.000360
342    0.000383
343    0.000327
344    0.000476
345    0.000379
346    0.000398
347    0.000519
348    0.000589
349    0.000699
350    0.000765
351    0.000643
352    0.000644
353    0.000370
354    0.000516
355    0.000633
356    0.000364
357    0.000450
358    0.000336
359    0.000310
360    0.000325
361    0.000654
362    0.000390
363    0.000253
364    0.000448
365    0.000327
366    0.000409
367    0.000331
368    0.000304
369    0.000482
370    0.000620
371    0.000484
372    0.000251
373    0.000432
374    0.000409
375    0.000459
376    0.000445
377    0.000417
378    0.000468
379    0.000455
380    0.000219
381    0.000459
382    0.000315
383    0.000312
384    0.000523
385    0.000339
386    0.000355
387    0.000345
388    0.000737
389    0.000379
390    0.000538
391    0.000583
392    0.000361
393    0.000302
394    0.000336
395    0.000390
396    0.000403
397    0.000338
398    0.000271
399    0.000266
400    0.000554
401    0.000190
402    0.000416
403    0.000458
404    0.000322
405    0.000345
406    0.000364
407    0.000487
408    0.000355
409    0.000349
410    0.000256
411    0.000500
412    0.000366
413    0.000495
414    0.000333
415    0.000233
416    0.000584
417    0.000411
418    0.000330
419    0.000356
420    0.000135
421    0.000415
422    0.000368
423    0.000460
424    0.000293
425    0.000379
426    0.000360
427    0.000361
428    0.000257
429    0.000450
430    0.000269
431    0.000511
432    0.000406
433    0.000260
434    0.000332
435    0.000309
436    0.000302
437    0.000373
438    0.000287
439    0.000232
440    0.000350
441    0.000314
442    0.000335
443    0.000494
444    0.000336
445    0.000220
446    0.000327
447    0.000255
448    0.000223
449    0.000263
450    0.000472
451    0.000290
452    0.000251
453    0.000470
454    0.000236
455    0.000327
456    0.000144
457    0.000310
458    0.000330
459    0.000350
460    0.000253
461    0.000450
462    0.000337
463    0.000342
464    0.000243
465    0.000348
466    0.000149
467    0.000210
468    0.000235
469    0.000529
470    0.000269
471    0.000242
472    0.000254
473    0.000288
474    0.000312
475    0.000278
476    0.000253
477    0.000251
478    0.000178
479    0.000259
480    0.000288
481    0.000245
482    0.000203
483    0.000377
484    0.000232
485    0.000293
486    0.000331
487    0.000218
488    0.000311
489    0.000338
490    0.000354
491    0.000244
492    0.000283
493    0.000351
494    0.000406
495    0.000425
496    0.000296
497    0.000355
498    0.000344
499    0.000343
500    0.000347
501    0.000387
502    0.000198
503    0.000387
504    0.000346
505    0.000534
506    0.000363
507    0.000346
508    0.000309
509    0.000410
510    0.000195
511    0.000388
512    0.000399
513    0.000246
514    0.000279
515    0.000233
516    0.000307
517    0.000320
518    0.000185
519    0.000313
520    0.000169
521    0.000358
522    0.000468
523    0.000328
524    0.000237
525    0.000323
526    0.000291
527    0.000253
528    0.000305
529    0.000334
530    0.000419
531    0.000216
532    0.000250
533    0.000400
534    0.000368
535    0.000321
536    0.000343
537    0.000246
538    0.000234
539    0.000255
540    0.000388
541    0.000198
542    0.000221
543    0.000232
544    0.000321
545    0.000272
546    0.000210
547    0.000322
548    0.000242
549    0.000330
550    0.000299
551    0.000272
552    0.000188
553    0.000392
554    0.000223
555    0.000239
556    0.000362
557    0.000343
558    0.000355
559    0.000239
560    0.000194
561    0.000211
562    0.000327
563    0.000241
564    0.000209
565    0.000250
566    0.000328
567    0.000227
568    0.000201
569    0.000184
570    0.000287
571    0.000327
572    0.000201
573    0.000489
574    0.000376
575    0.000334
576    0.000348
577    0.000339
578    0.000184
579    0.000292
580    0.000112
581    0.000245
582    0.000362
583    0.000277
584    0.000240
585    0.000161
586    0.000290
587    0.000301
588    0.000211
589    0.000261
590    0.000253
591    0.000202
592    0.000248
593    0.000310
594    0.000216
595    0.000229
596    0.000278
597    0.000203
598    0.000144
599    0.000297
600    0.000253
601    0.000232
602    0.000322
603    0.000223
604    0.000294
605    0.000238
606    0.000201
607    0.000268
608    0.000256
609    0.000331
610    0.000196
611    0.000243
612    0.000172
613    0.000292
614    0.000249
615    0.000157
616    0.000227
617    0.000305
618    0.000374
619    0.000241
620    0.000269
621    0.000284
622    0.000204
623    0.000243
624    0.000174
625    0.000345
626    0.000244
627    0.000194
628    0.000190
629    0.000327
630    0.000252
631    0.000276
632    0.000266
633    0.000302
634    0.000258
635    0.000193
636    0.000233
637    0.000244
638    0.000236
639    0.000132
640    0.000269
641    0.000291
642    0.000293
643    0.000259
644    0.000246
645    0.000234
646    0.000234
647    0.000252
648    0.000221
649    0.000350
650    0.000361
651    0.000206
652    0.000209
653    0.000207
654    0.000166
655    0.000188
656    0.000185
657    0.000290
658    0.000244
659    0.000189
660    0.000199
661    0.000237
662    0.000233
663    0.000198
664    0.000362
665    0.000154
666    0.000296
667    0.000162
668    0.000187
669    0.000200
670    0.000221
671    0.000180
672    0.000193
673    0.000281
674    0.000222
675    0.000279
676    0.000317
677    0.000197
678    0.000267
679    0.000414
680    0.000422
681    0.000303
682    0.000268
683    0.000259
684    0.000209
685    0.000136
686    0.000192
687    0.000144
688    0.000204
689    0.000179
690    0.000228
691    0.000184
692    0.000171
693    0.000133
694    0.000178
695    0.000287
696    0.000187
697    0.000220
698    0.000206
699    0.000273
700    0.000212
701    0.000255
702    0.000243
703    0.000198
704    0.000166
705    0.000306
706    0.000170
707    0.000158
708    0.000309
709    0.000236
710    0.000195
711    0.000131
712    0.000216
713    0.000189
714    0.000164
715    0.000113
716    0.000148
717    0.000170
718    0.000187
719    0.000115
720    0.000295
721    0.000145
722    0.000246
723    0.000279
724    0.000202
725    0.000281
726    0.000187
727    0.000126
728    0.000250
729    0.000220
730    0.000212
731    0.000167
732    0.000223
733    0.000241
734    0.000208
735    0.000249
736    0.000153
737    0.000156
738    0.000219
739    0.000223
740    0.000220
741    0.000140
742    0.000288
743    0.000130
744    0.000361
745    0.000173
746    0.000185
747    0.000165
748    0.000228
749    0.000201
750    0.000164
751    0.000173
752    0.000199
753    0.000210
754    0.000208
755    0.000110
756    0.000286
757    0.000148
758    0.000189
759    0.000116
760    0.000197
761    0.000251
762    0.000195
763    0.000208
764    0.000157
765    0.000285
766    0.000191
767    0.000161
768    0.000131
769    0.000128
770    0.000142
771    0.000218
772    0.000151
773    0.000181
774    0.000176
775    0.000227
776    0.000209
777    0.000159
778    0.000098
779    0.000158
780    0.000212
781    0.000208
782    0.000294
783    0.000205
784    0.000106
785    0.000166
786    0.000187
787    0.000181
788    0.000196
789    0.000113
790    0.000162
791    0.000186
792    0.000157
793    0.000145
794    0.000190
795    0.000126
796    0.000185
797    0.000257
798    0.000349
799    0.000120
800    0.000178
801    0.000098
802    0.000139
803    0.000182
804    0.000177
805    0.000151
806    0.000199
807    0.000091
808    0.000221
809    0.000138
810    0.000274
811    0.000104
812    0.000137
813    0.000115
814    0.000141
815    0.000174
816    0.000273
817    0.000150
818    0.000106
819    0.000094
820    0.000344
821    0.000317
822    0.000166
823    0.000062
824    0.000220
825    0.000432
