 -0.944537
  0.292885
 -0.059040
 -0.034783
 -0.008433
 -0.065156
 -0.035082
 -0.038805
  0.013020
 -0.041255
 -0.062846
  0.005279
 -0.005231
  0.000414
 -0.009575
 -0.002539
 -0.018107
 -0.010811
  0.008203
 -0.023176
  0.015301
 -0.000350
 -0.007058
 -0.003861
 -0.008677
  0.012729
 -0.014955
  0.001649
 -0.008225
  0.001039
 -0.000402
 -0.002159
  0.006107
  0.002430
 -0.008451
  0.008439
  0.008449
 -0.000945
 -0.004145
  0.003249
 -0.005140
  0.006643
  0.002821
  0.000510
  0.002016
 -0.001064
 -0.004924
  0.004289
 -0.001590
  0.010078
 -0.000462
  0.003071
 -0.001619
  0.007546
 -0.007398
  0.007092
 -0.005234
  0.002104
  0.000008
  0.004266
  0.006340
 -0.009074
  0.004917
  0.004819
  0.005589
  0.007737
 -0.002578
 -0.001201
 -0.009694
 -0.005752
  0.000806
  0.005577
  0.001435
  0.005741
 -0.000113
 -0.008206
  0.005255
  0.001115
  0.004394
 -0.000424
  0.000606
 -0.001615
  0.001326
  0.003439
  0.001798
 -0.002746
  0.000408
 -0.001306
 -0.003833
 -0.006080
  0.003432
  0.001765
 -0.003718
  0.008674
  0.001619
  0.001412
  0.000996
 -0.000405
  0.005406
  0.000485
 -0.003519
 -0.004043
 -0.000799
  0.001580
  0.007809
 -0.001734
  0.001227
  0.001079
 -0.002108
  0.001546
  0.002746
  0.002324
  0.001783
 -0.001221
 -0.002859
  0.001253
  0.002213
  0.002577
  0.000112
  0.000217
  0.004802
  0.001936
 -0.001239
 -0.005723
 -0.004578
  0.004962
  0.003118
  0.001177
 -0.001311
  0.001611
 -0.000611
 -0.001619
 -0.003158
  0.000130
 -0.000790
 -0.003476
 -0.003016
  0.001297
  0.001023
  0.001291
 -0.001024
 -0.000342
  0.001166
 -0.000976
  0.006281
 -0.000742
  0.000592
 -0.000545
  0.004199
  0.008378
  0.002753
 -0.000119
 -0.000701
 -0.000890
  0.002035
 -0.002503
 -0.000004
  0.000856
 -0.000615
  0.003394
 -0.002391
 -0.000360
 -0.002717
  0.003552
  0.001487
  0.002559
  0.001186
 -0.000476
 -0.001470
 -0.000583
  0.000119
  0.000170
  0.002052
  0.001911
  0.000457
 -0.000445
 -0.000343
 -0.000480
 -0.001794
 -0.001477
  0.000234
  0.001725
  0.001702
  0.000458
  0.001288
 -0.001585
  0.000488
 -0.002384
  0.000113
 -0.001662
 -0.001690
 -0.001654
  0.002230
  0.000640
 -0.000569
 -0.000980
  0.001392
 -0.001038
 -0.005462
  0.004121
 -0.000679
  0.005055
 -0.003735
  0.001506
 -0.001768
  0.000685
  0.002098
  0.001551
  0.000445
 -0.002931
 -0.000176
 -0.000322
 -0.000056
 -0.000278
 -0.000558
 -0.000932
  0.000181
  0.000294
  0.000956
  0.001549
 -0.000377
 -0.001042
  0.000622
  0.001558
 -0.000777
 -0.000667
  0.001352
  0.000768
  0.000700
 -0.002070
  0.000999
  0.000625
  0.000131
  0.000677
  0.000236
  0.000761
 -0.000154
 -0.000355
 -0.001676
 -0.000287
 -0.000550
 -0.001662
 -0.002509
  0.000937
  0.000923
  0.000722
  0.001397
 -0.000793
 -0.000552
  0.000167
 -0.000830
 -0.002115
 -0.000456
  0.001119
  0.000461
 -0.000321
  0.000577
  0.000815
 -0.000546
  0.000556
  0.000164
  0.002315
 -0.000291
  0.000271
 -0.000757
 -0.000990
  0.000439
 -0.000435
 -0.000474
  0.000826
  0.001570
 -0.001736
  0.000930
 -0.001617
  0.000502
 -0.000130
 -0.000468
  0.001126
  0.000592
 -0.000077
 -0.000247
  0.000885
 -0.000905
 -0.001302
  0.000218
 -0.000818
 -0.001363
  0.000521
 -0.002070
  0.001061
 -0.000679
 -0.000016
  0.000210
 -0.000471
  0.000786
 -0.001737
  0.000334
  0.000266
 -0.000386
 -0.000719
 -0.000061
  0.001913
 -0.000075
  0.001168
  0.000137
  0.001742
  0.000840
 -0.001529
  0.002269
  0.000400
  0.000762
 -0.000370
 -0.000182
  0.000345
  0.001256
  0.000102
  0.000123
  0.000408
 -0.000236
 -0.002526
  0.000891
  0.000090
 -0.001900
  0.000326
 -0.000118
  0.000364
 -0.001006
  0.000472
 -0.001444
 -0.000035
  0.000435
 -0.001081
  0.000615
  0.000066
  0.000668
 -0.000617
 -0.000371
 -0.000275
 -0.000312
  0.000449
  0.001117
 -0.000943
  0.001373
  0.000511
 -0.000412
 -0.001160
  0.001375
 -0.000111
 -0.000381
 -0.001109
 -0.001039
 -0.001072
  0.001520
  0.000407
  0.000684
 -0.000789
  0.000568
  0.001132
  0.000299
 -0.000587
 -0.000851
  0.001153
  0.000309
 -0.000579
 -0.000136
 -0.000288
 -0.001608
  0.000843
 -0.001209
  0.001816
  0.001059
  0.000770
  0.001437
 -0.000418
 -0.001089
 -0.000398
 -0.001448
  0.001491
  0.000181
  0.001332
 -0.000658
  0.001571
  0.000579
 -0.001668
 -0.000299
 -0.000026
  0.001157
 -0.000074
 -0.001427
 -0.000300
  0.000306
  0.000974
 -0.001148
  0.000682
  0.000210
  0.000759
 -0.000331
  0.000131
  0.000971
  0.000124
 -0.000275
  0.000374
  0.000413
  0.001503
 -0.000690
 -0.000530
  0.000797
  0.000190
  0.000919
 -0.000624
  0.000473
 -0.001157
 -0.000475
 -0.000448
  0.000022
  0.000271
  0.000554
 -0.000517
 -0.000214
  0.000532
 -0.001058
 -0.000204
  0.001190
 -0.000612
  0.000078
  0.000885
 -0.000268
 -0.000215
  0.000365
  0.000580
  0.000346
 -0.001627
  0.000471
 -0.000966
 -0.000922
  0.000415
 -0.000383
  0.000447
  0.000281
  0.000268
  0.000074
 -0.000457
 -0.000419
 -0.000929
  0.001104
 -0.000200
  0.000507
 -0.000053
  0.000578
 -0.000325
  0.000483
 -0.000028
  0.000401
  0.000494
  0.000174
  0.000223
  0.001013
 -0.000658
  0.001218
 -0.000013
 -0.000364
  0.001215
  0.000185
  0.000205
 -0.000453
  0.000667
  0.000145
  0.000747
 -0.000627
 -0.000259
  0.000470
  0.000123
  0.000389
 -0.000840
  0.000013
  0.000002
  0.000286
 -0.000263
 -0.001008
  0.000096
  0.000163
  0.000483
 -0.000256
 -0.000055
  0.000056
  0.000193
 -0.000214
 -0.000135
 -0.000134
  0.000447
 -0.000239
  0.000493
  0.000150
 -0.000054
  0.000409
  0.000116
  0.000393
 -0.000573
  0.000289
  0.000477
 -0.000309
  0.000040
  0.000079
  0.000895
  0.000158
 -0.000059
 -0.000400
  0.000006
  0.000176
  0.000230
 -0.000010
 -0.000129
  0.000326
  0.000616
  0.000374
  0.000265
 -0.000122
  0.000186
  0.000580
 -0.000105
 -0.000264
  0.000233
 -0.000323
  0.000283
 -0.000522
 -0.000221
 -0.000475
  0.000123
  0.000329
 -0.000610
  0.000403
 -0.000040
  0.000050
 -0.000267
  0.000170
  0.000073
 -0.000292
 -0.000300
  0.000192
  0.000646
 -0.000167
  0.000062
  0.000224
  0.000577
 -0.000492
  0.000521
  0.000351
  0.000570
 -0.000590
 -0.000215
  0.000322
 -0.000851
 -0.000118
 -0.000698
 -0.000320
  0.000544
  0.000067
  0.000526
 -0.000137
 -0.000030
  0.000042
 -0.000270
 -0.000060
 -0.000054
  0.000099
  0.000360
  0.000065
  0.000402
  0.000296
 -0.000371
 -0.000937
 -0.000073
 -0.000654
  0.000038
 -0.000190
 -0.000472
  0.000294
 -0.000361
  0.000924
  0.000504
 -0.000254
 -0.000281
  0.000446
 -0.000345
  0.000315
 -0.000391
  0.000024
 -0.000109
  0.000073
 -0.000210
  0.000957
  0.000051
 -0.000418
 -0.000603
  0.000577
 -0.000585
 -0.000385
  0.000811
 -0.000511
 -0.000071
  0.000162
 -0.000639
  0.000025
 -0.000353
  0.000647
 -0.000235
  0.000265
  0.000105
  0.000382
  0.000431
  0.000240
 -0.000105
  0.000269
 -0.000252
 -0.000479
  0.000013
  0.000004
  0.000252
  0.000337
 -0.000096
 -0.000277
  0.000350
 -0.000054
  0.000467
  0.000660
  0.000913
 -0.000142
 -0.000120
  0.000199
  0.000078
  0.000087
 -0.000228
 -0.000227
  0.000108
 -0.000206
  0.000056
  0.000193
  0.000146
  0.000799
  0.000025
 -0.000137
  0.000536
 -0.000222
  0.000505
  0.000151
 -0.000955
 -0.000728
  0.000142
  0.000524
 -0.000079
 -0.000104
 -0.000454
 -0.000247
 -0.000495
 -0.000292
  0.000137
 -0.000233
 -0.000418
 -0.000010
  0.000467
 -0.000055
 -0.000423
 -0.000192
  0.000050
  0.000161
 -0.000022
 -0.000137
 -0.000861
 -0.000359
 -0.000245
  0.000024
  0.000513
  0.000061
 -0.000007
 -0.000344
 -0.000396
  0.000057
  0.000338
 -0.000210
  0.000524
  0.000293
 -0.000086
  0.000418
  0.000119
 -0.000109
  0.000370
 -0.000335
 -0.000414
  0.000054
  0.000280
  0.000772
  0.000203
 -0.000166
 -0.000131
 -0.000770
  0.000067
  0.000226
 -0.000562
 -0.000189
  0.000491
  0.000493
  0.000296
 -0.000039
 -0.000241
 -0.000205
 -0.000033
 -0.000214
  0.000015
  0.000385
  0.000190
 -0.000342
  0.000070
 -0.000471
 -0.000056
 -0.000414
  0.000229
 -0.000163
  0.000392
  0.000756
  0.000058
  0.000144
  0.000370
 -0.000197
 -0.000042
  0.000175
  0.000793
 -0.000657
  0.001273
  0.000134
  0.000141
 -0.000298
  0.001316
 -0.000024
  0.001113
  0.000119
  0.000107
 -0.000248
  0.000374
 -0.000208
 -0.000084
  0.000148
 -0.000008
 -0.000650
 -0.000890
 -0.000013
 -0.000453
 -0.000086
 -0.000263
 -0.000156
  0.000680
 -0.000251
  0.000111
 -0.000395
 -0.001089
 -0.000677
 -0.000216
 -0.000102
 -0.000601
 -0.000153
  0.000199
 -0.000430
  0.000461
 -0.001295
 -0.000498
 -0.000057
  0.000325
  0.000061
  0.000179
 -0.000085
 -0.000055
  0.000198
  0.000303
 -0.000717
 -0.000509
 -0.000314
  0.000472
 -0.001123
  0.000064
  0.000516
 -0.000279
  0.000296
  0.000253
  0.000036
  0.000133
  0.000204
  0.000390
  0.000214
  0.000009
 -0.000887
 -0.000702
 -0.000484
  0.000337
  0.001115
  0.000085
 -0.000008
 -0.000168
 -0.000731
 -0.000767
 -0.000005
 -0.000065
 -0.000021
  0.000097
 -0.000256
 -0.000032
 -0.000036
  0.000237
  0.000099
  0.000069
 -0.000439
  0.000166
 -0.000466
  0.000087
 -0.000325
 -0.000026
 -0.000051
 -0.000045
 -0.000206
 -0.000261
  0.000047
 -0.000012
 -0.000017
  0.000045
  0.000025
  0.000048
 -0.000173
