  0.919841
  0.355040
  0.077987
 -0.007165
 -0.035843
  0.010541
  0.043736
  0.018484
  0.007192
  0.001764
  0.059681
 -0.058675
  0.016668
  0.027039
 -0.007305
  0.029591
  0.015594
  0.007773
 -0.010763
  0.016686
 -0.015898
 -0.014043
 -0.050930
  0.011250
  0.019555
 -0.013970
  0.000155
 -0.004207
  0.001489
  0.006332
  0.003471
 -0.019373
  0.003992
  0.010177
 -0.006862
 -0.005083
 -0.010023
  0.003477
  0.017040
  0.002338
  0.001357
  0.015004
 -0.007613
  0.002032
  0.003301
 -0.001857
 -0.001116
 -0.002071
 -0.004764
  0.016119
  0.018986
 -0.002897
 -0.011606
  0.002967
  0.006436
  0.002740
  0.000493
 -0.005769
 -0.001884
  0.002303
 -0.003856
  0.007787
  0.002844
  0.009908
 -0.000251
 -0.008506
 -0.008859
 -0.004425
  0.006837
 -0.004551
  0.001226
  0.004187
 -0.010275
  0.003721
  0.001309
  0.007164
 -0.001600
 -0.000695
  0.001146
 -0.010473
  0.003753
 -0.003385
  0.000619
  0.001915
  0.000826
  0.005325
 -0.000390
  0.000777
 -0.002600
  0.000374
 -0.004322
 -0.001077
  0.005886
 -0.009605
 -0.000135
 -0.000685
 -0.005366
  0.000353
 -0.006769
  0.001772
  0.006368
 -0.000286
 -0.000373
  0.005846
  0.003483
 -0.008482
  0.005145
  0.003249
 -0.001553
 -0.001295
 -0.001539
  0.001499
 -0.007320
  0.001241
  0.000631
  0.003351
 -0.001163
 -0.000220
  0.000277
 -0.002923
 -0.002173
  0.001839
  0.002516
 -0.000264
 -0.000757
 -0.008024
  0.001525
  0.001322
 -0.001025
 -0.002168
 -0.001141
  0.000740
  0.002454
  0.002565
 -0.000533
 -0.000287
 -0.000270
 -0.000112
  0.000988
  0.006081
  0.000359
 -0.003804
  0.004428
  0.001446
 -0.003292
  0.004721
 -0.002848
  0.002886
  0.000629
 -0.004006
  0.002576
 -0.000586
  0.001302
 -0.001166
  0.000761
  0.000304
 -0.000080
 -0.000872
 -0.002199
 -0.003218
 -0.000354
  0.000124
  0.002000
 -0.000594
  0.000389
  0.003762
  0.002865
 -0.000290
 -0.002350
  0.002432
 -0.001485
 -0.001004
 -0.000798
  0.000323
 -0.001458
  0.006300
 -0.000366
  0.000258
  0.000693
 -0.002075
 -0.000977
  0.000133
  0.005629
 -0.002961
 -0.001527
  0.000291
 -0.000863
  0.001517
 -0.000446
  0.000616
 -0.000624
  0.000892
 -0.000143
 -0.001101
  0.001077
 -0.002601
  0.002147
  0.000388
  0.001199
  0.000628
 -0.000441
  0.001567
  0.003151
 -0.001348
  0.000277
 -0.005097
  0.002213
 -0.002546
 -0.002113
  0.002545
 -0.001827
  0.000170
  0.008714
  0.000126
 -0.004467
  0.000371
  0.001008
 -0.002808
 -0.001540
  0.000109
 -0.000570
  0.000300
 -0.001427
 -0.001746
 -0.001499
 -0.002782
 -0.000749
 -0.002433
  0.000911
  0.001562
  0.000587
 -0.003558
  0.001565
 -0.000990
 -0.000044
 -0.002000
 -0.000583
  0.004624
  0.001687
  0.001260
  0.000129
 -0.000100
  0.001097
  0.000014
 -0.001326
  0.000427
 -0.000135
  0.000232
  0.002789
 -0.000232
  0.000630
  0.000079
  0.001994
 -0.001645
  0.000154
 -0.000845
  0.000652
  0.000499
  0.000988
  0.000063
 -0.000821
 -0.000072
  0.000141
  0.000748
 -0.000371
 -0.000431
  0.000963
 -0.000235
  0.000313
  0.000399
 -0.001890
  0.002483
 -0.000239
  0.002662
 -0.001352
  0.001125
  0.001587
 -0.002236
  0.001524
 -0.001091
 -0.000093
 -0.000765
 -0.001990
  0.001273
  0.000532
 -0.003485
 -0.000328
 -0.002262
  0.000609
 -0.001613
 -0.000252
  0.000791
 -0.000916
  0.000344
 -0.001094
  0.001032
 -0.000068
  0.000581
  0.000725
  0.000713
 -0.000865
 -0.000258
 -0.000441
  0.000425
 -0.000472
  0.000752
  0.000076
  0.000014
 -0.000281
 -0.000409
  0.000983
 -0.000036
 -0.000501
 -0.000185
 -0.000450
 -0.000117
  0.000191
  0.000212
  0.000798
 -0.001785
  0.000251
 -0.001124
  0.000419
  0.001335
  0.002821
  0.000059
 -0.001392
  0.000586
 -0.000018
 -0.002004
 -0.000136
 -0.000609
  0.000422
  0.002191
  0.001359
 -0.000934
  0.000535
 -0.000832
  0.000467
 -0.001233
 -0.000748
  0.000556
 -0.000376
 -0.001379
 -0.000312
  0.000107
  0.000175
 -0.000157
 -0.000610
  0.001166
  0.000566
  0.000324
  0.000447
 -0.000073
  0.000399
  0.001098
  0.000769
  0.000740
 -0.000274
  0.000517
 -0.001239
  0.000384
  0.001290
 -0.000371
 -0.000378
 -0.000567
 -0.000313
 -0.000405
 -0.001137
  0.000090
 -0.001174
  0.000099
  0.000817
 -0.000166
 -0.000021
  0.000612
  0.001104
  0.000342
 -0.001593
 -0.000316
  0.000878
 -0.000825
 -0.001130
  0.002694
 -0.000588
  0.000441
 -0.000981
  0.000055
  0.001298
  0.001273
 -0.001186
 -0.000810
  0.001078
 -0.001482
  0.000182
 -0.000027
 -0.000208
 -0.000308
  0.001736
 -0.001129
  0.000243
  0.000933
 -0.000160
  0.001353
  0.000907
 -0.000902
  0.001945
 -0.000539
 -0.000503
  0.000402
 -0.002081
  0.000019
 -0.001915
 -0.000013
 -0.001308
  0.000020
  0.000336
  0.001153
  0.003133
 -0.000742
 -0.000008
 -0.002070
  0.000741
 -0.001661
 -0.000160
  0.001204
 -0.000157
  0.000986
 -0.001012
 -0.001262
 -0.001265
 -0.000062
  0.000922
 -0.000061
 -0.002512
  0.001176
 -0.001416
  0.000363
  0.000681
  0.002281
  0.000862
  0.001664
  0.000418
 -0.000878
  0.000244
 -0.000830
 -0.000381
 -0.000304
 -0.000931
 -0.001397
  0.000493
 -0.001445
 -0.000628
  0.000994
  0.001947
  0.000308
  0.001478
 -0.000976
 -0.001493
  0.002231
 -0.001447
  0.003040
  0.000206
  0.002580
  0.000070
 -0.000944
 -0.000721
 -0.000393
  0.002047
 -0.001489
  0.000101
 -0.000416
 -0.000986
 -0.000377
 -0.001924
 -0.000100
 -0.000500
  0.001709
 -0.000431
  0.000148
  0.000404
 -0.001288
 -0.001227
 -0.000336
  0.002971
 -0.001132
 -0.000917
  0.000321
  0.002649
 -0.002193
 -0.001777
 -0.000060
 -0.000039
  0.000771
 -0.000677
  0.000034
 -0.000119
  0.001268
  0.000617
  0.001159
  0.000226
  0.000287
  0.000465
 -0.000316
 -0.000554
  0.000370
 -0.001582
  0.001403
 -0.000655
 -0.000665
  0.001133
 -0.000716
  0.000832
 -0.001812
  0.000401
 -0.000125
 -0.001186
 -0.000454
 -0.000803
  0.000219
 -0.001631
  0.000045
 -0.000171
  0.000969
 -0.000247
 -0.000413
 -0.000682
 -0.000204
 -0.001335
  0.000378
 -0.001054
 -0.000533
 -0.000533
 -0.001299
 -0.001629
 -0.000938
  0.000519
 -0.000043
 -0.000937
  0.000006
 -0.000698
 -0.000335
 -0.000541
  0.001452
  0.000206
 -0.000103
 -0.000899
  0.000048
  0.000032
  0.001388
 -0.000766
 -0.000009
 -0.000027
 -0.001328
  0.000557
 -0.000396
  0.000377
 -0.000869
  0.000377
 -0.000212
  0.000097
  0.000682
 -0.000358
  0.000165
  0.000168
  0.000235
  0.000049
 -0.000394
 -0.000481
  0.000030
 -0.000508
  0.000401
 -0.000606
  0.000571
 -0.000153
 -0.000069
 -0.000036
  0.000175
 -0.000078
 -0.000393
 -0.000508
 -0.000251
  0.000113
 -0.000603
  0.000245
 -0.000096
 -0.000354
 -0.000562
  0.000127
  0.000202
  0.000234
 -0.000030
 -0.000097
  0.000035
  0.000060
  0.000084
 -0.000167
 -0.000139
 -0.000323
  0.000196
 -0.000074
  0.000477
  0.000141
 -0.000408
 -0.000067
  0.000239
  0.000170
  0.000169
 -0.000161
 -0.000229
 -0.000119
  0.000476
 -0.000393
 -0.000256
  0.000862
  0.000173
  0.000339
 -0.000487
  0.000263
  0.000203
  0.000050
  0.000148
 -0.000119
 -0.000028
  0.000480
 -0.000388
  0.001125
  0.000153
 -0.000393
 -0.000084
  0.000062
  0.000162
  0.000420
  0.000289
 -0.000065
 -0.000124
 -0.000072
 -0.000454
 -0.000117
  0.000860
 -0.000234
  0.000128
 -0.000186
 -0.000032
 -0.000288
  0.000196
  0.000167
  0.000360
  0.000198
  0.000266
 -0.000315
 -0.000008
 -0.000148
  0.000104
 -0.000100
 -0.000161
  0.000611
 -0.000473
  0.000428
  0.000422
 -0.000282
  0.000449
 -0.000374
 -0.000131
  0.000526
 -0.000121
 -0.000059
  0.000270
  0.000391
 -0.000133
  0.000009
 -0.000159
  0.000134
  0.000229
 -0.000196
 -0.000273
 -0.000299
  0.000314
 -0.000314
 -0.000359
 -0.000787
 -0.000146
  0.000068
 -0.000067
 -0.000384
 -0.000649
 -0.000233
 -0.000211
  0.000545
 -0.000032
 -0.000352
 -0.000502
 -0.000203
  0.000061
  0.000245
 -0.000726
 -0.000663
 -0.000252
  0.000082
 -0.000370
 -0.000408
  0.000183
 -0.000465
  0.000401
  0.000203
 -0.000080
  0.000507
 -0.000238
  0.000249
  0.000028
  0.000386
 -0.000405
  0.000972
 -0.000085
 -0.000330
  0.000067
  0.000599
  0.000415
 -0.000023
 -0.000157
 -0.000447
 -0.000069
 -0.000346
  0.000349
 -0.000323
  0.000131
 -0.000731
 -0.000091
 -0.000555
 -0.000252
 -0.000130
  0.000288
  0.000032
  0.000771
  0.000068
  0.001347
 -0.000258
  0.000008
 -0.000233
  0.000194
 -0.000191
  0.000217
  0.000291
 -0.000215
  0.000246
 -0.000566
 -0.000649
  0.001449
 -0.000150
 -0.000001
 -0.000315
  0.000067
 -0.000008
  0.000205
 -0.000489
 -0.000367
  0.000737
 -0.000036
 -0.000219
 -0.000734
 -0.000327
 -0.000255
  0.000086
  0.000125
  0.000269
  0.000591
 -0.000683
 -0.000201
  0.000196
 -0.000239
  0.000152
 -0.000204
  0.000531
 -0.000288
  0.000237
 -0.000753
 -0.000071
  0.000739
  0.000162
  0.000530
  0.001146
  0.000332
 -0.000452
 -0.000917
 -0.000399
 -0.000356
  0.000777
  0.001034
  0.001647
  0.000316
 -0.000364
  0.000137
 -0.000283
 -0.000072
  0.000414
  0.000227
  0.000026
 -0.000248
 -0.000117
 -0.000095
  0.000060
  0.000029
  0.000114
  0.000066
 -0.000008
 -0.000080
  0.000074
 -0.000113
 -0.000243
 -0.000033
  0.000257
  0.000137
  0.000111
 -0.000012
  0.000042
 -0.000023
 -0.000095
  0.000032
 -0.000049
  0.000021
  0.000179
  0.000015
 -0.000048
 -0.000044
  0.000216
