           7  0.45603720010695614        1.6544717690807580E-004
           8  0.35812551298964712        2.4020565890991362E-004
           9  0.13251819225513595        3.7517696783909106E-004
          10   5.3203871460245945E-002   4.7277756399507343E-004
          11  0.17794620715137369        5.9483178498802877E-004
          12  0.18197374742925235        6.9521807476243523E-004
          13  0.13823983653547964        8.0692768360682938E-004
          14  0.23549009724413542        1.1146569246367984E-003
          15   6.6025313207066935E-002   1.1482346925878247E-003
          16   6.3719242093837156E-002   1.1706830807201971E-003
          17  0.18895410346817967        1.3476759909591446E-003
          18  0.20726089141392950        1.3852840130461886E-003
          19  0.24461811820549176        1.4522950300701460E-003
          20  0.41471198009259275        1.5664507044961858E-003
          21  0.25350408724037565        1.7784431860609427E-003
          22  0.17498020895624736        1.8418361484673423E-003
          23  0.43994269452029167        2.1224552837753744E-003
          24  0.36307472497737520        2.1626124554094779E-003
          25  0.42871883838140462        2.2766176102695279E-003
          26  0.28637850579057145        2.3223765552407125E-003
          27  0.26016411420689672        2.4922634453221027E-003
          28  0.29752050497361632        2.6946488495415621E-003
          29  0.21188624848749466        2.8753304520558816E-003
          30  0.22887717885965292        2.9323599681696363E-003
          31  0.33260337089275105        3.0786619592081247E-003
          32  0.48947373453460435        3.4672676379808999E-003
          33  0.41638869358906372        3.6675469648116874E-003
          34  0.24233852128256436        3.7263784469494968E-003
          35  0.43911631069471135        3.7926794764361164E-003
          36  0.22535355132355642        3.9374016791967493E-003
          37  0.27563277276302839        4.0914036148548428E-003
          38  0.54574209166701038        4.1773492114242083E-003
          39  0.28861019821066075        4.3481167845817311E-003
          40  0.32876969626993729        4.5488257378283794E-003
          41  0.25866368951048657        4.6339733801835899E-003
          42  0.31455768773056930        4.8328336507837064E-003
          43  0.42437672336178012        4.9613023793932840E-003
          44  0.32601734512807301        5.1024601245880019E-003
          45  0.22812343830873799        5.1910047830645801E-003
          46  0.18482773209873532        5.2831370199503801E-003
          47  0.54235349482924233        5.3679467912288309E-003
          48  0.26588844741356527        5.5397798665398233E-003
          49  0.30245952778676238        5.7061589247523140E-003
          50  0.51332695575170917        5.7376608833022051E-003
          51  0.40222974368752773        5.9428304391865210E-003
          52  0.30988268691505377        6.0454047730108323E-003
          53  0.18096954249791739        6.1673655823471863E-003
          54  0.37887632930926518        6.2154054514861352E-003
          55  0.41599055389485107        6.3289871638730656E-003
          56  0.36405821258689314        6.6178520574868100E-003
          57  0.25224191627756831        6.7828169847887997E-003
          58  0.42736181123475581        6.8548258950376908E-003
          59  0.10911830914813128        6.9506630987620352E-003
          60  0.48046267178348906        7.1953086777923735E-003
          61  0.50336175791840265        7.2077624386421620E-003
          62  0.35153443917068566        7.3473370443449528E-003
          63  0.52361504413559745        7.5696526386269539E-003
          64  0.39997033741701077        7.7492753516268907E-003
          65  0.28175425199795379        7.8700365306031243E-003
          66  0.22089787673641129        7.9878507487475929E-003
          67  0.46514504649431909        8.2809840267573809E-003
          68  0.37756182407101313        8.3244837107640610E-003
          69  0.39336301323914541        8.5659787783028737E-003
          70  0.38937652161698483        8.6366867441258956E-003
          71  0.46350424931223211        8.7179684276617164E-003
          72  0.57509596363687610        8.8706476337089245E-003
          73  0.47874453886881463        8.9460893515665944E-003
          74  0.17780176292039132        9.0622639642653803E-003
          75  0.24266320237875980        9.4011174945735857E-003
          76  0.30756906867868744        9.5236842666383756E-003
          77  0.34898562109140907        9.5871582087724526E-003
          78  0.39244782586755572        9.6599830191143616E-003
          79  0.37230553941164535        9.8637909308966001E-003
          80  0.39333773080882611        9.9252019778720696E-003
          81  0.21224904651737325        1.0126491502312719E-002
          82  0.34576798191395636        1.0384306731104019E-002
          83  0.28752707219372231        1.0484318428573244E-002
          84  0.35138898084914560        1.0625111743093114E-002
          85  0.45169030770766316        1.0706562470419180E-002
          86  0.36965611593133113        1.0955097243861693E-002
          87  0.37693691287497083        1.1074579157086730E-002
          88  0.48936361889994467        1.1176312945786537E-002
          89  0.44801756725302178        1.1420040313354614E-002
          90  0.30383291992433481        1.1441221670406084E-002
          91  0.49450235402093257        1.1583277107457947E-002
          92  0.27523059364723257        1.1726425610738795E-002
          93  0.48459017130708176        1.1930321299398933E-002
          94  0.51761235958757368        1.2007821055797570E-002
          95  0.50887378212815204        1.2132071872466657E-002
          96  0.42618401028315434        1.2318464844152248E-002
          97  0.37114849693238933        1.2485496356085573E-002
          98  0.32421334313884048        1.2496134597230845E-002
          99  0.34562478973381450        1.2738633203537447E-002
         100  0.34230862216940183        1.2839993695071923E-002
         101  0.39064513417031094        1.2972371660210320E-002
         102  0.47344144088999041        1.3134939145778322E-002
         103  0.38914738789632269        1.3375006756671587E-002
         104  0.36901504010155894        1.3532826742588230E-002
         105  0.52942390833040198        1.3642215111398563E-002
         106  0.51675473817055950        1.3728415845987834E-002
         107  0.34427156363621070        1.3906819661371949E-002
         108  0.23552518287725285        1.4046078550006729E-002
         109  0.42488132715054927        1.4320411964194427E-002
         110  0.36860688757354476        1.4477082770217588E-002
         111  0.43661980425306429        1.4533619897473224E-002
         112  0.43216920507585960        1.4802704908080506E-002
         113  0.42581010648675460        1.4845306090171402E-002
         114  0.49365520248639971        1.4991734621341745E-002
         115  0.39438101843153756        1.5169428130895543E-002
         116  0.40662725069889966        1.5217907057191600E-002
         117  0.33352841792594967        1.5407757850725144E-002
         118  0.44818745658420683        1.5533434486761255E-002
         119  0.39496445548392650        1.5654810261595486E-002
         120  0.45440580558421367        1.5750806445540277E-002
         121  0.37947001227240396        1.5929920698707772E-002
         122  0.40525220849190507        1.6017262603720640E-002
         123  0.32014650395050198        1.6195834161061694E-002
         124  0.47899373367274678        1.6345973569042192E-002
         125  0.19645293072924175        1.6467656358448875E-002
         126  0.45155975408737942        1.6650472075719319E-002
         127  0.45128315551198173        1.6843584418965267E-002
         128  0.46763690293403892        1.6877281173156667E-002
         129  0.49363803859760275        1.7093877985273957E-002
         130  0.42051229147379288        1.7139604700109445E-002
         131  0.20666505614101641        1.7302776801087060E-002
         132  0.37888506769040364        1.7450480215709451E-002
         133  0.40317650955750811        1.7633961895939087E-002
         134  0.40030572337125325        1.7878573677711403E-002
         135  0.28300829205528266        1.8016822677850413E-002
         136  0.35381599520089280        1.8103554355483043E-002
         137  0.36234077956258920        1.8220539124483511E-002
         138  0.56309232864398207        1.8261124246204293E-002
         139  0.47886119692565554        1.8526531149767714E-002
         140  0.41671098356379438        1.8656525943903803E-002
         141  0.38186054030282601        1.8904644258891108E-002
         142  0.31043911911598165        1.8993579804026980E-002
         143  0.40747598115291178        1.9214111373364647E-002
         144  0.52041188494080803        1.9566442465093342E-002
         145  0.42197819813501553        1.9602417406829643E-002
         146  0.42415326727845343        1.9731718919390299E-002
         147  0.45024669868516154        1.9810618737067933E-002
         148  0.34514504564542414        2.0019603093114260E-002
         149  0.31600556878238339        2.0137143698941047E-002
         150  0.45535818082966761        2.0378305108102335E-002
         151  0.43837214233396565        2.0480439819382495E-002
         152  0.41476334338713505        2.0529580634887482E-002
         153  0.40611378346002242        2.0682719943543260E-002
         154  0.48006120748753051        2.0855237859282772E-002
         155  0.50571874925519367        2.0960074501139233E-002
         156  0.29815705515940139        2.1018773266043535E-002
         157  0.38758415646358857        2.1196231534108191E-002
         158  0.37589640905019350        2.1300891511778209E-002
         159  0.50196485631825771        2.1672363308250592E-002
         160  0.24125462445603404        2.1715836428867867E-002
         161  0.39559392600959625        2.1847465514518334E-002
         162  0.45236921897704696        2.2096072428875072E-002
         163  0.37726177249481452        2.2133715089671616E-002
         164  0.53099735735415332        2.2160995184007399E-002
         165  0.36073347668291256        2.2348060685046318E-002
         166  0.43763653767534877        2.2457429558953013E-002
         167  0.39215249580882283        2.2619127657667121E-002
         168  0.37751172678276423        2.2718091508208391E-002
         169  0.40697599059763206        2.2744758191742463E-002
         170  0.45881248697335536        2.2979226260792816E-002
         171  0.42687135826312483        2.3113958596234017E-002
         172  0.44759123516377231        2.3205163130302645E-002
         173  0.42420762845773707        2.3311611414828546E-002
         174  0.44274778102297696        2.3602940559335248E-002
         175  0.45882995290716666        2.3708327045249056E-002
         176  0.41571851457503023        2.3753521162765807E-002
         177  0.47826384313874371        2.3948045591778964E-002
         178  0.51492814967959577        2.4092909339927540E-002
         179  0.45446166322706943        2.4156924348521458E-002
         180  0.31810689310979245        2.4299440327004856E-002
         181  0.38769825361423349        2.4345731472021057E-002
         182  0.41592952231372998        2.4594113856542546E-002
         183  0.46372142152031531        2.4655579188004047E-002
         184  0.49646352078822026        2.4819413991523979E-002
         185  0.20945213101414545        2.5051146568503234E-002
         186  0.43875954621008822        2.5210510514093485E-002
         187  0.42539482787035954        2.5312641676433243E-002
         188  0.44036478693712250        2.5332760138364184E-002
         189  0.37212779238233668        2.5477554940046273E-002
         190  0.46075059467294543        2.5670857416788154E-002
         191  0.18397386183862188        2.5805693006013642E-002
         192  0.37973049861454367        2.5899810214280353E-002
         193  0.41316507263547753        2.5967995965329983E-002
         194  0.53308730403613303        2.6265478305420635E-002
         195  0.37916114645570209        2.6413748593810415E-002
         196  0.43741081404906135        2.6528289110599543E-002
         197  0.48201028948490271        2.6573563057582406E-002
         198  0.48788775190985839        2.6735132334876906E-002
         199  0.51465408223758169        2.6894598498107977E-002
         200  0.44901073082053555        2.7061597910324295E-002
         201  0.38331586639802567        2.7183562811726611E-002
         202  0.43057422845772547        2.7278425584859659E-002
         203  0.48123223264379389        2.7534439251113749E-002
         204  0.49165534953483275        2.7587905501782702E-002
         205  0.47877914649520364        2.7831651562746033E-002
         206  0.41398297712695542        2.7941785184070415E-002
         207  0.41176788423654886        2.8098663999862071E-002
         208  0.51963437558858128        2.8122484842154499E-002
         209  0.38126602990668423        2.8366402748010031E-002
         210  0.46570496768485053        2.8451755969475832E-002
         211  0.41351734640676802        2.8635041761555242E-002
         212  0.19112341554493678        2.8808302658901837E-002
         213  0.37883899622555356        2.8844391408636285E-002
         214  0.44096714496504064        2.8994229614113215E-002
         215  0.45379344496511498        2.9145090223134797E-002
         216  0.45434446423046021        2.9180054809281004E-002
         217  0.46158829543167379        2.9284372236959226E-002
         218  0.40413445074777443        2.9364759138791458E-002
         219  0.45757065202504810        2.9422231733343695E-002
         220  0.44361316504451997        2.9565206057228507E-002
         221  0.35951460360004700        2.9595828371900161E-002
         222  0.38389364530470377        2.9669172097370845E-002
         223  0.38619211011238691        2.9741075050523910E-002
         224  0.38057113992724889        2.9844140715371146E-002
         225  0.25715295542486338        2.9905952298282162E-002
         226  0.38479782647750632        3.0091682111199215E-002
         227  0.49302835281040996        3.0374073775301273E-002
         228  0.31117296719585358        3.0589894030309948E-002
         229  0.42956083007240869        3.0753315987477069E-002
         230  0.50008997213244277        3.0806421735366591E-002
         231  0.30117029852977650        3.0956434027517517E-002
         232  0.46259415809434362        3.0994296963410307E-002
         233  0.33668683823436529        3.1122997524143655E-002
         234  0.43018403780064501        3.1277046338928333E-002
         235  0.40530165149323188        3.1430041967660506E-002
         236  0.43203110273447709        3.1461693393914372E-002
         237  0.40986874445811067        3.1627927790194896E-002
         238  0.46274169799927700        3.1872460335019490E-002
         239  0.48046402728968923        3.1920105553324390E-002
         240  0.45878189796729058        3.2042484932076329E-002
         241  0.52004929767899710        3.2152490315166989E-002
         242  0.57373295669598112        3.2267858431560083E-002
         243  0.44746297529190693        3.2428434207631057E-002
         244  0.50454442547064859        3.2551254715782761E-002
         245  0.47982780154833554        3.2628171710106006E-002
         246  0.48527642720806191        3.2783878154702968E-002
         247  0.41778303263023392        3.2932110536329988E-002
         248  0.39278755526297776        3.3006860275126490E-002
         249  0.30625481536023513        3.3089081137676418E-002
         250  0.45010957606349966        3.3217106357602645E-002
         251  0.40284777537788469        3.3323560959225076E-002
         252  0.41962055892337813        3.3489255880151406E-002
         253  0.39974787056058259        3.3575413415247314E-002
         254  0.31825237427046771        3.3595460163642017E-002
         255  0.43508974465825090        3.3675981579309844E-002
         256  0.38751396719022624        3.3767699630328919E-002
         257  0.29021754448948567        3.3893226118599455E-002
         258  0.40460193755246227        3.4013340767261993E-002
         259  0.48470170885928981        3.4015638782206606E-002
         260  0.43322790140582507        3.4076782942839189E-002
         261  0.43088582139634329        3.4343223428775153E-002
         262  0.46824288271830222        3.4423821509171559E-002
         263  0.44742229758458490        3.4575777801582559E-002
         264  0.37486234556364856        3.4627986119941633E-002
         265  0.49459575226769120        3.4659929167348787E-002
         266  0.45363163414535107        3.4950081855157654E-002
         267  0.31455255938525772        3.5089739108317107E-002
         268  0.45015877906792068        3.5131131542059754E-002
         269  0.44160237707990879        3.5207065581125879E-002
         270  0.44573596618627398        3.5273615868870990E-002
         271  0.33821168307053368        3.5409401839832176E-002
         272  0.43420660742567008        3.5668838503157184E-002
         273  0.46501006654013916        3.5755218812228880E-002
         274  0.42490095565874808        3.5867340763437595E-002
         275  0.43204976943501272        3.5922259988535724E-002
         276  0.37813038814023681        3.6142792906232825E-002
         277  0.54294856141873116        3.6172962895010444E-002
         278  0.47940440777706428        3.6281158075942968E-002
         279  0.36867363696108957        3.6435132883770011E-002
         280  0.49956630891495396        3.6542377112343392E-002
         281  0.42299646547122904        3.6624706275694946E-002
         282  0.47241702140161607        3.6720047092247361E-002
         283  0.43704819845865167        3.6786292157798307E-002
         284  0.36922702296720605        3.7013008953282460E-002
         285  0.55874155039380513        3.7094792376163893E-002
         286  0.20077884825337783        3.7109031325061048E-002
         287  0.42501790610580131        3.7248774282837016E-002
         288  0.45753546903727443        3.7480495337821634E-002
         289  0.48375870449777525        3.7545465327154921E-002
         290  0.50306800271201202        3.7666217465811946E-002
         291  0.38196020661943092        3.7746797213838799E-002
         292  0.41527769456201857        3.7889333351409760E-002
         293  0.50846381724070078        3.8020526861560676E-002
         294  0.35830175433346223        3.8056059998418421E-002
         295  0.45929319698179966        3.8208753878750522E-002
         296  0.39279512578215325        3.8428641663910454E-002
         297  0.43921978875354611        3.8503074374109061E-002
         298  0.45753302256498374        3.8628965266986441E-002
         299  0.17640455330313456        3.8778556292990936E-002
         300  0.33771136894165266        3.8844472749978452E-002
         301  0.40377440138301052        3.9027073345762824E-002
         302  0.40811105296193034        3.9212414730520298E-002
         303  0.45665839116546958        3.9303678954876770E-002
         304  0.46584590825934785        3.9438851339370577E-002
         305  0.48509425140181545        3.9522778798863109E-002
         306  0.35412784810616549        3.9555020767815120E-002
         307  0.42647653164390675        3.9636538526239995E-002
         308  0.42230262536833180        3.9648342386299940E-002
         309  0.42360099320241051        3.9875600417256601E-002
         310  0.52463834063708625        4.0021184511593796E-002
         311  0.43851256880332690        4.0219004430989545E-002
         312  0.47236339207378214        4.0233046237511075E-002
         313  0.53279199099988939        4.0414144954110220E-002
         314  0.42253207101490192        4.0473337341352202E-002
         315  0.35558108049585924        4.0596362235713328E-002
         316  0.50274767777272178        4.0630243440817448E-002
         317  0.43716290058025553        4.0769046342861735E-002
         318  0.39919483673415568        4.0981762260347096E-002
         319  0.42354195714109211        4.1061730179943953E-002
         320  0.42349581955854182        4.1086269925115562E-002
         321  0.51329775774880104        4.1231284895210739E-002
         322  0.48435817661669522        4.1432710419915759E-002
         323  0.50147948380206775        4.1550310029319804E-002
         324  0.41554311533526928        4.1735402052119376E-002
         325  0.45698111027895616        4.1836639428120034E-002
         326  0.32579983155774084        4.2026705001873409E-002
         327  0.37128093853929295        4.2220218477428753E-002
         328  0.44070031704510043        4.2302412589138069E-002
         329  0.49737790077181376        4.2341469544971623E-002
         330  0.43997147297443806        4.2404219291326511E-002
         331  0.49385572115064486        4.2482749555681640E-002
         332  0.42095226154402082        4.2641223836440589E-002
         333  0.50598659506575849        4.2727892918372160E-002
         334  0.41251462802883432        4.2865446365269788E-002
         335  0.51755333626582634        4.2969012738061307E-002
         336  0.42151107609683730        4.3117897123814017E-002
         337  0.38305324710515704        4.3217406040072424E-002
         338  0.50670410311920300        4.3267976742676725E-002
         339  0.39178253514883027        4.3452178417398485E-002
         340  0.44321854970070607        4.3604015283558874E-002
         341  0.47415915246299245        4.3668876351519906E-002
         342  0.52195167825356337        4.3779443435408419E-002
         343  0.44732152426670257        4.3856635072664629E-002
         344  0.20389796568779356        4.3906097459789552E-002
         345  0.43869231410260334        4.4018066700323703E-002
         346  0.40241262862735272        4.4283660316003302E-002
         347  0.49321507299112194        4.4341291290747785E-002
         348  0.38423356311353918        4.4455472656171058E-002
         349  0.58190406350347679        4.4543782270393142E-002
         350  0.54162541624061189        4.4606566826320929E-002
         351  0.48416547866183179        4.4766889877383476E-002
         352  0.43607008566644651        4.5006406060505898E-002
         353  0.43045320103490881        4.5167192662758052E-002
         354  0.42608153091544054        4.5324672791977640E-002
         355  0.44561666643118863        4.5422919654711957E-002
         356  0.49005065746730836        4.5635985492991180E-002
         357  0.43137876311719775        4.5779027700736864E-002
         358  0.44199674590012872        4.5859437633218189E-002
         359  0.51211149211415385        4.6126368238102421E-002
         360  0.46069379817652234        4.6264601448446241E-002
         361  0.49319159225168979        4.6330952383710634E-002
         362  0.45956046318427146        4.6451786691688694E-002
         363  0.52049256371986319        4.6480745096814498E-002
         364  0.48993147906345424        4.6571974743897251E-002
         365  0.51364048992641165        4.6606682188097374E-002
         366  0.44965275242145303        4.6926997004092613E-002
         367  0.52464452082621449        4.7040142222664262E-002
         368  0.45779249989864773        4.7109904412414284E-002
         369  0.35393921920909610        4.7294110458152946E-002
         370  0.52427501114530206        4.7414214777453632E-002
         371  0.40512058356438380        4.7455215447978531E-002
         372  0.45808012584396862        4.7514615175843225E-002
         373  0.53145085258334390        4.7775041513302058E-002
         374  0.53784647616844616        4.7863924255819860E-002
         375  0.52952669649334050        4.8019940352011757E-002
         376  0.45606568565541333        4.8150925690844622E-002
         377  0.45158528545620230        4.8333160217697735E-002
         378  0.43831648390374284        4.8390966541707402E-002
         379  0.41717768309684911        4.8546711952336348E-002
         380  0.43428074627696661        4.8716997305217113E-002
         381  0.52965748924482070        4.8758901231537241E-002
         382  0.52468154093458641        4.8865608498813599E-002
         383  0.54661985620653297        4.8974413422547311E-002
         384  0.48647952242345044        4.9204094845884609E-002
         385  0.43725821940351967        4.9231383382831138E-002
         386  0.48641854247726063        4.9239538264071604E-002
         387  0.51334503479902782        4.9473556360402314E-002
         388  0.53988823394255869        4.9689928419198781E-002
         389  0.41827741038215249        4.9775849203393382E-002
         390  0.50249098720259933        4.9812859546996276E-002
         391  0.51557551903779864        4.9972849237182537E-002
         392  0.33799447907301272        4.9991045425478081E-002
         393  0.52117894751148708        5.0128023976689438E-002
         394  0.44569701172491105        5.0306879987506180E-002
         395  0.53828692739769146        5.0412319049974702E-002
         396  0.48390080975687993        5.0473917418620173E-002
         397  0.48552102990418161        5.0607702257944198E-002
         398  0.53602628259922180        5.0664610916397089E-002
         399  0.53480938175417270        5.0787643313043127E-002
         400  0.48903932232713360        5.0961657789913996E-002
         401  0.55533676156962342        5.1019909557335617E-002
         402  0.38896035815287944        5.1107770603136628E-002
         403  0.50550008977402383        5.1241912240387426E-002
         404  0.53049168486240172        5.1392683493693934E-002
         405  0.54743875418270771        5.1563841374982211E-002
         406  0.48955817701223947        5.1746698765567804E-002
         407  0.45769395853228528        5.1881435027153089E-002
         408  0.55911963566729672        5.1951787512676262E-002
         409  0.47552832942144829        5.2059918859797952E-002
         410  0.51846698779985101        5.2211285206809246E-002
         411  0.49934053330237044        5.2378275397604826E-002
         412  0.51384766586922348        5.2474828538792831E-002
         413  0.49184390035278741        5.2560249366856153E-002
         414  0.39223680803743316        5.2692955962559428E-002
         415  0.52907814770600525        5.2775727846850848E-002
         416  0.52229748943506105        5.2879078150542082E-002
         417  0.53386649495938676        5.2884597615424689E-002
         418  0.54150642641047830        5.3032342864500301E-002
         419  0.48571483854015352        5.3148612778984861E-002
         420  0.54168054213946104        5.3286479657247282E-002
         421  0.44493889826289201        5.3408702192369366E-002
         422  0.48112928137423794        5.3566060533933042E-002
         423  0.49696603871622858        5.3704392553202661E-002
         424  0.47230929367518754        5.3874503238416027E-002
         425  0.50178968979436356        5.3928782728845243E-002
         426  0.48928675902627072        5.4165148111508285E-002
         427  0.45311374116401870        5.4203787480879617E-002
         428  0.51946380320654328        5.4250346723351710E-002
         429  0.49604491876265000        5.4402654179712823E-002
         430  0.54156858341394565        5.4596344948722168E-002
         431  0.34647930039654812        5.4620409810609109E-002
         432  0.47588750802395158        5.4690577382071212E-002
         433  0.50279098078335527        5.4879275633380194E-002
         434  0.42101602578986741        5.5033967457167175E-002
         435  0.54563103651618394        5.5203637453809538E-002
         436  0.49416425368162409        5.5369193968881431E-002
         437  0.54254680168026703        5.5390915859323174E-002
         438  0.55641359555213687        5.5643101932533690E-002
         439  0.53430127480771683        5.5685871564552333E-002
         440  0.52318060099780228        5.5817891572115579E-002
         441  0.45476467942363097        5.5896042120144249E-002
         442  0.45904553861100778        5.6009306576851207E-002
         443  0.55685342196015164        5.6076449820883389E-002
         444  0.48033669104233800        5.6237646943621808E-002
         445  0.50405669134720721        5.6485830642141938E-002
         446  0.55825585001342259        5.6622772964770224E-002
         447  0.43306519273390998        5.6653195289764008E-002
         448  0.48657982345288936        5.6765104131011414E-002
         449  0.54651967511480015        5.6872739453733313E-002
         450  0.53558887964966539        5.6956116214680157E-002
         451  0.52935216980033395        5.6987566005604728E-002
         452  0.36589474879828909        5.7140096109585002E-002
         453  0.57329603784417604        5.7308493119127682E-002
         454  0.42656382221289652        5.7458622256276778E-002
         455  0.50131836228879634        5.7618802280184338E-002
         456  0.46606130423018360        5.7812440063229567E-002
         457  0.43577714450604571        5.7987178212631565E-002
         458  0.56473315248007916        5.8050135477121553E-002
         459  0.43760130753536208        5.8080263493156543E-002
         460  0.51812399305283785        5.8247889610430911E-002
         461  0.48016068191514388        5.8302848799579754E-002
         462  0.56179748580929845        5.8459174742905649E-002
         463  0.54568323776942940        5.8613207583052919E-002
         464  0.54321850428034768        5.8765028371724926E-002
         465  0.54646647494380107        5.8889755680920218E-002
         466  0.50705121085859539        5.9231372844880344E-002
         467  0.52869292508021770        5.9290159043897721E-002
         468  0.49681787015786194        5.9353806091016169E-002
         469  0.44912452959542171        5.9667900901852804E-002
         470  0.33808209570172015        5.9824823354213422E-002
         471  0.51055372661353848        5.9894458695399555E-002
         472  0.48261775802351708        5.9973218969554244E-002
         473  0.49031432537201408        6.0024662186110321E-002
         474  0.49529218497828958        6.0085742940619538E-002
         475  0.52091118193627128        6.0285884827076114E-002
         476  0.51114534407260015        6.0333599115662252E-002
         477  0.49521710802604962        6.0603662187539695E-002
         478  0.49274979433335986        6.0721559925490873E-002
         479  0.42960882086372926        6.0944788624925271E-002
         480  0.45587404377680102        6.1015976803849861E-002
         481  0.50828515424407761        6.1112927769511272E-002
         482  0.42323030807948420        6.1297707288521568E-002
         483  0.49498201960553662        6.1515433556051963E-002
         484  0.46075606718101692        6.1532948215655234E-002
         485  0.49342489868547995        6.1672108545427089E-002
         486  0.54264888221928076        6.1713494733478313E-002
         487  0.55098860053889842        6.1992121654517958E-002
         488  0.48254279459398441        6.2058289938502646E-002
         489  0.52978602046820700        6.2311077619158883E-002
         490  0.42200220063697119        6.2345111523561196E-002
         491  0.41777303259583215        6.2501124012076859E-002
         492  0.46633757704420559        6.2587767575301392E-002
         493  0.49590193742307631        6.2782903182056177E-002
         494  0.42561597109906296        6.2859454480768420E-002
         495  0.49783381145860628        6.3155245608735200E-002
         496  0.42570755762527385        6.3238052737618997E-002
         497  0.45074054446189127        6.3315879286923324E-002
         498  0.59498461825294857        6.3426268154090387E-002
         499  0.51997875628883961        6.3478297186065222E-002
         500  0.57064163870920648        6.3841119750333894E-002
         501  0.45138746262675677        6.3895994677068427E-002
         502  0.51256932290395429        6.4057566866860080E-002
         503  0.48154241169643214        6.4158640461575447E-002
         504  0.54618624710910957        6.4195361583541083E-002
         505  0.55543054552784787        6.4356304952538301E-002
         506  0.51849520433899154        6.4431900706883094E-002
         507  0.50891772716821859        6.4663699521066140E-002
         508  0.49870162525110528        6.4678666372755433E-002
         509  0.49223894027115428        6.4711333163325932E-002
         510  0.60894992618381849        6.4859010746251305E-002
         511  0.46520934013494947        6.5132659019529374E-002
         512  0.45960745912860773        6.5259663086880706E-002
         513  0.39425068980405048        6.5457138460512945E-002
         514  0.54231405357894680        6.5567224353658013E-002
         515  0.43430628036119512        6.5690343745553326E-002
         516  0.42238373931975459        6.5721357378387135E-002
         517  0.45316586709936457        6.5975503030018159E-002
         518  0.54479886066889038        6.6065129786715068E-002
         519  0.29736099779216918        6.6335048382102912E-002
         520  0.49423855419070245        6.6552927611993648E-002
         521  0.57287045778306900        6.6784045329318323E-002
         522  0.46962497588213448        6.6974179068574446E-002
         523  0.37761873123248973        6.7109812999864404E-002
         524  0.50897299552258057        6.7263807331574443E-002
         525  0.46484336226842349        6.7414201136083027E-002
         526  0.52363055034234851        6.7563814228538840E-002
         527  0.48978509726199065        6.7641030491145199E-002
         528  0.53143077197479416        6.7758694698222363E-002
         529  0.50017509399536442        6.8094286178808403E-002
         530  0.51113259473746919        6.8119776531929910E-002
         531  0.42491460392061675        6.8228728288934365E-002
         532  0.34024244299756734        6.8260055905073516E-002
         533  0.42647323208063864        6.8406933586727892E-002
         534  0.49887909739320607        6.8617406471296563E-002
         535  0.43978927636980275        6.8670361083583265E-002
         536  0.58855646610512380        6.8980252586714086E-002
         537  0.45946423341497644        6.9111530232728854E-002
         538  0.53636205912088097        6.9205322698148428E-002
         539  0.51468526846664608        6.9296327132291113E-002
         540  0.51021398779459937        6.9513546314588184E-002
         541  0.39376948693730318        6.9710894391436032E-002
         542  0.50272850922983658        6.9829090831087709E-002
         543  0.60333298035082850        7.0094868745225969E-002
         544  0.53061904143536132        7.0330740495687161E-002
         545  0.41907596886368947        7.0391722302805507E-002
         546  0.47662339403748538        7.0585637040890575E-002
         547  0.32724428409087924        7.0715600656818992E-002
         548  0.51550079594990428        7.0853882061291812E-002
         549  0.49545741564175949        7.1023435269462448E-002
         550  0.52974792349833477        7.1210562054526777E-002
         551  0.50483852082479785        7.1278301581797460E-002
         552  0.44891489046456190        7.1356857367823934E-002
         553  0.56329363486765072        7.1524318442246229E-002
         554  0.45424008618050976        7.1606617012832885E-002
         555  0.46790511507595361        7.1779490700232984E-002
         556  0.43856311062594178        7.1907636360387855E-002
         557  0.48996012807403805        7.2141452518155139E-002
         558  0.52123649640040759        7.2437611631051030E-002
         559  0.53844041472857129        7.2538736834704035E-002
         560  0.53493232670041224        7.2663881669621552E-002
         561  0.50412329085010987        7.2857485259204602E-002
         562  0.32424282403594468        7.2959246434070785E-002
         563  0.47379295223618828        7.3190421127829350E-002
         564  0.54999700754076830        7.3251237439891662E-002
         565  0.45907833002086967        7.3424877516357748E-002
         566  0.39607199094518708        7.3481628893923900E-002
         567  0.53428528636489547        7.3615193405910814E-002
         568  0.49171097987289064        7.3922382664968755E-002
         569  0.53378550748598130        7.3973751613211902E-002
         570  0.53553582814180067        7.4023765487768137E-002
         571  0.53956429013982476        7.4302864386474168E-002
         572  0.48856580414978967        7.4485500526484547E-002
         573  0.51820012031909024        7.4651952996000151E-002
         574  0.39302323514197118        7.4699401804166038E-002
         575  0.48277803037446265        7.4805476731385004E-002
         576  0.43658913301227931        7.4987921090417062E-002
         577  0.47491081412751041        7.5179535849827131E-002
         578  0.36970457154928682        7.5378534504701430E-002
         579  0.45938044116017879        7.5385930123638450E-002
         580  0.37777519051066538        7.5729494863679275E-002
         581  0.56065253350803357        7.5741575467214536E-002
         582  0.50055216747913955        7.5980544999985578E-002
         583  0.52157543567108311        7.6077817519447297E-002
         584  0.53400952871380025        7.6293972693689566E-002
         585  0.43801814624319052        7.6419040553676140E-002
         586  0.52367847491863051        7.6624352893424480E-002
         587  0.44202724942974997        7.6684057216092685E-002
         588  0.36819295760054610        7.6936875462956147E-002
         589  0.43555491606679375        7.6964257343929060E-002
         590  0.50601535323007307        7.7182467820680917E-002
         591  0.51114731044876771        7.7221649263872164E-002
         592  0.41415003814176254        7.7487055926912393E-002
         593  0.48495557590782723        7.7572102438477675E-002
         594  0.54705268045505839        7.7845584534422252E-002
         595  0.49889854151525814        7.7929894813333206E-002
         596  0.46313328266314435        7.8079686195324682E-002
         597  0.47910053713006590        7.8293936332304470E-002
         598  0.33845072244360286        7.8535396299059257E-002
         599  0.52201455376835082        7.8852418183829320E-002
         600  0.48520137102351868        7.8925697638316000E-002
         601  0.53158013660909498        7.9112080031492324E-002
         602  0.46554588490805754        7.9217044073886939E-002
         603  0.45501354591438353        7.9332901670161271E-002
         604  0.48831349528236967        7.9412806569317776E-002
         605  0.49134136865152400        7.9699350089247264E-002
         606  0.56010332226855541        7.9958823630879874E-002
         607  0.53258394868397552        8.0105528596236555E-002
         608  0.51627076479296863        8.0216807735629336E-002
         609  0.49145492907633148        8.0313614951078846E-002
         610  0.32277772838757168        8.0695439828357127E-002
         611  0.46947711794887848        8.0793421255877740E-002
         612  0.49995614811190608        8.0887210598611148E-002
         613  0.51136432692733536        8.1120287691484730E-002
         614  0.50000360342574035        8.1280500294300159E-002
         615  0.54736645078689872        8.1643469839170535E-002
         616  0.56159515147440409        8.1772923401001674E-002
         617  0.51525249923667527        8.2098263133802099E-002
         618  0.46185711993569412        8.2154818793515341E-002
         619  0.49901593061303190        8.2264344563050901E-002
         620  0.50393210417091694        8.2404413587282038E-002
         621  0.51921663174614352        8.2825812589710834E-002
         622  0.51965919433997143        8.2881262983231049E-002
         623  0.53326232983372612        8.3058928615497254E-002
         624  0.39673937953236338        8.3143625658667411E-002
         625  0.47439230627110496        8.3440404952952296E-002
         626  0.43155287872558262        8.3550882868060131E-002
         627  0.44646910209814022        8.3722958831623576E-002
         628  0.45764135757661217        8.3898671227738503E-002
         629  0.44070907699657585        8.4080967981477905E-002
         630  0.42627518484909505        8.4227879678338530E-002
         631  0.35567070792290728        8.4433203376275009E-002
         632  0.50170233174644918        8.4627903820944581E-002
         633  0.50102539603802954        8.4680212783210793E-002
         634  0.33156938214902593        8.4926230840837266E-002
         635  0.48103825102689718        8.5058114166596477E-002
         636  0.48542957677147852        8.5254687024075543E-002
         637  0.42147665708467658        8.5368371240462648E-002
         638  0.49940945965673994        8.5617495704600727E-002
         639  0.50827105192957378        8.5778646079630108E-002
         640  0.40214493954642355        8.6058638312338870E-002
         641  0.47169589049488986        8.6239087694129801E-002
         642  0.47941290422547145        8.6336480469160773E-002
         643  0.47329557729700861        8.6504886722606755E-002
         644  0.49618554265989984        8.6609209300351972E-002
         645  0.41690201081917011        8.6945508326562337E-002
         646  0.44669793631645133        8.7103494382733584E-002
         647  0.40550843609579740        8.7331723475741030E-002
         648  0.38699769131091066        8.7495255608136702E-002
         649  0.49062023986253900        8.7605008243284627E-002
         650  0.42603692456915077        8.7679981067040919E-002
         651  0.51759510518084151        8.8009960275266530E-002
         652  0.48649607223737162        8.8133754274019135E-002
         653  0.45192570709866697        8.8342267133163274E-002
         654  0.44296610200155534        8.8429850488412315E-002
         655  0.45398356584929794        8.8549326990350188E-002
         656  0.44301939129411594        8.8625436960882861E-002
         657  0.50619200686510080        8.8916499311409256E-002
         658  0.48712589130382716        8.9042618131060458E-002
         659  0.37954221125627718        8.9256145764625261E-002
         660  0.45157945434470764        8.9375092533656469E-002
         661  0.46608818928560097        8.9621566098387437E-002
         662  0.46281209371882043        8.9760261893316817E-002
         663  0.46881141335337168        9.0091345142882237E-002
         664  0.51451984351140423        9.0312198475146252E-002
         665  0.48168559787688775        9.0453717446764337E-002
         666  0.49396766756001520        9.0606663077612892E-002
         667  0.47213238918520534        9.0876009620245307E-002
         668  0.44914028029897618        9.0938225000556858E-002
         669  0.48289921371923267        9.0988384903767747E-002
         670  0.48605797008578938        9.1358450119193899E-002
         671  0.45909884227745568        9.1554269551854472E-002
         672  0.45480624529725988        9.1707599894731345E-002
         673  0.51137380383213338        9.1949090112902296E-002
         674  0.51673583253871158        9.2306098223170929E-002
         675  0.48031444060713180        9.2412862460654041E-002
         676  0.50906707008421170        9.2674809445036879E-002
         677  0.37713451748503657        9.2739656613430060E-002
         678  0.42435146887030989        9.2875319200416140E-002
         679  0.44281422146929855        9.2940512589682542E-002
         680  0.42284937296360614        9.3240494755165895E-002
         681  0.48766775019787267        9.3479793192394744E-002
         682  0.44339332698787426        9.3511812525067170E-002
         683  0.44028250002826108        9.3641987394817647E-002
         684  0.45638279925703956        9.3894093530205489E-002
         685  0.46184025881197283        9.4182766551061892E-002
         686  0.44947799774421970        9.4429616487174864E-002
         687  0.46940929579857871        9.4644349889308949E-002
         688  0.41521218596986958        9.4845469165950602E-002
         689  0.45684399027801925        9.5119062565456644E-002
         690  0.50789152206445942        9.5230758693601078E-002
         691  0.46581648876104748        9.5491900095357907E-002
         692  0.39966350912978704        9.5594015344401304E-002
         693  0.43707368846111505        9.5640451288763001E-002
         694  0.54611213487276811        9.5856002658282147E-002
         695  0.39484598761431361        9.6114654058570656E-002
         696  0.45828374297956220        9.6296842239908087E-002
         697  0.42654554170247921        9.6965296459368688E-002
         698  0.38910830591321255        9.7010926082580037E-002
         699  0.36789974034115475        9.7138373633065586E-002
         700  0.45745705805917380        9.7293344809139398E-002
         701  0.37859146770881213        9.7514284296384465E-002
         702  0.34299436445778997        9.7748122936009360E-002
         703  0.38815430415341823        9.7814775594970302E-002
         704  0.47665935033065721        9.8061523562185213E-002
         705  0.42691712097010154        9.8326741436367285E-002
         706  0.54786428301072387        9.8469681110569585E-002
         707  0.43200953521658109        9.8756458583751219E-002
         708  0.38952652555485490        9.8971127286666766E-002
         709  0.41121281619010119        9.9284383353744426E-002
         710  0.43110327481117328        9.9446344531023745E-002
         711  0.30757118933394467        9.9625754054606053E-002
         712  0.40824491591107187        9.9912700637457497E-002
         713  0.42375810171425304       0.10006778771609183     
         714  0.44669205949114138       0.10030971095456032     
         715  0.44645565968124362       0.10059059084976467     
         716  0.41325062737255663       0.10089667119198881     
         717  0.42417183102061562       0.10107405454392314     
         718  0.30484024081684591       0.10136906906385232     
         719  0.44631174985376459       0.10182705403321579     
         720  0.33844879663104149       0.10189977364957128     
         721  0.38290007761501493       0.10226400387259679     
         722  0.50156704020715293       0.10229832865903296     
         723  0.41578717290384171       0.10243134631896726     
         724  0.40878032784516760       0.10286976043869563     
         725  0.44749122134803498       0.10319366865449597     
         726  0.44422230079514075       0.10337501440667145     
         727  0.39467704537353393       0.10354566604200298     
         728  0.33277330223264340       0.10371199835847725     
         729  0.35307997291145055       0.10420864875568053     
         730  0.41020163047315478       0.10455954303460815     
         731  0.37004605000934515       0.10464666289945575     
         732  0.44558099538855361       0.10491527544388053     
         733  0.45633245008071749       0.10525801012262945     
         734  0.39109155563199938       0.10561725799004323     
         735  0.38887766394963835       0.10579019818709201     
         736  0.35016414508213195       0.10589217375551288     
         737  0.42343586354924639       0.10621352207806412     
         738  0.44181113694497298       0.10672861477012056     
         739  0.41960165475506250       0.10694321771102540     
         740  0.42473764593191715       0.10703232545213555     
         741  0.38764013698180827       0.10722252070514494     
         742  0.39657539523478236       0.10772293731953037     
         743  0.43095851618273989       0.10785828087455221     
         744  0.41062924194626582       0.10804458685864154     
         745  0.38203110351703529       0.10868255007392670     
         746  0.43866627975480693       0.10875556294357006     
         747  0.39454902337827119       0.10903710338557755     
         748  0.42278073007062833       0.10916319249976854     
         749  0.35732958503276957       0.10934391861159297     
         750  0.37706627030593026       0.10948608285286887     
         751  0.38387396586104205       0.10974705670949936     
         752  0.36258325399525537       0.10998568318555593     
         753  0.40027141640952713       0.11035097244884703     
         754  0.40976927538621488       0.11066360572598576     
         755  0.42304734552055800       0.11070923137166956     
         756  0.28876685509118832       0.11098388159830107     
         757  0.39689951402382884       0.11124180642420070     
         758  0.39548395479722015       0.11152265728822600     
         759  0.39573166614360733       0.11216885234994139     
         760  0.40476339793008176       0.11266073520948008     
         761  0.37847412285266241       0.11304887389605706     
         762  0.45364336490922647       0.11307786342184832     
         763  0.36526358849462615       0.11342338989582178     
         764  0.42025062581489542       0.11365995880857076     
         765  0.28116260971323931       0.11417242529772023     
         766  0.42904303709487240       0.11449794482450128     
         767  0.33530268192424084       0.11516904969121783     
         768  0.45531863148481799       0.11540022947324204     
         769  0.34483466036581495       0.11546293647813559     
         770  0.46815372990852039       0.11591194624095642     
         771  0.31737590032596841       0.11677209890123064     
         772  0.38163668480605623       0.11718117677245751     
         773  0.37217728740004691       0.11732087053636370     
         774  0.45482479996601555       0.11769347012552617     
         775  0.35082057857641785       0.11775163669838970     
         776  0.39183604460566668       0.11815446407042721     
         777  0.41376427530234505       0.11898975450442695     
         778  0.36561503232868858       0.11916532140900829     
         779  0.36966526008264106       0.11985877418872008     
         780  0.34252377821326579       0.12015518623438530     
         781  0.32673006097802737       0.12027013185958221     
         782  0.31434297219777019       0.12060978110000517     
         783  0.26617076086667779       0.12095806118543777     
         784  0.34914464336969653       0.12144491075457949     
         785  0.35056284771627882       0.12185937964715880     
         786  0.35934060264243556       0.12255596232448779     
         787  0.28558747663941297       0.12312015223249202     
         788  0.38551968853837160       0.12323771295445950     
         789  0.36743339750532639       0.12387946227471075     
         790  0.43215943886853769       0.12473658587777210     
         791  0.34152047104317462       0.12515025005986272     
         792  0.30769606499831781       0.12536217297011309     
         793  0.22476713161782003       0.12592879956568953     
         794  0.35529858922305474       0.12678684671784116     
         795  0.34426958201510904       0.12688636181947449     
         796  0.30140866862726023       0.12717964161160419     
         797  0.26581619599898321       0.12811352946419804     
         798  0.30236473724862462       0.12846807511394853     
         799  0.37918869904155522       0.12951111062618662     
         800  0.35705824727735669       0.13060655054708153     
         801  0.31844951353325734       0.13063255702140114     
         802  0.24493175498982486       0.13135092850247493     
         803  0.34564234914902858       0.13222889722755887     
         804  0.33998677284393963       0.13341100497013725     
         805  0.30144140884429188       0.13386809878848324     
         806  0.33234902123965832       0.13457653322592983     
         807  0.29006015706936339       0.13483225728545631     
         808  0.25763034720869488       0.13562947717746102     
         809  0.30246685808701312       0.13594758158606129     
         810  0.24385865038629420       0.13688443678648601     
         811  0.29005741041229460       0.13785584140049548     
         812  0.24896309328019092       0.13872881854126393     
         813  0.22327896188835827       0.13972900627283444     
         814  0.32006863981731132       0.14043697267709224     
         815  0.30484951481682454       0.14100347097948454     
         816  0.17567177067221601       0.14222140825989296     
         817  0.28275456246587494       0.14262584859759631     
         818  0.28613360264843180       0.14502438190611197     
         819  0.26025241252638376       0.14567210447960099     
         820  0.22171933349889900       0.14727593218731483     
         821  0.11423009812441845       0.14807577736172911     
         822  0.21085304275876093       0.14905280308371874     
         823  0.23103796888603478       0.15051811903353191     
         824  0.18780951968284698       0.15108824858014397     
         825  0.22071856451764985       0.15257996835080292     
         826   5.3880279949643041E-002  0.15455288593294722     
         827  0.17230669339893231       0.15478770218067553     
         828  0.16734164446637662       0.15772980172538092     
         829   4.1888727328898562E-002  0.15914830958393228     
         830  0.12868138976894292       0.16172936579419567     
         831  0.10836806720443688       0.16451880943120792     
