  1    0.007240
  2    0.134420
  3    0.067876
  4    0.021231
  5    0.005622
  6    0.029514
  7    0.022545
  8    0.011497
  9    0.020560
 10    0.012044
 11    0.006638
 12    0.007304
 13    0.010464
 14    0.007024
 15    0.006865
 16    0.007968
 17    0.005189
 18    0.010787
 19    0.006202
 20    0.006879
 21    0.006867
 22    0.004156
 23    0.006805
 24    0.003307
 25    0.007814
 26    0.005632
 27    0.008254
 28    0.007094
 29    0.005729
 30    0.005919
 31    0.003337
 32    0.004504
 33    0.003721
 34    0.004847
 35    0.003564
 36    0.003077
 37    0.003445
 38    0.003733
 39    0.004227
 40    0.003011
 41    0.005893
 42    0.004244
 43    0.004063
 44    0.005024
 45    0.003914
 46    0.003052
 47    0.002673
 48    0.002953
 49    0.003771
 50    0.003086
 51    0.002221
 52    0.003065
 53    0.003230
 54    0.001918
 55    0.002122
 56    0.002322
 57    0.001340
 58    0.002917
 59    0.001771
 60    0.002219
 61    0.002436
 62    0.001748
 63    0.002083
 64    0.001577
 65    0.001651
 66    0.001346
 67    0.001790
 68    0.001164
 69    0.002423
 70    0.002030
 71    0.001754
 72    0.002419
 73    0.001953
 74    0.001954
 75    0.001771
 76    0.001516
 77    0.001777
 78    0.001769
 79    0.001436
 80    0.001840
 81    0.002040
 82    0.001494
 83    0.002091
 84    0.001206
 85    0.002168
 86    0.001576
 87    0.001285
 88    0.001434
 89    0.001328
 90    0.001211
 91    0.001326
 92    0.001107
 93    0.000609
 94    0.000917
 95    0.001551
 96    0.001924
 97    0.001232
 98    0.002746
 99    0.001203
100    0.002314
101    0.001711
102    0.001673
103    0.001284
104    0.001458
105    0.001189
106    0.001694
107    0.001279
108    0.001482
109    0.001224
110    0.001621
111    0.001643
112    0.000801
113    0.001054
114    0.000989
115    0.001671
116    0.001273
117    0.001324
118    0.000818
119    0.001240
120    0.001128
121    0.001043
122    0.000990
123    0.001575
124    0.000998
125    0.001120
126    0.000830
127    0.000911
128    0.001048
129    0.001249
130    0.001651
131    0.000899
132    0.000810
133    0.001002
134    0.001046
135    0.001500
136    0.000662
137    0.001186
138    0.001085
139    0.001023
140    0.000824
141    0.000819
142    0.001855
143    0.001577
144    0.001370
145    0.001588
146    0.000940
147    0.000928
148    0.001069
149    0.001221
150    0.000783
151    0.001303
152    0.001071
153    0.000974
154    0.001153
155    0.001091
156    0.001154
157    0.001442
158    0.001001
159    0.001129
160    0.001555
161    0.001291
162    0.000775
163    0.001254
164    0.001415
165    0.001935
166    0.000746
167    0.001000
168    0.000737
169    0.001376
170    0.000929
171    0.001028
172    0.000800
173    0.000913
174    0.001058
175    0.001036
176    0.000798
177    0.000778
178    0.001291
179    0.000861
180    0.000992
181    0.000882
182    0.001001
183    0.000642
184    0.000982
185    0.000692
186    0.000913
187    0.000847
188    0.000547
189    0.001181
190    0.001216
191    0.000620
192    0.000914
193    0.001305
194    0.000769
195    0.000513
196    0.001089
197    0.001039
198    0.000617
199    0.000792
200    0.000733
201    0.001126
202    0.000879
203    0.001214
204    0.001154
205    0.001463
206    0.000721
207    0.000818
208    0.001241
209    0.000393
210    0.000949
211    0.000899
212    0.000919
213    0.000975
214    0.000974
215    0.000705
216    0.000604
217    0.000961
218    0.000791
219    0.000552
220    0.000920
221    0.000811
222    0.000588
223    0.000601
224    0.000652
225    0.000885
226    0.000747
227    0.000758
228    0.000523
229    0.000475
230    0.000598
231    0.000799
232    0.000809
233    0.000645
234    0.001100
235    0.000431
236    0.000500
237    0.000867
238    0.000660
239    0.000651
240    0.000789
241    0.000801
242    0.000585
243    0.000620
244    0.000845
245    0.000498
246    0.000607
247    0.000799
248    0.000681
249    0.000653
250    0.001007
251    0.000932
252    0.000824
253    0.000873
254    0.001063
255    0.000540
256    0.000754
257    0.000720
258    0.000623
259    0.000762
260    0.000572
261    0.001046
262    0.000628
263    0.001019
264    0.000634
265    0.000850
266    0.000868
267    0.000616
268    0.000491
269    0.000491
270    0.000957
271    0.000656
272    0.000820
273    0.000671
274    0.000562
275    0.000614
276    0.000641
277    0.000882
278    0.000420
279    0.000522
280    0.000698
281    0.000655
282    0.000474
283    0.000825
284    0.000619
285    0.000632
286    0.000506
287    0.000433
288    0.000498
289    0.000516
290    0.000735
291    0.000544
292    0.000902
293    0.000655
294    0.000670
295    0.000521
296    0.000703
297    0.000565
298    0.000411
299    0.000560
300    0.000814
301    0.000631
302    0.000536
303    0.000271
304    0.000481
305    0.000794
306    0.000721
307    0.000549
308    0.000493
309    0.000582
310    0.000697
311    0.000677
312    0.000610
313    0.000457
314    0.000571
315    0.000862
316    0.000460
317    0.000455
318    0.000546
319    0.000502
320    0.000638
321    0.000509
322    0.000385
323    0.000760
324    0.000507
325    0.000370
326    0.000413
327    0.000776
328    0.000213
329    0.000682
330    0.000657
331    0.000178
332    0.000475
333    0.000268
334    0.000653
335    0.000414
336    0.000621
337    0.000450
338    0.000383
339    0.000541
340    0.000427
341    0.000420
342    0.000392
343    0.000680
344    0.000399
345    0.000513
346    0.000427
347    0.000348
348    0.000501
349    0.000647
350    0.000550
351    0.000562
352    0.000397
353    0.000289
354    0.000737
355    0.000306
356    0.000458
357    0.000372
358    0.000572
359    0.000340
360    0.000446
361    0.000281
362    0.000528
363    0.000284
364    0.000378
365    0.000338
366    0.000410
367    0.000519
368    0.000325
369    0.000553
370    0.000486
371    0.000691
372    0.000638
373    0.000499
374    0.000665
375    0.000592
376    0.000620
377    0.000453
378    0.000423
379    0.000429
380    0.000573
381    0.000507
382    0.000625
383    0.000530
384    0.000436
385    0.000612
386    0.000493
387    0.000382
388    0.000658
389    0.000696
390    0.000495
391    0.000353
392    0.000304
393    0.000304
394    0.000473
395    0.000635
396    0.000435
397    0.000522
398    0.000447
399    0.000451
400    0.000577
401    0.000304
402    0.000379
403    0.000237
404    0.000356
405    0.000436
406    0.000335
407    0.000535
408    0.000322
409    0.000311
410    0.000527
411    0.000473
412    0.000669
413    0.000560
414    0.000394
415    0.000436
416    0.000308
417    0.000433
418    0.000214
419    0.000366
420    0.000463
421    0.000340
422    0.000418
423    0.000494
424    0.000404
425    0.000433
426    0.000268
427    0.000337
428    0.000342
429    0.000423
430    0.000350
431    0.000321
432    0.000448
433    0.000351
434    0.000557
435    0.000727
436    0.000424
437    0.000366
438    0.000380
439    0.000369
440    0.000440
441    0.000496
442    0.000228
443    0.000573
444    0.000594
445    0.000348
446    0.000344
447    0.000368
448    0.000468
449    0.000490
450    0.000320
451    0.000517
452    0.000536
453    0.000267
454    0.000277
455    0.000418
456    0.000242
457    0.000473
458    0.000232
459    0.000282
460    0.000515
461    0.000362
462    0.000583
463    0.000401
464    0.000533
465    0.000377
466    0.000297
467    0.000462
468    0.000297
469    0.000343
470    0.000510
471    0.000393
472    0.000293
473    0.000304
474    0.000390
475    0.000325
476    0.000636
477    0.000498
478    0.000312
479    0.000442
480    0.000397
481    0.000239
482    0.000496
483    0.000356
484    0.000318
485    0.000496
486    0.000535
487    0.000337
488    0.000367
489    0.000408
490    0.000409
491    0.000380
492    0.000315
493    0.000343
494    0.000331
495    0.000622
496    0.000638
497    0.000277
498    0.000362
499    0.000558
500    0.000245
501    0.000278
502    0.000402
503    0.000330
504    0.000362
505    0.000376
506    0.000211
507    0.000509
508    0.000286
509    0.000416
510    0.000395
511    0.000219
512    0.000313
513    0.000306
514    0.000416
515    0.000417
516    0.000348
517    0.000459
518    0.000434
519    0.000381
520    0.000270
521    0.000527
522    0.000345
523    0.000399
524    0.000437
525    0.000247
526    0.000403
527    0.000344
528    0.000406
529    0.000453
530    0.000476
531    0.000309
532    0.000327
533    0.000376
534    0.000301
535    0.000545
536    0.000410
537    0.000265
538    0.000421
539    0.000550
540    0.000379
541    0.000265
542    0.000390
543    0.000300
544    0.000361
545    0.000339
546    0.000383
547    0.000444
548    0.000290
549    0.000314
550    0.000334
551    0.000299
552    0.000371
553    0.000408
554    0.000306
555    0.000414
556    0.000393
557    0.000261
558    0.000276
559    0.000360
560    0.000441
561    0.000253
562    0.000257
563    0.000306
564    0.000258
565    0.000389
566    0.000247
567    0.000237
568    0.000335
569    0.000263
570    0.000349
571    0.000281
572    0.000287
573    0.000260
574    0.000270
575    0.000238
576    0.000131
577    0.000289
578    0.000250
579    0.000476
580    0.000350
581    0.000284
582    0.000292
583    0.000141
584    0.000353
585    0.000317
586    0.000324
587    0.000205
588    0.000371
589    0.000272
590    0.000286
591    0.000196
592    0.000346
593    0.000416
594    0.000370
595    0.000279
596    0.000289
597    0.000316
598    0.000361
599    0.000187
600    0.000240
601    0.000275
602    0.000442
603    0.000278
604    0.000304
605    0.000245
606    0.000222
607    0.000406
608    0.000297
609    0.000245
610    0.000312
611    0.000297
612    0.000275
613    0.000326
614    0.000347
615    0.000269
616    0.000317
617    0.000344
618    0.000244
619    0.000276
620    0.000199
621    0.000341
622    0.000192
623    0.000406
624    0.000310
625    0.000270
626    0.000318
627    0.000422
628    0.000306
629    0.000421
630    0.000323
631    0.000256
632    0.000288
633    0.000250
634    0.000256
635    0.000169
636    0.000275
637    0.000255
638    0.000247
639    0.000116
640    0.000233
641    0.000311
642    0.000224
643    0.000318
644    0.000406
645    0.000363
646    0.000261
647    0.000232
648    0.000221
649    0.000295
650    0.000196
651    0.000234
652    0.000222
653    0.000313
654    0.000285
655    0.000397
656    0.000226
657    0.000143
658    0.000208
659    0.000316
660    0.000300
661    0.000324
662    0.000354
663    0.000312
664    0.000344
665    0.000217
666    0.000285
667    0.000302
668    0.000257
669    0.000317
670    0.000266
671    0.000378
672    0.000253
673    0.000209
674    0.000321
675    0.000244
676    0.000468
677    0.000308
678    0.000311
679    0.000361
680    0.000380
681    0.000221
682    0.000193
683    0.000301
684    0.000218
685    0.000306
686    0.000295
687    0.000222
688    0.000208
689    0.000206
690    0.000277
691    0.000248
692    0.000227
693    0.000254
694    0.000228
695    0.000311
696    0.000188
697    0.000258
698    0.000202
699    0.000333
700    0.000350
701    0.000264
702    0.000214
703    0.000246
704    0.000215
705    0.000136
706    0.000217
707    0.000235
708    0.000217
709    0.000224
710    0.000274
711    0.000106
712    0.000186
713    0.000146
714    0.000229
715    0.000264
716    0.000191
717    0.000268
718    0.000234
719    0.000195
720    0.000330
721    0.000278
722    0.000240
723    0.000227
724    0.000203
725    0.000346
726    0.000251
727    0.000176
728    0.000146
729    0.000247
730    0.000246
731    0.000222
732    0.000299
733    0.000306
734    0.000304
735    0.000265
736    0.000323
737    0.000239
738    0.000384
739    0.000321
740    0.000096
741    0.000225
742    0.000325
743    0.000170
744    0.000315
745    0.000158
746    0.000227
747    0.000238
748    0.000246
749    0.000231
750    0.000272
751    0.000216
752    0.000092
753    0.000215
754    0.000148
755    0.000134
756    0.000181
757    0.000233
758    0.000164
759    0.000223
760    0.000453
761    0.000216
762    0.000247
763    0.000140
764    0.000125
765    0.000286
766    0.000184
767    0.000251
768    0.000103
769    0.000172
770    0.000199
771    0.000172
772    0.000197
773    0.000257
774    0.000232
775    0.000223
776    0.000170
777    0.000143
778    0.000388
779    0.000257
780    0.000226
781    0.000111
782    0.000225
783    0.000185
784    0.000201
785    0.000241
786    0.000171
787    0.000182
788    0.000207
789    0.000182
790    0.000212
791    0.000288
792    0.000277
793    0.000172
794    0.000295
795    0.000307
796    0.000127
797    0.000180
798    0.000293
799    0.000284
800    0.000241
801    0.000310
802    0.000115
803    0.000192
804    0.000209
805    0.000189
806    0.000092
807    0.000279
808    0.000103
809    0.000193
810    0.000227
811    0.000320
812    0.000087
813    0.000150
814    0.000082
815    0.000137
816    0.000365
817    0.000407
818    0.000137
819    0.000071
820    0.000234
821    0.000187
822    0.000101
823    0.000277
824    0.000499
825    0.000531
