  1    0.035511
  2    0.136986
  3    0.068179
  4    0.014683
  5    0.007685
  6    0.028680
  7    0.020691
  8    0.005644
  9    0.020261
 10    0.005717
 11    0.005800
 12    0.009391
 13    0.017913
 14    0.009490
 15    0.007975
 16    0.006310
 17    0.003809
 18    0.008942
 19    0.008364
 20    0.006405
 21    0.008917
 22    0.004800
 23    0.007200
 24    0.006051
 25    0.008105
 26    0.003544
 27    0.004401
 28    0.003511
 29    0.004173
 30    0.003548
 31    0.005166
 32    0.003499
 33    0.004594
 34    0.002124
 35    0.003021
 36    0.003213
 37    0.004108
 38    0.003988
 39    0.005453
 40    0.004646
 41    0.003411
 42    0.003305
 43    0.004684
 44    0.003514
 45    0.003511
 46    0.002338
 47    0.003905
 48    0.002526
 49    0.004181
 50    0.002578
 51    0.002745
 52    0.003491
 53    0.001802
 54    0.002933
 55    0.001573
 56    0.002453
 57    0.001467
 58    0.001954
 59    0.002810
 60    0.001456
 61    0.001569
 62    0.001952
 63    0.001702
 64    0.001042
 65    0.001977
 66    0.001419
 67    0.002829
 68    0.001089
 69    0.002087
 70    0.000848
 71    0.000970
 72    0.002616
 73    0.002007
 74    0.001203
 75    0.001590
 76    0.001198
 77    0.002686
 78    0.001347
 79    0.001385
 80    0.001991
 81    0.001948
 82    0.001795
 83    0.001119
 84    0.001153
 85    0.001322
 86    0.002417
 87    0.001643
 88    0.001576
 89    0.003153
 90    0.001263
 91    0.001587
 92    0.001409
 93    0.001655
 94    0.001447
 95    0.000858
 96    0.001456
 97    0.001390
 98    0.001818
 99    0.001060
100    0.000989
101    0.001418
102    0.001405
103    0.001180
104    0.002278
105    0.001318
106    0.001390
107    0.002336
108    0.001466
109    0.001440
110    0.001402
111    0.001783
112    0.001517
113    0.001901
114    0.001179
115    0.001279
116    0.001482
117    0.001951
118    0.001021
119    0.001013
120    0.001393
121    0.001424
122    0.000682
123    0.001347
124    0.001487
125    0.001396
126    0.001412
127    0.001255
128    0.001058
129    0.001240
130    0.000928
131    0.001261
132    0.001896
133    0.001192
134    0.001265
135    0.001035
136    0.000820
137    0.000951
138    0.001418
139    0.000962
140    0.001198
141    0.001374
142    0.001716
143    0.001146
144    0.001569
145    0.000787
146    0.000840
147    0.001943
148    0.000943
149    0.001458
150    0.000825
151    0.001443
152    0.001096
153    0.000921
154    0.001604
155    0.000861
156    0.001367
157    0.000620
158    0.001057
159    0.000597
160    0.001002
161    0.001031
162    0.000802
163    0.000737
164    0.001197
165    0.000738
166    0.000908
167    0.001079
168    0.000972
169    0.001125
170    0.000851
171    0.000993
172    0.001276
173    0.000954
174    0.000702
175    0.001164
176    0.000906
177    0.000732
178    0.000804
179    0.000707
180    0.000768
181    0.000876
182    0.000815
183    0.000868
184    0.000749
185    0.000736
186    0.000410
187    0.000912
188    0.000904
189    0.000479
190    0.000745
191    0.000950
192    0.000919
193    0.000824
194    0.000660
195    0.000854
196    0.000801
197    0.001081
198    0.001068
199    0.000720
200    0.000852
201    0.000669
202    0.000769
203    0.000797
204    0.001089
205    0.001011
206    0.000665
207    0.000427
208    0.000772
209    0.000582
210    0.000591
211    0.000609
212    0.000643
213    0.000541
214    0.000807
215    0.000527
216    0.000650
217    0.000605
218    0.000748
219    0.000619
220    0.000746
221    0.000658
222    0.000821
223    0.000542
224    0.000873
225    0.000595
226    0.000645
227    0.000867
228    0.000609
229    0.000833
230    0.000961
231    0.000488
232    0.000790
233    0.000916
234    0.000750
235    0.000583
236    0.000907
237    0.000703
238    0.000984
239    0.000736
240    0.000738
241    0.000427
242    0.000681
243    0.000937
244    0.000859
245    0.001013
246    0.000737
247    0.000725
248    0.001127
249    0.000934
250    0.000951
251    0.000529
252    0.000611
253    0.001054
254    0.000483
255    0.000877
256    0.000612
257    0.000889
258    0.000626
259    0.000633
260    0.000992
261    0.001240
262    0.000551
263    0.000538
264    0.000567
265    0.000432
266    0.000547
267    0.000575
268    0.000554
269    0.000375
270    0.000639
271    0.000284
272    0.000753
273    0.000292
274    0.000496
275    0.000513
276    0.000552
277    0.000625
278    0.000410
279    0.000567
280    0.000445
281    0.000405
282    0.000483
283    0.000467
284    0.000455
285    0.000738
286    0.000819
287    0.000729
288    0.000382
289    0.000541
290    0.000722
291    0.000461
292    0.000437
293    0.000517
294    0.000467
295    0.000722
296    0.000448
297    0.000593
298    0.000774
299    0.000664
300    0.000312
301    0.000497
302    0.000253
303    0.000415
304    0.000461
305    0.000288
306    0.000324
307    0.000623
308    0.000365
309    0.000517
310    0.000478
311    0.000449
312    0.000484
313    0.000468
314    0.000262
315    0.000693
316    0.000310
317    0.000581
318    0.000749
319    0.000327
320    0.000682
321    0.000647
322    0.000204
323    0.000619
324    0.000480
325    0.000558
326    0.000503
327    0.000568
328    0.000567
329    0.000282
330    0.000613
331    0.000469
332    0.000956
333    0.000570
334    0.000286
335    0.000505
336    0.000647
337    0.000397
338    0.000776
339    0.000261
340    0.000377
341    0.000533
342    0.000386
343    0.000410
344    0.000659
345    0.000501
346    0.000456
347    0.000533
348    0.000581
349    0.000407
350    0.000560
351    0.000419
352    0.000697
353    0.000325
354    0.000325
355    0.000432
356    0.000679
357    0.000418
358    0.000514
359    0.000338
360    0.000437
361    0.000487
362    0.000527
363    0.000375
364    0.000426
365    0.000860
366    0.000487
367    0.000374
368    0.000553
369    0.000508
370    0.000321
371    0.000498
372    0.000336
373    0.000451
374    0.000511
375    0.000599
376    0.000482
377    0.000628
378    0.000512
379    0.000364
380    0.000484
381    0.000860
382    0.000461
383    0.000550
384    0.000345
385    0.000491
386    0.000328
387    0.000683
388    0.000456
389    0.000501
390    0.000564
391    0.000265
392    0.000469
393    0.000346
394    0.000396
395    0.000552
396    0.000458
397    0.000401
398    0.000460
399    0.000508
400    0.000398
401    0.000398
402    0.000354
403    0.000356
404    0.000394
405    0.000732
406    0.000416
407    0.000585
408    0.000494
409    0.000325
410    0.000586
411    0.000308
412    0.000661
413    0.000612
414    0.000552
415    0.000264
416    0.000402
417    0.000387
418    0.000311
419    0.000473
420    0.000493
421    0.000345
422    0.000526
423    0.000348
424    0.000707
425    0.000663
426    0.000461
427    0.000313
428    0.000570
429    0.000408
430    0.000355
431    0.000520
432    0.000583
433    0.000435
434    0.000368
435    0.000601
436    0.000329
437    0.000333
438    0.000380
439    0.000291
440    0.000503
441    0.000390
442    0.000427
443    0.000536
444    0.000552
445    0.000282
446    0.000522
447    0.000216
448    0.000399
449    0.000360
450    0.000467
451    0.000409
452    0.000432
453    0.000604
454    0.000388
455    0.000384
456    0.000475
457    0.000174
458    0.000257
459    0.000461
460    0.000445
461    0.000632
462    0.000232
463    0.000417
464    0.000399
465    0.000332
466    0.000398
467    0.000415
468    0.000224
469    0.000307
470    0.000249
471    0.000460
472    0.000347
473    0.000414
474    0.000433
475    0.000310
476    0.000362
477    0.000331
478    0.000359
479    0.000352
480    0.000355
481    0.000518
482    0.000365
483    0.000410
484    0.000335
485    0.000411
486    0.000286
487    0.000253
488    0.000463
489    0.000117
490    0.000193
491    0.000426
492    0.000393
493    0.000248
494    0.000376
495    0.000472
496    0.000254
497    0.000446
498    0.000341
499    0.000441
500    0.000395
501    0.000216
502    0.000555
503    0.000266
504    0.000206
505    0.000275
506    0.000330
507    0.000234
508    0.000356
509    0.000365
510    0.000285
511    0.000431
512    0.000276
513    0.000474
514    0.000275
515    0.000320
516    0.000411
517    0.000172
518    0.000372
519    0.000444
520    0.000350
521    0.000234
522    0.000302
523    0.000340
524    0.000339
525    0.000458
526    0.000253
527    0.000255
528    0.000395
529    0.000245
530    0.000264
531    0.000495
532    0.000303
533    0.000216
534    0.000306
535    0.000240
536    0.000180
537    0.000374
538    0.000289
539    0.000686
540    0.000325
541    0.000195
542    0.000277
543    0.000224
544    0.000419
545    0.000380
546    0.000411
547    0.000293
548    0.000361
549    0.000543
550    0.000384
551    0.000275
552    0.000284
553    0.000362
554    0.000290
555    0.000359
556    0.000450
557    0.000298
558    0.000410
559    0.000401
560    0.000300
561    0.000303
562    0.000270
563    0.000323
564    0.000284
565    0.000303
566    0.000445
567    0.000358
568    0.000136
569    0.000240
570    0.000281
571    0.000245
572    0.000321
573    0.000310
574    0.000304
575    0.000273
576    0.000271
577    0.000246
578    0.000293
579    0.000368
580    0.000300
581    0.000244
582    0.000380
583    0.000337
584    0.000235
585    0.000244
586    0.000306
587    0.000216
588    0.000230
589    0.000276
590    0.000199
591    0.000266
592    0.000266
593    0.000342
594    0.000313
595    0.000381
596    0.000367
597    0.000256
598    0.000346
599    0.000284
600    0.000212
601    0.000314
602    0.000373
603    0.000340
604    0.000211
605    0.000227
606    0.000333
607    0.000328
608    0.000217
609    0.000157
610    0.000251
611    0.000301
612    0.000225
613    0.000194
614    0.000235
615    0.000268
616    0.000194
617    0.000274
618    0.000197
619    0.000279
620    0.000258
621    0.000195
622    0.000275
623    0.000264
624    0.000341
625    0.000197
626    0.000263
627    0.000400
628    0.000350
629    0.000260
630    0.000387
631    0.000256
632    0.000132
633    0.000199
634    0.000248
635    0.000207
636    0.000284
637    0.000259
638    0.000221
639    0.000292
640    0.000331
641    0.000242
642    0.000213
643    0.000288
644    0.000321
645    0.000266
646    0.000262
647    0.000285
648    0.000348
649    0.000188
650    0.000210
651    0.000259
652    0.000188
653    0.000312
654    0.000285
655    0.000257
656    0.000146
657    0.000240
658    0.000237
659    0.000315
660    0.000210
661    0.000348
662    0.000281
663    0.000215
664    0.000204
665    0.000309
666    0.000260
667    0.000162
668    0.000265
669    0.000202
670    0.000310
671    0.000209
672    0.000451
673    0.000354
674    0.000356
675    0.000321
676    0.000233
677    0.000277
678    0.000290
679    0.000317
680    0.000399
681    0.000217
682    0.000213
683    0.000288
684    0.000320
685    0.000261
686    0.000205
687    0.000340
688    0.000187
689    0.000197
690    0.000311
691    0.000248
692    0.000207
693    0.000189
694    0.000165
695    0.000307
696    0.000366
697    0.000367
698    0.000184
699    0.000222
700    0.000156
701    0.000164
702    0.000193
703    0.000323
704    0.000464
705    0.000250
706    0.000269
707    0.000237
708    0.000280
709    0.000280
710    0.000207
711    0.000232
712    0.000288
713    0.000206
714    0.000241
715    0.000235
716    0.000306
717    0.000242
718    0.000212
719    0.000266
720    0.000237
721    0.000355
722    0.000263
723    0.000183
724    0.000331
725    0.000266
726    0.000348
727    0.000317
728    0.000285
729    0.000262
730    0.000257
731    0.000314
732    0.000233
733    0.000344
734    0.000314
735    0.000199
736    0.000189
737    0.000339
738    0.000237
739    0.000263
740    0.000400
741    0.000301
742    0.000269
743    0.000374
744    0.000215
745    0.000177
746    0.000322
747    0.000285
748    0.000298
749    0.000122
750    0.000174
751    0.000221
752    0.000181
753    0.000190
754    0.000169
755    0.000230
756    0.000196
757    0.000226
758    0.000228
759    0.000210
760    0.000118
761    0.000184
762    0.000173
763    0.000115
764    0.000188
765    0.000301
766    0.000112
767    0.000147
768    0.000101
769    0.000250
770    0.000171
771    0.000243
772    0.000311
773    0.000343
774    0.000217
775    0.000335
776    0.000107
777    0.000162
778    0.000190
779    0.000225
780    0.000293
781    0.000134
782    0.000199
783    0.000221
784    0.000283
785    0.000250
786    0.000456
787    0.000212
788    0.000239
789    0.000363
790    0.000193
791    0.000269
792    0.000213
793    0.000128
794    0.000202
795    0.000117
796    0.000167
797    0.000247
798    0.000230
799    0.000261
800    0.000281
801    0.000200
802    0.000202
803    0.000331
804    0.000446
805    0.000146
806    0.000148
807    0.000369
808    0.000174
809    0.000107
810    0.000156
811    0.000327
812    0.000169
813    0.000067
814    0.000185
815    0.000233
816    0.000181
817    0.000374
818    0.000198
819    0.000271
820    0.000412
821    0.000308
822    0.000273
823    0.000234
824    0.000062
825    0.000566
