  1    0.020207
  2    0.125895
  3    0.072744
  4    0.004616
  5    0.006724
  6    0.023416
  7    0.023687
  8    0.018590
  9    0.017513
 10    0.015940
 11    0.002171
 12    0.011397
 13    0.015784
 14    0.006737
 15    0.009746
 16    0.005587
 17    0.007428
 18    0.002723
 19    0.008036
 20    0.009671
 21    0.005284
 22    0.003799
 23    0.005870
 24    0.006759
 25    0.005598
 26    0.005107
 27    0.007054
 28    0.004777
 29    0.005923
 30    0.007039
 31    0.005354
 32    0.011826
 33    0.005276
 34    0.004828
 35    0.003052
 36    0.005778
 37    0.002994
 38    0.001482
 39    0.002058
 40    0.002400
 41    0.004359
 42    0.003659
 43    0.003238
 44    0.005823
 45    0.004853
 46    0.003456
 47    0.003023
 48    0.003256
 49    0.002975
 50    0.004455
 51    0.004048
 52    0.002840
 53    0.002388
 54    0.003080
 55    0.001998
 56    0.002823
 57    0.001855
 58    0.001723
 59    0.001786
 60    0.002438
 61    0.001929
 62    0.001780
 63    0.001397
 64    0.002394
 65    0.002136
 66    0.002298
 67    0.001985
 68    0.001556
 69    0.001930
 70    0.002373
 71    0.002673
 72    0.004282
 73    0.002008
 74    0.002038
 75    0.001818
 76    0.002339
 77    0.001772
 78    0.002119
 79    0.001990
 80    0.003642
 81    0.001212
 82    0.002654
 83    0.001661
 84    0.002436
 85    0.001830
 86    0.002364
 87    0.001531
 88    0.001200
 89    0.001319
 90    0.001779
 91    0.001267
 92    0.001913
 93    0.001072
 94    0.001472
 95    0.000914
 96    0.001319
 97    0.001731
 98    0.001459
 99    0.000789
100    0.001136
101    0.001900
102    0.001203
103    0.000925
104    0.001288
105    0.001500
106    0.001529
107    0.001154
108    0.001718
109    0.002493
110    0.001294
111    0.000986
112    0.003014
113    0.001484
114    0.001071
115    0.001083
116    0.001081
117    0.000796
118    0.000914
119    0.001866
120    0.001175
121    0.001137
122    0.001047
123    0.001465
124    0.000932
125    0.000811
126    0.000894
127    0.001153
128    0.000831
129    0.001070
130    0.001860
131    0.001133
132    0.001008
133    0.001690
134    0.000417
135    0.000951
136    0.001208
137    0.001522
138    0.001212
139    0.001568
140    0.001142
141    0.001375
142    0.001217
143    0.001260
144    0.001459
145    0.001188
146    0.001055
147    0.000712
148    0.001243
149    0.001592
150    0.001087
151    0.001037
152    0.000841
153    0.001279
154    0.001260
155    0.000795
156    0.000897
157    0.001066
158    0.000589
159    0.000879
160    0.001120
161    0.000904
162    0.001285
163    0.001145
164    0.001762
165    0.000792
166    0.001053
167    0.001022
168    0.000935
169    0.001025
170    0.001027
171    0.000786
172    0.001383
173    0.000447
174    0.000655
175    0.001279
176    0.001220
177    0.001347
178    0.000984
179    0.000865
180    0.001000
181    0.000936
182    0.001515
183    0.000820
184    0.000636
185    0.000722
186    0.000881
187    0.000852
188    0.000870
189    0.000786
190    0.001045
191    0.000602
192    0.000672
193    0.000918
194    0.001410
195    0.000709
196    0.000650
197    0.000876
198    0.000981
199    0.001172
200    0.000756
201    0.000923
202    0.000810
203    0.000461
204    0.000624
205    0.000614
206    0.001005
207    0.000903
208    0.000887
209    0.000794
210    0.000807
211    0.000783
212    0.000527
213    0.000527
214    0.000556
215    0.000751
216    0.000705
217    0.000674
218    0.000708
219    0.001133
220    0.000499
221    0.000834
222    0.000768
223    0.000742
224    0.000693
225    0.000565
226    0.000917
227    0.000622
228    0.000637
229    0.000627
230    0.001086
231    0.001021
232    0.000686
233    0.000859
234    0.001375
235    0.000701
236    0.000724
237    0.000577
238    0.000597
239    0.000952
240    0.000636
241    0.000570
242    0.000606
243    0.000631
244    0.000565
245    0.000762
246    0.000767
247    0.000962
248    0.000570
249    0.000481
250    0.000733
251    0.000566
252    0.000912
253    0.001067
254    0.000837
255    0.000471
256    0.000635
257    0.000406
258    0.000655
259    0.000718
260    0.000639
261    0.000531
262    0.000679
263    0.000495
264    0.000587
265    0.000378
266    0.000677
267    0.000673
268    0.000603
269    0.000384
270    0.000501
271    0.000527
272    0.000600
273    0.000718
274    0.000531
275    0.000574
276    0.000586
277    0.000579
278    0.000671
279    0.000303
280    0.000669
281    0.000469
282    0.000324
283    0.000841
284    0.000367
285    0.000593
286    0.000545
287    0.000651
288    0.000557
289    0.000336
290    0.000648
291    0.000606
292    0.000534
293    0.000411
294    0.000642
295    0.000589
296    0.000584
297    0.000400
298    0.000808
299    0.000441
300    0.000585
301    0.000610
302    0.000663
303    0.000563
304    0.000469
305    0.000520
306    0.000470
307    0.000771
308    0.000687
309    0.000363
310    0.000466
311    0.000389
312    0.000301
313    0.000439
314    0.000252
315    0.000564
316    0.000474
317    0.000371
318    0.000441
319    0.000436
320    0.000586
321    0.000535
322    0.000609
323    0.000510
324    0.000668
325    0.000316
326    0.000628
327    0.000320
328    0.000479
329    0.000611
330    0.000571
331    0.000716
332    0.000820
333    0.000475
334    0.000570
335    0.000530
336    0.000539
337    0.000318
338    0.000369
339    0.000312
340    0.000488
341    0.000512
342    0.000833
343    0.000574
344    0.000426
345    0.000447
346    0.000442
347    0.000511
348    0.000310
349    0.000496
350    0.000521
351    0.000395
352    0.000577
353    0.000285
354    0.000362
355    0.000511
356    0.000406
357    0.000442
358    0.000670
359    0.000470
360    0.000526
361    0.000501
362    0.000479
363    0.000295
364    0.000512
365    0.000360
366    0.000341
367    0.000592
368    0.000325
369    0.000521
370    0.000388
371    0.000543
372    0.000270
373    0.000386
374    0.000435
375    0.000427
376    0.000683
377    0.000577
378    0.000414
379    0.000389
380    0.000849
381    0.000523
382    0.000472
383    0.000390
384    0.000362
385    0.000486
386    0.000385
387    0.000479
388    0.000527
389    0.000408
390    0.000560
391    0.000245
392    0.000408
393    0.000272
394    0.000376
395    0.000390
396    0.000528
397    0.000474
398    0.000469
399    0.000308
400    0.000733
401    0.000361
402    0.000556
403    0.000642
404    0.000232
405    0.000537
406    0.000344
407    0.000538
408    0.000619
409    0.000802
410    0.000309
411    0.000459
412    0.000271
413    0.000458
414    0.000440
415    0.000371
416    0.000381
417    0.000396
418    0.000401
419    0.000319
420    0.000497
421    0.000278
422    0.000388
423    0.000284
424    0.000504
425    0.000372
426    0.000414
427    0.000526
428    0.000398
429    0.000248
430    0.000318
431    0.000248
432    0.000327
433    0.000343
434    0.000285
435    0.000357
436    0.000308
437    0.000307
438    0.000275
439    0.000204
440    0.000364
441    0.000292
442    0.000332
443    0.000430
444    0.000384
445    0.000744
446    0.000292
447    0.000373
448    0.000427
449    0.000590
450    0.000325
451    0.000391
452    0.000337
453    0.000353
454    0.000354
455    0.000409
456    0.000346
457    0.000280
458    0.000457
459    0.000405
460    0.000427
461    0.000522
462    0.000372
463    0.000274
464    0.000424
465    0.000479
466    0.000511
467    0.000356
468    0.000228
469    0.000448
470    0.000466
471    0.000316
472    0.000287
473    0.000390
474    0.000428
475    0.000266
476    0.000285
477    0.000490
478    0.000271
479    0.000291
480    0.000120
481    0.000407
482    0.000339
483    0.000232
484    0.000347
485    0.000330
486    0.000281
487    0.000429
488    0.000348
489    0.000407
490    0.000448
491    0.000389
492    0.000433
493    0.000230
494    0.000272
495    0.000260
496    0.000408
497    0.000505
498    0.000328
499    0.000204
500    0.000230
501    0.000321
502    0.000475
503    0.000210
504    0.000302
505    0.000377
506    0.000386
507    0.000327
508    0.000357
509    0.000344
510    0.000319
511    0.000328
512    0.000348
513    0.000611
514    0.000378
515    0.000218
516    0.000282
517    0.000440
518    0.000446
519    0.000600
520    0.000363
521    0.000255
522    0.000301
523    0.000458
524    0.000274
525    0.000396
526    0.000366
527    0.000351
528    0.000406
529    0.000447
530    0.000287
531    0.000287
532    0.000240
533    0.000286
534    0.000380
535    0.000364
536    0.000343
537    0.000328
538    0.000342
539    0.000275
540    0.000380
541    0.000248
542    0.000354
543    0.000198
544    0.000313
545    0.000237
546    0.000328
547    0.000317
548    0.000281
549    0.000424
550    0.000216
551    0.000306
552    0.000298
553    0.000275
554    0.000413
555    0.000303
556    0.000388
557    0.000295
558    0.000288
559    0.000258
560    0.000263
561    0.000344
562    0.000349
563    0.000254
564    0.000354
565    0.000356
566    0.000389
567    0.000304
568    0.000278
569    0.000242
570    0.000317
571    0.000329
572    0.000249
573    0.000363
574    0.000342
575    0.000311
576    0.000319
577    0.000249
578    0.000261
579    0.000224
580    0.000289
581    0.000307
582    0.000311
583    0.000296
584    0.000199
585    0.000253
586    0.000242
587    0.000278
588    0.000378
589    0.000279
590    0.000348
591    0.000272
592    0.000390
593    0.000303
594    0.000313
595    0.000375
596    0.000229
597    0.000278
598    0.000206
599    0.000349
600    0.000266
601    0.000241
602    0.000300
603    0.000126
604    0.000389
605    0.000274
606    0.000225
607    0.000433
608    0.000457
609    0.000302
610    0.000259
611    0.000375
612    0.000330
613    0.000288
614    0.000231
615    0.000245
616    0.000266
617    0.000223
618    0.000237
619    0.000328
620    0.000252
621    0.000304
622    0.000185
623    0.000345
624    0.000261
625    0.000136
626    0.000252
627    0.000325
628    0.000390
629    0.000340
630    0.000181
631    0.000247
632    0.000287
633    0.000344
634    0.000266
635    0.000313
636    0.000257
637    0.000141
638    0.000239
639    0.000205
640    0.000392
641    0.000253
642    0.000332
643    0.000190
644    0.000241
645    0.000287
646    0.000228
647    0.000146
648    0.000188
649    0.000375
650    0.000383
651    0.000242
652    0.000169
653    0.000216
654    0.000221
655    0.000178
656    0.000262
657    0.000346
658    0.000165
659    0.000183
660    0.000283
661    0.000344
662    0.000256
663    0.000231
664    0.000272
665    0.000278
666    0.000150
667    0.000276
668    0.000283
669    0.000221
670    0.000230
671    0.000294
672    0.000225
673    0.000188
674    0.000255
675    0.000265
676    0.000348
677    0.000214
678    0.000249
679    0.000149
680    0.000281
681    0.000262
682    0.000136
683    0.000214
684    0.000186
685    0.000334
686    0.000425
687    0.000178
688    0.000204
689    0.000236
690    0.000137
691    0.000314
692    0.000193
693    0.000313
694    0.000180
695    0.000230
696    0.000268
697    0.000164
698    0.000173
699    0.000185
700    0.000217
701    0.000243
702    0.000328
703    0.000248
704    0.000255
705    0.000182
706    0.000311
707    0.000230
708    0.000377
709    0.000128
710    0.000216
711    0.000240
712    0.000196
713    0.000250
714    0.000254
715    0.000246
716    0.000175
717    0.000174
718    0.000207
719    0.000254
720    0.000195
721    0.000214
722    0.000149
723    0.000176
724    0.000264
725    0.000201
726    0.000281
727    0.000257
728    0.000260
729    0.000397
730    0.000149
731    0.000172
732    0.000209
733    0.000189
734    0.000292
735    0.000247
736    0.000407
737    0.000298
738    0.000281
739    0.000226
740    0.000272
741    0.000273
742    0.000311
743    0.000206
744    0.000190
745    0.000221
746    0.000227
747    0.000197
748    0.000217
749    0.000129
750    0.000192
751    0.000234
752    0.000283
753    0.000277
754    0.000231
755    0.000259
756    0.000194
757    0.000102
758    0.000217
759    0.000295
760    0.000255
761    0.000232
762    0.000236
763    0.000222
764    0.000178
765    0.000134
766    0.000131
767    0.000307
768    0.000228
769    0.000197
770    0.000198
771    0.000139
772    0.000234
773    0.000259
774    0.000214
775    0.000197
776    0.000139
777    0.000150
778    0.000133
779    0.000258
780    0.000107
781    0.000211
782    0.000109
783    0.000284
784    0.000203
785    0.000175
786    0.000243
787    0.000200
788    0.000373
789    0.000156
790    0.000161
791    0.000293
792    0.000344
793    0.000292
794    0.000249
795    0.000168
796    0.000331
797    0.000264
798    0.000230
799    0.000108
800    0.000139
801    0.000200
802    0.000128
803    0.000272
804    0.000276
805    0.000090
806    0.000164
807    0.000241
808    0.000132
809    0.000221
810    0.000301
811    0.000095
812    0.000106
813    0.000202
814    0.000112
815    0.000198
816    0.000146
817    0.000176
818    0.000240
819    0.000158
820    0.000361
821    0.000267
822    0.000039
823    0.000209
824    0.000326
825    0.000509
