  1    0.037105
  2    0.131587
  3    0.082368
  4    0.018877
  5    0.036093
  6    0.029306
  7    0.010066
  8    0.014191
  9    0.017340
 10    0.007985
 11    0.007007
 12    0.006185
 13    0.012428
 14    0.010673
 15    0.006334
 16    0.005541
 17    0.007779
 18    0.008440
 19    0.007771
 20    0.010741
 21    0.011452
 22    0.005295
 23    0.006412
 24    0.003819
 25    0.005955
 26    0.004314
 27    0.004211
 28    0.004840
 29    0.004896
 30    0.003486
 31    0.004635
 32    0.004418
 33    0.003838
 34    0.005085
 35    0.003104
 36    0.002814
 37    0.003327
 38    0.003881
 39    0.005713
 40    0.003072
 41    0.003086
 42    0.003253
 43    0.002725
 44    0.004064
 45    0.001824
 46    0.003166
 47    0.003572
 48    0.002367
 49    0.003135
 50    0.002437
 51    0.003459
 52    0.002630
 53    0.001329
 54    0.003033
 55    0.001602
 56    0.002026
 57    0.001552
 58    0.001121
 59    0.003081
 60    0.002057
 61    0.001932
 62    0.002149
 63    0.001070
 64    0.001885
 65    0.002003
 66    0.001652
 67    0.001539
 68    0.001122
 69    0.001194
 70    0.002240
 71    0.001188
 72    0.001141
 73    0.001652
 74    0.001365
 75    0.001362
 76    0.001186
 77    0.001835
 78    0.001847
 79    0.001423
 80    0.001124
 81    0.001985
 82    0.001501
 83    0.001170
 84    0.001862
 85    0.001633
 86    0.001785
 87    0.002058
 88    0.000904
 89    0.001905
 90    0.001676
 91    0.001770
 92    0.001660
 93    0.001468
 94    0.001769
 95    0.000888
 96    0.002894
 97    0.001065
 98    0.000903
 99    0.001241
100    0.001937
101    0.001283
102    0.001916
103    0.001737
104    0.001141
105    0.001584
106    0.001203
107    0.001236
108    0.000982
109    0.001142
110    0.001036
111    0.001592
112    0.000675
113    0.001174
114    0.000837
115    0.001099
116    0.001081
117    0.000861
118    0.000927
119    0.001322
120    0.001331
121    0.001309
122    0.000557
123    0.000903
124    0.000568
125    0.000807
126    0.000756
127    0.001318
128    0.000957
129    0.001353
130    0.000790
131    0.000972
132    0.000970
133    0.000818
134    0.000635
135    0.000880
136    0.001120
137    0.001247
138    0.001735
139    0.001067
140    0.000877
141    0.000834
142    0.001179
143    0.001015
144    0.001048
145    0.001196
146    0.000845
147    0.000955
148    0.000979
149    0.001430
150    0.001037
151    0.000686
152    0.000976
153    0.000953
154    0.001013
155    0.000832
156    0.001036
157    0.001115
158    0.000895
159    0.001120
160    0.001314
161    0.000677
162    0.000932
163    0.000668
164    0.000687
165    0.000744
166    0.000592
167    0.000538
168    0.001094
169    0.000883
170    0.001375
171    0.000592
172    0.000854
173    0.000702
174    0.001081
175    0.000853
176    0.000923
177    0.001044
178    0.001263
179    0.000744
180    0.001360
181    0.000889
182    0.000506
183    0.000684
184    0.000871
185    0.000665
186    0.000950
187    0.000602
188    0.000668
189    0.001593
190    0.000814
191    0.000548
192    0.001129
193    0.000624
194    0.000654
195    0.000595
196    0.001133
197    0.001009
198    0.000742
199    0.000880
200    0.000495
201    0.000455
202    0.000444
203    0.000737
204    0.001152
205    0.000865
206    0.001089
207    0.000932
208    0.000853
209    0.000792
210    0.000892
211    0.000818
212    0.000784
213    0.000576
214    0.001016
215    0.000904
216    0.000881
217    0.000704
218    0.000550
219    0.000545
220    0.000869
221    0.000460
222    0.000521
223    0.000541
224    0.000782
225    0.000569
226    0.001002
227    0.000721
228    0.000679
229    0.000690
230    0.000705
231    0.000659
232    0.000703
233    0.000596
234    0.000610
235    0.000831
236    0.000737
237    0.000647
238    0.000476
239    0.001155
240    0.000905
241    0.000631
242    0.001240
243    0.001247
244    0.001050
245    0.000570
246    0.000791
247    0.000703
248    0.000500
249    0.000563
250    0.000420
251    0.000994
252    0.000264
253    0.000196
254    0.000473
255    0.000481
256    0.000757
257    0.000629
258    0.000639
259    0.000563
260    0.000661
261    0.000497
262    0.000737
263    0.000585
264    0.000529
265    0.000309
266    0.000611
267    0.000569
268    0.000625
269    0.000504
270    0.000695
271    0.000740
272    0.000473
273    0.000317
274    0.000715
275    0.000553
276    0.000902
277    0.000608
278    0.000413
279    0.000539
280    0.000970
281    0.000252
282    0.000320
283    0.000330
284    0.000488
285    0.000787
286    0.000828
287    0.000412
288    0.000656
289    0.000718
290    0.000279
291    0.000326
292    0.000810
293    0.000800
294    0.000343
295    0.000256
296    0.000634
297    0.001022
298    0.000420
299    0.000569
300    0.000389
301    0.000616
302    0.000410
303    0.000556
304    0.000519
305    0.000322
306    0.000652
307    0.000558
308    0.000284
309    0.000573
310    0.000800
311    0.000855
312    0.000234
313    0.000426
314    0.000551
315    0.000832
316    0.000599
317    0.000673
318    0.000279
319    0.000815
320    0.000646
321    0.000547
322    0.000313
323    0.000374
324    0.000470
325    0.000542
326    0.000517
327    0.000359
328    0.000406
329    0.000527
330    0.000323
331    0.000344
332    0.000778
333    0.000516
334    0.000462
335    0.000629
336    0.000386
337    0.000444
338    0.000397
339    0.000562
340    0.000545
341    0.000673
342    0.000721
343    0.000489
344    0.000477
345    0.000597
346    0.000324
347    0.000632
348    0.000322
349    0.000261
350    0.000557
351    0.000229
352    0.000531
353    0.000604
354    0.000403
355    0.000588
356    0.000490
357    0.000445
358    0.000347
359    0.000335
360    0.000635
361    0.000372
362    0.000354
363    0.000481
364    0.000499
365    0.000317
366    0.000262
367    0.000507
368    0.000394
369    0.000572
370    0.000255
371    0.000315
372    0.000382
373    0.000284
374    0.000453
375    0.000514
376    0.000372
377    0.000460
378    0.000325
379    0.000276
380    0.000415
381    0.000382
382    0.000180
383    0.000367
384    0.000368
385    0.000346
386    0.000406
387    0.000274
388    0.000217
389    0.000425
390    0.000478
391    0.000254
392    0.000376
393    0.000261
394    0.000469
395    0.000403
396    0.000322
397    0.000433
398    0.000528
399    0.000586
400    0.000308
401    0.000513
402    0.000446
403    0.000255
404    0.000304
405    0.000518
406    0.000209
407    0.000391
408    0.000377
409    0.000414
410    0.000244
411    0.000318
412    0.000449
413    0.000299
414    0.000472
415    0.000323
416    0.000309
417    0.000354
418    0.000284
419    0.000322
420    0.000373
421    0.000416
422    0.000440
423    0.000212
424    0.000399
425    0.000347
426    0.000368
427    0.000355
428    0.000369
429    0.000311
430    0.000287
431    0.000445
432    0.000249
433    0.000519
434    0.000368
435    0.000388
436    0.000381
437    0.000370
438    0.000308
439    0.000455
440    0.000453
441    0.000626
442    0.000351
443    0.000483
444    0.000403
445    0.000267
446    0.000445
447    0.000271
448    0.000310
449    0.000381
450    0.000399
451    0.000275
452    0.000429
453    0.000256
454    0.000386
455    0.000495
456    0.000240
457    0.000250
458    0.000312
459    0.000500
460    0.000239
461    0.000365
462    0.000424
463    0.000380
464    0.000417
465    0.000274
466    0.000313
467    0.000190
468    0.000284
469    0.000300
470    0.000315
471    0.000294
472    0.000210
473    0.000346
474    0.000245
475    0.000252
476    0.000214
477    0.000366
478    0.000336
479    0.000470
480    0.000346
481    0.000242
482    0.000406
483    0.000235
484    0.000303
485    0.000387
486    0.000277
487    0.000306
488    0.000233
489    0.000249
490    0.000162
491    0.000211
492    0.000291
493    0.000259
494    0.000249
495    0.000298
496    0.000280
497    0.000361
498    0.000468
499    0.000313
500    0.000320
501    0.000206
502    0.000409
503    0.000325
504    0.000528
505    0.000331
506    0.000325
507    0.000407
508    0.000332
509    0.000397
510    0.000305
511    0.000416
512    0.000304
513    0.000384
514    0.000430
515    0.000420
516    0.000190
517    0.000394
518    0.000320
519    0.000320
520    0.000255
521    0.000284
522    0.000320
523    0.000218
524    0.000204
525    0.000275
526    0.000369
527    0.000302
528    0.000218
529    0.000274
530    0.000363
531    0.000325
532    0.000301
533    0.000282
534    0.000218
535    0.000339
536    0.000353
537    0.000372
538    0.000333
539    0.000421
540    0.000230
541    0.000270
542    0.000333
543    0.000197
544    0.000222
545    0.000254
546    0.000290
547    0.000303
548    0.000283
549    0.000331
550    0.000340
551    0.000299
552    0.000245
553    0.000351
554    0.000245
555    0.000254
556    0.000231
557    0.000233
558    0.000300
559    0.000277
560    0.000517
561    0.000328
562    0.000369
563    0.000304
564    0.000239
565    0.000307
566    0.000312
567    0.000317
568    0.000226
569    0.000317
570    0.000264
571    0.000325
572    0.000302
573    0.000230
574    0.000354
575    0.000299
576    0.000318
577    0.000170
578    0.000284
579    0.000415
580    0.000278
581    0.000321
582    0.000241
583    0.000291
584    0.000348
585    0.000121
586    0.000212
587    0.000247
588    0.000260
589    0.000270
590    0.000246
591    0.000310
592    0.000269
593    0.000176
594    0.000247
595    0.000355
596    0.000319
597    0.000307
598    0.000274
599    0.000227
600    0.000261
601    0.000216
602    0.000315
603    0.000228
604    0.000318
605    0.000252
606    0.000313
607    0.000270
608    0.000175
609    0.000268
610    0.000225
611    0.000289
612    0.000363
613    0.000198
614    0.000446
615    0.000283
616    0.000195
617    0.000235
618    0.000278
619    0.000365
620    0.000242
621    0.000245
622    0.000311
623    0.000171
624    0.000307
625    0.000268
626    0.000199
627    0.000243
628    0.000148
629    0.000211
630    0.000234
631    0.000212
632    0.000159
633    0.000150
634    0.000276
635    0.000183
636    0.000214
637    0.000173
638    0.000163
639    0.000234
640    0.000222
641    0.000174
642    0.000248
643    0.000198
644    0.000290
645    0.000142
646    0.000245
647    0.000212
648    0.000275
649    0.000104
650    0.000195
651    0.000293
652    0.000207
653    0.000153
654    0.000208
655    0.000128
656    0.000173
657    0.000238
658    0.000213
659    0.000208
660    0.000196
661    0.000199
662    0.000239
663    0.000292
664    0.000282
665    0.000291
666    0.000278
667    0.000212
668    0.000246
669    0.000227
670    0.000183
671    0.000169
672    0.000331
673    0.000305
674    0.000265
675    0.000277
676    0.000220
677    0.000445
678    0.000205
679    0.000355
680    0.000196
681    0.000225
682    0.000176
683    0.000262
684    0.000162
685    0.000250
686    0.000253
687    0.000295
688    0.000177
689    0.000339
690    0.000404
691    0.000283
692    0.000283
693    0.000163
694    0.000281
695    0.000208
696    0.000212
697    0.000265
698    0.000170
699    0.000227
700    0.000221
701    0.000261
702    0.000117
703    0.000199
704    0.000225
705    0.000139
706    0.000276
707    0.000261
708    0.000148
709    0.000199
710    0.000197
711    0.000150
712    0.000170
713    0.000170
714    0.000171
715    0.000223
716    0.000197
717    0.000283
718    0.000209
719    0.000219
720    0.000212
721    0.000357
722    0.000178
723    0.000233
724    0.000204
725    0.000329
726    0.000348
727    0.000307
728    0.000349
729    0.000198
730    0.000337
731    0.000205
732    0.000308
733    0.000165
734    0.000247
735    0.000237
736    0.000171
737    0.000187
738    0.000172
739    0.000112
740    0.000113
741    0.000204
742    0.000253
743    0.000182
744    0.000264
745    0.000163
746    0.000233
747    0.000337
748    0.000223
749    0.000143
750    0.000213
751    0.000184
752    0.000209
753    0.000188
754    0.000122
755    0.000147
756    0.000328
757    0.000122
758    0.000254
759    0.000174
760    0.000180
761    0.000241
762    0.000149
763    0.000160
764    0.000098
765    0.000175
766    0.000097
767    0.000201
768    0.000234
769    0.000200
770    0.000237
771    0.000171
772    0.000209
773    0.000126
774    0.000161
775    0.000180
776    0.000093
777    0.000231
778    0.000199
779    0.000180
780    0.000088
781    0.000170
782    0.000101
783    0.000137
784    0.000284
785    0.000199
786    0.000453
787    0.000154
788    0.000243
789    0.000255
790    0.000256
791    0.000276
792    0.000205
793    0.000207
794    0.000092
795    0.000244
796    0.000272
797    0.000198
798    0.000315
799    0.000247
800    0.000281
801    0.000173
802    0.000045
803    0.000204
804    0.000338
805    0.000086
806    0.000042
807    0.000203
808    0.000116
809    0.000113
810    0.000153
811    0.000290
812    0.000111
813    0.000191
814    0.000045
815    0.000245
816    0.000367
817    0.000330
818    0.000188
819    0.000194
820    0.000238
821    0.000108
822    0.000101
823    0.000318
824    0.000294
825    0.000408
