  1    0.021997
  2    0.112325
  3    0.004287
  4    0.058924
  5    0.009750
  6    0.023742
  7    0.023919
  8    0.021329
  9    0.016332
 10    0.009285
 11    0.018978
 12    0.003751
 13    0.012170
 14    0.008686
 15    0.002913
 16    0.014860
 17    0.007467
 18    0.004160
 19    0.005281
 20    0.006165
 21    0.003011
 22    0.002976
 23    0.004172
 24    0.012895
 25    0.018079
 26    0.007543
 27    0.009375
 28    0.007019
 29    0.006268
 30    0.007852
 31    0.004101
 32    0.004015
 33    0.004790
 34    0.006119
 35    0.006374
 36    0.005263
 37    0.003026
 38    0.002664
 39    0.002821
 40    0.001839
 41    0.007049
 42    0.004595
 43    0.004464
 44    0.001965
 45    0.002137
 46    0.003621
 47    0.005793
 48    0.003595
 49    0.002292
 50    0.004810
 51    0.005267
 52    0.002740
 53    0.003697
 54    0.002642
 55    0.003267
 56    0.001949
 57    0.002270
 58    0.002250
 59    0.001805
 60    0.001137
 61    0.000961
 62    0.001981
 63    0.001939
 64    0.003190
 65    0.001241
 66    0.002395
 67    0.003613
 68    0.001543
 69    0.002242
 70    0.003813
 71    0.001493
 72    0.006233
 73    0.001695
 74    0.003826
 75    0.002117
 76    0.005181
 77    0.002788
 78    0.002649
 79    0.002673
 80    0.001418
 81    0.001523
 82    0.002074
 83    0.001229
 84    0.002400
 85    0.002294
 86    0.001183
 87    0.000580
 88    0.003226
 89    0.002141
 90    0.001900
 91    0.001208
 92    0.002475
 93    0.001087
 94    0.001726
 95    0.000760
 96    0.001926
 97    0.000781
 98    0.000569
 99    0.000986
100    0.001326
101    0.000943
102    0.001409
103    0.000771
104    0.000612
105    0.004339
106    0.002297
107    0.001694
108    0.001304
109    0.002680
110    0.001274
111    0.002372
112    0.000832
113    0.001402
114    0.001290
115    0.000923
116    0.001104
117    0.000872
118    0.001091
119    0.000840
120    0.001462
121    0.001234
122    0.001209
123    0.001006
124    0.001981
125    0.000548
126    0.001164
127    0.001210
128    0.001249
129    0.002355
130    0.001236
131    0.001203
132    0.000758
133    0.002069
134    0.000315
135    0.000829
136    0.001368
137    0.001307
138    0.001644
139    0.001205
140    0.001260
141    0.000816
142    0.001174
143    0.000350
144    0.000740
145    0.000642
146    0.000551
147    0.000711
148    0.001034
149    0.001076
150    0.001287
151    0.001123
152    0.000791
153    0.000557
154    0.001595
155    0.000447
156    0.001936
157    0.001179
158    0.000820
159    0.000713
160    0.000658
161    0.001120
162    0.000886
163    0.001078
164    0.000980
165    0.001082
166    0.000672
167    0.000917
168    0.001964
169    0.001140
170    0.001136
171    0.001216
172    0.000738
173    0.000430
174    0.000893
175    0.001526
176    0.000718
177    0.000612
178    0.000256
179    0.000964
180    0.000833
181    0.001034
182    0.001079
183    0.000700
184    0.000937
185    0.000765
186    0.000896
187    0.000686
188    0.000593
189    0.000490
190    0.000268
191    0.000645
192    0.000886
193    0.001043
194    0.000309
195    0.000444
196    0.000421
197    0.000369
198    0.000698
199    0.000367
200    0.000438
201    0.000788
202    0.000432
203    0.000570
204    0.001102
205    0.001057
206    0.000354
207    0.000476
208    0.000606
209    0.000565
210    0.000808
211    0.000442
212    0.000594
213    0.000563
214    0.000691
215    0.000870
216    0.000720
217    0.000650
218    0.000554
219    0.000541
220    0.001025
221    0.000783
222    0.000590
223    0.000398
224    0.000949
225    0.000443
226    0.000523
227    0.000424
228    0.001080
229    0.000463
230    0.001128
231    0.000652
232    0.000214
233    0.001269
234    0.001124
235    0.001997
236    0.000818
237    0.000640
238    0.000807
239    0.000431
240    0.000700
241    0.000827
242    0.000772
243    0.000629
244    0.000605
245    0.000452
246    0.000870
247    0.001146
248    0.000570
249    0.000807
250    0.000392
251    0.000467
252    0.000303
253    0.000431
254    0.001059
255    0.001160
256    0.000937
257    0.000668
258    0.000419
259    0.000482
260    0.000496
261    0.000311
262    0.000759
263    0.000571
264    0.000942
265    0.000468
266    0.000338
267    0.000249
268    0.000249
269    0.000578
270    0.000530
271    0.000598
272    0.000370
273    0.000293
274    0.000300
275    0.000581
276    0.000518
277    0.000702
278    0.000647
279    0.000932
280    0.000270
281    0.000767
282    0.000563
283    0.000477
284    0.000300
285    0.000389
286    0.000616
287    0.000520
288    0.000572
289    0.000591
290    0.000601
291    0.001109
292    0.000426
293    0.000602
294    0.000336
295    0.000695
296    0.000409
297    0.000786
298    0.000432
299    0.000891
300    0.000594
301    0.000501
302    0.000210
303    0.000541
304    0.000452
305    0.000251
306    0.000612
307    0.000525
308    0.001023
309    0.000954
310    0.000411
311    0.000380
312    0.000206
313    0.000433
314    0.000251
315    0.000606
316    0.000572
317    0.000619
318    0.000401
319    0.000649
320    0.000554
321    0.000539
322    0.000481
323    0.000393
324    0.000671
325    0.000508
326    0.000435
327    0.000341
328    0.000592
329    0.000284
330    0.000334
331    0.000401
332    0.000525
333    0.000554
334    0.000303
335    0.000507
336    0.000365
337    0.000384
338    0.000527
339    0.000443
340    0.000500
341    0.000554
342    0.000511
343    0.000795
344    0.000479
345    0.000617
346    0.000443
347    0.000452
348    0.000578
349    0.000354
350    0.000263
351    0.000348
352    0.000628
353    0.000332
354    0.000489
355    0.000500
356    0.000802
357    0.000660
358    0.000362
359    0.000758
360    0.000502
361    0.000895
362    0.000388
363    0.000766
364    0.000199
365    0.000438
366    0.000274
367    0.000238
368    0.000378
369    0.000702
370    0.000538
371    0.000598
372    0.000471
373    0.000561
374    0.000508
375    0.000320
376    0.000527
377    0.000382
378    0.000495
379    0.000597
380    0.000524
381    0.000969
382    0.000343
383    0.000527
384    0.000518
385    0.000758
386    0.000561
387    0.000656
388    0.000170
389    0.000418
390    0.000287
391    0.000392
392    0.000367
393    0.000298
394    0.000569
395    0.000732
396    0.001012
397    0.000587
398    0.000396
399    0.000645
400    0.000338
401    0.000593
402    0.000524
403    0.000319
404    0.000979
405    0.000400
406    0.000599
407    0.000231
408    0.000758
409    0.000627
410    0.000290
411    0.000458
412    0.000557
413    0.000429
414    0.000344
415    0.000434
416    0.000320
417    0.000652
418    0.000315
419    0.000368
420    0.000303
421    0.000343
422    0.000441
423    0.000318
424    0.000394
425    0.000670
426    0.000233
427    0.000435
428    0.000378
429    0.000468
430    0.000317
431    0.000233
432    0.000243
433    0.000444
434    0.000452
435    0.000368
436    0.000181
437    0.000400
438    0.000415
439    0.000362
440    0.000337
441    0.000176
442    0.000249
443    0.000535
444    0.000766
445    0.000596
446    0.000424
447    0.001042
448    0.000413
449    0.000262
450    0.000235
451    0.000392
452    0.000332
453    0.000461
454    0.000518
455    0.000440
456    0.000532
457    0.000234
458    0.000437
459    0.000291
460    0.000290
461    0.000417
462    0.000510
463    0.000589
464    0.000447
465    0.000281
466    0.000405
467    0.000294
468    0.000311
469    0.000124
470    0.000252
471    0.000343
472    0.000234
473    0.000372
474    0.000371
475    0.000301
476    0.000308
477    0.000170
478    0.000673
479    0.000152
480    0.000482
481    0.000117
482    0.000433
483    0.000354
484    0.000255
485    0.000297
486    0.000309
487    0.000216
488    0.000675
489    0.000227
490    0.000415
491    0.000548
492    0.000438
493    0.000473
494    0.000341
495    0.000355
496    0.000203
497    0.000678
498    0.000292
499    0.000181
500    0.000378
501    0.000617
502    0.000336
503    0.000209
504    0.000186
505    0.000345
506    0.000367
507    0.000480
508    0.000317
509    0.000345
510    0.000285
511    0.000293
512    0.000410
513    0.000796
514    0.000479
515    0.000323
516    0.000648
517    0.000587
518    0.000336
519    0.000184
520    0.000311
521    0.000263
522    0.000427
523    0.000202
524    0.000250
525    0.000370
526    0.000774
527    0.000201
528    0.000184
529    0.000424
530    0.000400
531    0.000297
532    0.000382
533    0.000189
534    0.000322
535    0.000231
536    0.000328
537    0.000398
538    0.000173
539    0.000146
540    0.000451
541    0.000261
542    0.000400
543    0.000357
544    0.000352
545    0.000492
546    0.000183
547    0.000359
548    0.000172
549    0.000199
550    0.000310
551    0.000341
552    0.000237
553    0.000301
554    0.000335
555    0.000166
556    0.000224
557    0.000382
558    0.000238
559    0.000352
560    0.000307
561    0.000408
562    0.000233
563    0.000268
564    0.000343
565    0.000163
566    0.000435
567    0.000299
568    0.000348
569    0.000202
570    0.000277
571    0.000151
572    0.000245
573    0.000207
574    0.000203
575    0.000316
576    0.000169
577    0.000118
578    0.000277
579    0.000179
580    0.000217
581    0.000313
582    0.000162
583    0.000212
584    0.000248
585    0.000259
586    0.000360
587    0.000076
588    0.000293
589    0.000246
590    0.000396
591    0.000197
592    0.000205
593    0.000154
594    0.000488
595    0.000312
596    0.000184
597    0.000340
598    0.000217
599    0.000241
600    0.000216
601    0.000389
602    0.000366
603    0.000299
604    0.000327
605    0.000411
606    0.000138
607    0.000488
608    0.000257
609    0.000292
610    0.000473
611    0.000314
612    0.000372
613    0.000320
614    0.000246
615    0.000470
616    0.000272
617    0.000299
618    0.000104
619    0.000342
620    0.000203
621    0.000266
622    0.000471
623    0.000116
624    0.000261
625    0.000295
626    0.000254
627    0.000172
628    0.000341
629    0.000277
630    0.000301
631    0.000233
632    0.000285
633    0.000284
634    0.000185
635    0.000194
636    0.000237
637    0.000097
638    0.000481
639    0.000184
640    0.000148
641    0.000184
642    0.000344
643    0.000275
644    0.000253
645    0.000206
646    0.000172
647    0.000154
648    0.000286
649    0.000182
650    0.000152
651    0.000136
652    0.000175
653    0.000176
654    0.000179
655    0.000315
656    0.000206
657    0.000276
658    0.000180
659    0.000259
660    0.000285
661    0.000196
662    0.000200
663    0.000233
664    0.000362
665    0.000310
666    0.000219
667    0.000345
668    0.000297
669    0.000218
670    0.000131
671    0.000289
672    0.000188
673    0.000280
674    0.000154
675    0.000203
676    0.000124
677    0.000339
678    0.000174
679    0.000386
680    0.000343
681    0.000303
682    0.000088
683    0.000183
684    0.000160
685    0.000192
686    0.000095
687    0.000478
688    0.000157
689    0.000205
690    0.000419
691    0.000124
692    0.000224
693    0.000144
694    0.000196
695    0.000205
696    0.000128
697    0.000159
698    0.000225
699    0.000143
700    0.000281
701    0.000464
702    0.000285
703    0.000187
704    0.000210
705    0.000198
706    0.000086
707    0.000182
708    0.000122
709    0.000168
710    0.000244
711    0.000363
712    0.000160
713    0.000188
714    0.000302
715    0.000218
716    0.000202
717    0.000278
718    0.000138
719    0.000302
720    0.000129
721    0.000165
722    0.000157
723    0.000181
724    0.000269
725    0.000370
726    0.000288
727    0.000140
728    0.000382
729    0.000281
730    0.000455
731    0.000251
732    0.000207
733    0.000494
734    0.000170
735    0.000289
736    0.000200
737    0.000376
738    0.000215
739    0.000263
740    0.000339
741    0.000349
742    0.000345
743    0.000077
744    0.000178
745    0.000191
746    0.000140
747    0.000129
748    0.000343
749    0.000199
750    0.000144
751    0.000367
752    0.000263
753    0.000199
754    0.000286
755    0.000255
756    0.000096
757    0.000265
758    0.000255
759    0.000229
760    0.000179
761    0.000239
762    0.000242
763    0.000266
764    0.000334
765    0.000280
766    0.000318
767    0.000202
768    0.000208
769    0.000179
770    0.000134
771    0.000148
772    0.000171
773    0.000184
774    0.000145
775    0.000135
776    0.000158
777    0.000155
778    0.000116
779    0.000206
780    0.000186
781    0.000138
782    0.000203
783    0.000166
784    0.000090
785    0.000138
786    0.000526
787    0.000169
788    0.000209
789    0.000130
790    0.000197
791    0.000343
792    0.000166
793    0.000255
794    0.000281
795    0.000421
796    0.000277
797    0.000201
798    0.000113
799    0.000250
800    0.000166
801    0.000020
802    0.000101
803    0.000059
804    0.000177
805    0.000102
806    0.000236
807    0.000134
808    0.000091
809    0.000175
810    0.000113
811    0.000131
812    0.000107
813    0.000123
814    0.000065
815    0.000046
816    0.000148
817    0.000195
818    0.000276
819    0.000470
820    0.000183
821    0.000238
822    0.000228
823    0.000049
824    0.000316
825    0.000649
