  1    0.157712
  2    0.074423
  3    0.063225
  4    0.036361
  5    0.039725
  6    0.017887
  7    0.014440
  8    0.016055
  9    0.020732
 10    0.004986
 11    0.003688
 12    0.011206
 13    0.008963
 14    0.008437
 15    0.006356
 16    0.005320
 17    0.004855
 18    0.006358
 19    0.009141
 20    0.006888
 21    0.007314
 22    0.007840
 23    0.006568
 24    0.006376
 25    0.004688
 26    0.004326
 27    0.005426
 28    0.003240
 29    0.004982
 30    0.004929
 31    0.006718
 32    0.003864
 33    0.004933
 34    0.005860
 35    0.004937
 36    0.004598
 37    0.002894
 38    0.003032
 39    0.002130
 40    0.004368
 41    0.003364
 42    0.003759
 43    0.003676
 44    0.003739
 45    0.003412
 46    0.003336
 47    0.002913
 48    0.001656
 49    0.004887
 50    0.002478
 51    0.003090
 52    0.002199
 53    0.003381
 54    0.001896
 55    0.002264
 56    0.001745
 57    0.003064
 58    0.002764
 59    0.002032
 60    0.001555
 61    0.001441
 62    0.001570
 63    0.001569
 64    0.001825
 65    0.002533
 66    0.001678
 67    0.001241
 68    0.001910
 69    0.001681
 70    0.001681
 71    0.002372
 72    0.001850
 73    0.002215
 74    0.001880
 75    0.001210
 76    0.001923
 77    0.002302
 78    0.002279
 79    0.000834
 80    0.001030
 81    0.001209
 82    0.001953
 83    0.001854
 84    0.001906
 85    0.001963
 86    0.001740
 87    0.003264
 88    0.001256
 89    0.001724
 90    0.001890
 91    0.002393
 92    0.002370
 93    0.001989
 94    0.001403
 95    0.001624
 96    0.001628
 97    0.002169
 98    0.000624
 99    0.001335
100    0.001274
101    0.001520
102    0.000949
103    0.001654
104    0.001612
105    0.001362
106    0.001057
107    0.000526
108    0.001768
109    0.001119
110    0.001630
111    0.002231
112    0.001102
113    0.001212
114    0.001072
115    0.000705
116    0.001005
117    0.001185
118    0.001758
119    0.000827
120    0.000997
121    0.001447
122    0.001253
123    0.001287
124    0.000744
125    0.001873
126    0.001616
127    0.001224
128    0.001527
129    0.001419
130    0.001463
131    0.001383
132    0.001885
133    0.000772
134    0.001649
135    0.001975
136    0.001208
137    0.001518
138    0.001376
139    0.002224
140    0.000696
141    0.001168
142    0.001063
143    0.000762
144    0.001311
145    0.001023
146    0.001345
147    0.001293
148    0.000993
149    0.001092
150    0.000823
151    0.001341
152    0.001480
153    0.001359
154    0.001042
155    0.001571
156    0.000773
157    0.000716
158    0.000847
159    0.000936
160    0.000978
161    0.001064
162    0.001384
163    0.001541
164    0.001599
165    0.001566
166    0.001244
167    0.001072
168    0.001484
169    0.000888
170    0.000860
171    0.001013
172    0.000878
173    0.000974
174    0.000913
175    0.001522
176    0.000779
177    0.000764
178    0.000995
179    0.000995
180    0.001042
181    0.000966
182    0.000960
183    0.000734
184    0.000751
185    0.000599
186    0.000805
187    0.000800
188    0.000818
189    0.000837
190    0.000940
191    0.000593
192    0.000880
193    0.000841
194    0.000959
195    0.001055
196    0.001334
197    0.000863
198    0.001815
199    0.000860
200    0.000811
201    0.000592
202    0.001054
203    0.000655
204    0.000599
205    0.000556
206    0.000856
207    0.000833
208    0.000591
209    0.000833
210    0.000744
211    0.000500
212    0.000903
213    0.000367
214    0.000455
215    0.000912
216    0.000644
217    0.000346
218    0.001571
219    0.001134
220    0.000807
221    0.000894
222    0.000691
223    0.000773
224    0.000480
225    0.000673
226    0.000630
227    0.000958
228    0.000639
229    0.000689
230    0.000733
231    0.001184
232    0.000923
233    0.001234
234    0.000683
235    0.001015
236    0.000636
237    0.000365
238    0.001206
239    0.000996
240    0.000614
241    0.000525
242    0.000598
243    0.000769
244    0.000854
245    0.000858
246    0.000764
247    0.000625
248    0.000667
249    0.000898
250    0.001317
251    0.001059
252    0.000627
253    0.000906
254    0.000793
255    0.000722
256    0.000832
257    0.000588
258    0.000882
259    0.000746
260    0.000606
261    0.000540
262    0.000884
263    0.000607
264    0.000599
265    0.000658
266    0.000637
267    0.000722
268    0.000557
269    0.000648
270    0.000535
271    0.000691
272    0.000560
273    0.000557
274    0.000373
275    0.000617
276    0.000392
277    0.000505
278    0.001000
279    0.000780
280    0.000651
281    0.000813
282    0.000706
283    0.000870
284    0.000626
285    0.000781
286    0.000521
287    0.000666
288    0.000698
289    0.000296
290    0.000464
291    0.000348
292    0.000378
293    0.000642
294    0.000586
295    0.000744
296    0.000712
297    0.000711
298    0.000443
299    0.000494
300    0.000569
301    0.000452
302    0.000515
303    0.000564
304    0.000605
305    0.000649
306    0.000654
307    0.000392
308    0.000922
309    0.000624
310    0.000417
311    0.000684
312    0.000793
313    0.000375
314    0.000758
315    0.000758
316    0.000334
317    0.000345
318    0.000491
319    0.000534
320    0.000405
321    0.000386
322    0.000320
323    0.000423
324    0.000629
325    0.000603
326    0.000479
327    0.000519
328    0.000481
329    0.000588
330    0.000522
331    0.000854
332    0.000551
333    0.000636
334    0.000517
335    0.000485
336    0.000426
337    0.000354
338    0.000305
339    0.000533
340    0.000593
341    0.000497
342    0.000671
343    0.000626
344    0.000750
345    0.000556
346    0.000427
347    0.000609
348    0.000460
349    0.000496
350    0.000426
351    0.000357
352    0.000509
353    0.000504
354    0.000378
355    0.000460
356    0.000389
357    0.000479
358    0.000455
359    0.000413
360    0.000624
361    0.000328
362    0.000319
363    0.000717
364    0.000198
365    0.000521
366    0.000658
367    0.000479
368    0.000532
369    0.000401
370    0.000503
371    0.000269
372    0.000290
373    0.000360
374    0.000246
375    0.000385
376    0.000431
377    0.000276
378    0.000290
379    0.000644
380    0.000295
381    0.000341
382    0.000424
383    0.000298
384    0.000394
385    0.000315
386    0.000459
387    0.000401
388    0.000316
389    0.000231
390    0.000177
391    0.000299
392    0.000249
393    0.000406
394    0.000290
395    0.000178
396    0.000355
397    0.000385
398    0.000427
399    0.000220
400    0.000304
401    0.000242
402    0.000159
403    0.000317
404    0.000368
405    0.000262
406    0.000147
407    0.000224
408    0.000194
409    0.000271
410    0.000294
411    0.000266
412    0.000187
413    0.000233
414    0.000177
415    0.000212
416    0.000315
417    0.000332
418    0.000224
419    0.000364
420    0.000160
421    0.000138
422    0.000270
423    0.000276
424    0.000148
425    0.000134
426    0.000123
427    0.000176
428    0.000185
429    0.000259
430    0.000148
431    0.000207
432    0.000163
433    0.000235
434    0.000167
435    0.000178
436    0.000249
437    0.000264
438    0.000188
439    0.000137
440    0.000152
441    0.000194
442    0.000212
443    0.000173
444    0.000120
445    0.000105
446    0.000253
447    0.000157
448    0.000129
449    0.000150
450    0.000147
451    0.000102
452    0.000178
453    0.000132
454    0.000209
455    0.000261
456    0.000121
457    0.000183
458    0.000173
459    0.000227
460    0.000103
461    0.000151
462    0.000104
463    0.000119
464    0.000093
465    0.000137
466    0.000111
467    0.000168
468    0.000097
469    0.000124
470    0.000086
471    0.000121
472    0.000097
473    0.000142
474    0.000130
475    0.000123
476    0.000073
477    0.000123
478    0.000177
479    0.000099
480    0.000155
481    0.000114
482    0.000105
483    0.000113
484    0.000133
485    0.000171
486    0.000150
487    0.000130
488    0.000121
489    0.000148
490    0.000108
491    0.000204
492    0.000115
493    0.000159
494    0.000130
495    0.000115
496    0.000111
497    0.000103
498    0.000116
499    0.000124
500    0.000099
501    0.000114
502    0.000146
503    0.000085
504    0.000191
505    0.000140
506    0.000113
507    0.000123
508    0.000154
509    0.000148
510    0.000093
511    0.000083
512    0.000088
513    0.000073
514    0.000154
515    0.000154
516    0.000080
517    0.000106
518    0.000045
519    0.000092
520    0.000086
521    0.000080
522    0.000113
523    0.000113
524    0.000090
525    0.000066
526    0.000086
527    0.000082
528    0.000076
529    0.000085
530    0.000108
531    0.000050
532    0.000111
533    0.000092
534    0.000075
535    0.000100
536    0.000089
537    0.000112
538    0.000086
539    0.000094
540    0.000116
541    0.000073
542    0.000115
543    0.000072
544    0.000102
545    0.000072
546    0.000107
547    0.000087
548    0.000060
549    0.000077
550    0.000067
551    0.000049
552    0.000003
553    0.000002
554    0.000003
555    0.000005
556    0.000002
557    0.000003
558    0.000003
559    0.000003
560    0.000003
561    0.000003
562    0.000002
563    0.000002
564    0.000002
565    0.000003
566    0.000002
567    0.000003
568    0.000002
569    0.000002
570    0.000004
571    0.000003
572    0.000002
573    0.000003
574    0.000003
575    0.000002
576    0.000003
577    0.000002
578    0.000003
579    0.000002
580    0.000003
581    0.000002
582    0.000003
583    0.000002
584    0.000002
585    0.000001
586    0.000002
587    0.000001
588    0.000002
589    0.000002
590    0.000001
591    0.000002
592    0.000002
593    0.000002
594    0.000001
595    0.000001
596    0.000002
597    0.000002
598    0.000001
599    0.000001
600    0.000002
601    0.000002
602    0.000002
603    0.000002
604    0.000002
605    0.000002
606    0.000003
607    0.000002
608    0.000002
609    0.000002
610    0.000002
611    0.000002
612    0.000002
613    0.000002
614    0.000002
615    0.000001
616    0.000001
617    0.000002
618    0.000001
619    0.000002
620    0.000001
621    0.000002
622    0.000001
623    0.000002
624    0.000001
625    0.000002
626    0.000002
627    0.000002
628    0.000002
629    0.000002
630    0.000002
631    0.000002
632    0.000002
633    0.000001
634    0.000001
635    0.000001
636    0.000001
637    0.000001
638    0.000001
639    0.000001
640    0.000001
641    0.000002
642    0.000001
643    0.000002
644    0.000001
645    0.000002
646    0.000002
647    0.000002
648    0.000002
649    0.000002
650    0.000001
651    0.000002
652    0.000002
653    0.000002
654    0.000002
655    0.000002
656    0.000001
657    0.000002
658    0.000001
659    0.000001
660    0.000001
661    0.000002
662    0.000001
663    0.000002
664    0.000002
665    0.000001
666    0.000002
667    0.000002
668    0.000002
669    0.000002
670    0.000001
671    0.000002
672    0.000001
673    0.000002
674    0.000002
675    0.000002
676    0.000001
677    0.000002
678    0.000002
679    0.000003
680    0.000002
681    0.000002
682    0.000001
683    0.000002
684    0.000002
685    0.000002
686    0.000001
687    0.000002
688    0.000002
689    0.000001
690    0.000002
691    0.000003
692    0.000001
693    0.000001
694    0.000003
695    0.000002
696    0.000002
697    0.000002
698    0.000001
699    0.000001
700    0.000001
701    0.000002
702    0.000002
703    0.000001
704    0.000001
705    0.000001
706    0.000001
707    0.000001
708    0.000001
709    0.000001
710    0.000001
711    0.000002
712    0.000002
713    0.000001
714    0.000002
715    0.000001
716    0.000001
717    0.000002
718    0.000002
719    0.000003
720    0.000002
721    0.000002
722    0.000002
723    0.000002
724    0.000001
725    0.000001
726    0.000002
727    0.000001
728    0.000002
729    0.000001
730    0.000002
731    0.000002
732    0.000003
733    0.000002
734    0.000003
735    0.000002
736    0.000002
737    0.000002
738    0.000002
739    0.000001
740    0.000002
741    0.000002
742    0.000002
743    0.000001
744    0.000002
745    0.000002
746    0.000001
747    0.000001
748    0.000001
749    0.000002
750    0.000001
751    0.000002
752    0.000002
753    0.000002
754    0.000001
755    0.000001
756    0.000001
757    0.000003
758    0.000002
759    0.000002
760    0.000002
761    0.000001
762    0.000002
763    0.000001
764    0.000002
765    0.000002
766    0.000002
767    0.000001
768    0.000001
769    0.000002
770    0.000001
771    0.000001
772    0.000001
773    0.000001
774    0.000001
775    0.000002
776    0.000002
777    0.000003
778    0.000001
779    0.000001
780    0.000002
781    0.000002
782    0.000002
783    0.000001
784    0.000002
785    0.000001
786    0.000001
787    0.000002
788    0.000001
789    0.000001
790    0.000002
791    0.000002
792    0.000002
793    0.000001
794    0.000001
795    0.000001
796    0.000002
797    0.000001
798    0.000002
799    0.000001
800    0.000002
801    0.000001
802    0.000001
803    0.000001
804    0.000001
805    0.000001
806    0.000001
807    0.000001
808    0.000002
809    0.000002
810    0.000001
811    0.000002
812    0.000000
813    0.000001
814    0.000001
815    0.000001
816    0.000002
817    0.000001
818    0.000002
819    0.000002
820    0.000002
821    0.000003
822    0.000001
823    0.000002
824    0.000001
825    0.000003
