  1    0.028570
  2    0.051591
  3    0.050386
  4    0.035583
  5    0.028716
  6    0.020643
  7    0.011691
  8    0.013344
  9    0.020453
 10    0.008019
 11    0.010093
 12    0.012746
 13    0.008586
 14    0.005245
 15    0.002255
 16    0.011100
 17    0.009304
 18    0.005386
 19    0.007728
 20    0.003212
 21    0.004440
 22    0.004841
 23    0.006796
 24    0.003716
 25    0.009119
 26    0.005393
 27    0.000911
 28    0.006589
 29    0.001767
 30    0.006855
 31    0.007321
 32    0.005507
 33    0.004260
 34    0.003962
 35    0.004889
 36    0.005075
 37    0.001976
 38    0.003957
 39    0.005230
 40    0.004006
 41    0.004239
 42    0.001841
 43    0.002736
 44    0.003874
 45    0.005611
 46    0.003301
 47    0.002838
 48    0.003725
 49    0.005107
 50    0.003459
 51    0.003258
 52    0.005827
 53    0.004491
 54    0.002411
 55    0.003087
 56    0.001505
 57    0.001795
 58    0.002347
 59    0.002904
 60    0.004321
 61    0.001659
 62    0.001955
 63    0.001847
 64    0.003777
 65    0.003553
 66    0.001573
 67    0.004042
 68    0.003718
 69    0.001533
 70    0.001544
 71    0.001192
 72    0.001818
 73    0.001427
 74    0.001978
 75    0.002090
 76    0.001978
 77    0.001319
 78    0.002510
 79    0.001894
 80    0.002045
 81    0.001938
 82    0.002263
 83    0.001519
 84    0.003788
 85    0.001933
 86    0.002534
 87    0.001391
 88    0.002340
 89    0.003065
 90    0.002632
 91    0.002147
 92    0.005158
 93    0.004114
 94    0.002178
 95    0.002477
 96    0.003009
 97    0.001892
 98    0.001840
 99    0.002643
100    0.002027
101    0.001638
102    0.001730
103    0.002065
104    0.001383
105    0.001634
106    0.001205
107    0.000802
108    0.003976
109    0.002121
110    0.001335
111    0.001880
112    0.001521
113    0.000820
114    0.001299
115    0.001396
116    0.001188
117    0.001195
118    0.001276
119    0.000982
120    0.002069
121    0.000880
122    0.001436
123    0.001706
124    0.001290
125    0.001497
126    0.002688
127    0.002087
128    0.002408
129    0.001096
130    0.001154
131    0.001438
132    0.001056
133    0.001283
134    0.002049
135    0.000968
136    0.001570
137    0.001876
138    0.000931
139    0.001241
140    0.001660
141    0.001199
142    0.000534
143    0.001663
144    0.000895
145    0.001467
146    0.001490
147    0.001569
148    0.000906
149    0.000758
150    0.000728
151    0.001128
152    0.001579
153    0.001185
154    0.000827
155    0.001175
156    0.001188
157    0.001188
158    0.001025
159    0.000761
160    0.000582
161    0.001168
162    0.001392
163    0.000466
164    0.000898
165    0.001266
166    0.000714
167    0.000650
168    0.001455
169    0.000832
170    0.001003
171    0.000684
172    0.000990
173    0.000441
174    0.000439
175    0.001220
176    0.001157
177    0.000765
178    0.000994
179    0.000554
180    0.000740
181    0.001309
182    0.000650
183    0.000707
184    0.000634
185    0.000869
186    0.000961
187    0.000504
188    0.000554
189    0.000966
190    0.002202
191    0.001562
192    0.000612
193    0.001331
194    0.001065
195    0.000678
196    0.001212
197    0.001173
198    0.000924
199    0.000753
200    0.000753
201    0.001331
202    0.001132
203    0.000672
204    0.001206
205    0.000508
206    0.001041
207    0.000990
208    0.000873
209    0.000751
210    0.000736
211    0.000612
212    0.000839
213    0.001237
214    0.000727
215    0.001495
216    0.000721
217    0.000870
218    0.000857
219    0.000781
220    0.000657
221    0.000834
222    0.000789
223    0.000547
224    0.000545
225    0.000998
226    0.001135
227    0.001115
228    0.000865
229    0.001121
230    0.000932
231    0.000445
232    0.000545
233    0.000778
234    0.001204
235    0.000873
236    0.001183
237    0.001215
238    0.000573
239    0.000625
240    0.000876
241    0.000842
242    0.000590
243    0.001138
244    0.000884
245    0.000970
246    0.000594
247    0.000742
248    0.000488
249    0.000514
250    0.000925
251    0.001217
252    0.000540
253    0.000766
254    0.000586
255    0.000470
256    0.000456
257    0.000672
258    0.000979
259    0.000623
260    0.000644
261    0.000573
262    0.001051
263    0.000817
264    0.000696
265    0.000743
266    0.000842
267    0.000449
268    0.000655
269    0.000574
270    0.000568
271    0.000741
272    0.000681
273    0.000607
274    0.000540
275    0.000709
276    0.001215
277    0.000588
278    0.000535
279    0.000528
280    0.001080
281    0.000591
282    0.000762
283    0.000449
284    0.000933
285    0.000486
286    0.000510
287    0.000665
288    0.001277
289    0.000613
290    0.000794
291    0.000759
292    0.001108
293    0.000390
294    0.000963
295    0.000576
296    0.000919
297    0.000621
298    0.000501
299    0.000999
300    0.000787
301    0.000552
302    0.000641
303    0.000372
304    0.000484
305    0.000486
306    0.000332
307    0.000499
308    0.000240
309    0.000869
310    0.000761
311    0.000669
312    0.000394
313    0.000702
314    0.000386
315    0.000704
316    0.000493
317    0.000312
318    0.000854
319    0.000653
320    0.000429
321    0.000814
322    0.000557
323    0.000570
324    0.000674
325    0.000407
326    0.000576
327    0.000692
328    0.000815
329    0.000406
330    0.000718
331    0.000673
332    0.000479
333    0.000556
334    0.000447
335    0.000437
336    0.000488
337    0.000484
338    0.000595
339    0.000308
340    0.000503
341    0.000781
342    0.000488
343    0.000683
344    0.000584
345    0.000524
346    0.000749
347    0.000212
348    0.000525
349    0.000533
350    0.000381
351    0.000769
352    0.000500
353    0.000784
354    0.000566
355    0.000338
356    0.000591
357    0.000307
358    0.000219
359    0.000432
360    0.000297
361    0.000609
362    0.000356
363    0.000870
364    0.000582
365    0.000755
366    0.000747
367    0.001029
368    0.000562
369    0.000366
370    0.000745
371    0.001043
372    0.000884
373    0.000907
374    0.000503
375    0.000449
376    0.000489
377    0.000588
378    0.000819
379    0.000566
380    0.000302
381    0.000402
382    0.000801
383    0.000429
384    0.000586
385    0.000680
386    0.001272
387    0.000663
388    0.000374
389    0.000852
390    0.001298
391    0.000634
392    0.000514
393    0.000635
394    0.000961
395    0.000723
396    0.000534
397    0.000625
398    0.000545
399    0.000623
400    0.000593
401    0.000359
402    0.000372
403    0.000474
404    0.000542
405    0.000298
406    0.000508
407    0.000282
408    0.000633
409    0.000283
410    0.000412
411    0.000390
412    0.000341
413    0.000697
414    0.000569
415    0.000322
416    0.000402
417    0.000484
418    0.000458
419    0.000344
420    0.000593
421    0.000315
422    0.000378
423    0.000554
424    0.000492
425    0.000300
426    0.000647
427    0.000347
428    0.000330
429    0.000598
430    0.000567
431    0.000213
432    0.000483
433    0.000190
434    0.000616
435    0.000593
436    0.000463
437    0.000289
438    0.000472
439    0.000499
440    0.000347
441    0.000476
442    0.000299
443    0.000170
444    0.000386
445    0.000719
446    0.000317
447    0.000633
448    0.000417
449    0.000647
450    0.000375
451    0.000292
452    0.000307
453    0.000320
454    0.000524
455    0.000469
456    0.000510
457    0.000380
458    0.000877
459    0.000402
460    0.000481
461    0.000641
462    0.000800
463    0.000377
464    0.000467
465    0.000553
466    0.000561
467    0.000286
468    0.000364
469    0.000379
470    0.000441
471    0.000443
472    0.000403
473    0.000330
474    0.000225
475    0.000372
476    0.000683
477    0.000519
478    0.000227
479    0.000544
480    0.000361
481    0.000506
482    0.000360
483    0.000302
484    0.000381
485    0.000329
486    0.000500
487    0.000281
488    0.000477
489    0.000391
490    0.000358
491    0.000393
492    0.000338
493    0.000402
494    0.000294
495    0.000363
496    0.000528
497    0.000320
498    0.000411
499    0.000367
500    0.000469
501    0.000472
502    0.000517
503    0.000716
504    0.000810
505    0.000340
506    0.000231
507    0.000392
508    0.000304
509    0.000494
510    0.000366
511    0.000350
512    0.000242
513    0.000285
514    0.000488
515    0.000478
516    0.000380
517    0.000286
518    0.000237
519    0.000400
520    0.000493
521    0.000257
522    0.000242
523    0.000317
524    0.000601
525    0.000305
526    0.000524
527    0.000418
528    0.000192
529    0.000266
530    0.000232
531    0.000136
532    0.000338
533    0.000357
534    0.000186
535    0.000809
536    0.000522
537    0.000984
538    0.000194
539    0.000503
540    0.000297
541    0.000303
542    0.000246
543    0.000253
544    0.000425
545    0.000329
546    0.000284
547    0.000323
548    0.000277
549    0.000356
550    0.000405
551    0.000222
552    0.000254
553    0.000218
554    0.000240
555    0.000270
556    0.000395
557    0.000655
558    0.000329
559    0.000408
560    0.000353
561    0.000379
562    0.000203
563    0.000409
564    0.000425
565    0.000218
566    0.000407
567    0.000179
568    0.000273
569    0.000234
570    0.000332
571    0.000198
572    0.000200
573    0.000367
574    0.000267
575    0.000372
576    0.000291
577    0.000319
578    0.000292
579    0.000233
580    0.000445
581    0.000447
582    0.000260
583    0.000274
584    0.000178
585    0.000154
586    0.000332
587    0.000377
588    0.000182
589    0.000352
590    0.000249
591    0.000347
592    0.000326
593    0.000209
594    0.000513
595    0.000243
596    0.000354
597    0.000229
598    0.000198
599    0.000442
600    0.000497
601    0.000319
602    0.000354
603    0.000172
604    0.000180
605    0.000232
606    0.000260
607    0.000349
608    0.000254
609    0.000470
610    0.000239
611    0.000420
612    0.000184
613    0.000353
614    0.000326
615    0.000214
616    0.000348
617    0.000286
618    0.000308
619    0.000328
620    0.000350
621    0.000283
622    0.000208
623    0.000256
624    0.000369
625    0.000187
626    0.000266
627    0.000301
628    0.000363
629    0.000303
630    0.000356
631    0.000253
632    0.000358
633    0.000336
634    0.000234
635    0.000320
636    0.000278
637    0.000144
638    0.000408
639    0.000356
640    0.000332
641    0.000255
642    0.000415
643    0.000326
644    0.000254
645    0.000347
646    0.000320
647    0.000389
648    0.000354
649    0.000300
650    0.000365
651    0.000259
652    0.000317
653    0.000585
654    0.000235
655    0.000266
656    0.000216
657    0.000269
658    0.000172
659    0.000357
660    0.000573
661    0.000259
662    0.000348
663    0.000160
664    0.000214
665    0.000273
666    0.000317
667    0.000325
668    0.000339
669    0.000118
670    0.000379
671    0.000255
672    0.000344
673    0.000307
674    0.000424
675    0.000098
676    0.000139
677    0.000403
678    0.000369
679    0.000262
680    0.000264
681    0.000232
682    0.000263
683    0.000132
684    0.000242
685    0.000156
686    0.000331
687    0.000306
688    0.000335
689    0.000400
690    0.000416
691    0.000425
692    0.000164
693    0.000475
694    0.000178
695    0.000263
696    0.000301
697    0.000152
698    0.000259
699    0.000141
700    0.000225
701    0.000443
702    0.000212
703    0.000164
704    0.000250
705    0.000149
706    0.000146
707    0.000140
708    0.000205
709    0.000346
710    0.000182
711    0.000233
712    0.000340
713    0.000303
714    0.000243
715    0.000200
716    0.000261
717    0.000315
718    0.000154
719    0.000163
720    0.000348
721    0.000351
722    0.000305
723    0.000191
724    0.000179
725    0.000426
726    0.000252
727    0.000272
728    0.000260
729    0.000238
730    0.000289
731    0.000297
732    0.000288
733    0.000113
734    0.000294
735    0.000245
736    0.000242
737    0.000172
738    0.000281
739    0.000103
740    0.000359
741    0.000231
742    0.000280
743    0.000187
744    0.000421
745    0.000246
746    0.000167
747    0.000254
748    0.000261
749    0.000218
750    0.000134
751    0.000280
752    0.000253
753    0.000223
754    0.000175
755    0.000157
756    0.000174
757    0.000262
758    0.000154
759    0.000256
760    0.000267
761    0.000154
762    0.000165
763    0.000215
764    0.000213
765    0.000247
766    0.000319
767    0.000095
768    0.000330
769    0.000211
770    0.000265
771    0.000264
772    0.000373
773    0.000354
774    0.000269
775    0.000219
776    0.000098
777    0.000242
778    0.000202
779    0.000243
780    0.000242
781    0.000396
782    0.000232
783    0.000208
784    0.000159
785    0.000051
786    0.000097
787    0.000211
788    0.000140
789    0.000252
790    0.000428
791    0.000518
792    0.000149
793    0.000344
794    0.000210
795    0.000312
796    0.000220
797    0.000165
798    0.000236
799    0.000270
800    0.000267
801    0.000217
802    0.000125
803    0.000292
804    0.000289
805    0.000059
806    0.000261
807    0.000153
808    0.000179
809    0.000025
810    0.000093
811    0.000124
812    0.000330
813    0.000085
814    0.000076
815    0.000135
816    0.000311
817    0.000062
818    0.000169
819    0.000100
820    0.000143
821    0.000287
822    0.000489
823    0.000293
824    0.000556
825    0.000488
