  1    0.045507
  2    0.111008
  3    0.053666
  4    0.007080
  5    0.014757
  6    0.022990
  7    0.014387
  8    0.013614
  9    0.031985
 10    0.016229
 11    0.010513
 12    0.012604
 13    0.012462
 14    0.007589
 15    0.012588
 16    0.002335
 17    0.005793
 18    0.004468
 19    0.004723
 20    0.009835
 21    0.005840
 22    0.001249
 23    0.003901
 24    0.007009
 25    0.004574
 26    0.009135
 27    0.004543
 28    0.009864
 29    0.004721
 30    0.006764
 31    0.004660
 32    0.002757
 33    0.007058
 34    0.004297
 35    0.004262
 36    0.004110
 37    0.003834
 38    0.005133
 39    0.004954
 40    0.004175
 41    0.002423
 42    0.003378
 43    0.004499
 44    0.003439
 45    0.003452
 46    0.004127
 47    0.002262
 48    0.003158
 49    0.002543
 50    0.006549
 51    0.002474
 52    0.003410
 53    0.001843
 54    0.002763
 55    0.001351
 56    0.003180
 57    0.001110
 58    0.001497
 59    0.002090
 60    0.003263
 61    0.003184
 62    0.001322
 63    0.001717
 64    0.002479
 65    0.001513
 66    0.001190
 67    0.002541
 68    0.002047
 69    0.001961
 70    0.002452
 71    0.004388
 72    0.001349
 73    0.001074
 74    0.001562
 75    0.000888
 76    0.002524
 77    0.001904
 78    0.002948
 79    0.000738
 80    0.002518
 81    0.002322
 82    0.000806
 83    0.001605
 84    0.001078
 85    0.001873
 86    0.001901
 87    0.000610
 88    0.000781
 89    0.002703
 90    0.001066
 91    0.000886
 92    0.000360
 93    0.001878
 94    0.000908
 95    0.000983
 96    0.001784
 97    0.000805
 98    0.001824
 99    0.002388
100    0.001998
101    0.000504
102    0.001196
103    0.000730
104    0.000741
105    0.002052
106    0.000648
107    0.002128
108    0.002434
109    0.000597
110    0.001871
111    0.001559
112    0.001471
113    0.001837
114    0.000299
115    0.001059
116    0.001377
117    0.000992
118    0.001443
119    0.001090
120    0.001025
121    0.001417
122    0.001512
123    0.000626
124    0.000692
125    0.002106
126    0.002432
127    0.001616
128    0.002034
129    0.000873
130    0.000739
131    0.002102
132    0.000945
133    0.001777
134    0.000645
135    0.002407
136    0.001320
137    0.001869
138    0.000900
139    0.001580
140    0.001963
141    0.001117
142    0.001275
143    0.000973
144    0.001040
145    0.001643
146    0.000896
147    0.002248
148    0.001044
149    0.001118
150    0.000759
151    0.000758
152    0.001189
153    0.000974
154    0.001158
155    0.001467
156    0.000996
157    0.001733
158    0.000218
159    0.001001
160    0.000953
161    0.001613
162    0.000483
163    0.000688
164    0.000282
165    0.000920
166    0.000741
167    0.000815
168    0.000356
169    0.000695
170    0.000527
171    0.001075
172    0.000890
173    0.001611
174    0.000332
175    0.000686
176    0.000949
177    0.001714
178    0.001207
179    0.000858
180    0.000685
181    0.000579
182    0.001118
183    0.000634
184    0.000454
185    0.000753
186    0.001848
187    0.000692
188    0.000545
189    0.000895
190    0.001352
191    0.001175
192    0.000825
193    0.001213
194    0.000659
195    0.000692
196    0.000788
197    0.000562
198    0.000953
199    0.000487
200    0.000395
201    0.000690
202    0.000863
203    0.000778
204    0.000398
205    0.000591
206    0.000429
207    0.000868
208    0.000713
209    0.000282
210    0.000464
211    0.000468
212    0.000487
213    0.000731
214    0.000915
215    0.000739
216    0.000343
217    0.000864
218    0.000325
219    0.000794
220    0.000389
221    0.000300
222    0.000594
223    0.000294
224    0.000519
225    0.000953
226    0.000627
227    0.000778
228    0.000740
229    0.000663
230    0.000285
231    0.000569
232    0.000822
233    0.000808
234    0.000396
235    0.001038
236    0.000602
237    0.000562
238    0.001075
239    0.000672
240    0.000619
241    0.000651
242    0.000530
243    0.000819
244    0.000626
245    0.000302
246    0.000280
247    0.000801
248    0.000385
249    0.000512
250    0.000435
251    0.000471
252    0.000823
253    0.000573
254    0.000959
255    0.000793
256    0.000422
257    0.000749
258    0.000896
259    0.000245
260    0.000560
261    0.000880
262    0.000509
263    0.000553
264    0.000592
265    0.000564
266    0.000518
267    0.000698
268    0.000475
269    0.000462
270    0.000637
271    0.000437
272    0.000711
273    0.000258
274    0.000279
275    0.000533
276    0.000309
277    0.000279
278    0.000579
279    0.000552
280    0.000716
281    0.000728
282    0.000515
283    0.000344
284    0.000711
285    0.000540
286    0.000690
287    0.000393
288    0.000505
289    0.000448
290    0.000171
291    0.000853
292    0.000437
293    0.000489
294    0.000556
295    0.000620
296    0.000537
297    0.000606
298    0.000250
299    0.000918
300    0.000622
301    0.000681
302    0.000794
303    0.000797
304    0.000903
305    0.000594
306    0.001218
307    0.000392
308    0.000335
309    0.000824
310    0.000770
311    0.000401
312    0.000533
313    0.000542
314    0.000496
315    0.000682
316    0.000455
317    0.000710
318    0.000457
319    0.000575
320    0.000395
321    0.001182
322    0.000649
323    0.000625
324    0.000403
325    0.000375
326    0.000911
327    0.000437
328    0.000344
329    0.000945
330    0.000431
331    0.000704
332    0.000670
333    0.000730
334    0.000327
335    0.000775
336    0.000243
337    0.001158
338    0.000458
339    0.000641
340    0.000515
341    0.000546
342    0.000414
343    0.000543
344    0.000824
345    0.000563
346    0.000543
347    0.000289
348    0.000555
349    0.000315
350    0.000519
351    0.000580
352    0.000540
353    0.000497
354    0.000594
355    0.000792
356    0.000377
357    0.000542
358    0.000493
359    0.000305
360    0.000356
361    0.000944
362    0.000383
363    0.000648
364    0.000578
365    0.000461
366    0.000645
367    0.000667
368    0.000628
369    0.000849
370    0.000619
371    0.000476
372    0.000614
373    0.000673
374    0.000742
375    0.000887
376    0.000182
377    0.000580
378    0.001017
379    0.000625
380    0.000217
381    0.000475
382    0.000566
383    0.000367
384    0.000448
385    0.000550
386    0.000329
387    0.000334
388    0.000568
389    0.000581
390    0.000654
391    0.000272
392    0.000454
393    0.000727
394    0.000351
395    0.000387
396    0.001027
397    0.000521
398    0.000352
399    0.000717
400    0.000327
401    0.000416
402    0.000477
403    0.000636
404    0.000291
405    0.000618
406    0.000424
407    0.000556
408    0.000184
409    0.000507
410    0.000492
411    0.000496
412    0.000342
413    0.000438
414    0.000428
415    0.000340
416    0.000911
417    0.000666
418    0.000357
419    0.000199
420    0.000508
421    0.000338
422    0.000383
423    0.000162
424    0.000328
425    0.000450
426    0.000577
427    0.000536
428    0.000712
429    0.000401
430    0.000230
431    0.000072
432    0.000204
433    0.000597
434    0.000600
435    0.000447
436    0.000285
437    0.000385
438    0.000789
439    0.000306
440    0.000443
441    0.000416
442    0.000602
443    0.000856
444    0.000322
445    0.000379
446    0.000476
447    0.000431
448    0.000440
449    0.000909
450    0.000306
451    0.000463
452    0.000434
453    0.000557
454    0.000368
455    0.000238
456    0.000270
457    0.000378
458    0.000509
459    0.000471
460    0.000627
461    0.000409
462    0.000577
463    0.000583
464    0.000280
465    0.000313
466    0.000625
467    0.000472
468    0.000345
469    0.000260
470    0.000606
471    0.000430
472    0.000260
473    0.000363
474    0.000259
475    0.000496
476    0.000362
477    0.000593
478    0.000355
479    0.000665
480    0.000408
481    0.000230
482    0.000204
483    0.000311
484    0.000172
485    0.000322
486    0.000293
487    0.000268
488    0.000332
489    0.000401
490    0.000352
491    0.000360
492    0.000278
493    0.000368
494    0.000586
495    0.000442
496    0.000351
497    0.000307
498    0.000342
499    0.000418
500    0.000453
501    0.000560
502    0.000286
503    0.000186
504    0.000361
505    0.000434
506    0.000379
507    0.000267
508    0.000487
509    0.000265
510    0.000719
511    0.000487
512    0.000405
513    0.000155
514    0.000360
515    0.000205
516    0.000278
517    0.000286
518    0.000224
519    0.000100
520    0.000316
521    0.000322
522    0.000174
523    0.000279
524    0.000405
525    0.000369
526    0.000557
527    0.000162
528    0.000287
529    0.000149
530    0.000381
531    0.000288
532    0.000232
533    0.000467
534    0.000330
535    0.000206
536    0.000660
537    0.000357
538    0.000289
539    0.000240
540    0.000200
541    0.000413
542    0.000219
543    0.000450
544    0.000280
545    0.000176
546    0.000438
547    0.000245
548    0.000286
549    0.000231
550    0.000356
551    0.000363
552    0.000464
553    0.000135
554    0.000312
555    0.000392
556    0.000320
557    0.000201
558    0.000306
559    0.000336
560    0.000244
561    0.000168
562    0.000352
563    0.000182
564    0.000200
565    0.000366
566    0.000212
567    0.000270
568    0.000217
569    0.000324
570    0.000180
571    0.000211
572    0.000420
573    0.000267
574    0.000359
575    0.000269
576    0.000273
577    0.000321
578    0.000267
579    0.000351
580    0.000520
581    0.000296
582    0.000390
583    0.000081
584    0.000293
585    0.000260
586    0.000135
587    0.000077
588    0.000141
589    0.000185
590    0.000289
591    0.000174
592    0.000411
593    0.000298
594    0.000435
595    0.000207
596    0.000152
597    0.000268
598    0.000364
599    0.000173
600    0.000325
601    0.000246
602    0.000379
603    0.000220
604    0.000344
605    0.000229
606    0.000269
607    0.000376
608    0.000202
609    0.000460
610    0.000224
611    0.000200
612    0.000204
613    0.000272
614    0.000318
615    0.000229
616    0.000260
617    0.000204
618    0.000255
619    0.000300
620    0.000300
621    0.000175
622    0.000173
623    0.000224
624    0.000253
625    0.000225
626    0.000258
627    0.000251
628    0.000383
629    0.000479
630    0.000233
631    0.000540
632    0.000245
633    0.000256
634    0.000257
635    0.000360
636    0.000202
637    0.000101
638    0.000210
639    0.000293
640    0.000197
641    0.000141
642    0.000278
643    0.000245
644    0.000404
645    0.000251
646    0.000317
647    0.000472
648    0.000192
649    0.000186
650    0.000178
651    0.000241
652    0.000320
653    0.000329
654    0.000197
655    0.000396
656    0.000261
657    0.000142
658    0.000223
659    0.000319
660    0.000242
661    0.000264
662    0.000460
663    0.000118
664    0.000285
665    0.000158
666    0.000265
667    0.000140
668    0.000327
669    0.000165
670    0.000155
671    0.000203
672    0.000272
673    0.000513
674    0.000255
675    0.000233
676    0.000244
677    0.000194
678    0.000355
679    0.000333
680    0.000173
681    0.000385
682    0.000135
683    0.000245
684    0.000384
685    0.000302
686    0.000560
687    0.000227
688    0.000273
689    0.000436
690    0.000305
691    0.000126
692    0.000280
693    0.000230
694    0.000240
695    0.000209
696    0.000277
697    0.000170
698    0.000159
699    0.000297
700    0.000302
701    0.000183
702    0.000261
703    0.000121
704    0.000384
705    0.000169
706    0.000284
707    0.000369
708    0.000288
709    0.000327
710    0.000207
711    0.000293
712    0.000218
713    0.000210
714    0.000242
715    0.000239
716    0.000236
717    0.000239
718    0.000148
719    0.000232
720    0.000260
721    0.000499
722    0.000168
723    0.000292
724    0.000098
725    0.000210
726    0.000323
727    0.000293
728    0.000271
729    0.000244
730    0.000338
731    0.000141
732    0.000416
733    0.000272
734    0.000331
735    0.000247
736    0.000360
737    0.000353
738    0.000327
739    0.000323
740    0.000403
741    0.000181
742    0.000189
743    0.000284
744    0.000455
745    0.000210
746    0.000195
747    0.000197
748    0.000190
749    0.000134
750    0.000202
751    0.000398
752    0.000204
753    0.000117
754    0.000175
755    0.000268
756    0.000381
757    0.000172
758    0.000243
759    0.000285
760    0.000100
761    0.000111
762    0.000137
763    0.000298
764    0.000127
765    0.000040
766    0.000218
767    0.000410
768    0.000177
769    0.000164
770    0.000250
771    0.000314
772    0.000273
773    0.000403
774    0.000155
775    0.000227
776    0.000328
777    0.000249
778    0.000082
779    0.000161
780    0.000195
781    0.000240
782    0.000072
783    0.000072
784    0.000240
785    0.000300
786    0.000256
787    0.000126
788    0.000182
789    0.000211
790    0.000104
791    0.000267
792    0.000312
793    0.000396
794    0.000184
795    0.000318
796    0.000133
797    0.000019
798    0.000324
799    0.000152
800    0.000115
801    0.000281
802    0.000086
803    0.000173
804    0.000160
805    0.000153
806    0.000127
807    0.000148
808    0.000041
809    0.000185
810    0.000268
811    0.000177
812    0.000143
813    0.000250
814    0.000069
815    0.000303
816    0.000259
817    0.000369
818    0.000084
819    0.000295
820    0.000238
821    0.000436
822    0.000137
823    0.000163
824    0.000384
825    0.000521
