  1    0.131587
  2    0.082368
  3    0.029306
  4    0.037105
  5    0.017340
  6    0.036093
  7    0.007007
  8    0.018877
  9    0.012428
 10    0.006185
 11    0.010066
 12    0.014191
 13    0.005541
 14    0.007985
 15    0.007779
 16    0.007771
 17    0.008440
 18    0.010673
 19    0.006334
 20    0.006412
 21    0.011452
 22    0.005295
 23    0.004314
 24    0.010741
 25    0.004211
 26    0.004896
 27    0.003819
 28    0.004418
 29    0.005955
 30    0.003838
 31    0.003486
 32    0.004840
 33    0.004635
 34    0.003104
 35    0.002814
 36    0.003327
 37    0.005085
 38    0.003072
 39    0.003253
 40    0.003881
 41    0.001824
 42    0.004064
 43    0.005713
 44    0.003086
 45    0.002725
 46    0.003135
 47    0.002437
 48    0.003572
 49    0.002367
 50    0.003166
 51    0.001602
 52    0.003459
 53    0.002630
 54    0.003033
 55    0.001552
 56    0.001329
 57    0.003081
 58    0.002057
 59    0.002026
 60    0.001885
 61    0.001121
 62    0.001932
 63    0.002149
 64    0.002003
 65    0.001122
 66    0.001652
 67    0.001070
 68    0.001194
 69    0.001141
 70    0.001539
 71    0.001362
 72    0.002240
 73    0.001188
 74    0.001835
 75    0.001652
 76    0.001186
 77    0.001365
 78    0.001985
 79    0.001501
 80    0.001847
 81    0.001124
 82    0.001170
 83    0.001423
 84    0.000904
 85    0.001905
 86    0.001633
 87    0.001862
 88    0.002058
 89    0.001785
 90    0.001676
 91    0.001468
 92    0.001769
 93    0.001770
 94    0.001660
 95    0.001065
 96    0.000888
 97    0.001241
 98    0.002894
 99    0.000903
100    0.001937
101    0.001283
102    0.001141
103    0.001236
104    0.001737
105    0.001916
106    0.001584
107    0.001592
108    0.001036
109    0.001203
110    0.001142
111    0.001099
112    0.000982
113    0.000675
114    0.001081
115    0.001174
116    0.000861
117    0.000927
118    0.000837
119    0.001322
120    0.001331
121    0.000807
122    0.001309
123    0.000903
124    0.000568
125    0.000557
126    0.001353
127    0.000972
128    0.000756
129    0.001318
130    0.000790
131    0.000957
132    0.000635
133    0.000970
134    0.001120
135    0.000880
136    0.000877
137    0.000818
138    0.001247
139    0.001735
140    0.001179
141    0.001015
142    0.001048
143    0.001067
144    0.000834
145    0.000955
146    0.001196
147    0.001037
148    0.001430
149    0.000845
150    0.001013
151    0.000979
152    0.000953
153    0.001036
154    0.000976
155    0.000686
156    0.001120
157    0.000832
158    0.001115
159    0.000895
160    0.000668
161    0.001314
162    0.000744
163    0.000687
164    0.000932
165    0.000677
166    0.001375
167    0.000883
168    0.000592
169    0.000538
170    0.001094
171    0.000853
172    0.000702
173    0.000592
174    0.001081
175    0.001263
176    0.000854
177    0.000923
178    0.001360
179    0.001044
180    0.000506
181    0.000744
182    0.000950
183    0.000889
184    0.000665
185    0.000871
186    0.000814
187    0.000684
188    0.000668
189    0.000602
190    0.001129
191    0.000548
192    0.001593
193    0.001009
194    0.000624
195    0.000654
196    0.001133
197    0.000595
198    0.000455
199    0.000742
200    0.000880
201    0.000865
202    0.000737
203    0.000495
204    0.000444
205    0.001152
206    0.000853
207    0.000892
208    0.001089
209    0.000932
210    0.000818
211    0.001016
212    0.000792
213    0.000881
214    0.000784
215    0.000576
216    0.000704
217    0.000904
218    0.000869
219    0.000545
220    0.000541
221    0.000460
222    0.000550
223    0.000721
224    0.001002
225    0.000521
226    0.000782
227    0.000690
228    0.000569
229    0.000679
230    0.000705
231    0.000596
232    0.000703
233    0.000647
234    0.000659
235    0.000831
236    0.001155
237    0.000737
238    0.000610
239    0.000905
240    0.001050
241    0.000631
242    0.000476
243    0.001240
244    0.000500
245    0.001247
246    0.000420
247    0.000703
248    0.000570
249    0.000791
250    0.000563
251    0.000473
252    0.000481
253    0.000994
254    0.000264
255    0.000196
256    0.000639
257    0.000661
258    0.000563
259    0.000737
260    0.000757
261    0.000629
262    0.000585
263    0.000569
264    0.000309
265    0.000497
266    0.000695
267    0.000529
268    0.000473
269    0.000504
270    0.000611
271    0.000740
272    0.000625
273    0.000902
274    0.000553
275    0.000715
276    0.000317
277    0.000413
278    0.000539
279    0.000608
280    0.000488
281    0.000252
282    0.000970
283    0.000412
284    0.000656
285    0.000320
286    0.000828
287    0.000330
288    0.000279
289    0.000787
290    0.000343
291    0.000718
292    0.000326
293    0.000256
294    0.000634
295    0.000810
296    0.000800
297    0.000389
298    0.000616
299    0.000420
300    0.000556
301    0.001022
302    0.000569
303    0.000322
304    0.000519
305    0.000573
306    0.000410
307    0.000284
308    0.000558
309    0.000800
310    0.000652
311    0.000551
312    0.000855
313    0.000832
314    0.000426
315    0.000234
316    0.000279
317    0.000547
318    0.000646
319    0.000599
320    0.000673
321    0.000313
322    0.000470
323    0.000815
324    0.000374
325    0.000542
326    0.000359
327    0.000527
328    0.000517
329    0.000323
330    0.000406
331    0.000344
332    0.000778
333    0.000386
334    0.000444
335    0.000516
336    0.000629
337    0.000462
338    0.000545
339    0.000562
340    0.000673
341    0.000397
342    0.000489
343    0.000721
344    0.000632
345    0.000597
346    0.000324
347    0.000477
348    0.000322
349    0.000557
350    0.000604
351    0.000261
352    0.000229
353    0.000445
354    0.000531
355    0.000403
356    0.000635
357    0.000588
358    0.000347
359    0.000490
360    0.000481
361    0.000499
362    0.000335
363    0.000354
364    0.000372
365    0.000507
366    0.000317
367    0.000262
368    0.000394
369    0.000255
370    0.000315
371    0.000382
372    0.000572
373    0.000372
374    0.000453
375    0.000284
376    0.000460
377    0.000382
378    0.000514
379    0.000325
380    0.000415
381    0.000180
382    0.000367
383    0.000276
384    0.000274
385    0.000346
386    0.000478
387    0.000425
388    0.000368
389    0.000217
390    0.000406
391    0.000469
392    0.000261
393    0.000433
394    0.000376
395    0.000254
396    0.000528
397    0.000403
398    0.000586
399    0.000513
400    0.000322
401    0.000446
402    0.000255
403    0.000518
404    0.000308
405    0.000209
406    0.000391
407    0.000244
408    0.000304
409    0.000414
410    0.000449
411    0.000377
412    0.000299
413    0.000318
414    0.000354
415    0.000309
416    0.000322
417    0.000373
418    0.000472
419    0.000323
420    0.000440
421    0.000284
422    0.000212
423    0.000416
424    0.000368
425    0.000355
426    0.000399
427    0.000445
428    0.000369
429    0.000347
430    0.000311
431    0.000519
432    0.000381
433    0.000287
434    0.000368
435    0.000249
436    0.000453
437    0.000626
438    0.000455
439    0.000388
440    0.000403
441    0.000370
442    0.000308
443    0.000445
444    0.000483
445    0.000267
446    0.000351
447    0.000399
448    0.000381
449    0.000256
450    0.000310
451    0.000271
452    0.000495
453    0.000275
454    0.000250
455    0.000429
456    0.000386
457    0.000240
458    0.000239
459    0.000380
460    0.000312
461    0.000417
462    0.000424
463    0.000500
464    0.000284
465    0.000365
466    0.000315
467    0.000300
468    0.000294
469    0.000274
470    0.000313
471    0.000190
472    0.000252
473    0.000210
474    0.000245
475    0.000366
476    0.000346
477    0.000214
478    0.000336
479    0.000346
480    0.000406
481    0.000470
482    0.000277
483    0.000235
484    0.000306
485    0.000242
486    0.000233
487    0.000303
488    0.000291
489    0.000387
490    0.000259
491    0.000211
492    0.000249
493    0.000298
494    0.000162
495    0.000280
496    0.000249
497    0.000320
498    0.000409
499    0.000468
500    0.000206
501    0.000361
502    0.000313
503    0.000325
504    0.000407
505    0.000325
506    0.000331
507    0.000528
508    0.000416
509    0.000332
510    0.000397
511    0.000305
512    0.000304
513    0.000420
514    0.000430
515    0.000320
516    0.000190
517    0.000384
518    0.000394
519    0.000218
520    0.000284
521    0.000320
522    0.000320
523    0.000255
524    0.000302
525    0.000274
526    0.000275
527    0.000204
528    0.000218
529    0.000369
530    0.000325
531    0.000282
532    0.000363
533    0.000353
534    0.000333
535    0.000218
536    0.000301
537    0.000372
538    0.000230
539    0.000339
540    0.000197
541    0.000254
542    0.000421
543    0.000333
544    0.000222
545    0.000270
546    0.000290
547    0.000303
548    0.000245
549    0.000283
550    0.000340
551    0.000331
552    0.000231
553    0.000245
554    0.000233
555    0.000299
556    0.000300
557    0.000351
558    0.000277
559    0.000254
560    0.000328
561    0.000517
562    0.000369
563    0.000304
564    0.000307
565    0.000312
566    0.000264
567    0.000226
568    0.000239
569    0.000317
570    0.000325
571    0.000230
572    0.000302
573    0.000317
574    0.000354
575    0.000318
576    0.000299
577    0.000321
578    0.000415
579    0.000170
580    0.000284
581    0.000121
582    0.000291
583    0.000241
584    0.000278
585    0.000212
586    0.000348
587    0.000310
588    0.000247
589    0.000260
590    0.000269
591    0.000246
592    0.000270
593    0.000319
594    0.000355
595    0.000227
596    0.000176
597    0.000307
598    0.000247
599    0.000274
600    0.000216
601    0.000228
602    0.000261
603    0.000318
604    0.000315
605    0.000270
606    0.000268
607    0.000313
608    0.000252
609    0.000198
610    0.000225
611    0.000175
612    0.000283
613    0.000289
614    0.000195
615    0.000278
616    0.000363
617    0.000446
618    0.000235
619    0.000311
620    0.000365
621    0.000268
622    0.000242
623    0.000245
624    0.000171
625    0.000211
626    0.000199
627    0.000212
628    0.000307
629    0.000148
630    0.000234
631    0.000243
632    0.000159
633    0.000276
634    0.000150
635    0.000163
636    0.000173
637    0.000174
638    0.000214
639    0.000183
640    0.000222
641    0.000234
642    0.000248
643    0.000198
644    0.000142
645    0.000275
646    0.000290
647    0.000293
648    0.000104
649    0.000245
650    0.000212
651    0.000207
652    0.000195
653    0.000208
654    0.000128
655    0.000208
656    0.000238
657    0.000153
658    0.000213
659    0.000196
660    0.000173
661    0.000239
662    0.000199
663    0.000212
664    0.000246
665    0.000278
666    0.000292
667    0.000291
668    0.000282
669    0.000183
670    0.000265
671    0.000169
672    0.000227
673    0.000331
674    0.000305
675    0.000205
676    0.000220
677    0.000277
678    0.000176
679    0.000445
680    0.000162
681    0.000355
682    0.000225
683    0.000196
684    0.000253
685    0.000262
686    0.000177
687    0.000250
688    0.000283
689    0.000283
690    0.000339
691    0.000295
692    0.000208
693    0.000281
694    0.000404
695    0.000170
696    0.000227
697    0.000163
698    0.000221
699    0.000199
700    0.000212
701    0.000265
702    0.000261
703    0.000261
704    0.000117
705    0.000148
706    0.000225
707    0.000139
708    0.000150
709    0.000276
710    0.000170
711    0.000197
712    0.000223
713    0.000199
714    0.000171
715    0.000197
716    0.000209
717    0.000170
718    0.000283
719    0.000212
720    0.000204
721    0.000219
722    0.000348
723    0.000178
724    0.000357
725    0.000329
726    0.000198
727    0.000233
728    0.000349
729    0.000307
730    0.000165
731    0.000205
732    0.000247
733    0.000337
734    0.000187
735    0.000308
736    0.000112
737    0.000171
738    0.000237
739    0.000204
740    0.000113
741    0.000172
742    0.000264
743    0.000182
744    0.000337
745    0.000253
746    0.000163
747    0.000233
748    0.000213
749    0.000209
750    0.000143
751    0.000223
752    0.000184
753    0.000147
754    0.000328
755    0.000174
756    0.000122
757    0.000188
758    0.000122
759    0.000180
760    0.000241
761    0.000175
762    0.000254
763    0.000149
764    0.000160
765    0.000234
766    0.000237
767    0.000097
768    0.000098
769    0.000201
770    0.000126
771    0.000180
772    0.000200
773    0.000171
774    0.000209
775    0.000161
776    0.000231
777    0.000093
778    0.000170
779    0.000088
780    0.000137
781    0.000101
782    0.000199
783    0.000180
784    0.000453
785    0.000154
786    0.000243
787    0.000199
788    0.000284
789    0.000255
790    0.000205
791    0.000244
792    0.000256
793    0.000276
794    0.000092
795    0.000207
796    0.000315
797    0.000198
798    0.000272
799    0.000204
800    0.000173
801    0.000247
802    0.000045
803    0.000281
804    0.000042
805    0.000338
806    0.000086
807    0.000113
808    0.000290
809    0.000203
810    0.000116
811    0.000111
812    0.000045
813    0.000153
814    0.000191
815    0.000245
816    0.000194
817    0.000330
818    0.000238
819    0.000188
820    0.000367
821    0.000294
822    0.000101
823    0.000108
824    0.000318
825    0.000408
