  1    0.141498
  2    0.076736
  3    0.034985
  4    0.033024
  5    0.024434
  6    0.020342
  7    0.008745
  8    0.009244
  9    0.022136
 10    0.008122
 11    0.010162
 12    0.009106
 13    0.004161
 14    0.006135
 15    0.010082
 16    0.008360
 17    0.005762
 18    0.009445
 19    0.006894
 20    0.004093
 21    0.004675
 22    0.003488
 23    0.006652
 24    0.005496
 25    0.003182
 26    0.008472
 27    0.005364
 28    0.004430
 29    0.003265
 30    0.002954
 31    0.004966
 32    0.005736
 33    0.003714
 34    0.004544
 35    0.006100
 36    0.004221
 37    0.003684
 38    0.001970
 39    0.003669
 40    0.001314
 41    0.003408
 42    0.003452
 43    0.003012
 44    0.003288
 45    0.003300
 46    0.002414
 47    0.003627
 48    0.001706
 49    0.002935
 50    0.002224
 51    0.001284
 52    0.002670
 53    0.002284
 54    0.001846
 55    0.002072
 56    0.002315
 57    0.002247
 58    0.001941
 59    0.003064
 60    0.001718
 61    0.002006
 62    0.001906
 63    0.002216
 64    0.001717
 65    0.002097
 66    0.001821
 67    0.001941
 68    0.000812
 69    0.001843
 70    0.001704
 71    0.001509
 72    0.002842
 73    0.001258
 74    0.001397
 75    0.002071
 76    0.002128
 77    0.001706
 78    0.001582
 79    0.001880
 80    0.002563
 81    0.000955
 82    0.001356
 83    0.001684
 84    0.001320
 85    0.001575
 86    0.002427
 87    0.001501
 88    0.002302
 89    0.001646
 90    0.001571
 91    0.001977
 92    0.001802
 93    0.001150
 94    0.000957
 95    0.001230
 96    0.001470
 97    0.001180
 98    0.001095
 99    0.001935
100    0.001025
101    0.001080
102    0.001335
103    0.001218
104    0.001791
105    0.001651
106    0.002051
107    0.001435
108    0.001221
109    0.001278
110    0.001398
111    0.001241
112    0.000998
113    0.001411
114    0.000863
115    0.000777
116    0.001400
117    0.001378
118    0.001192
119    0.000809
120    0.001047
121    0.001323
122    0.002406
123    0.001036
124    0.001275
125    0.001557
126    0.000839
127    0.001222
128    0.001591
129    0.001282
130    0.000749
131    0.001961
132    0.001256
133    0.001197
134    0.001469
135    0.001318
136    0.000724
137    0.001353
138    0.000628
139    0.000857
140    0.001120
141    0.001303
142    0.000743
143    0.001032
144    0.000685
145    0.000918
146    0.001709
147    0.000897
148    0.000604
149    0.001079
150    0.001136
151    0.001146
152    0.000954
153    0.001956
154    0.000826
155    0.001031
156    0.001093
157    0.000715
158    0.000650
159    0.001108
160    0.000544
161    0.000816
162    0.000702
163    0.001607
164    0.000553
165    0.000917
166    0.000789
167    0.000884
168    0.000880
169    0.000983
170    0.001378
171    0.001156
172    0.001149
173    0.001206
174    0.000912
175    0.001282
176    0.001139
177    0.000852
178    0.000783
179    0.001170
180    0.000546
181    0.001039
182    0.000646
183    0.000687
184    0.001136
185    0.001493
186    0.000773
187    0.000889
188    0.000722
189    0.000792
190    0.000993
191    0.000564
192    0.000876
193    0.000799
194    0.000786
195    0.000787
196    0.000893
197    0.001133
198    0.000801
199    0.000763
200    0.000804
201    0.000635
202    0.000660
203    0.000872
204    0.001019
205    0.000648
206    0.000588
207    0.000808
208    0.000696
209    0.000773
210    0.000474
211    0.000796
212    0.000388
213    0.000583
214    0.000661
215    0.000696
216    0.000555
217    0.000695
218    0.000582
219    0.000938
220    0.000807
221    0.000672
222    0.000659
223    0.000852
224    0.000910
225    0.001134
226    0.000719
227    0.000724
228    0.001081
229    0.000713
230    0.000862
231    0.000667
232    0.000876
233    0.000695
234    0.000580
235    0.001054
236    0.000813
237    0.000409
238    0.000628
239    0.000671
240    0.000855
241    0.000731
242    0.000976
243    0.000783
244    0.000543
245    0.000789
246    0.000454
247    0.000550
248    0.000985
249    0.000551
250    0.000503
251    0.000693
252    0.000679
253    0.000574
254    0.000564
255    0.000734
256    0.000615
257    0.000378
258    0.000472
259    0.000662
260    0.000521
261    0.000954
262    0.000465
263    0.000522
264    0.000600
265    0.000611
266    0.000910
267    0.000611
268    0.000670
269    0.000462
270    0.000743
271    0.000517
272    0.000835
273    0.000499
274    0.000678
275    0.000465
276    0.000582
277    0.000580
278    0.000567
279    0.000501
280    0.000361
281    0.000587
282    0.000399
283    0.000310
284    0.000844
285    0.000638
286    0.000205
287    0.000599
288    0.000606
289    0.000472
290    0.000267
291    0.000226
292    0.000419
293    0.000549
294    0.000854
295    0.000470
296    0.000418
297    0.000533
298    0.000548
299    0.000618
300    0.000530
301    0.000277
302    0.000696
303    0.000628
304    0.000456
305    0.000566
306    0.000661
307    0.000332
308    0.000369
309    0.000637
310    0.000409
311    0.000436
312    0.000674
313    0.000361
314    0.000387
315    0.000316
316    0.000628
317    0.000736
318    0.000596
319    0.000593
320    0.000916
321    0.000671
322    0.000553
323    0.000596
324    0.000457
325    0.000429
326    0.000410
327    0.000386
328    0.000620
329    0.000504
330    0.000415
331    0.000483
332    0.000511
333    0.000306
334    0.000300
335    0.000248
336    0.000289
337    0.000344
338    0.000331
339    0.000317
340    0.000382
341    0.000413
342    0.000246
343    0.000618
344    0.000459
345    0.000550
346    0.000423
347    0.000436
348    0.000566
349    0.000634
350    0.000486
351    0.000568
352    0.000504
353    0.000728
354    0.000706
355    0.000398
356    0.000578
357    0.000707
358    0.000608
359    0.000439
360    0.000704
361    0.000723
362    0.000526
363    0.000469
364    0.000441
365    0.000339
366    0.000658
367    0.000389
368    0.000419
369    0.000723
370    0.000689
371    0.000598
372    0.000327
373    0.000340
374    0.000414
375    0.000445
376    0.000338
377    0.000573
378    0.000226
379    0.000401
380    0.000322
381    0.000450
382    0.000213
383    0.000267
384    0.000452
385    0.000327
386    0.000510
387    0.000390
388    0.000523
389    0.000177
390    0.000425
391    0.000482
392    0.000357
393    0.000537
394    0.000226
395    0.000597
396    0.000310
397    0.000567
398    0.000341
399    0.000346
400    0.000349
401    0.000486
402    0.000366
403    0.000406
404    0.000290
405    0.000446
406    0.000269
407    0.000539
408    0.000300
409    0.000326
410    0.000628
411    0.000525
412    0.000476
413    0.000365
414    0.000407
415    0.000461
416    0.000194
417    0.000504
418    0.000423
419    0.000440
420    0.000330
421    0.000435
422    0.000352
423    0.000337
424    0.000490
425    0.000338
426    0.000539
427    0.000341
428    0.000214
429    0.000356
430    0.000392
431    0.000529
432    0.000215
433    0.000451
434    0.000354
435    0.000481
436    0.000351
437    0.000237
438    0.000437
439    0.000254
440    0.000294
441    0.000333
442    0.000431
443    0.000625
444    0.000373
445    0.000329
446    0.000418
447    0.000432
448    0.000366
449    0.000366
450    0.000441
451    0.000343
452    0.000450
453    0.000630
454    0.000462
455    0.000367
456    0.000297
457    0.000556
458    0.000338
459    0.000593
460    0.000308
461    0.000357
462    0.000427
463    0.000317
464    0.000346
465    0.000182
466    0.000411
467    0.000582
468    0.000471
469    0.000292
470    0.000339
471    0.000383
472    0.000344
473    0.000433
474    0.000300
475    0.000355
476    0.000322
477    0.000263
478    0.000299
479    0.000310
480    0.000359
481    0.000273
482    0.000317
483    0.000336
484    0.000368
485    0.000349
486    0.000291
487    0.000453
488    0.000256
489    0.000293
490    0.000474
491    0.000345
492    0.000328
493    0.000138
494    0.000360
495    0.000297
496    0.000429
497    0.000226
498    0.000489
499    0.000307
500    0.000319
501    0.000303
502    0.000330
503    0.000265
504    0.000424
505    0.000391
506    0.000253
507    0.000324
508    0.000351
509    0.000267
510    0.000326
511    0.000201
512    0.000303
513    0.000296
514    0.000194
515    0.000442
516    0.000389
517    0.000298
518    0.000330
519    0.000354
520    0.000360
521    0.000236
522    0.000275
523    0.000215
524    0.000347
525    0.000225
526    0.000357
527    0.000353
528    0.000242
529    0.000278
530    0.000325
531    0.000365
532    0.000249
533    0.000231
534    0.000340
535    0.000260
536    0.000331
537    0.000285
538    0.000426
539    0.000338
540    0.000299
541    0.000274
542    0.000238
543    0.000285
544    0.000294
545    0.000251
546    0.000355
547    0.000421
548    0.000295
549    0.000190
550    0.000326
551    0.000328
552    0.000302
553    0.000378
554    0.000357
555    0.000335
556    0.000317
557    0.000232
558    0.000430
559    0.000218
560    0.000263
561    0.000255
562    0.000368
563    0.000281
564    0.000202
565    0.000316
566    0.000271
567    0.000383
568    0.000193
569    0.000189
570    0.000325
571    0.000233
572    0.000162
573    0.000170
574    0.000398
575    0.000328
576    0.000253
577    0.000252
578    0.000261
579    0.000124
580    0.000223
581    0.000272
582    0.000346
583    0.000245
584    0.000270
585    0.000199
586    0.000280
587    0.000202
588    0.000189
589    0.000292
590    0.000472
591    0.000308
592    0.000197
593    0.000284
594    0.000317
595    0.000351
596    0.000150
597    0.000293
598    0.000231
599    0.000209
600    0.000364
601    0.000342
602    0.000233
603    0.000227
604    0.000308
605    0.000221
606    0.000147
607    0.000250
608    0.000194
609    0.000257
610    0.000317
611    0.000280
612    0.000346
613    0.000520
614    0.000169
615    0.000261
616    0.000243
617    0.000342
618    0.000201
619    0.000266
620    0.000286
621    0.000242
622    0.000326
623    0.000226
624    0.000498
625    0.000287
626    0.000242
627    0.000272
628    0.000225
629    0.000170
630    0.000359
631    0.000274
632    0.000302
633    0.000208
634    0.000215
635    0.000320
636    0.000260
637    0.000272
638    0.000362
639    0.000219
640    0.000254
641    0.000281
642    0.000230
643    0.000320
644    0.000240
645    0.000247
646    0.000250
647    0.000251
648    0.000186
649    0.000256
650    0.000280
651    0.000271
652    0.000258
653    0.000327
654    0.000212
655    0.000251
656    0.000254
657    0.000440
658    0.000337
659    0.000194
660    0.000212
661    0.000307
662    0.000238
663    0.000239
664    0.000317
665    0.000196
666    0.000317
667    0.000370
668    0.000256
669    0.000202
670    0.000235
671    0.000226
672    0.000316
673    0.000266
674    0.000213
675    0.000268
676    0.000192
677    0.000418
678    0.000236
679    0.000269
680    0.000173
681    0.000280
682    0.000315
683    0.000478
684    0.000136
685    0.000301
686    0.000305
687    0.000355
688    0.000390
689    0.000248
690    0.000351
691    0.000204
692    0.000272
693    0.000235
694    0.000282
695    0.000188
696    0.000182
697    0.000233
698    0.000214
699    0.000176
700    0.000284
701    0.000154
702    0.000207
703    0.000197
704    0.000139
705    0.000236
706    0.000217
707    0.000208
708    0.000161
709    0.000203
710    0.000203
711    0.000286
712    0.000231
713    0.000217
714    0.000239
715    0.000207
716    0.000148
717    0.000208
718    0.000217
719    0.000231
720    0.000273
721    0.000167
722    0.000355
723    0.000188
724    0.000207
725    0.000224
726    0.000321
727    0.000256
728    0.000275
729    0.000266
730    0.000212
731    0.000249
732    0.000414
733    0.000192
734    0.000216
735    0.000196
736    0.000200
737    0.000267
738    0.000232
739    0.000369
740    0.000223
741    0.000383
742    0.000203
743    0.000221
744    0.000151
745    0.000283
746    0.000137
747    0.000236
748    0.000215
749    0.000137
750    0.000195
751    0.000237
752    0.000280
753    0.000167
754    0.000249
755    0.000151
756    0.000378
757    0.000233
758    0.000156
759    0.000164
760    0.000187
761    0.000115
762    0.000157
763    0.000280
764    0.000283
765    0.000159
766    0.000198
767    0.000162
768    0.000227
769    0.000283
770    0.000091
771    0.000232
772    0.000330
773    0.000116
774    0.000170
775    0.000156
776    0.000234
777    0.000254
778    0.000141
779    0.000171
780    0.000143
781    0.000210
782    0.000259
783    0.000258
784    0.000259
785    0.000243
786    0.000212
787    0.000129
788    0.000307
789    0.000175
790    0.000240
791    0.000212
792    0.000247
793    0.000161
794    0.000273
795    0.000182
796    0.000089
797    0.000098
798    0.000174
799    0.000233
800    0.000173
801    0.000061
802    0.000355
803    0.000142
804    0.000261
805    0.000260
806    0.000187
807    0.000163
808    0.000191
809    0.000114
810    0.000179
811    0.000116
812    0.000152
813    0.000201
814    0.000161
815    0.000324
816    0.000117
817    0.000284
818    0.000265
819    0.000310
820    0.000144
821    0.000516
822    0.000340
823    0.000155
824    0.000099
825    0.000563
