  1    0.016730
  2    0.180997
  3    0.061175
  4    0.048647
  5    0.024971
  6    0.026181
  7    0.013238
  8    0.013524
  9    0.019041
 10    0.012271
 11    0.013891
 12    0.006552
 13    0.012712
 14    0.007164
 15    0.004738
 16    0.003541
 17    0.001455
 18    0.006289
 19    0.008104
 20    0.002136
 21    0.002536
 22    0.004619
 23    0.004742
 24    0.004445
 25    0.004722
 26    0.003366
 27    0.004235
 28    0.003318
 29    0.008426
 30    0.003293
 31    0.004965
 32    0.003075
 33    0.003261
 34    0.003514
 35    0.004574
 36    0.005457
 37    0.004557
 38    0.001619
 39    0.002284
 40    0.001148
 41    0.002013
 42    0.003326
 43    0.003149
 44    0.004173
 45    0.005076
 46    0.004301
 47    0.002935
 48    0.002331
 49    0.004127
 50    0.003091
 51    0.002239
 52    0.001390
 53    0.001803
 54    0.002501
 55    0.001349
 56    0.003949
 57    0.001113
 58    0.001543
 59    0.002442
 60    0.004730
 61    0.000866
 62    0.002123
 63    0.000840
 64    0.002937
 65    0.002282
 66    0.002328
 67    0.002591
 68    0.002122
 69    0.000611
 70    0.001158
 71    0.002210
 72    0.002258
 73    0.002572
 74    0.000937
 75    0.001119
 76    0.001501
 77    0.001199
 78    0.000968
 79    0.002730
 80    0.001081
 81    0.001168
 82    0.002817
 83    0.001707
 84    0.001305
 85    0.000944
 86    0.001191
 87    0.002189
 88    0.000842
 89    0.001249
 90    0.002358
 91    0.000900
 92    0.000896
 93    0.001306
 94    0.002403
 95    0.001214
 96    0.002073
 97    0.001450
 98    0.001028
 99    0.000832
100    0.002507
101    0.001357
102    0.001428
103    0.001842
104    0.001624
105    0.001780
106    0.001500
107    0.001263
108    0.001654
109    0.001392
110    0.001874
111    0.001439
112    0.001196
113    0.000989
114    0.001338
115    0.000519
116    0.000959
117    0.001634
118    0.000534
119    0.000532
120    0.001154
121    0.001075
122    0.000517
123    0.000696
124    0.000811
125    0.000887
126    0.002302
127    0.000540
128    0.001082
129    0.000753
130    0.000983
131    0.000700
132    0.002128
133    0.001825
134    0.000606
135    0.001761
136    0.001501
137    0.001523
138    0.000760
139    0.001694
140    0.001394
141    0.001009
142    0.000428
143    0.001552
144    0.001054
145    0.000461
146    0.000927
147    0.000730
148    0.001375
149    0.000861
150    0.000676
151    0.000493
152    0.000778
153    0.000634
154    0.000706
155    0.000640
156    0.000875
157    0.001137
158    0.000728
159    0.000933
160    0.000458
161    0.000804
162    0.000956
163    0.000759
164    0.001009
165    0.000823
166    0.000463
167    0.000317
168    0.000753
169    0.000380
170    0.000621
171    0.000783
172    0.000507
173    0.000557
174    0.000570
175    0.001322
176    0.000960
177    0.001664
178    0.001189
179    0.000943
180    0.000587
181    0.001224
182    0.000795
183    0.000329
184    0.000580
185    0.000672
186    0.000625
187    0.001468
188    0.000667
189    0.001264
190    0.000504
191    0.001344
192    0.000828
193    0.000954
194    0.000773
195    0.000865
196    0.000530
197    0.001080
198    0.001339
199    0.000802
200    0.000490
201    0.000544
202    0.000748
203    0.001089
204    0.001022
205    0.000459
206    0.000337
207    0.000338
208    0.000583
209    0.000413
210    0.000654
211    0.000754
212    0.000683
213    0.000608
214    0.000837
215    0.000766
216    0.000785
217    0.000538
218    0.000803
219    0.000944
220    0.000631
221    0.000894
222    0.000333
223    0.000329
224    0.000333
225    0.000376
226    0.000884
227    0.000557
228    0.000947
229    0.000451
230    0.000625
231    0.000731
232    0.000200
233    0.000403
234    0.001054
235    0.000414
236    0.000502
237    0.000671
238    0.000448
239    0.000547
240    0.000798
241    0.000606
242    0.000584
243    0.000756
244    0.000424
245    0.000678
246    0.001015
247    0.000582
248    0.000447
249    0.000628
250    0.000525
251    0.000686
252    0.000507
253    0.000316
254    0.000327
255    0.001370
256    0.000719
257    0.000621
258    0.000410
259    0.000614
260    0.000504
261    0.000300
262    0.000344
263    0.000753
264    0.000439
265    0.000317
266    0.000341
267    0.000435
268    0.000816
269    0.000620
270    0.000364
271    0.000638
272    0.000479
273    0.000365
274    0.000736
275    0.000408
276    0.000581
277    0.000359
278    0.000576
279    0.000609
280    0.001041
281    0.000382
282    0.000229
283    0.000637
284    0.000473
285    0.000294
286    0.000298
287    0.000513
288    0.000165
289    0.000386
290    0.000747
291    0.000502
292    0.000388
293    0.000521
294    0.000355
295    0.000367
296    0.000295
297    0.000200
298    0.000329
299    0.000546
300    0.000544
301    0.000366
302    0.000645
303    0.000655
304    0.000642
305    0.000281
306    0.000540
307    0.000279
308    0.000458
309    0.000746
310    0.000449
311    0.000824
312    0.000512
313    0.000461
314    0.000788
315    0.000763
316    0.000159
317    0.000461
318    0.000351
319    0.000174
320    0.000673
321    0.000517
322    0.000572
323    0.000405
324    0.000740
325    0.000499
326    0.000459
327    0.000607
328    0.000651
329    0.000525
330    0.000693
331    0.000626
332    0.000494
333    0.000435
334    0.000552
335    0.000919
336    0.000535
337    0.000277
338    0.000388
339    0.000413
340    0.000514
341    0.000786
342    0.000471
343    0.000494
344    0.000432
345    0.000315
346    0.000926
347    0.000434
348    0.000483
349    0.000517
350    0.000241
351    0.000500
352    0.000454
353    0.000350
354    0.000429
355    0.000380
356    0.000237
357    0.000399
358    0.000594
359    0.000361
360    0.000388
361    0.000348
362    0.000512
363    0.000543
364    0.000385
365    0.000483
366    0.000759
367    0.000434
368    0.001012
369    0.000561
370    0.000699
371    0.000786
372    0.000465
373    0.000394
374    0.000437
375    0.000223
376    0.000611
377    0.000857
378    0.000437
379    0.000732
380    0.000623
381    0.000331
382    0.000667
383    0.000394
384    0.000408
385    0.000513
386    0.000462
387    0.000459
388    0.000176
389    0.000298
390    0.000357
391    0.000343
392    0.000450
393    0.000442
394    0.000340
395    0.000145
396    0.000183
397    0.000369
398    0.000396
399    0.000382
400    0.000417
401    0.000472
402    0.000200
403    0.000623
404    0.000195
405    0.000488
406    0.000554
407    0.000472
408    0.000341
409    0.000491
410    0.000667
411    0.000674
412    0.000503
413    0.000398
414    0.000378
415    0.000232
416    0.000300
417    0.000134
418    0.000204
419    0.000178
420    0.000243
421    0.000411
422    0.000115
423    0.000379
424    0.000352
425    0.000294
426    0.000377
427    0.000390
428    0.000362
429    0.000334
430    0.000299
431    0.000169
432    0.000420
433    0.000257
434    0.000411
435    0.000407
436    0.000336
437    0.000190
438    0.000700
439    0.000527
440    0.000371
441    0.000265
442    0.000282
443    0.000424
444    0.000403
445    0.000385
446    0.000174
447    0.000269
448    0.000481
449    0.000483
450    0.000582
451    0.000128
452    0.000508
453    0.000386
454    0.000573
455    0.000328
456    0.000630
457    0.000228
458    0.000460
459    0.000513
460    0.000510
461    0.000326
462    0.000353
463    0.000456
464    0.000327
465    0.000412
466    0.000190
467    0.000238
468    0.000311
469    0.000230
470    0.000473
471    0.000532
472    0.000440
473    0.000450
474    0.000418
475    0.000364
476    0.000529
477    0.000514
478    0.000314
479    0.000321
480    0.000272
481    0.000428
482    0.000171
483    0.000142
484    0.000516
485    0.000167
486    0.000199
487    0.000317
488    0.000361
489    0.000445
490    0.000348
491    0.000475
492    0.000271
493    0.000228
494    0.000168
495    0.000535
496    0.000339
497    0.000183
498    0.000346
499    0.000387
500    0.000474
501    0.000262
502    0.000153
503    0.000353
504    0.000439
505    0.000318
506    0.000419
507    0.000376
508    0.000256
509    0.000234
510    0.000286
511    0.000234
512    0.000391
513    0.000365
514    0.000549
515    0.000461
516    0.000316
517    0.000217
518    0.000310
519    0.000269
520    0.000237
521    0.000230
522    0.000313
523    0.000468
524    0.000223
525    0.000343
526    0.000299
527    0.000316
528    0.000202
529    0.000346
530    0.000294
531    0.000357
532    0.000344
533    0.000446
534    0.000372
535    0.000235
536    0.000149
537    0.000271
538    0.000305
539    0.000216
540    0.000231
541    0.000380
542    0.000123
543    0.000328
544    0.000381
545    0.000291
546    0.000158
547    0.000455
548    0.000300
549    0.000358
550    0.000316
551    0.000305
552    0.000143
553    0.000301
554    0.000159
555    0.000300
556    0.000217
557    0.000202
558    0.000198
559    0.000134
560    0.000197
561    0.000215
562    0.000204
563    0.000225
564    0.000269
565    0.000349
566    0.000225
567    0.000378
568    0.000260
569    0.000145
570    0.000077
571    0.000361
572    0.000340
573    0.000131
574    0.000113
575    0.000209
576    0.000191
577    0.000353
578    0.000250
579    0.000270
580    0.000278
581    0.000198
582    0.000210
583    0.000182
584    0.000166
585    0.000214
586    0.000277
587    0.000281
588    0.000262
589    0.000111
590    0.000182
591    0.000169
592    0.000294
593    0.000198
594    0.000108
595    0.000109
596    0.000318
597    0.000289
598    0.000415
599    0.000315
600    0.000222
601    0.000322
602    0.000154
603    0.000526
604    0.000273
605    0.000212
606    0.000293
607    0.000306
608    0.000277
609    0.000432
610    0.000247
611    0.000178
612    0.000355
613    0.000179
614    0.000118
615    0.000220
616    0.000256
617    0.000146
618    0.000059
619    0.000276
620    0.000093
621    0.000144
622    0.000209
623    0.000230
624    0.000160
625    0.000345
626    0.000189
627    0.000342
628    0.000274
629    0.000183
630    0.000207
631    0.000220
632    0.000278
633    0.000158
634    0.000442
635    0.000329
636    0.000345
637    0.000172
638    0.000309
639    0.000180
640    0.000174
641    0.000110
642    0.000294
643    0.000242
644    0.000146
645    0.000303
646    0.000092
647    0.000115
648    0.000340
649    0.000270
650    0.000261
651    0.000204
652    0.000177
653    0.000232
654    0.000252
655    0.000183
656    0.000250
657    0.000194
658    0.000222
659    0.000314
660    0.000257
661    0.000160
662    0.000128
663    0.000147
664    0.000169
665    0.000176
666    0.000296
667    0.000507
668    0.000139
669    0.000380
670    0.000227
671    0.000237
672    0.000227
673    0.000243
674    0.000190
675    0.000108
676    0.000289
677    0.000351
678    0.000184
679    0.000134
680    0.000194
681    0.000649
682    0.000289
683    0.000237
684    0.000287
685    0.000288
686    0.000298
687    0.000067
688    0.000154
689    0.000223
690    0.000252
691    0.000135
692    0.000440
693    0.000240
694    0.000222
695    0.000310
696    0.000153
697    0.000183
698    0.000260
699    0.000096
700    0.000233
701    0.000093
702    0.000137
703    0.000164
704    0.000234
705    0.000303
706    0.000172
707    0.000324
708    0.000303
709    0.000101
710    0.000252
711    0.000138
712    0.000301
713    0.000124
714    0.000163
715    0.000215
716    0.000196
717    0.000242
718    0.000262
719    0.000139
720    0.000212
721    0.000123
722    0.000143
723    0.000319
724    0.000271
725    0.000343
726    0.000197
727    0.000274
728    0.000181
729    0.000240
730    0.000222
731    0.000278
732    0.000335
733    0.000148
734    0.000050
735    0.000107
736    0.000167
737    0.000245
738    0.000211
739    0.000366
740    0.000094
741    0.000157
742    0.000227
743    0.000135
744    0.000317
745    0.000232
746    0.000155
747    0.000087
748    0.000226
749    0.000344
750    0.000330
751    0.000243
752    0.000233
753    0.000177
754    0.000199
755    0.000312
756    0.000049
757    0.000267
758    0.000084
759    0.000106
760    0.000218
761    0.000161
762    0.000263
763    0.000223
764    0.000191
765    0.000137
766    0.000258
767    0.000306
768    0.000252
769    0.000169
770    0.000178
771    0.000124
772    0.000073
773    0.000246
774    0.000059
775    0.000113
776    0.000171
777    0.000129
778    0.000247
779    0.000207
780    0.000200
781    0.000225
782    0.000133
783    0.000182
784    0.000252
785    0.000165
786    0.000133
787    0.000153
788    0.000044
789    0.000063
790    0.000152
791    0.000073
792    0.000082
793    0.000041
794    0.000220
795    0.000386
796    0.000339
797    0.000279
798    0.000287
799    0.000186
800    0.000092
801    0.000090
802    0.000156
803    0.000073
804    0.000136
805    0.000119
806    0.000067
807    0.000051
808    0.000288
809    0.000079
810    0.000096
811    0.000187
812    0.000143
813    0.000029
814    0.000171
815    0.000149
816    0.000124
817    0.000241
818    0.000134
819    0.000405
820    0.000293
821    0.000320
822    0.000348
823    0.000234
824    0.000101
825    0.000563
