           1   15.659050044597478     
           2   3.0531382219932706     
           3   3.3977741632674796     
           4   3.6161855050276737     
           5   2.5290795381496429     
           6   3.4781702062814768     
           7   5.3370217409735625     
           8   6.4095455250839137     
           9   4.3882128212932816     
          10   3.7759042175596527     
          11   5.7461799376344205     
          12   5.5038341765080876     
          13   7.4951420870854593     
          14   8.8764523030424449     
          15   8.5074577121670210     
          16   8.5399915844387877     
          17   12.161918021217808     
          18   13.302221157788182     
          19   16.121742488797320     
          20   16.031981772200069     
          21   9.9968987155564655     
          22   8.0986527040480656     
          23   7.6064926716236743     
          24   5.3646426071276458     
          25   4.1892514493210182     
          26   3.4165407017484095     
          27   3.1856960600636315     
          28   3.3240153172342772     
          29   2.8799914885771933     
          30   5.6601556541266138     
          31   7.8284346593121112     
          32   15.234538423272515     
          33   29.417027492831728     
          34   22.504357886960918     
          35   20.887751478662764     
          36   13.257541748514107     
          37   7.0250539000703718     
          38   4.7547682907455968     
          39   2.9058399622114477     
          40   1.6726308317897622     
          41   2.1252664939114343     
          42   2.5302992776875559     
          43   3.5211617722526865     
          44   3.7858323354079881     
          45   4.8784585409403052     
          46   7.6826772595954598     
          47   7.7042050834655429     
          48   10.315563696498890     
          49   8.5216185293511657     
          50   12.442724929288000     
          51   11.411461535122706     
          52   10.723323867816037     
          53   7.0051727084885052     
          54   4.8105871258476682     
          55   5.2212198149587508     
          56   4.4450808658502652     
          57   2.5889224867594312     
          58   2.6188132722454589     
          59   2.7806795236062474     
          60   2.1567054424842453     
          61   1.7695755719459472     
          62   2.8127864956760189     
          63   2.3159445455687351     
          64   1.7888506760180416     
          65   1.7946990490552130     
          66   2.6236776861366851     
          67   2.1065454935642842     
          68   2.4229745235875928     
          69   1.7604736827149345     
          70   1.9681460563310313     
          71   1.4062392367871563     
          72   1.3589563226947210     
          73   1.5202933726603713     
          74   1.8180914262281382     
          75   1.7086156144525486     
          76   1.6975432562732951     
          77   1.6044581561165625     
          78   1.5027873328502874     
          79   2.3525015337434363     
          80   3.8918652740163200     
          81   6.2395301297192987     
          82   13.617261993247025     
          83   4.4187691005756937     
          84   2.5572816611403928     
          85   2.3073213322730446     
          86   1.6193827233249545     
          87   1.4337568750499663     
          88   1.8504533582163545     
          89   2.0897624696639276     
          90   2.4848299090107080     
          91   2.2827499457389488     
          92   3.4692988930524358     
          93   2.5909882937792417     
          94   2.5695835492610279     
          95   2.0818910954023417     
          96   1.6917303320474490     
          97   1.8679341878129117     
          98   2.3926208669881466     
          99   2.6622836753702792     
         100   2.1236873853900504     
         101   2.5712814897713154     
         102   4.4466681893931721     
         103   3.6659962265943333     
         104   3.4315063437878148     
         105   6.5439153585017680     
         106   6.3891996985944832     
         107   3.7806100483219400     
         108   3.5145870068955052     
         109   2.3274013215107399     
         110   2.0543045235567141     
         111   2.1060609045594143     
         112   1.4899549350562662     
         113   1.4843896886341987     
         114   1.5472313897337724     
         115   1.5375218805016084     
         116   1.1130138108747314     
         117   1.4205446254788658     
         118   1.3698544271831157     
         119   1.0498418603335071     
         120   1.1270896976656848     
         121   1.2475607362493295     
         122   1.3362588963806310     
         123   1.0156728887644524     
         124   1.8103399551726067     
         125   1.4427740075705286     
         126   1.5373097564313567     
         127   1.8047565500352680     
         128   3.3606592728768505     
         129   2.5326658943775890     
         130   2.4302969733423132     
         131   1.8522408779291679     
         132   1.3418520540126377     
         133   1.3372219233723746     
         134   1.5085157066139652     
         135   1.4926143573437596     
         136   1.2386218101422926     
         137   1.6215221945766094     
         138   1.7247394510713203     
         139   2.0556604136992895     
         140   1.6769827865884899     
         141   1.3675459105483334     
         142   1.5834402559336249     
         143   1.7018795692133601     
         144   2.0617138829187338     
         145   3.2237422468290666     
         146   2.9679017555186213     
         147   2.7777676932628181     
         148   1.9274965646457212     
         149   1.3881355035709086     
         150   1.3119558994149816     
         151   1.3682038969334795     
         152   1.7740222621494397     
         153   1.9218553825186164     
         154   1.7913106596210964     
         155   2.1281120355876171     
         156   2.2339410971799492     
         157   1.9031776964210805     
         158   2.2612435245936018     
         159   2.6363536013626510     
         160   4.0542226769184397     
         161   6.7597245204183949     
         162   8.3962885754704235     
         163   12.786916571853627     
         164   7.3277145376092960     
         165   5.6856773575312802     
         166   4.7466749557995742     
         167   6.4640811323459184     
         168   6.1070240042232458     
         169   9.6407471590717027     
         170   13.610339472396172     
         171   18.867790589506370     
         172   41.720539563605129     
         173   18.530791766559190     
         174   8.0593581802005225     
         175   3.9684167831098640     
         176   2.6835764609980091     
         177   2.6141508026150944     
         178   1.4722603598247010     
         179   1.3843606148416678     
         180   1.2082778298048111     
         181   1.9493987218709061     
         182   2.0361117323704598     
         183   2.2106527725530865     
         184   2.7956320524518272     
         185   4.5593307131101932     
         186   4.8352572506551539     
         187   4.2854109504448807     
         188   2.8252652925101045     
         189   1.7738415201890869     
         190   1.5126663169705150     
         191   1.2989185133870265     
         192   1.3062738770622904     
         193   1.0406942759344582     
         194  0.98921097210537867     
         195  0.88436506211182753     
         196  0.93341862273383880     
         197  0.92950892740067059     
         198  0.84189477975856097     
         199   1.2433967727377939     
         200  0.90192551432898227     
         201   1.2364581216918098     
         202   1.1450053882879871     
         203   1.1770315862620628     
         204   1.3288663987724965     
         205   1.2379842595464874     
         206   1.6571617147747633     
         207   2.0651834618965843     
         208   2.1703020623552933     
         209   1.7998766403108717     
         210   3.0573668088653783     
         211   4.3952677847128063     
         212   2.6365872356512465     
         213   3.5948958753161113     
         214   11.339309925440187     
         215   16.966478509832736     
         216   7.3418877964026219     
         217   7.9544884374627340     
         218   4.9735745418102537     
         219   5.9177652368242937     
         220   5.2931726848938876     
         221   3.2313105588936430     
         222   3.5620922240131025     
         223   5.2170195320744313     
         224   4.4552477306721858     
         225   3.2977363594175300     
         226   4.0057714109069238     
         227   5.9955826235135179     
         228   4.4097421738069293     
         229   5.5203283026507464     
         230   3.9029060200068662     
         231   2.7955777726805722     
         232   6.1939412918840366     
         233   2.9151043673584489     
         234   2.3149435309170832     
         235   3.7256249001795183     
         236   2.9190642204054256     
         237   2.4535236796551056     
         238   2.4264700744753993     
         239   3.0757294238150887     
         240   3.6111415474830708     
         241   2.4706451996655812     
         242   2.1586581889017133     
         243   2.9506326035083683     
         244   1.9511116430330671     
         245   1.8121858669522126     
         246   1.8808719878073852     
         247   1.7272320129057801     
         248   1.1786234050525055     
         249   1.2933800969726121     
         250   1.9417767182588663     
         251   2.3061376650079977     
         252   4.0311250097059546     
         253   1.6523133917964032     
         254   3.2634898209423282     
         255   2.8800974465935703     
         256   1.5519305328282735     
         257   1.6415839185310435     
         258   1.7908460168109892     
         259   1.1045325091324600     
         260   1.7368009298407763     
         261   2.1167234182214090     
         262   1.4133385826333078     
         263   1.4253996763333279     
         264   2.4064441023094538     
         265   2.2044536254274094     
         266   1.4974998139014675     
         267   1.9623231336670508     
         268   3.3010299705364949     
         269   2.1613045131044286     
         270   1.8723385060348787     
         271   3.7619280838918163     
         272   3.2399057673420333     
         273   2.1069994563963648     
         274   2.9096851571257827     
         275   3.6659809668081120     
         276   2.2169001395213286     
         277   1.9865620245696030     
