  1    0.028570
  2    0.051591
  3    0.050386
  4    0.035583
  5    0.028716
  6    0.011691
  7    0.020453
  8    0.002255
  9    0.008586
 10    0.008019
 11    0.013344
 12    0.020643
 13    0.005245
 14    0.007728
 15    0.012746
 16    0.004841
 17    0.009304
 18    0.010093
 19    0.003716
 20    0.005386
 21    0.006796
 22    0.011100
 23    0.003212
 24    0.005393
 25    0.009119
 26    0.004440
 27    0.000911
 28    0.006589
 29    0.007321
 30    0.005507
 31    0.003962
 32    0.001767
 33    0.004889
 34    0.004260
 35    0.005075
 36    0.006855
 37    0.001976
 38    0.004239
 39    0.003957
 40    0.005230
 41    0.003874
 42    0.004006
 43    0.002838
 44    0.001841
 45    0.003301
 46    0.005611
 47    0.002736
 48    0.003725
 49    0.005107
 50    0.003459
 51    0.003258
 52    0.005827
 53    0.004321
 54    0.004491
 55    0.001659
 56    0.001955
 57    0.003087
 58    0.002411
 59    0.003553
 60    0.001505
 61    0.002347
 62    0.001795
 63    0.003777
 64    0.001573
 65    0.003718
 66    0.002904
 67    0.001192
 68    0.001847
 69    0.001978
 70    0.002090
 71    0.001978
 72    0.001544
 73    0.004042
 74    0.002045
 75    0.001818
 76    0.001533
 77    0.002510
 78    0.001427
 79    0.001938
 80    0.001933
 81    0.001319
 82    0.001519
 83    0.002340
 84    0.001894
 85    0.005158
 86    0.002263
 87    0.002534
 88    0.003009
 89    0.002632
 90    0.003788
 91    0.001391
 92    0.002477
 93    0.003065
 94    0.001892
 95    0.002643
 96    0.002178
 97    0.004114
 98    0.002147
 99    0.001638
100    0.001840
101    0.002027
102    0.001634
103    0.002065
104    0.000802
105    0.001730
106    0.002121
107    0.001383
108    0.003976
109    0.001205
110    0.001276
111    0.001335
112    0.001521
113    0.001880
114    0.001188
115    0.001195
116    0.000820
117    0.001396
118    0.000880
119    0.000982
120    0.002069
121    0.001299
122    0.002408
123    0.001436
124    0.001497
125    0.002688
126    0.002087
127    0.001096
128    0.001706
129    0.001154
130    0.001290
131    0.001056
132    0.002049
133    0.001660
134    0.001283
135    0.001438
136    0.000968
137    0.001663
138    0.000931
139    0.001570
140    0.001876
141    0.000534
142    0.000895
143    0.001199
144    0.001241
145    0.000906
146    0.001490
147    0.000827
148    0.000728
149    0.001467
150    0.000758
151    0.001569
152    0.001188
153    0.001175
154    0.001185
155    0.001128
156    0.000466
157    0.001579
158    0.000761
159    0.000582
160    0.001168
161    0.001392
162    0.000714
163    0.001266
164    0.001188
165    0.001025
166    0.001455
167    0.000441
168    0.000990
169    0.000832
170    0.000684
171    0.000898
172    0.001220
173    0.001003
174    0.000650
175    0.000554
176    0.000439
177    0.000994
178    0.000765
179    0.000740
180    0.001309
181    0.001157
182    0.000634
183    0.000707
184    0.000650
185    0.000961
186    0.000869
187    0.000554
188    0.000504
189    0.002202
190    0.000966
191    0.001331
192    0.000612
193    0.001065
194    0.000678
195    0.001331
196    0.000924
197    0.001562
198    0.001212
199    0.000753
200    0.001206
201    0.000672
202    0.000736
203    0.001132
204    0.000990
205    0.001173
206    0.000508
207    0.000753
208    0.000612
209    0.001495
210    0.001041
211    0.000751
212    0.000873
213    0.000839
214    0.000657
215    0.000870
216    0.001237
217    0.000727
218    0.000857
219    0.000781
220    0.000547
221    0.000865
222    0.000998
223    0.000721
224    0.000789
225    0.001115
226    0.000545
227    0.000545
228    0.001121
229    0.000834
230    0.000932
231    0.001135
232    0.001183
233    0.000778
234    0.000445
235    0.001204
236    0.000876
237    0.000873
238    0.000573
239    0.000590
240    0.000625
241    0.000884
242    0.001138
243    0.000842
244    0.001215
245    0.000742
246    0.000514
247    0.000766
248    0.000970
249    0.000925
250    0.001217
251    0.000488
252    0.000456
253    0.000594
254    0.000540
255    0.000586
256    0.000470
257    0.000672
258    0.000623
259    0.000979
260    0.000644
261    0.000817
262    0.000573
263    0.000743
264    0.001051
265    0.000574
266    0.000696
267    0.000655
268    0.000568
269    0.000540
270    0.000607
271    0.000842
272    0.000681
273    0.000449
274    0.001080
275    0.000709
276    0.000741
277    0.001215
278    0.000762
279    0.000510
280    0.000535
281    0.000528
282    0.000591
283    0.000588
284    0.000486
285    0.000449
286    0.001277
287    0.000613
288    0.000794
289    0.000665
290    0.000933
291    0.000759
292    0.001108
293    0.000390
294    0.000641
295    0.000919
296    0.000963
297    0.000501
298    0.000576
299    0.000372
300    0.000999
301    0.000787
302    0.000552
303    0.000621
304    0.000332
305    0.000484
306    0.000869
307    0.000499
308    0.000240
309    0.000669
310    0.000493
311    0.000486
312    0.000702
313    0.000394
314    0.000704
315    0.000386
316    0.000761
317    0.000854
318    0.000570
319    0.000557
320    0.000653
321    0.000407
322    0.000814
323    0.000312
324    0.000674
325    0.000576
326    0.000718
327    0.000692
328    0.000429
329    0.000673
330    0.000556
331    0.000308
332    0.000406
333    0.000479
334    0.000815
335    0.000447
336    0.000484
337    0.000488
338    0.000503
339    0.000595
340    0.000212
341    0.000437
342    0.000584
343    0.000488
344    0.000381
345    0.000781
346    0.000683
347    0.000524
348    0.000749
349    0.000769
350    0.000525
351    0.000533
352    0.000784
353    0.000500
354    0.000591
355    0.000566
356    0.000432
357    0.000219
358    0.000297
359    0.000338
360    0.000609
361    0.000307
362    0.000356
363    0.000755
364    0.000870
365    0.000582
366    0.000747
367    0.000562
368    0.000745
369    0.000366
370    0.001029
371    0.001043
372    0.000819
373    0.000884
374    0.000588
375    0.000907
376    0.000503
377    0.000449
378    0.000566
379    0.000402
380    0.000489
381    0.000302
382    0.000801
383    0.000663
384    0.001298
385    0.000429
386    0.000586
387    0.000852
388    0.000635
389    0.000680
390    0.001272
391    0.000534
392    0.000374
393    0.000514
394    0.000593
395    0.000634
396    0.000359
397    0.000625
398    0.000961
399    0.000542
400    0.000545
401    0.000723
402    0.000623
403    0.000474
404    0.000283
405    0.000508
406    0.000372
407    0.000282
408    0.000633
409    0.000412
410    0.000298
411    0.000322
412    0.000697
413    0.000341
414    0.000402
415    0.000390
416    0.000484
417    0.000458
418    0.000569
419    0.000315
420    0.000344
421    0.000554
422    0.000378
423    0.000593
424    0.000492
425    0.000598
426    0.000300
427    0.000347
428    0.000463
429    0.000213
430    0.000330
431    0.000190
432    0.000483
433    0.000647
434    0.000593
435    0.000616
436    0.000567
437    0.000472
438    0.000289
439    0.000347
440    0.000476
441    0.000417
442    0.000170
443    0.000299
444    0.000647
445    0.000499
446    0.000317
447    0.000386
448    0.000633
449    0.000719
450    0.000292
451    0.000307
452    0.000375
453    0.000469
454    0.000320
455    0.000877
456    0.000641
457    0.000510
458    0.000561
459    0.000402
460    0.000524
461    0.000380
462    0.000553
463    0.000481
464    0.000443
465    0.000467
466    0.000377
467    0.000403
468    0.000800
469    0.000364
470    0.000379
471    0.000227
472    0.000683
473    0.000225
474    0.000441
475    0.000286
476    0.000544
477    0.000330
478    0.000302
479    0.000329
480    0.000372
481    0.000519
482    0.000477
483    0.000381
484    0.000361
485    0.000506
486    0.000360
487    0.000402
488    0.000391
489    0.000500
490    0.000338
491    0.000358
492    0.000528
493    0.000281
494    0.000411
495    0.000393
496    0.000294
497    0.000367
498    0.000363
499    0.000231
500    0.000469
501    0.000320
502    0.000494
503    0.000716
504    0.000472
505    0.000304
506    0.000392
507    0.000340
508    0.000488
509    0.000517
510    0.000478
511    0.000810
512    0.000285
513    0.000493
514    0.000366
515    0.000350
516    0.000242
517    0.000242
518    0.000237
519    0.000257
520    0.000380
521    0.000286
522    0.000400
523    0.000305
524    0.000192
525    0.000418
526    0.000524
527    0.000357
528    0.000317
529    0.000601
530    0.000266
531    0.000338
532    0.000232
533    0.000984
534    0.000246
535    0.000522
536    0.000809
537    0.000503
538    0.000186
539    0.000136
540    0.000323
541    0.000194
542    0.000284
543    0.000303
544    0.000297
545    0.000425
546    0.000253
547    0.000329
548    0.000254
549    0.000277
550    0.000405
551    0.000240
552    0.000353
553    0.000222
554    0.000395
555    0.000356
556    0.000218
557    0.000203
558    0.000329
559    0.000270
560    0.000425
561    0.000408
562    0.000407
563    0.000379
564    0.000655
565    0.000218
566    0.000409
567    0.000332
568    0.000179
569    0.000367
570    0.000273
571    0.000198
572    0.000372
573    0.000233
574    0.000234
575    0.000291
576    0.000319
577    0.000447
578    0.000200
579    0.000445
580    0.000267
581    0.000260
582    0.000182
583    0.000178
584    0.000274
585    0.000292
586    0.000347
587    0.000154
588    0.000332
589    0.000352
590    0.000229
591    0.000377
592    0.000209
593    0.000326
594    0.000513
595    0.000249
596    0.000497
597    0.000354
598    0.000198
599    0.000243
600    0.000172
601    0.000442
602    0.000260
603    0.000354
604    0.000319
605    0.000420
606    0.000349
607    0.000180
608    0.000232
609    0.000254
610    0.000353
611    0.000470
612    0.000239
613    0.000214
614    0.000184
615    0.000328
616    0.000350
617    0.000369
618    0.000286
619    0.000326
620    0.000348
621    0.000308
622    0.000208
623    0.000301
624    0.000187
625    0.000283
626    0.000303
627    0.000363
628    0.000266
629    0.000356
630    0.000256
631    0.000253
632    0.000320
633    0.000278
634    0.000144
635    0.000358
636    0.000336
637    0.000356
638    0.000234
639    0.000408
640    0.000332
641    0.000354
642    0.000326
643    0.000320
644    0.000259
645    0.000255
646    0.000347
647    0.000415
648    0.000300
649    0.000254
650    0.000365
651    0.000389
652    0.000317
653    0.000266
654    0.000585
655    0.000235
656    0.000348
657    0.000269
658    0.000214
659    0.000357
660    0.000573
661    0.000172
662    0.000160
663    0.000259
664    0.000216
665    0.000339
666    0.000325
667    0.000255
668    0.000273
669    0.000118
670    0.000317
671    0.000344
672    0.000403
673    0.000307
674    0.000098
675    0.000424
676    0.000379
677    0.000264
678    0.000263
679    0.000139
680    0.000232
681    0.000369
682    0.000132
683    0.000156
684    0.000331
685    0.000400
686    0.000416
687    0.000262
688    0.000242
689    0.000178
690    0.000425
691    0.000301
692    0.000306
693    0.000475
694    0.000335
695    0.000263
696    0.000164
697    0.000152
698    0.000164
699    0.000443
700    0.000259
701    0.000149
702    0.000225
703    0.000141
704    0.000146
705    0.000346
706    0.000212
707    0.000205
708    0.000182
709    0.000140
710    0.000233
711    0.000250
712    0.000200
713    0.000163
714    0.000303
715    0.000315
716    0.000340
717    0.000154
718    0.000243
719    0.000179
720    0.000426
721    0.000348
722    0.000191
723    0.000261
724    0.000305
725    0.000238
726    0.000288
727    0.000252
728    0.000351
729    0.000245
730    0.000272
731    0.000289
732    0.000297
733    0.000260
734    0.000242
735    0.000103
736    0.000231
737    0.000294
738    0.000172
739    0.000359
740    0.000113
741    0.000246
742    0.000218
743    0.000281
744    0.000280
745    0.000421
746    0.000187
747    0.000175
748    0.000254
749    0.000261
750    0.000167
751    0.000134
752    0.000253
753    0.000280
754    0.000223
755    0.000174
756    0.000262
757    0.000157
758    0.000215
759    0.000165
760    0.000154
761    0.000256
762    0.000154
763    0.000267
764    0.000265
765    0.000247
766    0.000213
767    0.000095
768    0.000354
769    0.000319
770    0.000264
771    0.000219
772    0.000098
773    0.000211
774    0.000330
775    0.000373
776    0.000269
777    0.000242
778    0.000202
779    0.000208
780    0.000242
781    0.000243
782    0.000159
783    0.000140
784    0.000252
785    0.000396
786    0.000051
787    0.000232
788    0.000211
789    0.000428
790    0.000097
791    0.000518
792    0.000149
793    0.000312
794    0.000210
795    0.000220
796    0.000267
797    0.000165
798    0.000125
799    0.000344
800    0.000270
801    0.000217
802    0.000236
803    0.000292
804    0.000059
805    0.000289
806    0.000261
807    0.000025
808    0.000179
809    0.000153
810    0.000093
811    0.000124
812    0.000330
813    0.000085
814    0.000076
815    0.000169
816    0.000135
817    0.000311
818    0.000143
819    0.000100
820    0.000062
821    0.000293
822    0.000287
823    0.000488
824    0.000489
825    0.000556
