  1    0.058739
  2    0.063490
  3    0.036919
  4    0.025137
  5    0.019939
  6    0.020110
  7    0.009507
  8    0.006683
  9    0.020648
 10    0.006521
 11    0.011491
 12    0.008180
 13    0.005701
 14    0.007632
 15    0.008151
 16    0.006265
 17    0.007948
 18    0.004248
 19    0.005739
 20    0.009865
 21    0.007568
 22    0.009487
 23    0.009235
 24    0.008685
 25    0.003586
 26    0.006999
 27    0.006129
 28    0.005956
 29    0.003487
 30    0.004880
 31    0.005948
 32    0.001784
 33    0.008258
 34    0.005487
 35    0.002928
 36    0.006114
 37    0.004897
 38    0.005034
 39    0.004914
 40    0.002334
 41    0.003458
 42    0.002449
 43    0.004053
 44    0.005738
 45    0.004077
 46    0.005532
 47    0.002183
 48    0.005052
 49    0.003116
 50    0.002439
 51    0.002911
 52    0.002400
 53    0.003662
 54    0.002792
 55    0.001612
 56    0.001624
 57    0.001921
 58    0.002215
 59    0.004726
 60    0.001711
 61    0.001936
 62    0.001166
 63    0.003474
 64    0.002291
 65    0.001022
 66    0.001692
 67    0.001017
 68    0.001497
 69    0.002358
 70    0.002000
 71    0.001210
 72    0.002848
 73    0.001135
 74    0.000840
 75    0.002958
 76    0.000902
 77    0.002278
 78    0.001910
 79    0.001609
 80    0.002821
 81    0.002219
 82    0.001242
 83    0.001951
 84    0.001983
 85    0.002092
 86    0.001399
 87    0.002342
 88    0.001627
 89    0.003164
 90    0.003016
 91    0.002405
 92    0.001392
 93    0.001303
 94    0.001876
 95    0.001208
 96    0.001520
 97    0.001643
 98    0.003384
 99    0.000978
100    0.000913
101    0.001036
102    0.001100
103    0.000959
104    0.001727
105    0.003220
106    0.002726
107    0.001167
108    0.001459
109    0.002246
110    0.001299
111    0.002427
112    0.001371
113    0.000811
114    0.000509
115    0.000631
116    0.001238
117    0.000766
118    0.001281
119    0.003583
120    0.001657
121    0.001251
122    0.000745
123    0.001808
124    0.001543
125    0.001432
126    0.000436
127    0.000724
128    0.001275
129    0.001071
130    0.001854
131    0.001355
132    0.000483
133    0.001103
134    0.000668
135    0.001376
136    0.001630
137    0.001345
138    0.000922
139    0.001153
140    0.001297
141    0.000897
142    0.001165
143    0.001283
144    0.000713
145    0.001054
146    0.001636
147    0.001085
148    0.001901
149    0.001609
150    0.001485
151    0.000765
152    0.001478
153    0.001221
154    0.000287
155    0.001198
156    0.001683
157    0.000454
158    0.000350
159    0.000549
160    0.000626
161    0.000677
162    0.001072
163    0.000508
164    0.001190
165    0.001208
166    0.001500
167    0.001020
168    0.000868
169    0.001948
170    0.001794
171    0.001712
172    0.001144
173    0.000652
174    0.001451
175    0.000989
176    0.000808
177    0.001107
178    0.001199
179    0.001856
180    0.000700
181    0.000964
182    0.001075
183    0.001134
184    0.000589
185    0.000442
186    0.000869
187    0.001243
188    0.001417
189    0.001288
190    0.001014
191    0.000687
192    0.001084
193    0.000710
194    0.001455
195    0.000923
196    0.001148
197    0.001140
198    0.002520
199    0.001099
200    0.001322
201    0.000760
202    0.001384
203    0.000903
204    0.000743
205    0.001011
206    0.001042
207    0.000621
208    0.000917
209    0.000955
210    0.001258
211    0.000877
212    0.000425
213    0.000861
214    0.001030
215    0.002408
216    0.001245
217    0.000620
218    0.000568
219    0.001014
220    0.000659
221    0.001218
222    0.000499
223    0.001230
224    0.000457
225    0.000801
226    0.001022
227    0.000451
228    0.001113
229    0.000572
230    0.001257
231    0.000638
232    0.000864
233    0.000628
234    0.001138
235    0.001176
236    0.001770
237    0.000903
238    0.001021
239    0.001150
240    0.000434
241    0.001344
242    0.000754
243    0.001248
244    0.000810
245    0.000162
246    0.000512
247    0.001235
248    0.000378
249    0.000983
250    0.000406
251    0.001084
252    0.000722
253    0.001099
254    0.000567
255    0.000770
256    0.000660
257    0.000825
258    0.001410
259    0.000683
260    0.000400
261    0.000606
262    0.000295
263    0.000896
264    0.000608
265    0.000670
266    0.000879
267    0.000769
268    0.000702
269    0.000488
270    0.000971
271    0.000406
272    0.000676
273    0.000453
274    0.000634
275    0.000676
276    0.000178
277    0.000502
278    0.000485
279    0.000506
280    0.000517
281    0.000737
282    0.000692
283    0.000911
284    0.000374
285    0.000286
286    0.000385
287    0.001139
288    0.000749
289    0.000662
290    0.000638
291    0.000426
292    0.000542
293    0.000581
294    0.000307
295    0.000730
296    0.000507
297    0.000377
298    0.000591
299    0.000473
300    0.000827
301    0.000491
302    0.000290
303    0.000562
304    0.000643
305    0.000583
306    0.000888
307    0.000506
308    0.000754
309    0.000365
310    0.000480
311    0.000480
312    0.000714
313    0.000623
314    0.000695
315    0.000420
316    0.000791
317    0.000634
318    0.000621
319    0.000784
320    0.000641
321    0.001023
322    0.000640
323    0.000536
324    0.000708
325    0.001321
326    0.000304
327    0.000806
328    0.000689
329    0.000422
330    0.000692
331    0.000501
332    0.000660
333    0.000630
334    0.000508
335    0.000581
336    0.000436
337    0.000934
338    0.000473
339    0.000704
340    0.000344
341    0.000597
342    0.000541
343    0.000441
344    0.000969
345    0.000611
346    0.001392
347    0.000529
348    0.000419
349    0.000995
350    0.000662
351    0.000392
352    0.000685
353    0.000410
354    0.000601
355    0.000642
356    0.000746
357    0.000477
358    0.001097
359    0.001063
360    0.000963
361    0.000718
362    0.000246
363    0.000367
364    0.000739
365    0.000575
366    0.000767
367    0.000476
368    0.000592
369    0.000377
370    0.000306
371    0.000348
372    0.000659
373    0.000824
374    0.000680
375    0.000812
376    0.000383
377    0.000669
378    0.000938
379    0.000593
380    0.000303
381    0.000654
382    0.000381
383    0.000559
384    0.001029
385    0.000357
386    0.000644
387    0.000603
388    0.000636
389    0.000461
390    0.000640
391    0.000433
392    0.000757
393    0.000562
394    0.000768
395    0.000375
396    0.000473
397    0.000115
398    0.000227
399    0.000626
400    0.000341
401    0.000404
402    0.000334
403    0.001020
404    0.000920
405    0.000723
406    0.000669
407    0.000610
408    0.000572
409    0.000349
410    0.000867
411    0.000397
412    0.000574
413    0.000698
414    0.000560
415    0.000729
416    0.000734
417    0.000282
418    0.000648
419    0.000596
420    0.000700
421    0.000257
422    0.000748
423    0.000358
424    0.000454
425    0.000600
426    0.000378
427    0.000841
428    0.000440
429    0.000555
430    0.000350
431    0.000378
432    0.000293
433    0.000266
434    0.000668
435    0.000353
436    0.000482
437    0.000898
438    0.000680
439    0.000244
440    0.000805
441    0.000618
442    0.000599
443    0.000425
444    0.000570
445    0.000571
446    0.000151
447    0.000536
448    0.000634
449    0.000412
450    0.000441
451    0.000580
452    0.000552
453    0.000298
454    0.000489
455    0.000191
456    0.000875
457    0.000593
458    0.000189
459    0.000497
460    0.000375
461    0.000627
462    0.000270
463    0.000496
464    0.000217
465    0.000495
466    0.000348
467    0.000744
468    0.000334
469    0.000304
470    0.000471
471    0.000629
472    0.000250
473    0.000577
474    0.000341
475    0.000304
476    0.000535
477    0.000459
478    0.000759
479    0.000508
480    0.000452
481    0.000617
482    0.000200
483    0.000669
484    0.000476
485    0.000356
486    0.000182
487    0.000441
488    0.000486
489    0.000296
490    0.000626
491    0.000681
492    0.000614
493    0.000408
494    0.000483
495    0.000331
496    0.000521
497    0.000305
498    0.000382
499    0.000480
500    0.000410
501    0.000350
502    0.000565
503    0.000208
504    0.000457
505    0.000448
506    0.000498
507    0.000511
508    0.000264
509    0.000368
510    0.000414
511    0.000509
512    0.000375
513    0.000426
514    0.000710
515    0.000475
516    0.000314
517    0.000291
518    0.000489
519    0.000476
520    0.000251
521    0.000443
522    0.000370
523    0.000437
524    0.000625
525    0.000263
526    0.000462
527    0.000637
528    0.000627
529    0.000832
530    0.000347
531    0.000679
532    0.000467
533    0.000430
534    0.000556
535    0.000379
536    0.000189
537    0.000250
538    0.000245
539    0.000465
540    0.000546
541    0.000333
542    0.000220
543    0.000437
544    0.000714
545    0.000525
546    0.000463
547    0.000380
548    0.000375
549    0.000386
550    0.000264
551    0.000488
552    0.000193
553    0.000416
554    0.000287
555    0.000318
556    0.000696
557    0.000304
558    0.000589
559    0.000317
560    0.000562
561    0.000419
562    0.000295
563    0.000275
564    0.000144
565    0.000184
566    0.000330
567    0.000335
568    0.000254
569    0.000294
570    0.000255
571    0.000300
572    0.000205
573    0.000208
574    0.000195
575    0.000219
576    0.000177
577    0.000260
578    0.000256
579    0.000139
580    0.000226
581    0.000267
582    0.000320
583    0.000127
584    0.000204
585    0.000219
586    0.000309
587    0.000142
588    0.000231
589    0.000321
590    0.000311
591    0.000403
592    0.000300
593    0.000162
594    0.000359
595    0.000260
596    0.000248
597    0.000312
598    0.000282
599    0.000161
600    0.000219
601    0.000247
602    0.000231
603    0.000376
604    0.000173
605    0.000305
606    0.000368
607    0.000152
608    0.000227
609    0.000347
610    0.000347
611    0.000332
612    0.000282
613    0.000140
614    0.000494
615    0.000441
616    0.000308
617    0.000443
618    0.000325
619    0.000363
620    0.000240
621    0.000329
622    0.000276
623    0.000277
624    0.000400
625    0.000188
626    0.000277
627    0.000229
628    0.000331
629    0.000259
630    0.000149
631    0.000267
632    0.000473
633    0.000343
634    0.000378
635    0.000306
636    0.000304
637    0.000271
638    0.000268
639    0.000548
640    0.000224
641    0.000137
642    0.000191
643    0.000266
644    0.000178
645    0.000282
646    0.000218
647    0.000239
648    0.000383
649    0.000335
650    0.000325
651    0.000287
652    0.000113
653    0.000370
654    0.000400
655    0.000325
656    0.000289
657    0.000241
658    0.000138
659    0.000272
660    0.000375
661    0.000271
662    0.000432
663    0.000322
664    0.000447
665    0.000128
666    0.000275
667    0.000181
668    0.000132
669    0.000391
670    0.000231
671    0.000253
672    0.000258
673    0.000346
674    0.000289
675    0.000165
676    0.000336
677    0.000271
678    0.000283
679    0.000173
680    0.000189
681    0.000187
682    0.000238
683    0.000260
684    0.000274
685    0.000222
686    0.000302
687    0.000263
688    0.000323
689    0.000270
690    0.000067
691    0.000308
692    0.000080
693    0.000278
694    0.000060
695    0.000100
696    0.000218
697    0.000401
698    0.000224
699    0.000171
700    0.000223
701    0.000320
702    0.000202
703    0.000229
704    0.000214
705    0.000262
706    0.000234
707    0.000292
708    0.000360
709    0.000141
710    0.000367
711    0.000124
712    0.000162
713    0.000142
714    0.000240
715    0.000254
716    0.000162
717    0.000214
718    0.000222
719    0.000277
720    0.000258
721    0.000336
722    0.000224
723    0.000210
724    0.000303
725    0.000252
726    0.000311
727    0.000211
728    0.000427
729    0.000593
730    0.000073
731    0.000353
732    0.000218
733    0.000321
734    0.000275
735    0.000253
736    0.000437
737    0.000441
738    0.000329
739    0.000239
740    0.000352
741    0.000186
742    0.000187
743    0.000335
744    0.000395
745    0.000347
746    0.000351
747    0.000289
748    0.000280
749    0.000241
750    0.000344
751    0.000247
752    0.000194
753    0.000213
754    0.000273
755    0.000357
756    0.000273
757    0.000216
758    0.000186
759    0.000238
760    0.000151
761    0.000402
762    0.000167
763    0.000405
764    0.000247
765    0.000175
766    0.000185
767    0.000160
768    0.000418
769    0.000197
770    0.000144
771    0.000365
772    0.000124
773    0.000233
774    0.000229
775    0.000224
776    0.000110
777    0.000310
778    0.000135
779    0.000150
780    0.000321
781    0.000328
782    0.000309
783    0.000307
784    0.000134
785    0.000113
786    0.000161
787    0.000077
788    0.000467
789    0.000317
790    0.000230
791    0.000344
792    0.000215
793    0.000321
794    0.000303
795    0.000141
796    0.000156
797    0.000417
798    0.000164
799    0.000083
800    0.000076
801    0.000112
802    0.000187
803    0.000165
804    0.000181
805    0.000051
806    0.000116
807    0.000189
808    0.000238
809    0.000158
810    0.000137
811    0.000176
812    0.000379
813    0.000260
814    0.000085
815    0.000110
816    0.000181
817    0.000064
818    0.000248
819    0.000037
820    0.000215
821    0.000312
822    0.000287
823    0.000388
824    0.000716
825    0.000680
