  1    0.117016
  2    0.051172
  3    0.032351
  4    0.036605
  5    0.022910
  6    0.029766
  7    0.002017
  8    0.020216
  9    0.013668
 10    0.013695
 11    0.008915
 12    0.006127
 13    0.012378
 14    0.006729
 15    0.010990
 16    0.004036
 17    0.007574
 18    0.007947
 19    0.003120
 20    0.004481
 21    0.003385
 22    0.004163
 23    0.008488
 24    0.008969
 25    0.011185
 26    0.010246
 27    0.009664
 28    0.003311
 29    0.003606
 30    0.004325
 31    0.002573
 32    0.002581
 33    0.003565
 34    0.008566
 35    0.004023
 36    0.000987
 37    0.003350
 38    0.003773
 39    0.001953
 40    0.003355
 41    0.005468
 42    0.004216
 43    0.004145
 44    0.001556
 45    0.002283
 46    0.006792
 47    0.004181
 48    0.002383
 49    0.003345
 50    0.003887
 51    0.002829
 52    0.003539
 53    0.001770
 54    0.000550
 55    0.002151
 56    0.003443
 57    0.002383
 58    0.002777
 59    0.002137
 60    0.000382
 61    0.003011
 62    0.001539
 63    0.001872
 64    0.003257
 65    0.001622
 66    0.002163
 67    0.001279
 68    0.002673
 69    0.001907
 70    0.003098
 71    0.001191
 72    0.002212
 73    0.001708
 74    0.003738
 75    0.001030
 76    0.001237
 77    0.001195
 78    0.002036
 79    0.002072
 80    0.001918
 81    0.002955
 82    0.001353
 83    0.001260
 84    0.001436
 85    0.001022
 86    0.001331
 87    0.002437
 88    0.002450
 89    0.001421
 90    0.001754
 91    0.002135
 92    0.001594
 93    0.001609
 94    0.000562
 95    0.001491
 96    0.002445
 97    0.001121
 98    0.001428
 99    0.000926
100    0.001711
101    0.001666
102    0.003215
103    0.000625
104    0.001170
105    0.000873
106    0.000683
107    0.001545
108    0.001428
109    0.000807
110    0.000389
111    0.001028
112    0.001793
113    0.001305
114    0.001045
115    0.000936
116    0.001088
117    0.001638
118    0.001491
119    0.000999
120    0.000870
121    0.001102
122    0.002715
123    0.002267
124    0.001254
125    0.002166
126    0.000928
127    0.001624
128    0.001083
129    0.002112
130    0.000700
131    0.001544
132    0.001440
133    0.001133
134    0.001728
135    0.000916
136    0.000925
137    0.000945
138    0.001039
139    0.001423
140    0.000311
141    0.001511
142    0.001368
143    0.000463
144    0.002015
145    0.001224
146    0.001173
147    0.001336
148    0.000658
149    0.001135
150    0.001103
151    0.001743
152    0.002287
153    0.001487
154    0.000664
155    0.001087
156    0.000871
157    0.000647
158    0.000689
159    0.000693
160    0.000781
161    0.000482
162    0.001006
163    0.000556
164    0.000681
165    0.000981
166    0.001614
167    0.000469
168    0.001043
169    0.001013
170    0.001191
171    0.000313
172    0.000467
173    0.000745
174    0.001055
175    0.001293
176    0.000987
177    0.000861
178    0.000927
179    0.000729
180    0.000767
181    0.000910
182    0.000346
183    0.000734
184    0.000731
185    0.000723
186    0.000472
187    0.000517
188    0.000838
189    0.000443
190    0.000992
191    0.000912
192    0.000917
193    0.000574
194    0.000674
195    0.000806
196    0.001045
197    0.000602
198    0.001009
199    0.000708
200    0.000772
201    0.000772
202    0.001785
203    0.001017
204    0.000699
205    0.000838
206    0.000561
207    0.000732
208    0.000452
209    0.001153
210    0.000700
211    0.000919
212    0.000704
213    0.000767
214    0.001128
215    0.000667
216    0.000621
217    0.000595
218    0.000860
219    0.000545
220    0.001041
221    0.000990
222    0.000622
223    0.001096
224    0.000751
225    0.000602
226    0.001223
227    0.000763
228    0.000531
229    0.000776
230    0.000246
231    0.001334
232    0.000882
233    0.000447
234    0.000607
235    0.000697
236    0.001057
237    0.000635
238    0.000330
239    0.000517
240    0.000460
241    0.001101
242    0.001161
243    0.000590
244    0.000367
245    0.000623
246    0.000997
247    0.000853
248    0.000413
249    0.000350
250    0.000448
251    0.000408
252    0.000545
253    0.000403
254    0.000651
255    0.000397
256    0.000492
257    0.000646
258    0.000299
259    0.000435
260    0.000546
261    0.000291
262    0.000520
263    0.000761
264    0.000628
265    0.000452
266    0.000406
267    0.000469
268    0.000615
269    0.000333
270    0.000460
271    0.000790
272    0.000462
273    0.000585
274    0.000458
275    0.000288
276    0.000314
277    0.000431
278    0.000723
279    0.000584
280    0.000325
281    0.000668
282    0.000587
283    0.000355
284    0.000399
285    0.000557
286    0.000657
287    0.000344
288    0.000331
289    0.000472
290    0.000570
291    0.000400
292    0.000990
293    0.000419
294    0.000392
295    0.000606
296    0.000604
297    0.000692
298    0.000731
299    0.000532
300    0.000339
301    0.000825
302    0.000565
303    0.000490
304    0.000396
305    0.000672
306    0.000535
307    0.000477
308    0.000308
309    0.000588
310    0.000580
311    0.000482
312    0.000511
313    0.000464
314    0.000816
315    0.000381
316    0.000314
317    0.000707
318    0.000581
319    0.000722
320    0.000714
321    0.000550
322    0.000707
323    0.000350
324    0.000371
325    0.000447
326    0.000476
327    0.000335
328    0.000375
329    0.000548
330    0.000578
331    0.000710
332    0.000663
333    0.000586
334    0.000279
335    0.000316
336    0.000397
337    0.000488
338    0.000460
339    0.000386
340    0.000780
341    0.000262
342    0.000518
343    0.000408
344    0.000492
345    0.000426
346    0.000668
347    0.001029
348    0.000708
349    0.000304
350    0.000494
351    0.000634
352    0.000276
353    0.000481
354    0.000659
355    0.000717
356    0.000264
357    0.000644
358    0.000407
359    0.000712
360    0.000498
361    0.000690
362    0.000353
363    0.000626
364    0.000666
365    0.000403
366    0.000354
367    0.000415
368    0.000239
369    0.000846
370    0.001115
371    0.000431
372    0.000749
373    0.000562
374    0.000401
375    0.000338
376    0.000424
377    0.000552
378    0.001033
379    0.000447
380    0.000792
381    0.000610
382    0.000444
383    0.000578
384    0.000525
385    0.000419
386    0.000704
387    0.000556
388    0.000346
389    0.000284
390    0.000879
391    0.000606
392    0.000436
393    0.000912
394    0.000602
395    0.000548
396    0.000218
397    0.000338
398    0.000338
399    0.000687
400    0.000613
401    0.000800
402    0.000411
403    0.000470
404    0.000455
405    0.000397
406    0.000396
407    0.000455
408    0.000429
409    0.000487
410    0.000485
411    0.000572
412    0.000550
413    0.000434
414    0.000248
415    0.000478
416    0.000364
417    0.000308
418    0.000861
419    0.000520
420    0.000349
421    0.000345
422    0.000367
423    0.000303
424    0.000502
425    0.000303
426    0.000461
427    0.000431
428    0.000617
429    0.000481
430    0.000306
431    0.000431
432    0.000233
433    0.000151
434    0.000341
435    0.000319
436    0.000370
437    0.000290
438    0.000427
439    0.000105
440    0.000599
441    0.000696
442    0.000332
443    0.000309
444    0.000407
445    0.000368
446    0.000719
447    0.001030
448    0.000356
449    0.000419
450    0.000419
451    0.000679
452    0.000481
453    0.000188
454    0.000726
455    0.000355
456    0.000813
457    0.000451
458    0.000235
459    0.000362
460    0.000589
461    0.000286
462    0.000335
463    0.000179
464    0.000366
465    0.000665
466    0.000423
467    0.000396
468    0.000354
469    0.000304
470    0.000368
471    0.000428
472    0.000334
473    0.000310
474    0.000339
475    0.000262
476    0.000612
477    0.000285
478    0.000358
479    0.000384
480    0.000374
481    0.000289
482    0.000313
483    0.000204
484    0.000227
485    0.000248
486    0.000491
487    0.000201
488    0.000299
489    0.000436
490    0.000489
491    0.000378
492    0.000637
493    0.000488
494    0.000419
495    0.000361
496    0.000398
497    0.000256
498    0.000138
499    0.000213
500    0.000238
501    0.000385
502    0.000395
503    0.000609
504    0.000327
505    0.000382
506    0.000154
507    0.000353
508    0.000374
509    0.000573
510    0.000333
511    0.000361
512    0.000253
513    0.000352
514    0.000196
515    0.000665
516    0.000442
517    0.000419
518    0.000344
519    0.000332
520    0.000298
521    0.000255
522    0.000487
523    0.000602
524    0.000380
525    0.000101
526    0.000317
527    0.000227
528    0.000209
529    0.000347
530    0.000351
531    0.000452
532    0.000208
533    0.000261
534    0.000364
535    0.000522
536    0.000378
537    0.000166
538    0.000506
539    0.000150
540    0.000356
541    0.000328
542    0.000195
543    0.000120
544    0.000319
545    0.000269
546    0.000194
547    0.000341
548    0.000426
549    0.000152
550    0.000263
551    0.000287
552    0.000478
553    0.000292
554    0.000251
555    0.000394
556    0.000170
557    0.000295
558    0.000260
559    0.000261
560    0.000536
561    0.000207
562    0.000374
563    0.000445
564    0.000207
565    0.000235
566    0.000264
567    0.000208
568    0.000260
569    0.000435
570    0.000227
571    0.000490
572    0.000120
573    0.000280
574    0.000382
575    0.000269
576    0.000156
577    0.000204
578    0.000089
579    0.000343
580    0.000234
581    0.000254
582    0.000225
583    0.000236
584    0.000171
585    0.000254
586    0.000248
587    0.000217
588    0.000265
589    0.000236
590    0.000238
591    0.000364
592    0.000222
593    0.000311
594    0.000336
595    0.000266
596    0.000259
597    0.000345
598    0.000392
599    0.000337
600    0.000350
601    0.000083
602    0.000219
603    0.000376
604    0.000444
605    0.000270
606    0.000340
607    0.000352
608    0.000445
609    0.000269
610    0.000323
611    0.000251
612    0.000325
613    0.000302
614    0.000394
615    0.000203
616    0.000467
617    0.000301
618    0.000503
619    0.000189
620    0.000322
621    0.000112
622    0.000121
623    0.000205
624    0.000376
625    0.000203
626    0.000160
627    0.000176
628    0.000308
629    0.000197
630    0.000217
631    0.000190
632    0.000188
633    0.000188
634    0.000231
635    0.000307
636    0.000418
637    0.000324
638    0.000395
639    0.000369
640    0.000273
641    0.000214
642    0.000304
643    0.000368
644    0.000289
645    0.000261
646    0.000349
647    0.000351
648    0.000421
649    0.000150
650    0.000214
651    0.000288
652    0.000224
653    0.000208
654    0.000208
655    0.000410
656    0.000169
657    0.000107
658    0.000253
659    0.000226
660    0.000347
661    0.000291
662    0.000150
663    0.000274
664    0.000506
665    0.000240
666    0.000264
667    0.000294
668    0.000195
669    0.000210
670    0.000430
671    0.000208
672    0.000351
673    0.000271
674    0.000344
675    0.000191
676    0.000273
677    0.000234
678    0.000464
679    0.000293
680    0.000269
681    0.000415
682    0.000165
683    0.000487
684    0.000274
685    0.000183
686    0.000425
687    0.000336
688    0.000320
689    0.000174
690    0.000148
691    0.000231
692    0.000198
693    0.000269
694    0.000356
695    0.000300
696    0.000526
697    0.000075
698    0.000315
699    0.000350
700    0.000249
701    0.000138
702    0.000235
703    0.000297
704    0.000311
705    0.000331
706    0.000197
707    0.000226
708    0.000328
709    0.000273
710    0.000458
711    0.000257
712    0.000269
713    0.000265
714    0.000092
715    0.000463
716    0.000275
717    0.000162
718    0.000294
719    0.000178
720    0.000157
721    0.000255
722    0.000212
723    0.000200
724    0.000217
725    0.000177
726    0.000320
727    0.000240
728    0.000338
729    0.000277
730    0.000229
731    0.000291
732    0.000528
733    0.000374
734    0.000174
735    0.000224
736    0.000367
737    0.000129
738    0.000212
739    0.000280
740    0.000250
741    0.000221
742    0.000117
743    0.000130
744    0.000194
745    0.000221
746    0.000232
747    0.000219
748    0.000187
749    0.000283
750    0.000142
751    0.000220
752    0.000252
753    0.000182
754    0.000103
755    0.000329
756    0.000230
757    0.000121
758    0.000109
759    0.000051
760    0.000343
761    0.000191
762    0.000181
763    0.000111
764    0.000219
765    0.000273
766    0.000416
767    0.000124
768    0.000074
769    0.000219
770    0.000254
771    0.000195
772    0.000177
773    0.000106
774    0.000112
775    0.000155
776    0.000121
777    0.000204
778    0.000145
779    0.000194
780    0.000268
781    0.000084
782    0.000224
783    0.000289
784    0.000265
785    0.000424
786    0.000265
787    0.000193
788    0.000310
789    0.000320
790    0.000205
791    0.000200
792    0.000212
793    0.000359
794    0.000332
795    0.000247
796    0.000133
797    0.000095
798    0.000119
799    0.000118
800    0.000110
801    0.000275
802    0.000300
803    0.000154
804    0.000241
805    0.000305
806    0.000119
807    0.000195
808    0.000180
809    0.000147
810    0.000170
811    0.000066
812    0.000152
813    0.000083
814    0.000072
815    0.000208
816    0.000054
817    0.000236
818    0.000187
819    0.000578
820    0.000313
821    0.000645
822    0.000307
823    0.000330
824    0.000284
825    0.000690
