  1    0.104241
  2    0.064758
  3    0.033079
  4    0.034476
  5    0.063120
  6    0.016890
  7    0.018697
  8    0.018892
  9    0.004070
 10    0.007582
 11    0.001665
 12    0.009874
 13    0.016772
 14    0.010277
 15    0.007916
 16    0.004686
 17    0.005000
 18    0.003477
 19    0.005006
 20    0.004400
 21    0.009599
 22    0.007840
 23    0.007897
 24    0.002738
 25    0.005171
 26    0.003173
 27    0.005282
 28    0.002266
 29    0.004987
 30    0.006274
 31    0.006734
 32    0.003916
 33    0.005944
 34    0.002988
 35    0.003846
 36    0.003725
 37    0.003496
 38    0.006332
 39    0.004196
 40    0.004237
 41    0.002192
 42    0.004184
 43    0.003099
 44    0.001832
 45    0.003603
 46    0.003711
 47    0.002957
 48    0.004540
 49    0.004038
 50    0.001936
 51    0.004048
 52    0.000755
 53    0.001924
 54    0.002387
 55    0.002061
 56    0.001367
 57    0.001730
 58    0.001989
 59    0.001795
 60    0.001433
 61    0.001332
 62    0.003626
 63    0.001669
 64    0.000998
 65    0.001831
 66    0.003011
 67    0.001489
 68    0.001075
 69    0.002419
 70    0.002142
 71    0.001667
 72    0.001994
 73    0.001552
 74    0.003172
 75    0.001658
 76    0.000863
 77    0.001600
 78    0.001592
 79    0.000813
 80    0.001538
 81    0.001174
 82    0.001430
 83    0.002587
 84    0.001430
 85    0.001241
 86    0.000956
 87    0.001649
 88    0.004106
 89    0.002514
 90    0.003474
 91    0.001313
 92    0.000956
 93    0.001601
 94    0.001628
 95    0.002871
 96    0.001135
 97    0.001729
 98    0.003149
 99    0.001657
100    0.000743
101    0.001897
102    0.001433
103    0.001358
104    0.001186
105    0.001626
106    0.000705
107    0.002127
108    0.001019
109    0.001596
110    0.000291
111    0.001013
112    0.000377
113    0.001622
114    0.000825
115    0.000787
116    0.001001
117    0.001335
118    0.000736
119    0.000758
120    0.000737
121    0.001173
122    0.000955
123    0.001518
124    0.001228
125    0.000988
126    0.001517
127    0.000962
128    0.000744
129    0.002093
130    0.000987
131    0.001447
132    0.000915
133    0.001590
134    0.001460
135    0.002411
136    0.001311
137    0.000881
138    0.002380
139    0.000559
140    0.001213
141    0.001348
142    0.000746
143    0.000469
144    0.001757
145    0.001317
146    0.001030
147    0.001067
148    0.001218
149    0.001571
150    0.001570
151    0.000544
152    0.000756
153    0.000993
154    0.000641
155    0.001718
156    0.001566
157    0.001001
158    0.001514
159    0.000487
160    0.000761
161    0.001105
162    0.000636
163    0.000847
164    0.001447
165    0.000996
166    0.000609
167    0.000971
168    0.001414
169    0.000739
170    0.000993
171    0.000424
172    0.001065
173    0.000575
174    0.001153
175    0.000808
176    0.001102
177    0.000847
178    0.000818
179    0.001322
180    0.000528
181    0.000609
182    0.000507
183    0.000863
184    0.000802
185    0.000277
186    0.001165
187    0.000646
188    0.000769
189    0.001273
190    0.000549
191    0.000619
192    0.001021
193    0.000344
194    0.000804
195    0.000808
196    0.000551
197    0.000222
198    0.000533
199    0.000832
200    0.000894
201    0.000698
202    0.000842
203    0.000346
204    0.000600
205    0.000358
206    0.000403
207    0.000383
208    0.000688
209    0.000465
210    0.000373
211    0.000645
212    0.000556
213    0.000499
214    0.000483
215    0.000398
216    0.000785
217    0.000764
218    0.000444
219    0.001433
220    0.000877
221    0.000694
222    0.001558
223    0.000236
224    0.000593
225    0.000697
226    0.000512
227    0.000961
228    0.001291
229    0.000693
230    0.000540
231    0.000910
232    0.000554
233    0.000645
234    0.000585
235    0.000374
236    0.001234
237    0.001043
238    0.000729
239    0.001152
240    0.000855
241    0.000501
242    0.000453
243    0.000542
244    0.000439
245    0.000846
246    0.000624
247    0.001160
248    0.001006
249    0.000434
250    0.001125
251    0.000607
252    0.000611
253    0.000852
254    0.001038
255    0.000680
256    0.000883
257    0.000389
258    0.000463
259    0.000796
260    0.000570
261    0.000550
262    0.000748
263    0.000622
264    0.000523
265    0.000580
266    0.000856
267    0.000843
268    0.000485
269    0.000709
270    0.000529
271    0.000471
272    0.000537
273    0.000466
274    0.000847
275    0.000380
276    0.000368
277    0.000632
278    0.000315
279    0.000594
280    0.000752
281    0.000580
282    0.000659
283    0.000868
284    0.000672
285    0.000816
286    0.000818
287    0.000539
288    0.000195
289    0.000463
290    0.000275
291    0.000711
292    0.000573
293    0.000298
294    0.000431
295    0.000712
296    0.000823
297    0.000793
298    0.000335
299    0.000597
300    0.000512
301    0.000554
302    0.000808
303    0.000649
304    0.000548
305    0.000458
306    0.000542
307    0.000728
308    0.000894
309    0.000368
310    0.000467
311    0.000464
312    0.000968
313    0.000680
314    0.000244
315    0.000764
316    0.000446
317    0.000447
318    0.000415
319    0.000509
320    0.000462
321    0.000314
322    0.000835
323    0.000656
324    0.000377
325    0.000310
326    0.000277
327    0.000655
328    0.000510
329    0.000626
330    0.000430
331    0.000657
332    0.000353
333    0.000331
334    0.000382
335    0.000466
336    0.000193
337    0.000183
338    0.000412
339    0.000516
340    0.000684
341    0.000640
342    0.000543
343    0.000891
344    0.000572
345    0.000697
346    0.000694
347    0.000537
348    0.000609
349    0.000461
350    0.000419
351    0.000700
352    0.000307
353    0.000494
354    0.000361
355    0.000490
356    0.000516
357    0.000579
358    0.000737
359    0.000486
360    0.000661
361    0.000558
362    0.000377
363    0.000298
364    0.000270
365    0.000690
366    0.000662
367    0.000490
368    0.000299
369    0.000715
370    0.000707
371    0.000455
372    0.000442
373    0.000384
374    0.000559
375    0.000394
376    0.000284
377    0.000369
378    0.000471
379    0.000385
380    0.000744
381    0.000578
382    0.000418
383    0.000511
384    0.000646
385    0.000363
386    0.000207
387    0.000372
388    0.000451
389    0.000241
390    0.000382
391    0.000390
392    0.000832
393    0.000364
394    0.000892
395    0.000414
396    0.000578
397    0.000621
398    0.000562
399    0.000253
400    0.000547
401    0.000755
402    0.000407
403    0.000356
404    0.000260
405    0.000523
406    0.000319
407    0.000335
408    0.000637
409    0.000566
410    0.000366
411    0.000499
412    0.000700
413    0.000505
414    0.000379
415    0.000364
416    0.000731
417    0.000677
418    0.000373
419    0.000348
420    0.000729
421    0.000333
422    0.000231
423    0.000157
424    0.000292
425    0.000449
426    0.000392
427    0.000329
428    0.000191
429    0.000520
430    0.000500
431    0.000421
432    0.000372
433    0.000456
434    0.000259
435    0.000346
436    0.000252
437    0.000517
438    0.000748
439    0.000396
440    0.000431
441    0.000444
442    0.000564
443    0.000283
444    0.000423
445    0.000805
446    0.000354
447    0.000311
448    0.000293
449    0.000241
450    0.000386
451    0.000307
452    0.000311
453    0.000307
454    0.000368
455    0.000310
456    0.000336
457    0.000421
458    0.000601
459    0.000287
460    0.000296
461    0.000384
462    0.000382
463    0.000313
464    0.000228
465    0.000241
466    0.000200
467    0.000422
468    0.000191
469    0.000304
470    0.000284
471    0.000359
472    0.000203
473    0.000305
474    0.000278
475    0.000323
476    0.000345
477    0.000317
478    0.000198
479    0.000578
480    0.000271
481    0.000352
482    0.000234
483    0.000409
484    0.000287
485    0.000320
486    0.000570
487    0.000162
488    0.000644
489    0.000251
490    0.000230
491    0.000353
492    0.000397
493    0.000399
494    0.000211
495    0.000404
496    0.000371
497    0.000273
498    0.000456
499    0.000324
500    0.000295
501    0.000310
502    0.000354
503    0.000575
504    0.000295
505    0.000272
506    0.000497
507    0.000598
508    0.000322
509    0.000287
510    0.000260
511    0.000292
512    0.000538
513    0.000391
514    0.000242
515    0.000271
516    0.000375
517    0.000347
518    0.000256
519    0.000191
520    0.000501
521    0.000250
522    0.000251
523    0.000273
524    0.000516
525    0.000215
526    0.000225
527    0.000206
528    0.000345
529    0.000214
530    0.000454
531    0.000327
532    0.000341
533    0.000481
534    0.000374
535    0.000380
536    0.000274
537    0.000234
538    0.000378
539    0.000347
540    0.000548
541    0.000246
542    0.000459
543    0.000381
544    0.000440
545    0.000220
546    0.000203
547    0.000332
548    0.000300
549    0.000215
550    0.000380
551    0.000534
552    0.000303
553    0.000250
554    0.000289
555    0.000113
556    0.000261
557    0.000110
558    0.000213
559    0.000264
560    0.000095
561    0.000162
562    0.000346
563    0.000359
564    0.000300
565    0.000221
566    0.000345
567    0.000148
568    0.000489
569    0.000255
570    0.000368
571    0.000324
572    0.000411
573    0.000367
574    0.000317
575    0.000158
576    0.000272
577    0.000305
578    0.000282
579    0.000204
580    0.000187
581    0.000173
582    0.000328
583    0.000316
584    0.000388
585    0.000170
586    0.000228
587    0.000417
588    0.000231
589    0.000335
590    0.000105
591    0.000251
592    0.000236
593    0.000297
594    0.000188
595    0.000254
596    0.000182
597    0.000081
598    0.000142
599    0.000318
600    0.000230
601    0.000147
602    0.000202
603    0.000251
604    0.000180
605    0.000370
606    0.000244
607    0.000172
608    0.000277
609    0.000322
610    0.000286
611    0.000349
612    0.000126
613    0.000286
614    0.000215
615    0.000245
616    0.000121
617    0.000170
618    0.000246
619    0.000246
620    0.000071
621    0.000249
622    0.000309
623    0.000454
624    0.000247
625    0.000308
626    0.000347
627    0.000373
628    0.000288
629    0.000258
630    0.000361
631    0.000231
632    0.000282
633    0.000482
634    0.000193
635    0.000097
636    0.000246
637    0.000165
638    0.000189
639    0.000337
640    0.000210
641    0.000188
642    0.000188
643    0.000404
644    0.000131
645    0.000336
646    0.000233
647    0.000204
648    0.000436
649    0.000237
650    0.000269
651    0.000336
652    0.000242
653    0.000187
654    0.000353
655    0.000280
656    0.000396
657    0.000248
658    0.000261
659    0.000280
660    0.000147
661    0.000323
662    0.000187
663    0.000102
664    0.000164
665    0.000336
666    0.000245
667    0.000114
668    0.000262
669    0.000274
670    0.000161
671    0.000226
672    0.000289
673    0.000335
674    0.000305
675    0.000505
676    0.000170
677    0.000205
678    0.000176
679    0.000354
680    0.000141
681    0.000332
682    0.000273
683    0.000287
684    0.000243
685    0.000159
686    0.000433
687    0.000180
688    0.000178
689    0.000267
690    0.000292
691    0.000065
692    0.000267
693    0.000226
694    0.000486
695    0.000358
696    0.000350
697    0.000096
698    0.000267
699    0.000115
700    0.000138
701    0.000371
702    0.000104
703    0.000247
704    0.000179
705    0.000100
706    0.000155
707    0.000118
708    0.000273
709    0.000175
710    0.000160
711    0.000245
712    0.000185
713    0.000130
714    0.000135
715    0.000182
716    0.000071
717    0.000338
718    0.000157
719    0.000273
720    0.000356
721    0.000332
722    0.000321
723    0.000317
724    0.000279
725    0.000101
726    0.000113
727    0.000188
728    0.000173
729    0.000270
730    0.000238
731    0.000431
732    0.000139
733    0.000443
734    0.000355
735    0.000242
736    0.000194
737    0.000351
738    0.000214
739    0.000329
740    0.000322
741    0.000097
742    0.000160
743    0.000218
744    0.000385
745    0.000219
746    0.000318
747    0.000262
748    0.000144
749    0.000189
750    0.000397
751    0.000143
752    0.000264
753    0.000531
754    0.000093
755    0.000071
756    0.000182
757    0.000257
758    0.000290
759    0.000135
760    0.000371
761    0.000131
762    0.000114
763    0.000164
764    0.000308
765    0.000174
766    0.000219
767    0.000356
768    0.000128
769    0.000195
770    0.000125
771    0.000134
772    0.000089
773    0.000191
774    0.000132
775    0.000202
776    0.000342
777    0.000323
778    0.000140
779    0.000109
780    0.000230
781    0.000218
782    0.000125
783    0.000302
784    0.000264
785    0.000145
786    0.000208
787    0.000120
788    0.000204
789    0.000310
790    0.000171
791    0.000114
792    0.000271
793    0.000077
794    0.000349
795    0.000234
796    0.000048
797    0.000105
798    0.000103
799    0.000123
800    0.000351
801    0.000066
802    0.000232
803    0.000093
804    0.000108
805    0.000104
806    0.000157
807    0.000166
808    0.000095
809    0.000138
810    0.000100
811    0.000130
812    0.000097
813    0.000055
814    0.000048
815    0.000199
816    0.000219
817    0.000116
818    0.000267
819    0.000361
820    0.000188
821    0.000327
822    0.000307
823    0.000175
824    0.000101
825    0.000500
