  1    0.113558
  2    0.025541
  3    0.054848
  4    0.042035
  5    0.035077
  6    0.035280
  7    0.020520
  8    0.009266
  9    0.012964
 10    0.013832
 11    0.007930
 12    0.011326
 13    0.009521
 14    0.007334
 15    0.005176
 16    0.013800
 17    0.005667
 18    0.006701
 19    0.002292
 20    0.006221
 21    0.004497
 22    0.005914
 23    0.007797
 24    0.006079
 25    0.007758
 26    0.007940
 27    0.004699
 28    0.004048
 29    0.005952
 30    0.003656
 31    0.003872
 32    0.008576
 33    0.004171
 34    0.004030
 35    0.004345
 36    0.007004
 37    0.003558
 38    0.002275
 39    0.004814
 40    0.001901
 41    0.004571
 42    0.003507
 43    0.001412
 44    0.000875
 45    0.004024
 46    0.004421
 47    0.002651
 48    0.003131
 49    0.005166
 50    0.001598
 51    0.001499
 52    0.002635
 53    0.003091
 54    0.004331
 55    0.002035
 56    0.002270
 57    0.001418
 58    0.002103
 59    0.000844
 60    0.002123
 61    0.001941
 62    0.002161
 63    0.002265
 64    0.002217
 65    0.002177
 66    0.001609
 67    0.001079
 68    0.002333
 69    0.001155
 70    0.001114
 71    0.000858
 72    0.003237
 73    0.002401
 74    0.001862
 75    0.002158
 76    0.001905
 77    0.001536
 78    0.002177
 79    0.001340
 80    0.001202
 81    0.000638
 82    0.001807
 83    0.002800
 84    0.002925
 85    0.001583
 86    0.002899
 87    0.001999
 88    0.001914
 89    0.001426
 90    0.001711
 91    0.000921
 92    0.002166
 93    0.000709
 94    0.001986
 95    0.001354
 96    0.001251
 97    0.001352
 98    0.002662
 99    0.000388
100    0.001076
101    0.000494
102    0.001162
103    0.001296
104    0.002158
105    0.001823
106    0.001137
107    0.001290
108    0.001113
109    0.000775
110    0.000645
111    0.001738
112    0.001402
113    0.000808
114    0.000315
115    0.000736
116    0.003587
117    0.001456
118    0.000857
119    0.001173
120    0.001925
121    0.001410
122    0.000988
123    0.001352
124    0.001626
125    0.001273
126    0.001778
127    0.001651
128    0.001639
129    0.001257
130    0.000860
131    0.001603
132    0.000729
133    0.001828
134    0.001333
135    0.000908
136    0.000850
137    0.001457
138    0.000624
139    0.000992
140    0.000698
141    0.000565
142    0.001783
143    0.000540
144    0.000835
145    0.000952
146    0.000655
147    0.001223
148    0.000960
149    0.000465
150    0.001482
151    0.001219
152    0.001119
153    0.001538
154    0.001398
155    0.001199
156    0.001305
157    0.000780
158    0.000636
159    0.000786
160    0.001177
161    0.000412
162    0.000526
163    0.000735
164    0.000739
165    0.000869
166    0.000834
167    0.001913
168    0.001343
169    0.001510
170    0.001161
171    0.000930
172    0.001184
173    0.001018
174    0.001093
175    0.000775
176    0.000850
177    0.000783
178    0.000531
179    0.000753
180    0.000580
181    0.000814
182    0.001297
183    0.000348
184    0.001295
185    0.000363
186    0.000627
187    0.000925
188    0.000529
189    0.000460
190    0.001280
191    0.000712
192    0.001441
193    0.000837
194    0.000716
195    0.001050
196    0.001246
197    0.000604
198    0.000457
199    0.000565
200    0.000357
201    0.000329
202    0.000726
203    0.000460
204    0.000602
205    0.000511
206    0.000739
207    0.000532
208    0.000503
209    0.000548
210    0.000357
211    0.000187
212    0.000583
213    0.000648
214    0.000219
215    0.000587
216    0.000869
217    0.000708
218    0.000892
219    0.000543
220    0.000630
221    0.000905
222    0.000576
223    0.000420
224    0.000785
225    0.001231
226    0.001259
227    0.000442
228    0.000894
229    0.000626
230    0.000897
231    0.000663
232    0.000814
233    0.000899
234    0.000884
235    0.000679
236    0.000939
237    0.000948
238    0.000466
239    0.000611
240    0.000795
241    0.000776
242    0.000256
243    0.000948
244    0.000897
245    0.000456
246    0.000462
247    0.000634
248    0.000516
249    0.000277
250    0.000372
251    0.000452
252    0.000208
253    0.000647
254    0.000692
255    0.000280
256    0.000610
257    0.000608
258    0.000347
259    0.001214
260    0.000663
261    0.000878
262    0.000324
263    0.000426
264    0.000325
265    0.000732
266    0.000618
267    0.001099
268    0.000433
269    0.000798
270    0.000441
271    0.000418
272    0.000508
273    0.000958
274    0.000547
275    0.000407
276    0.000734
277    0.000434
278    0.000217
279    0.000371
280    0.000438
281    0.000663
282    0.000303
283    0.000307
284    0.000165
285    0.001037
286    0.000473
287    0.000346
288    0.000530
289    0.000229
290    0.000293
291    0.000621
292    0.000620
293    0.000224
294    0.000423
295    0.000303
296    0.000411
297    0.000727
298    0.000567
299    0.000431
300    0.000482
301    0.000593
302    0.000640
303    0.000504
304    0.000562
305    0.000435
306    0.000232
307    0.000285
308    0.000343
309    0.000611
310    0.000620
311    0.000487
312    0.000425
313    0.000979
314    0.000366
315    0.000163
316    0.000660
317    0.000676
318    0.000686
319    0.000517
320    0.000343
321    0.000513
322    0.000573
323    0.000618
324    0.000718
325    0.000274
326    0.000509
327    0.000683
328    0.000410
329    0.000444
330    0.000278
331    0.000270
332    0.000437
333    0.000566
334    0.000558
335    0.000404
336    0.000246
337    0.000320
338    0.000338
339    0.000282
340    0.000106
341    0.000329
342    0.000813
343    0.000358
344    0.000496
345    0.000519
346    0.000670
347    0.000270
348    0.000341
349    0.000475
350    0.000741
351    0.000627
352    0.000570
353    0.000231
354    0.000473
355    0.001073
356    0.000725
357    0.000652
358    0.000630
359    0.000993
360    0.000397
361    0.000537
362    0.000568
363    0.001005
364    0.000569
365    0.000429
366    0.000751
367    0.000594
368    0.000625
369    0.000659
370    0.000559
371    0.000445
372    0.000949
373    0.000380
374    0.000185
375    0.000748
376    0.000462
377    0.000364
378    0.000552
379    0.000245
380    0.000206
381    0.000228
382    0.000670
383    0.000420
384    0.000360
385    0.000587
386    0.000121
387    0.000280
388    0.000386
389    0.000439
390    0.000613
391    0.000721
392    0.000370
393    0.000550
394    0.000681
395    0.000411
396    0.000237
397    0.000406
398    0.000415
399    0.000492
400    0.000420
401    0.000350
402    0.000251
403    0.000451
404    0.000579
405    0.000448
406    0.000255
407    0.000392
408    0.000534
409    0.000260
410    0.000390
411    0.000420
412    0.000295
413    0.000294
414    0.000580
415    0.000815
416    0.000528
417    0.000129
418    0.000435
419    0.000546
420    0.000678
421    0.000383
422    0.000541
423    0.000240
424    0.000428
425    0.000403
426    0.000603
427    0.000399
428    0.000523
429    0.000250
430    0.000547
431    0.000472
432    0.000502
433    0.000415
434    0.000265
435    0.000415
436    0.000761
437    0.000377
438    0.000240
439    0.000591
440    0.000184
441    0.000398
442    0.000313
443    0.000553
444    0.000452
445    0.000227
446    0.000404
447    0.000494
448    0.000497
449    0.000413
450    0.000297
451    0.000583
452    0.000378
453    0.000407
454    0.000412
455    0.000370
456    0.000544
457    0.000172
458    0.000188
459    0.000775
460    0.000406
461    0.000249
462    0.000467
463    0.000511
464    0.000299
465    0.000509
466    0.000360
467    0.000556
468    0.000297
469    0.000419
470    0.000366
471    0.000403
472    0.000494
473    0.000352
474    0.000298
475    0.000373
476    0.000300
477    0.000402
478    0.000460
479    0.000310
480    0.000366
481    0.000439
482    0.000290
483    0.000350
484    0.000378
485    0.000247
486    0.000383
487    0.000402
488    0.000383
489    0.000477
490    0.000167
491    0.000380
492    0.000506
493    0.000338
494    0.000458
495    0.000431
496    0.000382
497    0.000303
498    0.000229
499    0.000145
500    0.000334
501    0.000328
502    0.000509
503    0.000196
504    0.000669
505    0.000555
506    0.000402
507    0.000232
508    0.000447
509    0.000373
510    0.000550
511    0.000223
512    0.000323
513    0.000231
514    0.000345
515    0.000362
516    0.000180
517    0.000226
518    0.000265
519    0.000345
520    0.000423
521    0.000397
522    0.000214
523    0.000415
524    0.000197
525    0.000364
526    0.000491
527    0.000349
528    0.000382
529    0.000472
530    0.000296
531    0.000207
532    0.000260
533    0.000565
534    0.000143
535    0.000225
536    0.000270
537    0.000321
538    0.000248
539    0.000122
540    0.000342
541    0.000205
542    0.000302
543    0.000263
544    0.000413
545    0.000196
546    0.000163
547    0.000428
548    0.000459
549    0.000377
550    0.000215
551    0.000136
552    0.000303
553    0.000286
554    0.000213
555    0.000392
556    0.000484
557    0.000398
558    0.000255
559    0.000121
560    0.000243
561    0.000169
562    0.000235
563    0.000091
564    0.000331
565    0.000247
566    0.000357
567    0.000152
568    0.000180
569    0.000252
570    0.000237
571    0.000212
572    0.000426
573    0.000387
574    0.000224
575    0.000386
576    0.000190
577    0.000199
578    0.000138
579    0.000084
580    0.000232
581    0.000185
582    0.000179
583    0.000236
584    0.000171
585    0.000071
586    0.000189
587    0.000452
588    0.000345
589    0.000248
590    0.000083
591    0.000406
592    0.000368
593    0.000146
594    0.000237
595    0.000385
596    0.000243
597    0.000241
598    0.000188
599    0.000155
600    0.000223
601    0.000191
602    0.000313
603    0.000167
604    0.000285
605    0.000176
606    0.000127
607    0.000202
608    0.000188
609    0.000115
610    0.000312
611    0.000613
612    0.000218
613    0.000283
614    0.000226
615    0.000152
616    0.000192
617    0.000157
618    0.000283
619    0.000157
620    0.000118
621    0.000199
622    0.000374
623    0.000134
624    0.000162
625    0.000750
626    0.000280
627    0.000174
628    0.000287
629    0.000143
630    0.000296
631    0.000200
632    0.000365
633    0.000211
634    0.000430
635    0.000307
636    0.000290
637    0.000250
638    0.000264
639    0.000152
640    0.000204
641    0.000452
642    0.000267
643    0.000266
644    0.000271
645    0.000299
646    0.000226
647    0.000253
648    0.000280
649    0.000101
650    0.000320
651    0.000359
652    0.000252
653    0.000208
654    0.000276
655    0.000161
656    0.000155
657    0.000195
658    0.000229
659    0.000191
660    0.000310
661    0.000312
662    0.000192
663    0.000272
664    0.000263
665    0.000228
666    0.000307
667    0.000259
668    0.000202
669    0.000081
670    0.000253
671    0.000304
672    0.000531
673    0.000266
674    0.000214
675    0.000238
676    0.000171
677    0.000382
678    0.000146
679    0.000141
680    0.000197
681    0.000178
682    0.000189
683    0.000263
684    0.000242
685    0.000125
686    0.000347
687    0.000203
688    0.000454
689    0.000186
690    0.000258
691    0.000522
692    0.000277
693    0.000157
694    0.000213
695    0.000231
696    0.000142
697    0.000320
698    0.000219
699    0.000238
700    0.000258
701    0.000158
702    0.000076
703    0.000219
704    0.000205
705    0.000190
706    0.000226
707    0.000092
708    0.000169
709    0.000180
710    0.000112
711    0.000368
712    0.000087
713    0.000233
714    0.000223
715    0.000228
716    0.000295
717    0.000319
718    0.000281
719    0.000207
720    0.000193
721    0.000193
722    0.000248
723    0.000114
724    0.000488
725    0.000185
726    0.000290
727    0.000216
728    0.000372
729    0.000206
730    0.000192
731    0.000252
732    0.000178
733    0.000197
734    0.000220
735    0.000152
736    0.000314
737    0.000212
738    0.000133
739    0.000157
740    0.000466
741    0.000227
742    0.000229
743    0.000141
744    0.000146
745    0.000215
746    0.000397
747    0.000201
748    0.000179
749    0.000141
750    0.000144
751    0.000124
752    0.000344
753    0.000118
754    0.000318
755    0.000247
756    0.000178
757    0.000175
758    0.000252
759    0.000079
760    0.000246
761    0.000312
762    0.000251
763    0.000190
764    0.000048
765    0.000214
766    0.000091
767    0.000144
768    0.000360
769    0.000099
770    0.000112
771    0.000173
772    0.000386
773    0.000118
774    0.000264
775    0.000131
776    0.000252
777    0.000201
778    0.000224
779    0.000350
780    0.000249
781    0.000148
782    0.000146
783    0.000119
784    0.000115
785    0.000108
786    0.000199
787    0.000294
788    0.000363
789    0.000349
790    0.000179
791    0.000052
792    0.000241
793    0.000287
794    0.000190
795    0.000101
796    0.000394
797    0.000253
798    0.000063
799    0.000064
800    0.000067
801    0.000178
802    0.000258
803    0.000163
804    0.000179
805    0.000182
806    0.000038
807    0.000275
808    0.000118
809    0.000069
810    0.000082
811    0.000147
812    0.000173
813    0.000173
814    0.000081
815    0.000069
816    0.000377
817    0.000293
818    0.000235
819    0.000251
820    0.000122
821    0.000372
822    0.000474
823    0.000131
824    0.000239
825    0.000642
