  0.037419
 -0.025419
 -0.134673
  0.149955
 -0.135951
 -0.166299
  0.064801
  0.131201
 -0.141819
 -0.910303
  0.003325
 -0.064107
  0.001525
 -0.031680
  0.065449
  0.020585
  0.056735
 -0.010645
 -0.047818
  0.026218
  0.004495
  0.040118
  0.011881
 -0.002025
  0.038918
  0.012396
 -0.002554
 -0.023209
 -0.026307
 -0.007454
  0.006265
  0.000354
 -0.024587
  0.017740
 -0.003600
  0.003454
 -0.001283
 -0.035342
  0.006659
  0.025586
 -0.014570
  0.013147
  0.003103
  0.032542
  0.010147
  0.018276
  0.004355
 -0.006145
 -0.016911
  0.008898
  0.008802
 -0.001743
  0.003353
 -0.003171
 -0.000328
  0.001048
  0.001910
  0.001114
  0.000631
  0.004178
 -0.000405
  0.003137
  0.002601
 -0.005084
 -0.001674
  0.000103
 -0.002372
  0.012757
 -0.000109
 -0.003069
 -0.000651
  0.018320
  0.009965
 -0.005539
 -0.062110
  0.006932
  0.000847
  0.011875
  0.011236
 -0.016189
 -0.007782
  0.035116
  0.005615
  0.001031
 -0.004326
 -0.023865
 -0.003350
  0.007003
  0.009732
  0.001228
 -0.002550
  0.003661
 -0.009391
  0.000022
 -0.009259
  0.002403
 -0.001958
  0.025623
 -0.016083
  0.006280
  0.004017
 -0.000226
  0.011501
 -0.005222
  0.003449
  0.009922
  0.057038
 -0.003807
 -0.006266
  0.018401
  0.007135
 -0.006284
 -0.000822
  0.006458
  0.005664
 -0.001811
 -0.001969
 -0.017100
 -0.000672
 -0.001223
 -0.008292
 -0.001159
 -0.003348
  0.004625
  0.000639
 -0.002000
  0.002642
 -0.006441
  0.007233
 -0.000792
  0.001574
 -0.003837
  0.000727
 -0.004133
  0.005468
 -0.004600
 -0.007379
 -0.001726
  0.000739
 -0.005461
  0.002753
 -0.001428
  0.005243
 -0.001838
  0.000449
  0.000588
 -0.004602
 -0.005429
  0.000473
  0.000312
 -0.000790
 -0.000415
  0.002813
  0.003969
  0.000296
 -0.002853
 -0.010296
  0.009773
  0.004750
 -0.011160
  0.008243
 -0.005233
  0.001900
  0.004478
 -0.002592
 -0.000446
 -0.009312
  0.000471
  0.002632
 -0.004138
 -0.000762
  0.003514
  0.002479
 -0.000328
 -0.013233
  0.004942
 -0.002936
 -0.002079
 -0.003411
  0.001819
  0.001703
  0.000137
 -0.004107
  0.002223
 -0.000480
 -0.005391
  0.001042
 -0.006486
 -0.000460
  0.009059
  0.000451
 -0.004265
  0.003757
  0.001003
  0.001600
 -0.001603
 -0.000622
 -0.000337
  0.001495
 -0.001437
 -0.000941
  0.001638
  0.001995
 -0.001618
 -0.000290
 -0.001177
  0.000215
  0.000249
  0.001433
  0.000689
 -0.000202
 -0.000519
  0.001426
  0.001056
 -0.001429
  0.000449
  0.004471
 -0.002053
  0.000892
  0.000672
 -0.000614
 -0.000558
  0.001374
 -0.000436
  0.001731
 -0.001477
  0.000682
 -0.002498
  0.000368
  0.000916
  0.001500
  0.000892
 -0.003075
 -0.000044
 -0.000969
 -0.000149
 -0.002199
  0.000406
 -0.001059
 -0.000911
  0.000666
  0.000693
 -0.001089
 -0.001316
  0.000659
  0.000409
  0.000915
 -0.002719
  0.000387
 -0.000379
  0.000089
 -0.000909
 -0.000342
  0.000756
  0.000303
  0.000639
 -0.001262
 -0.000189
  0.000598
  0.001369
  0.000146
  0.000574
 -0.000265
  0.000279
  0.001898
  0.000846
  0.000656
  0.000605
 -0.000228
  0.000047
 -0.001349
 -0.000948
  0.000337
 -0.000052
  0.000357
 -0.000052
 -0.000681
  0.000745
 -0.003726
  0.000695
  0.003284
  0.001437
 -0.000179
  0.000338
 -0.000717
 -0.000259
  0.002591
  0.001074
  0.000209
  0.001574
 -0.001053
 -0.000283
  0.002334
  0.000882
 -0.001892
 -0.000903
 -0.000593
 -0.001976
 -0.002369
 -0.001618
 -0.000485
 -0.000741
 -0.000531
 -0.000510
  0.001872
  0.002363
 -0.001743
  0.001275
  0.000780
  0.001055
  0.002145
 -0.000106
  0.000027
 -0.000452
 -0.000592
 -0.000439
 -0.001241
 -0.000179
 -0.001028
 -0.001067
 -0.001547
  0.000111
 -0.001298
 -0.000379
 -0.001598
 -0.000709
  0.001621
 -0.001377
  0.000283
 -0.000328
  0.000363
  0.000170
  0.000306
 -0.000924
  0.000174
 -0.001365
 -0.000036
 -0.000535
 -0.000003
  0.000250
 -0.002661
 -0.000162
 -0.000303
  0.001881
 -0.001244
  0.000287
 -0.001381
  0.000524
 -0.000308
 -0.000518
 -0.000378
 -0.000705
 -0.001770
  0.001085
  0.001459
 -0.000942
  0.001498
 -0.000598
  0.000927
 -0.001552
 -0.000176
  0.001076
  0.001730
 -0.000419
 -0.000162
 -0.000924
 -0.000768
  0.000080
 -0.000381
 -0.000334
  0.000360
 -0.000640
  0.001028
  0.000077
 -0.000662
 -0.000285
 -0.000997
  0.000485
  0.000394
 -0.001705
  0.001606
 -0.000685
  0.000929
 -0.000169
  0.000352
  0.002183
  0.000139
 -0.000020
  0.000536
 -0.000012
 -0.000210
 -0.000633
  0.000797
  0.002214
 -0.000241
  0.002983
 -0.001675
 -0.002896
  0.000557
 -0.002858
  0.000506
 -0.003015
 -0.001360
 -0.001710
  0.000151
 -0.000252
  0.001140
 -0.000829
  0.000090
 -0.001416
  0.000400
 -0.000464
  0.001187
  0.001437
  0.000952
  0.000510
  0.000776
  0.000165
 -0.000471
 -0.002087
 -0.000739
  0.001645
 -0.001655
 -0.000462
  0.000197
  0.000196
  0.000391
 -0.000750
  0.000954
  0.000255
  0.002046
 -0.000792
  0.000026
 -0.000693
 -0.001199
 -0.001409
 -0.000263
  0.000368
 -0.000206
 -0.000394
 -0.000453
  0.000513
  0.000094
  0.000028
 -0.000163
  0.000526
  0.000030
  0.000519
 -0.000742
 -0.000169
  0.001595
  0.000522
 -0.000097
  0.000356
 -0.000319
 -0.000711
 -0.000205
  0.000164
 -0.000972
 -0.000624
 -0.000246
  0.000369
 -0.000413
  0.000920
 -0.000277
  0.001528
  0.000104
 -0.000012
 -0.000280
  0.000902
 -0.000516
  0.000151
  0.000120
 -0.000541
 -0.000562
 -0.000794
 -0.001520
 -0.000761
  0.000572
  0.001075
  0.000198
 -0.001032
 -0.001405
 -0.001190
 -0.001079
  0.000289
 -0.000011
 -0.000080
 -0.002286
  0.001896
  0.001857
  0.000048
  0.000770
 -0.000098
 -0.000178
  0.000114
  0.001070
 -0.000490
  0.000499
 -0.000144
  0.000537
 -0.001155
 -0.001794
  0.000246
  0.000934
 -0.000360
  0.001141
 -0.001162
 -0.000712
 -0.000005
 -0.000342
 -0.000547
  0.000069
 -0.000632
  0.000081
 -0.000775
  0.000034
 -0.000554
 -0.000034
 -0.000405
 -0.000352
 -0.000948
  0.000273
  0.001527
 -0.000114
 -0.000296
  0.000475
  0.000353
  0.000013
  0.001294
  0.000688
  0.000795
 -0.001282
  0.000434
 -0.000745
  0.000232
 -0.000182
 -0.001816
  0.000724
  0.000015
  0.001231
  0.001218
  0.000025
  0.001299
  0.000566
  0.000284
  0.000701
  0.000290
  0.000192
  0.000480
 -0.000577
  0.000117
  0.000024
  0.000168
 -0.000190
  0.000161
  0.000243
  0.001171
  0.000453
 -0.000389
  0.000216
 -0.000643
  0.000972
  0.000231
 -0.000297
 -0.000197
  0.000089
 -0.000067
 -0.000195
  0.000557
  0.000020
  0.000415
  0.000402
  0.000211
  0.000141
  0.000262
  0.000346
  0.000116
  0.000649
  0.000288
 -0.000201
 -0.000246
  0.000132
  0.000150
  0.000220
  0.000797
 -0.000301
  0.000371
 -0.000146
 -0.000036
 -0.000049
 -0.000532
  0.000500
  0.000471
 -0.000830
  0.000006
  0.000363
 -0.000173
  0.000999
  0.000214
 -0.000148
 -0.000092
 -0.000226
 -0.000348
  0.000069
 -0.000118
 -0.000124
 -0.000459
  0.000618
  0.000276
  0.000078
  0.000331
 -0.000384
 -0.000554
 -0.000215
 -0.000011
  0.000376
 -0.000272
  0.000074
  0.000426
 -0.000175
  0.000258
 -0.000251
  0.000298
 -0.000264
 -0.000359
 -0.000325
 -0.000221
 -0.000014
  0.000631
 -0.000104
  0.000265
 -0.000832
 -0.000151
 -0.000629
  0.000082
 -0.000594
  0.000681
  0.000294
 -0.000063
  0.000033
 -0.000077
  0.000668
  0.001003
 -0.000115
  0.000596
 -0.000184
 -0.000414
 -0.000206
 -0.000181
  0.000309
  0.000283
 -0.000522
  0.000365
 -0.000695
  0.000278
 -0.000360
 -0.000338
 -0.000854
 -0.000165
 -0.000254
  0.000110
 -0.000121
  0.000147
  0.000234
  0.000204
  0.000051
  0.001344
  0.000802
  0.000407
 -0.000004
 -0.000033
 -0.000516
 -0.000572
  0.000007
 -0.000716
 -0.000053
 -0.000040
  0.000648
 -0.000088
  0.001366
  0.000298
  0.000070
 -0.000063
 -0.000207
 -0.001923
  0.000665
  0.000266
 -0.000180
 -0.000025
  0.000414
 -0.000018
 -0.000243
  0.000563
  0.000206
  0.000078
  0.000065
  0.000093
 -0.000032
  0.000405
  0.000495
  0.000551
  0.000404
 -0.000174
  0.000507
 -0.000066
 -0.000351
  0.000236
  0.000057
 -0.000225
 -0.000140
  0.000015
  0.000188
 -0.000138
 -0.000392
 -0.000028
  0.000746
  0.000344
 -0.000083
 -0.000392
  0.000606
  0.000181
 -0.000276
  0.000791
  0.000729
 -0.000183
  0.000738
 -0.000213
  0.000232
  0.000187
 -0.000181
  0.000242
 -0.000381
  0.000076
  0.000524
 -0.000014
 -0.000109
  0.000316
  0.000319
 -0.000442
  0.000222
 -0.000034
 -0.000433
 -0.000044
  0.000120
 -0.000079
 -0.000252
  0.000223
 -0.000159
  0.000625
  0.000213
 -0.000112
 -0.000022
 -0.000234
 -0.000129
 -0.000300
 -0.000346
  0.000180
  0.000072
 -0.000060
  0.000064
  0.000021
  0.000178
  0.000164
 -0.000525
 -0.000131
  0.000233
 -0.000815
 -0.000382
  0.000138
  0.000123
 -0.000189
  0.000227
 -0.000062
  0.000024
  0.000002
  0.000814
 -0.000181
 -0.000321
 -0.000053
  0.000704
  0.000009
 -0.000132
  0.000802
 -0.000476
  0.000260
  0.000005
 -0.000116
  0.000450
 -0.000370
  0.000097
 -0.000092
 -0.000009
 -0.000314
 -0.000488
 -0.000307
 -0.000123
  0.000279
  0.000109
  0.000105
  0.000228
 -0.000098
 -0.000327
 -0.000010
  0.000245
 -0.000180
 -0.000137
 -0.000169
  0.000702
 -0.000091
  0.000198
 -0.000115
 -0.000006
  0.000039
  0.000166
 -0.000131
 -0.000048
 -0.000097
 -0.000024
  0.000167
  0.000167
  0.000095
  0.000072
  0.000030
  0.000039
