 -0.004837
  0.028054
  0.550612
  0.369131
 -0.699690
 -0.120768
 -0.049187
  0.103251
  0.078558
  0.025844
  0.125553
  0.057576
  0.014310
  0.063796
 -0.000448
 -0.017091
 -0.007731
 -0.014320
  0.017521
  0.012839
  0.020592
  0.008344
 -0.004665
 -0.008421
 -0.013449
  0.015879
 -0.001425
 -0.002977
  0.017461
 -0.008748
 -0.012387
  0.001744
 -0.006800
 -0.036295
  0.004508
 -0.005818
 -0.020400
  0.002030
  0.005772
  0.025386
 -0.006811
  0.000951
 -0.004784
  0.021398
  0.007718
 -0.003029
  0.013965
  0.012659
 -0.002569
  0.017366
  0.015262
  0.007090
  0.009389
 -0.004805
 -0.006390
  0.003210
 -0.007319
 -0.014439
  0.000388
  0.005743
  0.003737
 -0.000284
 -0.007367
 -0.000921
 -0.000097
  0.000308
 -0.001400
  0.005949
  0.005812
 -0.001575
  0.000516
  0.004236
 -0.015439
 -0.004621
 -0.008486
  0.002204
 -0.004870
 -0.005817
  0.003078
 -0.001543
 -0.004402
  0.029256
 -0.004695
  0.012610
  0.012775
 -0.005340
 -0.008839
  0.008219
 -0.012385
  0.004289
  0.004264
 -0.003356
  0.004939
  0.003790
  0.033463
  0.009154
 -0.002064
  0.002567
  0.001644
 -0.000523
  0.001013
 -0.009260
  0.006215
 -0.005340
 -0.001124
  0.000003
 -0.001435
  0.002445
  0.001289
 -0.005857
 -0.011489
  0.003260
 -0.001477
 -0.001666
  0.000213
 -0.001748
 -0.001294
 -0.009345
  0.004472
  0.001233
 -0.002125
  0.000833
  0.001587
  0.003521
 -0.000542
  0.000555
 -0.000331
  0.000738
  0.000516
 -0.003647
 -0.000361
 -0.002520
  0.000377
  0.003250
 -0.003131
 -0.000901
  0.001253
  0.006390
 -0.001577
  0.000055
  0.001320
 -0.002456
  0.001756
  0.001770
  0.001352
  0.015862
 -0.007643
  0.008517
  0.008596
 -0.001170
  0.006811
 -0.000828
 -0.011199
  0.001781
  0.002892
  0.003421
 -0.008484
 -0.001095
 -0.001983
 -0.003964
 -0.013496
  0.000852
 -0.002004
 -0.000942
  0.000657
  0.000105
 -0.001068
 -0.001900
  0.009858
 -0.002144
 -0.002751
 -0.000567
 -0.000083
  0.000288
  0.001998
  0.001565
  0.000453
 -0.001322
  0.001134
  0.000013
 -0.000041
 -0.000448
 -0.001075
  0.001857
  0.000282
  0.000609
 -0.000860
 -0.000817
 -0.001815
  0.000211
  0.001285
  0.000371
 -0.001619
 -0.002241
  0.001096
 -0.000434
 -0.002428
  0.002934
 -0.000920
 -0.002466
  0.000525
 -0.000174
  0.000194
  0.001340
 -0.000141
  0.000331
  0.002252
  0.001762
 -0.000244
 -0.000521
 -0.001317
 -0.000037
  0.000564
 -0.000537
 -0.001214
 -0.000874
  0.000165
 -0.000901
  0.001528
 -0.000301
 -0.000148
 -0.000477
  0.000269
 -0.000541
 -0.000168
  0.000553
 -0.000895
 -0.000456
 -0.000668
  0.000175
  0.000048
  0.001370
  0.000332
 -0.000325
  0.000987
  0.000016
  0.000679
 -0.000248
 -0.000035
 -0.000609
  0.000432
  0.000337
  0.000007
  0.000314
  0.000284
 -0.000327
  0.001235
 -0.000238
  0.000555
 -0.000087
 -0.000408
 -0.000320
 -0.000192
 -0.000776
  0.000446
 -0.000057
 -0.000450
 -0.000110
 -0.000518
 -0.000165
 -0.000552
  0.000084
 -0.000209
 -0.000174
  0.000064
  0.000574
  0.000269
  0.000271
 -0.000347
  0.000673
  0.000116
 -0.000144
  0.000478
 -0.000118
 -0.000322
  0.000277
 -0.000020
 -0.001012
  0.000758
 -0.000142
  0.001143
  0.000141
  0.000585
  0.000035
  0.000473
 -0.000258
 -0.000472
  0.001158
 -0.000102
  0.000176
 -0.000221
 -0.000113
 -0.000191
  0.001000
 -0.000437
 -0.000901
  0.000836
  0.001393
  0.000652
  0.000190
  0.000109
 -0.000172
  0.000602
 -0.000014
 -0.000370
 -0.000785
 -0.000461
 -0.000028
 -0.000077
  0.000271
  0.000493
  0.000660
  0.000823
  0.000824
  0.000099
  0.000463
  0.000109
  0.000758
 -0.000366
  0.001635
  0.000866
 -0.000715
  0.000612
 -0.000269
  0.000265
 -0.000348
  0.000149
 -0.001282
 -0.000242
  0.000155
 -0.000184
 -0.000017
 -0.000321
 -0.000020
 -0.000121
  0.000359
 -0.000420
 -0.000133
  0.001035
  0.000582
  0.000278
  0.000155
  0.000141
  0.000350
  0.000652
  0.000159
  0.000212
  0.000079
  0.000222
 -0.000691
  0.000182
  0.000058
  0.000494
  0.000701
 -0.000421
  0.000147
  0.000022
  0.000094
  0.000253
  0.000282
 -0.000024
 -0.000034
  0.000252
  0.000274
  0.000626
 -0.000064
 -0.000280
 -0.000007
 -0.001493
 -0.000360
 -0.000020
  0.000725
  0.000359
  0.000552
 -0.000673
 -0.000029
 -0.000583
 -0.000373
  0.000023
 -0.000687
  0.000567
  0.001046
 -0.000510
  0.000843
  0.000692
  0.000469
 -0.001122
  0.000467
  0.001108
 -0.000869
 -0.000703
  0.000304
  0.000272
  0.000150
 -0.001241
 -0.000003
  0.000052
  0.000968
  0.000692
  0.001419
 -0.000763
 -0.000571
  0.000461
  0.000171
 -0.000760
  0.000034
 -0.000861
  0.001288
 -0.000057
 -0.000256
  0.000337
  0.000275
  0.000352
 -0.000960
  0.000175
 -0.000715
  0.000378
 -0.000316
 -0.000162
  0.000338
  0.000095
 -0.001673
 -0.000836
 -0.000295
  0.000189
 -0.000379
  0.000214
 -0.000052
 -0.000549
 -0.000215
 -0.000740
  0.000085
 -0.000465
  0.000302
  0.000143
  0.000242
 -0.000122
 -0.000374
  0.000358
  0.000413
 -0.000656
  0.000143
  0.000263
  0.000244
 -0.000119
  0.000167
  0.000343
  0.000164
  0.000671
 -0.000077
  0.000159
 -0.000404
 -0.000061
 -0.000027
  0.000148
 -0.000050
 -0.000249
  0.000329
 -0.000142
 -0.000524
 -0.000225
 -0.000685
 -0.000722
 -0.000274
 -0.000070
  0.000620
  0.000289
 -0.000018
 -0.000238
  0.000177
  0.000729
  0.000604
 -0.000012
 -0.000290
  0.000080
 -0.000966
 -0.000266
  0.000456
  0.000719
  0.000210
 -0.000166
 -0.000490
  0.000375
 -0.000533
  0.000693
 -0.000429
 -0.000144
 -0.000088
 -0.000013
 -0.000314
 -0.000093
  0.000498
 -0.000017
 -0.000135
  0.000071
  0.000121
  0.000477
 -0.000421
 -0.000146
  0.000540
  0.000842
 -0.000149
 -0.000323
 -0.000019
  0.000591
 -0.000128
  0.000160
  0.000158
 -0.000736
 -0.000550
 -0.000461
  0.000574
  0.000184
  0.000145
 -0.000189
 -0.000357
 -0.000112
  0.000249
  0.000710
  0.000460
 -0.000236
 -0.000153
  0.000078
 -0.000229
  0.000408
  0.000102
 -0.000117
  0.000173
  0.000848
  0.000202
  0.000063
  0.000165
  0.000208
  0.000176
 -0.000191
 -0.000179
 -0.000168
  0.000188
 -0.000096
 -0.000008
  0.000112
  0.000081
 -0.000070
  0.000589
  0.000153
  0.000312
 -0.000255
  0.000080
  0.000207
  0.000116
 -0.000638
  0.000222
 -0.000047
  0.000104
  0.000269
 -0.000169
  0.000361
  0.000108
 -0.000102
 -0.000635
  0.000329
 -0.000389
 -0.000229
  0.000549
  0.000231
 -0.000080
 -0.000349
 -0.000188
  0.000239
  0.000146
  0.000293
  0.000006
  0.000010
  0.000393
 -0.000180
  0.000208
 -0.000229
  0.000111
  0.000854
 -0.000559
 -0.000181
  0.000185
  0.000118
  0.000132
 -0.000110
 -0.000008
  0.000107
 -0.000080
  0.000141
 -0.000140
 -0.000178
 -0.000074
 -0.000182
  0.000333
  0.000651
 -0.000410
  0.000038
 -0.000006
  0.000434
 -0.000193
 -0.000005
  0.000233
  0.000437
 -0.000097
 -0.000118
 -0.000408
  0.000391
 -0.000092
  0.000275
  0.000552
 -0.000080
  0.000268
 -0.000189
 -0.000350
  0.000400
 -0.000290
  0.000059
 -0.000051
 -0.000077
  0.000044
 -0.000319
  0.000041
 -0.000305
 -0.000077
  0.000458
  0.000533
 -0.000287
  0.000110
 -0.000098
  0.000142
 -0.000266
 -0.000045
 -0.000184
 -0.000183
 -0.000310
 -0.000240
 -0.000277
  0.000002
  0.000258
 -0.000150
 -0.000113
 -0.000043
 -0.000171
 -0.000262
  0.000103
  0.000039
  0.000216
  0.000312
  0.000016
 -0.000020
 -0.000238
 -0.000465
  0.000158
  0.000502
  0.000180
  0.000103
  0.000275
  0.000145
 -0.000279
 -0.000098
 -0.000437
 -0.000136
 -0.000439
  0.000214
 -0.000433
 -0.000239
 -0.000494
  0.000155
  0.000013
  0.000130
 -0.000024
 -0.000085
 -0.000643
  0.000141
  0.000011
  0.000260
  0.000196
  0.000122
  0.000525
  0.000118
 -0.000324
 -0.000078
 -0.000003
 -0.000199
 -0.000316
 -0.000069
 -0.000548
 -0.000239
  0.000116
 -0.000698
 -0.000041
  0.000189
 -0.000078
  0.000032
  0.000254
  0.000872
  0.000094
 -0.000113
 -0.000307
 -0.000173
  0.000107
 -0.000195
 -0.000166
  0.000001
 -0.000187
 -0.000210
 -0.000789
  0.000133
  0.000236
 -0.000111
  0.000322
  0.000146
 -0.000150
  0.000722
 -0.000284
 -0.000327
  0.000093
 -0.000028
  0.000162
 -0.000007
  0.000345
 -0.000433
 -0.000129
  0.000054
 -0.000130
 -0.000144
 -0.000536
 -0.000125
 -0.000281
 -0.000016
 -0.000023
 -0.000480
  0.000104
 -0.000124
 -0.000147
 -0.000305
  0.000099
  0.000400
 -0.000255
  0.000041
 -0.000156
  0.000371
  0.000248
  0.000041
  0.000228
 -0.000092
 -0.000092
  0.000305
  0.000297
 -0.000547
 -0.000099
  0.000034
  0.000263
  0.000088
 -0.000331
 -0.000182
 -0.000169
  0.000385
  0.000151
 -0.000068
  0.000225
 -0.000084
 -0.000152
  0.000361
  0.000181
  0.000163
  0.000067
 -0.000165
 -0.000102
  0.000172
 -0.000166
  0.000175
  0.000133
 -0.000261
 -0.000166
 -0.000068
  0.000167
 -0.000054
  0.000064
  0.000067
 -0.000011
 -0.000134
  0.000351
 -0.000047
 -0.000422
  0.000099
  0.000023
 -0.000073
 -0.000307
  0.000254
  0.000006
  0.000025
  0.000097
  0.000012
  0.000337
  0.000092
  0.000312
  0.000033
  0.000002
  0.000033
 -0.000107
 -0.000039
 -0.000157
 -0.000003
 -0.000074
  0.000069
  0.000041
 -0.000001
 -0.000065
 -0.000001
  0.000039
 -0.000012
  0.000139
  0.000044
 -0.000006
  0.000063
  0.000038
  0.000003
 -0.000014
 -0.000099
 -0.000057
  0.000021
 -0.000064
 -0.000021
 -0.000099
