 -0.029771
  0.034929
  0.501869
  0.331437
  0.751483
 -0.205566
  0.069753
 -0.035601
 -0.082318
 -0.015412
  0.036917
  0.003797
 -0.001385
 -0.008750
 -0.086219
 -0.033663
 -0.002996
  0.000533
  0.008759
 -0.010884
 -0.001936
  0.012447
 -0.022597
 -0.026115
 -0.007681
 -0.004562
  0.001780
  0.026030
 -0.002471
 -0.000760
 -0.008167
 -0.011074
  0.001942
  0.003990
 -0.001022
 -0.005533
  0.006263
 -0.007912
  0.003880
 -0.006460
 -0.004636
 -0.002806
  0.003498
 -0.016630
  0.004722
  0.007068
 -0.001244
  0.002357
 -0.017347
  0.003718
 -0.000794
  0.011317
 -0.009033
 -0.006822
 -0.002199
  0.000607
 -0.006613
  0.001149
  0.001860
 -0.004018
 -0.006537
 -0.000818
 -0.000115
  0.000763
  0.000695
  0.001976
  0.000623
 -0.001549
  0.003858
  0.001274
  0.003308
  0.000233
 -0.000844
  0.008064
 -0.001180
  0.002169
  0.001349
 -0.000406
  0.002782
 -0.002321
  0.000748
 -0.002032
  0.002286
 -0.002401
  0.002047
  0.000945
 -0.003777
  0.004479
 -0.000405
 -0.003666
 -0.001674
  0.007314
 -0.003870
  0.004885
  0.008681
  0.002761
  0.006001
  0.004165
 -0.001570
  0.000544
  0.000466
 -0.005072
  0.002405
  0.001540
 -0.002002
  0.000469
 -0.003303
 -0.009463
  0.000058
  0.005138
 -0.000997
  0.001499
  0.001559
 -0.001322
 -0.000592
  0.002302
 -0.002322
  0.001053
  0.000057
 -0.001410
 -0.000349
 -0.002133
 -0.000148
  0.000563
  0.001034
 -0.000667
  0.003088
  0.001633
  0.000293
 -0.000668
 -0.000937
 -0.001270
 -0.001064
 -0.001513
 -0.000477
  0.001338
 -0.002429
 -0.001075
 -0.001206
  0.000637
  0.001115
  0.000313
  0.000312
  0.001030
  0.000213
  0.002392
 -0.000485
 -0.000856
 -0.000752
  0.001049
 -0.007253
  0.001116
  0.001756
 -0.001205
 -0.007018
  0.001466
 -0.002039
 -0.008209
  0.005238
 -0.002650
  0.006019
  0.000836
  0.006827
 -0.002080
  0.001174
 -0.001794
  0.012168
 -0.003486
  0.000226
  0.000025
 -0.000330
 -0.001551
  0.000287
  0.004088
  0.000415
 -0.004419
 -0.000326
  0.000607
 -0.004314
 -0.001065
  0.000132
 -0.001043
 -0.001204
  0.001202
  0.003174
 -0.004779
 -0.000022
 -0.004067
  0.000164
 -0.000341
 -0.001796
 -0.000163
 -0.000197
  0.000398
  0.000994
 -0.000063
 -0.001534
 -0.003395
 -0.000463
  0.000864
 -0.001260
 -0.000550
 -0.000889
  0.000837
 -0.001764
 -0.000700
 -0.002933
  0.000183
  0.001388
 -0.000967
 -0.001157
  0.001262
 -0.001163
  0.000742
  0.000885
  0.000812
  0.000129
 -0.001728
  0.000488
  0.000451
  0.000454
 -0.000692
 -0.000461
 -0.000259
  0.001022
 -0.000983
  0.001354
  0.000672
  0.000629
 -0.001102
 -0.000217
 -0.001887
 -0.000297
  0.000229
  0.001238
  0.002470
 -0.000601
 -0.001332
 -0.001803
 -0.001613
 -0.003084
  0.000747
  0.002531
 -0.001536
 -0.000236
 -0.001720
  0.000377
  0.001190
  0.000376
  0.000300
  0.000740
 -0.002026
  0.000432
  0.000666
  0.001701
 -0.002590
 -0.002310
 -0.000436
  0.001932
  0.000271
 -0.000424
  0.001822
 -0.000047
 -0.001750
 -0.001808
  0.001363
  0.000781
 -0.000271
  0.000386
  0.001241
  0.000738
  0.000657
 -0.001448
 -0.000394
 -0.000977
  0.002271
 -0.001118
  0.002284
  0.001440
 -0.001728
 -0.001414
  0.004890
 -0.004632
  0.000108
  0.004880
 -0.001607
 -0.000035
 -0.001018
  0.001207
  0.000425
  0.000880
  0.000739
 -0.000956
 -0.001649
  0.001358
 -0.002901
 -0.001104
  0.000437
 -0.000821
  0.001108
 -0.003092
 -0.005322
 -0.003018
  0.001382
 -0.002839
 -0.000920
  0.001882
  0.001418
 -0.000738
 -0.001959
 -0.002136
 -0.000092
 -0.000442
  0.002138
 -0.002461
  0.000510
  0.000272
  0.002076
  0.000183
 -0.000221
 -0.001352
  0.000232
  0.001387
 -0.002523
  0.002959
 -0.002150
 -0.000457
  0.000720
  0.002034
  0.001424
 -0.002433
  0.000229
 -0.002476
  0.001785
  0.004153
  0.000290
 -0.000578
  0.000034
  0.000890
  0.001622
  0.000405
  0.002814
 -0.000826
 -0.000779
  0.001359
  0.000599
 -0.000101
  0.000404
 -0.003008
 -0.000317
  0.001455
 -0.001624
  0.000428
  0.002527
 -0.001873
  0.000582
 -0.000860
  0.000743
  0.001237
  0.001352
 -0.000762
 -0.000215
 -0.002419
  0.001732
  0.001231
  0.001739
 -0.000562
 -0.000786
 -0.001128
 -0.002297
 -0.001417
  0.001845
 -0.000320
  0.000709
 -0.001680
 -0.003690
  0.002743
  0.001187
 -0.002272
 -0.001241
 -0.002154
 -0.001232
 -0.007121
 -0.001183
 -0.002163
  0.004466
  0.001108
  0.001010
 -0.001456
  0.002247
 -0.000136
 -0.001421
  0.002826
 -0.000893
  0.002443
 -0.003125
  0.001890
 -0.000091
 -0.000104
  0.002421
 -0.001731
 -0.000384
 -0.001390
  0.000491
 -0.001981
 -0.000689
  0.000138
 -0.000402
  0.000740
  0.000555
  0.002142
  0.002156
 -0.000107
 -0.002521
 -0.000038
 -0.000542
  0.001333
  0.000313
 -0.000002
 -0.000960
  0.000567
  0.001295
  0.001192
 -0.000172
 -0.001090
  0.001758
  0.001582
  0.001760
  0.001237
  0.000927
 -0.000379
  0.000148
  0.000464
  0.000569
  0.000120
 -0.001485
 -0.000391
 -0.001668
  0.001778
  0.000131
  0.000631
 -0.000743
 -0.000820
  0.001786
 -0.001108
  0.000904
 -0.000725
  0.000096
 -0.000179
 -0.001377
  0.000591
  0.000843
  0.000533
 -0.001176
 -0.000595
  0.001271
 -0.000539
 -0.001071
 -0.000708
 -0.000263
 -0.001508
  0.000249
 -0.000188
  0.000418
  0.000363
  0.000119
  0.000225
  0.002296
 -0.000794
  0.001180
  0.001845
 -0.001303
  0.000347
 -0.000244
 -0.000614
 -0.000838
 -0.000036
 -0.000221
  0.000811
 -0.000984
  0.000050
  0.000353
  0.000699
 -0.000751
 -0.000704
  0.000456
 -0.001413
  0.000134
 -0.001455
 -0.003092
  0.000330
  0.000349
 -0.000639
 -0.000595
  0.003155
  0.001327
  0.000768
 -0.000844
 -0.000216
 -0.001141
  0.000765
  0.000731
  0.000901
  0.000261
 -0.001997
 -0.001401
 -0.000195
 -0.002701
 -0.000211
  0.000144
  0.001048
 -0.001705
 -0.000160
 -0.000556
 -0.000726
  0.000259
 -0.000253
 -0.000607
 -0.000264
 -0.000393
  0.000614
  0.000856
 -0.000349
 -0.000040
  0.000013
 -0.000797
  0.000255
 -0.000667
 -0.001968
 -0.000340
  0.000259
  0.000013
 -0.000524
  0.000128
 -0.000259
 -0.001197
 -0.000643
  0.000720
 -0.000045
 -0.001438
 -0.000820
  0.001589
 -0.000589
 -0.000296
 -0.000714
 -0.000185
 -0.000075
 -0.000018
 -0.000425
 -0.000538
 -0.000003
  0.000531
  0.000580
  0.000106
  0.000453
 -0.000737
  0.000552
 -0.000681
  0.000575
 -0.000081
 -0.000335
 -0.000801
 -0.000354
 -0.001274
 -0.000533
 -0.000135
  0.000807
  0.000432
  0.000101
  0.000159
  0.000228
  0.000809
  0.000369
  0.000571
 -0.000596
  0.001286
 -0.000132
 -0.000512
 -0.001376
  0.000200
  0.000003
  0.000707
  0.000448
 -0.001339
  0.000491
  0.001548
  0.001144
 -0.000175
 -0.000963
  0.000639
 -0.000249
 -0.000346
  0.000134
 -0.000333
 -0.000955
  0.000701
 -0.001034
  0.000704
 -0.001310
 -0.000618
  0.000651
 -0.000729
  0.000008
  0.000374
  0.000594
 -0.000680
  0.000770
  0.001702
  0.000677
 -0.000137
 -0.001039
  0.000985
 -0.000508
 -0.000354
  0.000052
  0.000840
 -0.000596
  0.000177
  0.001154
 -0.000066
 -0.000862
 -0.000055
  0.000072
  0.001398
  0.000292
 -0.001255
 -0.001499
  0.000196
 -0.000683
 -0.000029
 -0.000012
 -0.000568
 -0.001071
 -0.000589
  0.000317
 -0.000697
 -0.000362
  0.000339
  0.000391
 -0.000206
 -0.000520
  0.000345
 -0.000024
  0.001683
 -0.000463
 -0.001369
 -0.000133
  0.000418
  0.000123
 -0.000167
  0.000061
 -0.000114
  0.000347
 -0.001091
  0.000075
  0.000971
  0.000028
 -0.000814
 -0.000457
 -0.000011
 -0.000314
 -0.000472
  0.000289
 -0.000268
  0.000002
 -0.002174
  0.000249
 -0.000145
 -0.001589
 -0.001121
 -0.000677
  0.000108
  0.000377
 -0.001171
  0.000588
 -0.000270
  0.000237
  0.000233
 -0.000226
 -0.000636
  0.000553
  0.000929
 -0.000215
 -0.001393
 -0.000327
  0.000767
 -0.001575
  0.000040
  0.000031
 -0.002435
 -0.000317
  0.000128
 -0.000998
 -0.000060
  0.000721
 -0.000490
 -0.000102
 -0.000208
  0.001119
 -0.000190
 -0.000271
  0.001173
  0.000591
 -0.001152
  0.000427
  0.000574
 -0.000606
 -0.001022
 -0.000079
 -0.000595
 -0.000984
 -0.000345
  0.001201
  0.000404
  0.000481
 -0.000180
 -0.001163
  0.000191
  0.000186
 -0.000765
  0.000493
 -0.001427
  0.000028
  0.001245
 -0.000994
 -0.001554
 -0.001030
 -0.000139
 -0.000251
 -0.001759
  0.000364
 -0.001664
  0.000515
 -0.001928
  0.001789
 -0.000157
  0.002699
 -0.000174
  0.002209
  0.000129
  0.001813
  0.001491
  0.000541
 -0.001293
 -0.000260
 -0.000975
 -0.002210
 -0.001519
  0.000242
  0.000015
  0.000446
 -0.000764
  0.000174
  0.001333
  0.000427
  0.000029
  0.000639
  0.002197
  0.000927
  0.000291
  0.000930
 -0.000852
  0.000644
 -0.000029
 -0.000165
 -0.000095
 -0.000353
  0.000121
  0.000548
  0.000330
  0.000474
  0.000509
 -0.000004
 -0.000288
 -0.001224
  0.000208
 -0.000252
  0.001211
 -0.000495
  0.001047
 -0.000069
  0.001021
 -0.000787
 -0.000078
 -0.000042
 -0.000126
  0.001048
  0.000286
  0.001347
  0.001194
  0.001119
 -0.000744
 -0.000019
 -0.001024
 -0.001886
  0.001133
  0.001395
 -0.000907
  0.000231
  0.000303
  0.000640
 -0.000439
  0.000899
 -0.000393
  0.001235
 -0.000874
 -0.000211
  0.000282
 -0.000615
 -0.000353
 -0.000042
  0.000778
 -0.000716
  0.000822
 -0.000271
  0.000154
  0.000156
 -0.000090
 -0.000197
 -0.000373
  0.000051
  0.000083
 -0.000014
  0.000048
  0.000025
