 -0.022652
 -0.031606
 -0.794068
 -0.105020
  0.101105
 -0.086394
  0.081265
 -0.002548
 -0.009063
  0.106877
  0.555096
  0.081067
  0.012579
  0.001580
 -0.034329
 -0.002276
  0.007830
 -0.026315
  0.003426
 -0.015932
  0.012853
 -0.004198
 -0.000846
  0.006540
  0.006913
 -0.008335
 -0.002639
  0.015606
  0.024811
 -0.013679
 -0.001810
 -0.000416
 -0.003144
  0.004534
  0.022626
 -0.010227
  0.000961
 -0.007587
 -0.004613
 -0.005265
  0.004091
 -0.016517
 -0.001740
 -0.001858
 -0.006675
  0.000334
 -0.000772
  0.001152
 -0.000182
 -0.001366
 -0.005743
  0.002719
  0.004346
  0.006224
 -0.000415
  0.000355
 -0.000590
 -0.005782
 -0.000836
  0.002676
  0.003464
  0.002370
 -0.002765
  0.001639
 -0.000123
  0.004709
 -0.002362
  0.001275
  0.001143
 -0.002252
  0.002769
 -0.004772
 -0.002367
 -0.001630
  0.000030
 -0.002991
  0.005128
 -0.003571
 -0.001130
 -0.000824
  0.001255
 -0.002047
 -0.005358
 -0.001843
  0.000660
  0.005231
 -0.000659
  0.008333
 -0.003025
 -0.000278
  0.003413
 -0.007017
 -0.000985
 -0.000991
  0.004616
  0.005496
  0.000300
 -0.004507
  0.003346
 -0.003225
 -0.003548
 -0.001124
 -0.001196
 -0.000837
 -0.008304
 -0.005304
  0.003236
  0.000102
 -0.009077
 -0.002017
 -0.006144
 -0.000152
  0.001880
 -0.001114
  0.001870
  0.002291
  0.000940
  0.000253
  0.004411
 -0.001443
  0.000384
 -0.001463
 -0.001590
  0.000426
  0.002899
 -0.003558
  0.000231
  0.002651
  0.004182
 -0.000716
 -0.000079
 -0.003513
 -0.000167
  0.001115
 -0.000046
  0.002031
  0.001019
 -0.005368
 -0.002483
  0.004634
  0.001977
 -0.001399
 -0.002157
 -0.003261
  0.001308
 -0.000749
 -0.001023
  0.003751
 -0.001725
 -0.002670
  0.000934
  0.002020
 -0.002706
  0.002210
  0.001842
 -0.002889
  0.003346
 -0.001198
  0.000343
 -0.001804
  0.001939
 -0.002506
  0.002526
 -0.001522
 -0.000000
  0.000164
 -0.004993
  0.004564
 -0.000705
 -0.000675
  0.001263
  0.001895
  0.000784
  0.000261
  0.000016
  0.001120
  0.000156
 -0.000080
 -0.002724
 -0.000774
 -0.002932
  0.001314
  0.001047
  0.000159
 -0.003335
  0.000411
 -0.003861
  0.000735
  0.000474
 -0.001093
 -0.000930
  0.000377
  0.002113
  0.000513
  0.003098
  0.000834
  0.000562
  0.001077
 -0.000230
  0.000449
 -0.000468
 -0.000784
 -0.000244
  0.000726
 -0.001015
 -0.000074
 -0.002103
 -0.000436
  0.000629
 -0.000966
 -0.000367
 -0.000363
  0.000043
  0.000680
  0.002663
 -0.000145
 -0.002750
  0.001069
 -0.000993
 -0.000422
  0.000439
 -0.000126
 -0.000867
 -0.000153
 -0.000032
  0.002070
  0.000365
  0.001773
  0.000511
 -0.000587
  0.000258
 -0.000606
 -0.000711
  0.002587
  0.000599
 -0.000432
 -0.001323
 -0.000084
  0.000724
 -0.000002
 -0.000392
 -0.001982
  0.000054
  0.001306
  0.000436
 -0.001764
  0.000750
 -0.000329
 -0.000864
 -0.000026
 -0.000813
 -0.000269
 -0.000863
  0.000504
 -0.001127
 -0.000957
  0.001049
 -0.000111
 -0.001536
 -0.000494
  0.000961
  0.000007
  0.000959
 -0.001733
 -0.001389
  0.001724
 -0.000618
  0.002326
 -0.000642
  0.000221
  0.000366
 -0.000194
 -0.001011
  0.000213
 -0.000197
  0.000467
  0.000335
  0.000273
  0.000436
 -0.001117
  0.000312
 -0.000911
 -0.001709
  0.000223
 -0.000978
  0.000094
  0.000637
 -0.001798
  0.000627
  0.000964
  0.002685
 -0.000878
 -0.000116
 -0.000542
  0.000294
  0.001758
  0.000385
  0.000026
 -0.001082
  0.001504
  0.003137
 -0.000059
  0.000460
  0.001881
 -0.000008
  0.000069
  0.000091
 -0.001967
  0.001461
  0.000417
  0.000453
  0.001917
 -0.000034
 -0.000404
  0.000475
 -0.000959
  0.000498
  0.000629
  0.000435
 -0.002356
 -0.004657
 -0.000137
  0.001312
  0.000089
  0.000591
 -0.001053
  0.000472
 -0.000367
 -0.001115
  0.000648
 -0.000038
  0.000340
 -0.000619
  0.001433
  0.000088
  0.001335
 -0.000380
 -0.002431
  0.000264
  0.000414
 -0.001250
  0.000333
  0.001288
  0.001127
 -0.000114
 -0.000712
  0.000823
 -0.000606
  0.000095
  0.000132
 -0.000001
 -0.000108
 -0.002216
 -0.000398
  0.000989
  0.000589
  0.000273
 -0.000094
  0.000198
 -0.000178
  0.000121
 -0.000445
  0.000155
 -0.001051
 -0.000366
 -0.000562
 -0.000710
  0.000926
 -0.000158
  0.000291
  0.000228
  0.000728
  0.000215
  0.000107
  0.000004
 -0.000153
  0.000286
  0.000853
 -0.000092
 -0.000966
 -0.001328
  0.001573
  0.001522
 -0.000380
  0.000535
 -0.000820
  0.000356
 -0.001213
 -0.000015
 -0.002301
 -0.001292
 -0.000660
  0.001678
  0.001429
 -0.001095
  0.001416
 -0.000900
  0.000334
  0.001268
  0.000163
 -0.000574
  0.000731
  0.000393
  0.000824
  0.002720
  0.001852
 -0.000382
 -0.000507
 -0.000561
 -0.000615
 -0.000659
 -0.001261
  0.000532
  0.001263
 -0.001174
  0.000577
  0.001486
 -0.000147
  0.000442
  0.000204
 -0.000508
 -0.000552
 -0.000538
 -0.000708
  0.000098
 -0.000720
  0.000243
  0.001520
 -0.000008
  0.000549
  0.000764
 -0.000137
  0.000049
 -0.000877
  0.000223
  0.000475
  0.000208
  0.000692
 -0.000198
 -0.000599
  0.000790
  0.000385
  0.000040
  0.000148
  0.001350
  0.000816
 -0.000558
 -0.000265
 -0.000943
 -0.000157
 -0.000184
  0.000081
 -0.000350
 -0.000048
  0.000187
  0.000333
 -0.000136
 -0.000284
  0.000096
 -0.000279
  0.000093
 -0.000565
 -0.000140
 -0.000519
  0.000131
  0.000019
 -0.000570
 -0.000844
 -0.000608
 -0.000106
 -0.000832
 -0.000546
  0.000156
  0.000828
 -0.001061
 -0.000224
  0.000115
  0.000328
  0.000590
 -0.000201
  0.001126
 -0.000542
  0.000345
  0.000051
  0.000906
  0.000887
 -0.000073
  0.000396
 -0.000133
  0.001062
 -0.000572
  0.000255
  0.000228
 -0.000064
 -0.000003
 -0.001368
  0.000246
 -0.000517
  0.000544
  0.000627
 -0.002619
  0.000445
  0.000375
 -0.000340
  0.000477
 -0.000270
  0.000253
 -0.000702
 -0.000199
  0.000355
  0.000054
 -0.000102
  0.000353
  0.000783
  0.000700
  0.000541
 -0.000784
 -0.000073
  0.000108
  0.000522
 -0.000126
  0.000815
  0.000245
 -0.000249
  0.000864
  0.000216
  0.000170
 -0.000099
  0.000828
  0.000050
  0.000109
 -0.000187
 -0.000068
  0.000217
 -0.000824
 -0.000903
  0.000020
 -0.000107
  0.000084
  0.000396
 -0.000525
  0.000115
  0.000023
 -0.000177
 -0.000240
 -0.000171
 -0.000371
 -0.000274
  0.000318
 -0.000468
  0.000547
 -0.000147
 -0.000684
 -0.000053
 -0.000487
  0.000114
  0.000522
 -0.000828
 -0.000227
  0.000235
 -0.000169
  0.000192
 -0.000227
  0.000503
 -0.000354
 -0.000027
 -0.000387
 -0.000009
  0.000660
 -0.000677
  0.000448
 -0.000080
 -0.000316
 -0.000374
  0.000792
  0.001076
  0.000122
  0.000109
 -0.000137
  0.000518
  0.000418
  0.000124
 -0.000206
  0.000571
  0.000051
  0.000007
  0.000416
 -0.000012
  0.000507
  0.000507
  0.000138
  0.000181
  0.000561
 -0.000836
  0.000255
  0.000145
  0.000138
 -0.000034
 -0.000318
 -0.000475
 -0.001103
 -0.000466
  0.000055
 -0.000108
  0.000015
  0.000238
  0.000297
  0.000057
  0.000181
  0.001182
  0.000021
 -0.000159
  0.000351
  0.000743
 -0.000033
  0.000153
  0.000105
  0.000118
  0.000223
 -0.000057
  0.000776
  0.000127
 -0.000054
  0.000027
 -0.000634
 -0.000107
  0.000207
 -0.000265
 -0.000244
  0.000263
  0.000555
  0.000170
 -0.000004
  0.000069
 -0.000134
 -0.000054
  0.000609
  0.000247
 -0.000100
  0.000125
 -0.000309
  0.000022
  0.000538
 -0.000175
  0.000511
 -0.000553
 -0.000315
  0.000582
 -0.000280
 -0.000000
 -0.000263
 -0.000059
 -0.000521
 -0.000032
  0.000279
 -0.000092
 -0.000379
  0.000323
  0.000413
 -0.000223
 -0.000383
 -0.000328
 -0.000147
 -0.000298
 -0.000688
  0.000034
  0.000115
  0.000084
 -0.000569
 -0.000114
 -0.000437
 -0.000407
 -0.000047
  0.000837
 -0.000179
 -0.000437
  0.000270
  0.000154
  0.000194
  0.000245
 -0.000362
 -0.000333
 -0.000010
  0.000014
  0.000110
  0.000094
 -0.000032
  0.000172
  0.000121
 -0.000209
  0.000011
 -0.000283
 -0.000037
  0.001021
 -0.000075
  0.000076
 -0.000034
  0.000440
  0.000442
 -0.000263
  0.000069
 -0.000161
  0.000363
 -0.000435
 -0.000442
  0.000000
 -0.000054
 -0.000065
 -0.000204
  0.000399
  0.000063
  0.000060
  0.000699
 -0.000127
  0.000052
 -0.000122
  0.000610
  0.000437
  0.000346
  0.000150
  0.000082
  0.000064
 -0.000083
 -0.000156
  0.000096
 -0.000026
 -0.000133
  0.000100
 -0.000064
  0.000176
  0.000140
 -0.000017
  0.000147
 -0.000022
 -0.000136
 -0.000114
 -0.000234
  0.000168
  0.000247
  0.000347
  0.000399
  0.000080
 -0.000274
 -0.000025
  0.000260
  0.000065
 -0.000109
  0.000058
 -0.000028
 -0.000061
  0.000069
  0.000091
 -0.000122
 -0.000058
 -0.000228
 -0.000219
  0.000216
  0.000144
 -0.000050
  0.000133
  0.000003
 -0.000129
 -0.000483
  0.000164
 -0.000124
 -0.000113
 -0.000225
 -0.000099
  0.000062
  0.000040
  0.000034
  0.000265
  0.000067
  0.000075
 -0.000059
 -0.000186
  0.000037
  0.000024
 -0.000064
  0.000371
 -0.000026
  0.000006
  0.000219
  0.000069
  0.000283
 -0.000131
  0.000010
  0.000186
 -0.000031
  0.000016
 -0.000057
 -0.000037
  0.000044
 -0.000171
 -0.000062
  0.000145
 -0.000023
 -0.000006
 -0.000056
 -0.000073
 -0.000029
  0.000063
 -0.000022
 -0.000028
 -0.000052
 -0.000062
  0.000014
 -0.000033
 -0.000120
  0.000134
  0.000098
  0.000211
 -0.000097
 -0.000136
 -0.000017
 -0.000074
 -0.000037
 -0.000011
  0.000072
  0.000015
 -0.000050
 -0.000055
  0.000041
  0.000032
  0.000056
