  0.030495
 -0.275013
 -0.614944
 -0.232361
 -0.021733
 -0.092633
 -0.670586
  0.029107
 -0.031846
 -0.147710
  0.010305
  0.010338
  0.001358
  0.020438
 -0.014957
  0.007315
 -0.045507
  0.000580
  0.012276
 -0.011145
  0.004619
  0.019810
 -0.006450
 -0.008857
 -0.009069
 -0.004483
  0.003205
 -0.019625
  0.011660
  0.028052
  0.008220
  0.006964
 -0.006966
  0.000020
 -0.002331
 -0.006004
  0.006977
 -0.000570
  0.003707
 -0.007674
 -0.001426
 -0.002615
  0.007810
  0.002799
  0.017050
  0.000301
  0.000906
 -0.007420
 -0.001349
  0.007862
  0.003855
 -0.008737
 -0.010936
 -0.001055
  0.007043
  0.003830
  0.003709
  0.008805
 -0.001343
 -0.003629
  0.000285
  0.004386
 -0.003299
  0.001928
 -0.000131
 -0.000881
  0.008128
 -0.001334
 -0.004816
  0.007421
 -0.001051
  0.009701
 -0.007542
  0.012882
 -0.013046
  0.001070
 -0.004189
  0.004413
 -0.011044
 -0.003575
  0.000484
 -0.001622
 -0.000908
 -0.001180
  0.005513
  0.003417
 -0.005381
 -0.002499
  0.004325
  0.001093
 -0.005091
 -0.000056
  0.000482
  0.000998
 -0.001698
 -0.001631
  0.008131
 -0.000380
 -0.000697
  0.001172
  0.004614
  0.002535
 -0.002708
  0.001631
  0.000392
 -0.000232
 -0.000255
  0.000216
  0.000469
 -0.004868
  0.002727
 -0.000176
  0.001643
 -0.000097
  0.000837
  0.000609
 -0.001815
 -0.001717
  0.000069
  0.003021
  0.001057
  0.000461
  0.002192
  0.002825
  0.000960
 -0.000622
  0.002673
  0.001448
  0.002494
 -0.002246
 -0.007205
 -0.001366
 -0.001424
 -0.002522
 -0.000876
  0.005455
  0.003130
  0.002127
 -0.002407
  0.000649
 -0.003010
 -0.000026
  0.002748
  0.000430
  0.000229
 -0.001233
  0.001783
  0.000412
 -0.001204
 -0.001719
 -0.000666
 -0.001497
  0.002137
 -0.001202
 -0.000162
  0.001682
 -0.000437
  0.000016
 -0.000757
  0.002457
  0.001375
  0.000921
 -0.000894
  0.001012
  0.001876
 -0.002143
 -0.000061
 -0.002137
  0.001918
  0.003350
 -0.000465
 -0.000364
  0.002279
  0.002705
  0.000484
 -0.001268
 -0.004378
 -0.004170
  0.000683
 -0.001066
  0.004481
  0.000263
 -0.000471
 -0.004255
  0.000381
 -0.003118
 -0.005105
 -0.004896
 -0.000944
 -0.000103
 -0.002453
 -0.001188
  0.002715
 -0.000932
 -0.000452
  0.000475
 -0.000141
 -0.000668
 -0.001017
 -0.001760
 -0.005373
 -0.000844
 -0.003336
 -0.000555
  0.000301
 -0.000536
  0.002117
  0.002409
  0.002922
 -0.000835
  0.001335
  0.001971
 -0.000389
 -0.001378
  0.000393
  0.000669
 -0.000373
  0.001262
  0.000375
  0.004752
 -0.004592
 -0.001030
  0.000502
 -0.002514
 -0.001006
  0.001212
 -0.001170
  0.001710
 -0.001344
 -0.003480
 -0.002439
  0.001957
  0.000884
 -0.000178
  0.004379
  0.001275
  0.003072
 -0.001777
 -0.001070
  0.000760
  0.000798
  0.000586
 -0.000081
 -0.000216
 -0.001054
 -0.001369
  0.002951
  0.001184
  0.004005
  0.002293
 -0.000543
  0.000206
  0.000803
  0.002226
  0.000547
  0.003227
 -0.004812
 -0.000247
  0.000843
  0.000517
  0.002928
 -0.001742
 -0.000346
  0.004641
  0.006410
  0.002069
  0.001446
 -0.000118
  0.000694
  0.000469
  0.000655
  0.001527
  0.002382
 -0.001445
 -0.000242
  0.002208
  0.001756
 -0.002337
 -0.000306
 -0.000604
 -0.001755
  0.000495
  0.000038
  0.000292
 -0.000561
  0.002457
  0.000289
 -0.000887
  0.001346
 -0.000902
  0.000637
 -0.000153
 -0.001655
  0.001030
 -0.000134
 -0.000499
 -0.001055
 -0.001714
 -0.000362
  0.000964
  0.001172
 -0.000283
 -0.000380
  0.000668
 -0.000227
 -0.000578
 -0.000875
 -0.000035
 -0.000233
 -0.000312
  0.000453
  0.000438
  0.000780
 -0.000333
 -0.000741
  0.000675
 -0.000952
 -0.001091
  0.000361
 -0.000172
 -0.000132
 -0.001030
 -0.000748
 -0.001699
 -0.000113
  0.001241
  0.000896
 -0.000659
  0.000681
  0.001291
 -0.000100
  0.000416
  0.000437
  0.000531
  0.000083
  0.000190
 -0.000891
  0.000328
 -0.000493
  0.000359
 -0.000330
  0.001287
 -0.001347
  0.000554
  0.000115
 -0.000164
 -0.001311
  0.000010
 -0.000976
  0.001177
  0.001487
  0.000561
 -0.002193
 -0.001033
  0.000069
  0.000416
  0.000245
  0.000421
  0.000767
  0.000010
  0.000092
  0.000664
  0.000274
 -0.002490
  0.000942
  0.000712
  0.000792
  0.000302
  0.000537
  0.000102
 -0.000649
 -0.000261
  0.001798
  0.000393
 -0.000617
  0.001179
 -0.000472
 -0.000888
 -0.000008
 -0.001018
 -0.003069
 -0.000483
  0.000666
  0.000368
  0.000847
 -0.002275
  0.000527
  0.002008
  0.000713
  0.000248
  0.000216
 -0.000203
  0.001133
 -0.000050
  0.001595
  0.001375
 -0.001120
 -0.000337
  0.001153
 -0.001341
  0.000017
  0.001520
 -0.000712
  0.000133
 -0.003377
 -0.000139
 -0.000035
  0.000160
  0.001738
 -0.000343
  0.000277
  0.000942
  0.002956
  0.000489
 -0.000807
 -0.000370
 -0.000601
  0.000143
 -0.001392
  0.001369
  0.000879
 -0.000719
 -0.001813
  0.000145
  0.000156
  0.001053
 -0.001648
 -0.000692
 -0.000317
 -0.000820
  0.001553
 -0.000946
  0.000584
  0.000116
 -0.001520
 -0.000297
 -0.000856
 -0.001224
 -0.001917
  0.000027
  0.002813
  0.001456
  0.001063
  0.001429
  0.001396
 -0.001382
  0.000247
  0.000841
 -0.000891
  0.001937
 -0.001705
 -0.000268
  0.004192
 -0.000470
  0.000335
  0.000554
 -0.003339
 -0.002680
 -0.003564
 -0.002272
  0.002758
  0.007270
 -0.001474
  0.000642
  0.001684
  0.004566
  0.001185
  0.001584
  0.002063
  0.000839
  0.003904
  0.002736
 -0.001012
  0.000990
  0.000312
  0.002835
 -0.000181
 -0.002153
  0.003436
  0.001628
  0.001474
 -0.000139
  0.000105
 -0.001534
 -0.000065
  0.000039
  0.000090
  0.000835
  0.000301
  0.000286
  0.000184
  0.000218
 -0.000482
 -0.000311
  0.000570
 -0.000731
  0.000509
  0.000587
 -0.001444
  0.000289
 -0.000449
 -0.000340
  0.001021
 -0.000808
  0.000804
  0.000963
 -0.000233
 -0.000369
  0.000243
  0.000507
 -0.000247
 -0.000314
 -0.000378
  0.000274
  0.000574
 -0.000115
  0.000167
 -0.000014
 -0.000273
 -0.000123
 -0.000179
 -0.000259
  0.000261
  0.000253
 -0.000335
  0.000399
 -0.000233
  0.000203
 -0.000111
 -0.000781
 -0.000482
  0.000386
 -0.000569
 -0.001053
 -0.000447
 -0.000538
  0.001370
 -0.000651
 -0.001281
  0.000039
 -0.001233
  0.001345
  0.000501
  0.001170
 -0.000682
  0.004290
  0.001426
 -0.002572
  0.000584
  0.000573
  0.002704
 -0.002136
 -0.000226
  0.000242
  0.000483
 -0.003272
  0.001973
  0.001697
 -0.000348
  0.002122
  0.000598
 -0.000616
  0.001466
  0.000774
  0.000305
  0.000159
  0.000828
  0.000534
  0.000513
  0.000317
 -0.000039
 -0.000727
  0.000517
 -0.002718
  0.000607
  0.001213
 -0.001994
 -0.000451
 -0.000790
  0.001927
 -0.000160
 -0.000498
 -0.001186
 -0.000121
 -0.000278
  0.000067
  0.000811
  0.000019
  0.000381
  0.000311
 -0.000711
  0.000272
 -0.000007
  0.000753
 -0.000439
  0.000013
  0.000429
  0.000178
 -0.000197
  0.000304
  0.000492
 -0.000055
  0.001247
 -0.000102
  0.000037
  0.000624
  0.000499
  0.000179
  0.000502
  0.000649
 -0.000984
  0.001428
 -0.000881
 -0.000340
 -0.000087
 -0.000472
 -0.000347
  0.000468
  0.000281
  0.000643
  0.000288
  0.000343
  0.000440
  0.000525
  0.000619
 -0.000269
 -0.000992
  0.000249
 -0.000359
 -0.000284
  0.000739
 -0.000630
  0.000238
 -0.000320
 -0.000205
  0.000257
  0.000023
 -0.000751
  0.000396
  0.001286
  0.000464
  0.001117
 -0.000217
 -0.001239
 -0.000151
  0.000692
 -0.001169
 -0.000121
 -0.001007
 -0.001930
  0.000053
 -0.000053
  0.000217
 -0.000866
  0.000548
  0.000249
  0.001154
 -0.000319
  0.000451
 -0.001234
  0.000081
  0.000203
 -0.000118
 -0.001776
 -0.000345
  0.000432
  0.001432
  0.000837
 -0.000392
 -0.002195
  0.000774
  0.000349
 -0.000532
 -0.000077
 -0.000688
  0.000443
 -0.000550
  0.000092
 -0.000071
 -0.000973
  0.000014
  0.000689
  0.000067
 -0.000531
 -0.000465
 -0.000413
 -0.000113
 -0.000416
 -0.001343
  0.000463
  0.000163
 -0.000696
  0.000183
  0.000162
 -0.000593
  0.000862
  0.000978
 -0.000859
 -0.001126
  0.000509
 -0.000292
 -0.000082
  0.000124
 -0.000080
  0.000030
 -0.000179
  0.000223
  0.000405
  0.000005
  0.000371
 -0.000263
 -0.000154
 -0.000278
  0.000278
  0.000327
 -0.000374
 -0.000196
  0.000066
  0.000104
  0.000157
 -0.000026
  0.000134
 -0.000078
  0.000184
  0.000025
 -0.000348
 -0.000270
 -0.000469
  0.000009
  0.000034
 -0.000038
 -0.000066
  0.000183
 -0.000005
  0.000153
  0.000061
  0.000083
  0.000136
  0.000070
 -0.000134
 -0.000004
 -0.000138
  0.000083
 -0.000487
  0.000115
 -0.000163
  0.000023
 -0.000173
 -0.000033
  0.000191
 -0.000010
  0.000005
 -0.000041
 -0.000115
 -0.000110
 -0.000263
 -0.000063
 -0.000015
  0.000191
  0.000211
  0.000280
  0.000004
 -0.000110
  0.000057
  0.000056
  0.000119
 -0.000156
  0.000079
  0.000125
 -0.000150
 -0.000075
  0.000126
 -0.000081
 -0.000140
  0.000123
  0.000079
 -0.000149
 -0.000051
 -0.000013
  0.000121
 -0.000080
 -0.000080
  0.000058
  0.000055
  0.000038
 -0.000149
 -0.000065
  0.000051
  0.000091
  0.000079
  0.000114
  0.000053
  0.000006
 -0.000020
  0.000052
 -0.000054
  0.000098
 -0.000015
 -0.000024
 -0.000034
 -0.000013
 -0.000031
 -0.000026
 -0.000083
 -0.000087
  0.000075
 -0.000133
  0.000041
 -0.000116
 -0.000100
 -0.000183
  0.000052
 -0.000077
  0.000008
 -0.000016
 -0.000138
 -0.000044
 -0.000026
  0.000010
 -0.000031
 -0.000008
 -0.000008
 -0.000001
 -0.000007
  0.000034
