Frame	Volume
1	829.87
2	846.372
3	845.524
4	831.123
5	830.676
6	833.383
7	832.061
8	829.708
9	833.116
10	850.452
11	828.015
12	836.989
13	844.33
14	831.941
15	831.425
16	846.967
17	829.929
18	831.637
19	828.772
20	830.977
21	829.718
22	849.242
23	833.035
24	833.977
25	829.309
26	844.851
27	845.743
28	836.779
29	835.119
30	832.093
31	847.295
32	826.521
33	830.235
34	831.563
35	831.449
36	845.786
37	836.411
38	831.06
39	840.672
40	830.553
41	830.802
42	832.167
43	848.192
44	843.558
45	825.517
46	829.78
47	828.139
48	837.556
49	829.602
50	829.37
51	838.961
52	836.599
53	835.091
54	828.926
55	848.66
56	834.486
57	851.66
58	846.376
59	837.377
60	832.553
61	834.66
62	841.903
63	825.149
64	831.464
65	834.469
66	826.111
67	847.782
68	832.753
69	839.176
70	847.024
71	828.269
72	823.674
73	826.375
74	842.662
75	832.483
76	826.212
77	836.854
78	835.045
79	831.137
80	848.981
81	831.184
82	846.829
83	851.818
84	832.416
85	835.273
86	837.301
87	868.11
88	817.102
89	837.108
90	823.462
91	841.367
92	841.701
93	842.955
94	852.121
95	825.799
96	825.291
97	849.995
98	836.832
99	843.875
100	855.971
101	826.636
102	827.435
103	833.035
104	827.247
105	831.99
106	842.114
107	878.023
108	836.735
109	823.241
110	819.626
111	848.081
112	829.269
113	830.473
114	836.568
115	846.48
116	850.593
117	851.627
118	835.45
119	852.956
120	841.612
121	824.679
122	830.622
123	821.356
124	837.331
125	815.811
126	853.618
127	836.063
128	844.661
129	816.504
130	854.033
131	848.464
132	825.499
133	855.772
134	862.224
135	835.772
136	826.312
137	838.448
138	851.274
139	852.96
140	839.767
141	868.024
142	830.848
143	835.576
144	869.641
145	834.55
146	866.013
147	815.253
148	855.181
149	847.494
150	834.035
151	823.841
152	849.443
153	825.063
154	823.619
155	833.58
156	843.91
157	822.808
158	842.939
159	846.936
160	828.847
161	844.154
162	834.828
163	857.233
164	833.18
165	828.236
166	838.614
167	835.914
168	864.407
169	836.263
170	839.648
171	833.629
172	858.926
173	800.038
174	842.664
175	839.637
176	834.294
177	824.566
178	819.781
179	811.519
180	860.013
181	824.974
182	847.813
183	842.78
184	840.203
185	849.575
186	853.658
187	836.947
188	842.44
189	831.348
190	835.97
191	846.766
192	834.813
193	849.05
194	838.781
195	835.061
196	822.749
197	840.988
198	834.651
199	866.698
200	849.608
201	851.417
202	850.341
203	841.051
204	858.214
205	841.964
206	847.493
207	857.973
208	868.623
209	821.865
210	856.067
211	817.93
212	843.435
213	818.81
214	848.026
215	821.532
216	864.214
217	826.715
218	821.356
219	817.512
220	839.862
221	826.014
222	825.147
223	829.536
224	809.387
225	854.093
226	826.126
227	822.876
228	843.186
229	846.425
230	827.552
231	823.591
232	839.225
233	834.81
234	820.912
235	849.261
236	880.908
237	840.801
238	819.842
239	859.296
240	833.023
241	838.97
242	835.486
243	831.573
244	841.718
245	822.34
246	840.655
247	824.092
248	846.139
249	803.116
250	839.747
251	833.764
252	857.364
253	830.529
254	817.533
255	818.506
256	853.818
257	857.563
258	850.707
259	868.954
260	861.484
261	865.982
262	860.5
263	837.787
264	852.484
265	812.838
266	857.397
267	865.117
268	817.125
269	812.58
270	875.132
271	836.918
272	849.738
273	859.734
274	816.236
275	845.579
276	810.412
277	863.748
278	838.676
279	850.323
280	868.125
281	855.984
282	846.376
283	816.818
284	866.42
285	837.6
286	857.965
287	860.486
288	843.541
289	835.606
290	853.734
291	834.939
292	816.111
293	898.403
294	827.053
295	834.551
296	829.38
297	852.249
298	830.118
299	829.324
300	838.491
301	839.296
302	858.56
303	820.412
304	841.975
305	815.135
306	807.78
307	825.435
308	837.773
309	846.308
310	842.119
311	836.319
312	838.199
313	885.644
314	846.492
315	850.865
316	826.505
317	843.472
318	867.935
319	812.624
320	851.788
321	811.583
322	840.881
323	834.323
324	837.926
325	848.276
326	827.771
327	837.352
328	824.78
329	865.649
330	825.685
331	821.724
332	796.414
333	843.37
334	828.463
335	821.012
336	860.54
337	831.451
338	882.099
339	855.359
340	838.652
341	855.893
342	851.826
343	861.737
344	855.17
345	827.991
346	864.867
347	834.58
348	839.153
349	855.485
350	836.986
351	825.355
352	883.663
353	864.136
354	898.675
355	873.441
356	819.474
357	841.661
358	842.711
359	816.981
360	855.427
361	829.853
362	866.015
363	831.966
364	839.796
365	820.991
366	847.783
367	841.765
368	851.598
369	822.415
370	838.98
371	862.871
372	866.634
373	850.981
374	858.522
375	842.828
376	822.674
377	853.977
378	825.775
379	865.277
380	813.601
381	856.692
382	823.739
383	876.703
384	832.614
385	871.076
386	853.021
387	809.907
388	871.627
389	848.521
390	855.222
391	822.416
392	880.999
393	826.513
394	842.008
395	828.851
396	843.456
397	868.977
398	848.367
399	808.527
400	831.103
401	841.916
402	794.396
403	863.374
404	848.005
405	825.925
406	848.101
407	823.162
408	816.932
409	833.7
410	848.246
411	823.953
412	867.091
413	835.105
414	839.16
415	883.639
416	871.796
417	863.671
418	847.916
419	815.454
420	824.902
421	808.606
422	854.58
423	832.592
424	861.945
425	832.957
426	827.406
427	817.309
428	831.707
429	813.323
430	814.918
431	850.252
432	836.284
433	833.289
434	844.504
435	816.694
436	861.731
437	841.726
438	828.498
439	859.573
440	843.335
441	835.326
442	815.362
443	848.739
444	812.576
445	809.571
446	840.857
447	813.807
448	840.758
449	853.983
450	844.842
451	867.082
452	849.781
453	852.52
454	845.886
455	857.441
456	880.386
457	854.923
458	811.12
459	821.2
460	830.753
461	827.147
462	874.974
463	820.265
464	859.224
465	834.979
466	834.199
467	870.949
468	893.707
469	861.652
470	861.456
471	857.588
472	825.197
473	841.058
474	813.023
475	856.123
476	850.653
477	849.671
478	849.692
479	879.295
480	832.563
481	835.13
482	831.808
483	856.905
484	857.329
485	840.277
486	844.059
487	822.579
488	835.283
489	813.514
490	840.517
491	849.33
492	859.571
493	823.158
494	858.507
495	822.978
496	859.47
497	856.837
498	822.937
499	839.794
500	856.101
501	861.291
502	837.661
503	839.338
504	871.334
505	838.801
506	826.209
507	806.755
508	854.518
509	864.664
510	850.662
511	839.488
512	859.593
513	836.078
514	812.804
515	834.431
516	854.642
517	855.044
518	857.471
519	815.963
520	859.831
521	865.525
522	905.035
523	806.764
524	903.779
525	857.045
526	822.675
527	857.087
528	873.682
529	868.79
530	864.136
531	859.131
532	805.962
533	777.374
534	858.228
535	813.461
536	854.31
537	873.547
538	865.041
539	860.604
540	804.708
541	825.472
542	826.394
543	823.148
544	878.378
545	841.115
546	864.618
547	827.259
548	838.772
549	890.303
550	857.779
551	980.381
552	823.13
553	883.91
554	1034.62
555	706.096
556	755.903
557	1003.59
558	848.686
559	1109.5
560	1112.83
561	951.987
562	978.465
563	1351.37
564	791.497
565	873.555
566	845.82
567	980.688
568	795.583
569	813.493
570	969.677
571	1051.96
572	1148.55
573	959.383
574	820.645
575	823.886
576	1393.68
577	874.317
578	970.26
579	1517.16
580	845.683
581	769.973
582	730.7
583	1187.75
584	741.434
585	1176.06
586	902.78
587	1093.58
588	759.103
589	1615.92
590	704.537
591	964.687
592	697.977
593	1085.95
594	1105.92
595	944.068
596	829.201
597	1234.12
598	640.414
599	945.522
600	1009.09
601	1102.97
602	1498.34
603	1053.8
604	1213.2
605	794.188
606	1195.26
607	1263.23
608	761.08
609	1171.89
610	1465.12
611	1025.21
612	1022.01
613	1066.21
614	851.433
615	1349.91
616	1281.55
617	1306.57
618	1220.59
619	724.249
620	854.921
621	1558.88
622	1258.19
623	994.106
624	873.369
625	1453.34
626	1207.62
627	968.051
628	842.547
629	739.762
630	1271.43
631	1302.35
632	1030.51
633	1055.55
634	998.731
635	1166.39
636	1319.56
637	1279.64
638	948.683
639	1402.83
640	796.252
641	1814.01
642	1292.07
643	1059.43
644	938.316
645	861.059
646	1011.95
647	905.34
648	899.37
649	793.219
650	946.72
651	919.724
652	1315.3
653	1128.57
654	1054.56
655	808.508
656	1016.13
657	1297.12
658	999.536
659	966.209
660	1345.03
661	2186.22
662	1070.47
663	1077.91
664	1224.03
665	1230.37
666	1400.75
667	1731.28
668	964.652
669	1295
670	1159.25
671	1008.73
672	1359.47
673	945.202
674	1146.88
675	1620.94
676	1561.1
677	1262.78
678	1135.47
679	744.737
680	1140.97
681	1139.64
682	760.029
683	1112.94
684	1140.53
685	706.741
686	816.566
687	1027.35
688	1047.64
689	906.968
690	1017.61
691	1440.71
692	1219.01
693	1449.61
694	950.628
695	984.721
696	1188.12
697	834.705
698	1061.56
699	866.318
700	1104.67
701	1271.71
702	1415.76
703	965.165
704	1018.47
705	1243.47
706	766.52
707	980.053
708	1355.86
709	1173.56
710	1258.01
711	1318.07
712	1465.84
713	1127.67
714	1062.59
715	725.837
716	1295.09
717	1921.24
718	1714.63
719	1035.54
720	1060.24
721	1553.02
722	1158.27
723	1333.89
724	1374.56
725	1174.5
726	1039.82
727	861.006
728	943.601
729	1125.46
730	999.911
731	1241.5
732	2182.96
733	1195.78
734	878.455
735	1185.28
736	1249.42
737	782.76
738	1301.91
739	1088.31
740	636.798
741	1433.93
742	767.204
743	785.95
744	964.554
745	888.01
746	962.113
747	949.499
748	1500.58
749	1352.04
750	1031.85
751	1130.2
752	1263.41
753	1330.1
754	1001.7
755	1003.74
756	671.323
757	1680.75
758	1342.96
759	745.296
760	236.613
761	1598.83
762	1318.58
763	1008.33
764	1148.21
765	1958.55
766	1324.78
767	1212.03
768	931.607
769	832.426
770	660.099
771	1589.88
772	2893.59
773	2011.21
774	1466.53
775	1307.74
776	1352.91
777	1188.54
778	926.758
779	657.039
780	1261.23
781	1134.6
782	1007.5
783	1088.2
784	1245.63
785	1255.92
786	727.541
787	973.787
788	1347.35
789	1302.4
790	770.902
791	819.643
792	1341.71
793	877.76
794	1000.75
795	1229.08
796	1564.19
797	956.256
798	841.262
799	1593.97
800	1101.5
801	1024.86
802	1002.8
803	1154.12
804	632.617
805	910.127
806	1010.25
807	1070.21
808	1126.7
809	1311.09
810	1611.17
811	3185.81
812	1421.91
813	1629.26
814	1028.48
815	1078.66
816	841.43
817	1443.91
818	952.06
819	1573.68
820	1379.85
821	2197.53
822	1211.54
823	1136.09
824	1260.77
825	1000.14
