  1    0.017370
  2    0.192857
  3    0.057713
  4    0.044960
  5    0.025109
  6    0.026825
  7    0.011693
  8    0.008966
  9    0.016884
 10    0.012701
 11    0.014991
 12    0.005259
 13    0.010546
 14    0.006716
 15    0.007149
 16    0.004541
 17    0.002515
 18    0.007727
 19    0.005625
 20    0.003131
 21    0.004160
 22    0.003698
 23    0.005143
 24    0.005767
 25    0.006184
 26    0.004802
 27    0.003723
 28    0.003421
 29    0.006233
 30    0.003583
 31    0.004123
 32    0.004408
 33    0.002463
 34    0.003300
 35    0.003592
 36    0.003879
 37    0.005901
 38    0.003063
 39    0.003072
 40    0.001964
 41    0.001592
 42    0.003923
 43    0.002110
 44    0.003146
 45    0.003661
 46    0.002877
 47    0.002718
 48    0.002975
 49    0.003160
 50    0.003144
 51    0.002490
 52    0.001589
 53    0.001815
 54    0.002608
 55    0.001509
 56    0.002907
 57    0.001618
 58    0.001198
 59    0.001841
 60    0.003306
 61    0.001235
 62    0.001979
 63    0.002190
 64    0.002108
 65    0.002338
 66    0.002227
 67    0.001998
 68    0.001842
 69    0.001181
 70    0.001766
 71    0.002253
 72    0.002064
 73    0.001870
 74    0.000690
 75    0.001268
 76    0.001674
 77    0.001747
 78    0.001403
 79    0.002074
 80    0.001456
 81    0.001474
 82    0.002144
 83    0.001675
 84    0.001510
 85    0.001093
 86    0.001189
 87    0.001618
 88    0.001132
 89    0.001149
 90    0.001580
 91    0.001037
 92    0.001347
 93    0.001274
 94    0.001648
 95    0.000997
 96    0.001706
 97    0.001541
 98    0.001403
 99    0.000746
100    0.001640
101    0.001321
102    0.001881
103    0.001680
104    0.001801
105    0.001441
106    0.001365
107    0.001249
108    0.001696
109    0.001251
110    0.001470
111    0.001214
112    0.001252
113    0.001106
114    0.001388
115    0.000822
116    0.000938
117    0.001082
118    0.001017
119    0.001041
120    0.001223
121    0.001088
122    0.001165
123    0.001392
124    0.000872
125    0.000789
126    0.001769
127    0.000691
128    0.001036
129    0.000742
130    0.000816
131    0.000702
132    0.001448
133    0.001457
134    0.000947
135    0.001480
136    0.001040
137    0.001078
138    0.001067
139    0.001189
140    0.001061
141    0.000801
142    0.000715
143    0.001044
144    0.000899
145    0.000788
146    0.001138
147    0.000728
148    0.001290
149    0.001238
150    0.000856
151    0.000833
152    0.001013
153    0.001265
154    0.000680
155    0.000951
156    0.000889
157    0.000897
158    0.000664
159    0.000672
160    0.000612
161    0.001177
162    0.000932
163    0.000856
164    0.001105
165    0.000672
166    0.000729
167    0.000752
168    0.000698
169    0.000532
170    0.000919
171    0.001064
172    0.000584
173    0.000635
174    0.000576
175    0.001032
176    0.001279
177    0.001184
178    0.000995
179    0.001009
180    0.001023
181    0.000954
182    0.000940
183    0.000412
184    0.000955
185    0.000584
186    0.000561
187    0.001162
188    0.000630
189    0.001237
190    0.000894
191    0.001029
192    0.001180
193    0.001377
194    0.000654
195    0.000925
196    0.000461
197    0.000786
198    0.001265
199    0.000702
200    0.000880
201    0.000813
202    0.000773
203    0.001185
204    0.000919
205    0.000551
206    0.000494
207    0.000974
208    0.000744
209    0.000735
210    0.000646
211    0.000781
212    0.000778
213    0.000596
214    0.000841
215    0.000676
216    0.000726
217    0.000846
218    0.000865
219    0.000919
220    0.000672
221    0.000710
222    0.000262
223    0.000559
224    0.000558
225    0.000452
226    0.000769
227    0.000478
228    0.000755
229    0.000582
230    0.000745
231    0.000843
232    0.000237
233    0.000609
234    0.001270
235    0.000488
236    0.000889
237    0.000765
238    0.000521
239    0.000941
240    0.000708
241    0.000655
242    0.000728
243    0.000627
244    0.000444
245    0.000631
246    0.001051
247    0.000636
248    0.000503
249    0.000735
250    0.000455
251    0.000472
252    0.000580
253    0.000616
254    0.000493
255    0.001022
256    0.000600
257    0.000624
258    0.000336
259    0.000689
260    0.000480
261    0.000478
262    0.000774
263    0.000593
264    0.000364
265    0.000443
266    0.000510
267    0.000727
268    0.000690
269    0.000538
270    0.000512
271    0.000499
272    0.000446
273    0.000478
274    0.000622
275    0.000627
276    0.000405
277    0.000527
278    0.000687
279    0.000632
280    0.000770
281    0.000376
282    0.000329
283    0.000809
284    0.000478
285    0.000647
286    0.000424
287    0.000649
288    0.000336
289    0.000593
290    0.000629
291    0.000472
292    0.000353
293    0.000540
294    0.000494
295    0.000313
296    0.000363
297    0.000459
298    0.000547
299    0.000506
300    0.000467
301    0.000503
302    0.000500
303    0.000625
304    0.000536
305    0.000347
306    0.000416
307    0.000438
308    0.000342
309    0.000583
310    0.000538
311    0.000832
312    0.000620
313    0.000411
314    0.000971
315    0.000557
316    0.000340
317    0.000469
318    0.000400
319    0.000345
320    0.000578
321    0.000407
322    0.000567
323    0.000571
324    0.000728
325    0.000465
326    0.000519
327    0.000512
328    0.000692
329    0.000528
330    0.000665
331    0.000447
332    0.000436
333    0.000560
334    0.000406
335    0.000750
336    0.000516
337    0.000300
338    0.000457
339    0.000357
340    0.000411
341    0.000668
342    0.000446
343    0.000564
344    0.000429
345    0.000407
346    0.000661
347    0.000430
348    0.000478
349    0.000409
350    0.000307
351    0.000578
352    0.000366
353    0.000317
354    0.000321
355    0.000380
356    0.000423
357    0.000451
358    0.000524
359    0.000504
360    0.000330
361    0.000498
362    0.000560
363    0.000428
364    0.000333
365    0.000530
366    0.000496
367    0.000464
368    0.000915
369    0.000440
370    0.000532
371    0.000529
372    0.000454
373    0.000343
374    0.000382
375    0.000292
376    0.000445
377    0.000609
378    0.000450
379    0.000644
380    0.000590
381    0.000431
382    0.000470
383    0.000384
384    0.000382
385    0.000425
386    0.000410
387    0.000407
388    0.000194
389    0.000297
390    0.000326
391    0.000366
392    0.000378
393    0.000441
394    0.000272
395    0.000191
396    0.000437
397    0.000306
398    0.000374
399    0.000485
400    0.000297
401    0.000331
402    0.000423
403    0.000490
404    0.000410
405    0.000351
406    0.000465
407    0.000426
408    0.000307
409    0.000377
410    0.000513
411    0.000454
412    0.000422
413    0.000318
414    0.000351
415    0.000314
416    0.000313
417    0.000215
418    0.000353
419    0.000425
420    0.000212
421    0.000369
422    0.000244
423    0.000353
424    0.000357
425    0.000226
426    0.000350
427    0.000413
428    0.000278
429    0.000255
430    0.000203
431    0.000145
432    0.000361
433    0.000196
434    0.000391
435    0.000332
436    0.000328
437    0.000182
438    0.000493
439    0.000362
440    0.000341
441    0.000239
442    0.000353
443    0.000367
444    0.000335
445    0.000290
446    0.000293
447    0.000309
448    0.000393
449    0.000403
450    0.000373
451    0.000160
452    0.000457
453    0.000363
454    0.000469
455    0.000300
456    0.000434
457    0.000364
458    0.000441
459    0.000441
460    0.000377
461    0.000269
462    0.000388
463    0.000409
464    0.000326
465    0.000418
466    0.000218
467    0.000290
468    0.000294
469    0.000282
470    0.000403
471    0.000439
472    0.000327
473    0.000411
474    0.000387
475    0.000306
476    0.000363
477    0.000516
478    0.000299
479    0.000341
480    0.000327
481    0.000335
482    0.000240
483    0.000201
484    0.000594
485    0.000264
486    0.000200
487    0.000290
488    0.000319
489    0.000357
490    0.000317
491    0.000322
492    0.000296
493    0.000270
494    0.000146
495    0.000411
496    0.000442
497    0.000253
498    0.000258
499    0.000366
500    0.000340
501    0.000231
502    0.000379
503    0.000341
504    0.000465
505    0.000288
506    0.000318
507    0.000477
508    0.000264
509    0.000204
510    0.000295
511    0.000226
512    0.000326
513    0.000262
514    0.000428
515    0.000406
516    0.000254
517    0.000162
518    0.000328
519    0.000231
520    0.000284
521    0.000295
522    0.000271
523    0.000354
524    0.000214
525    0.000282
526    0.000284
527    0.000362
528    0.000232
529    0.000337
530    0.000308
531    0.000278
532    0.000343
533    0.000314
534    0.000346
535    0.000241
536    0.000221
537    0.000265
538    0.000237
539    0.000255
540    0.000252
541    0.000342
542    0.000190
543    0.000239
544    0.000318
545    0.000249
546    0.000297
547    0.000348
548    0.000399
549    0.000285
550    0.000237
551    0.000254
552    0.000286
553    0.000260
554    0.000280
555    0.000344
556    0.000215
557    0.000300
558    0.000304
559    0.000173
560    0.000193
561    0.000232
562    0.000266
563    0.000222
564    0.000273
565    0.000269
566    0.000219
567    0.000395
568    0.000212
569    0.000240
570    0.000130
571    0.000342
572    0.000252
573    0.000221
574    0.000113
575    0.000150
576    0.000313
577    0.000383
578    0.000289
579    0.000269
580    0.000292
581    0.000284
582    0.000180
583    0.000266
584    0.000202
585    0.000289
586    0.000288
587    0.000263
588    0.000298
589    0.000177
590    0.000227
591    0.000227
592    0.000259
593    0.000169
594    0.000163
595    0.000221
596    0.000235
597    0.000270
598    0.000295
599    0.000292
600    0.000203
601    0.000246
602    0.000173
603    0.000414
604    0.000206
605    0.000262
606    0.000278
607    0.000344
608    0.000342
609    0.000417
610    0.000276
611    0.000309
612    0.000268
613    0.000222
614    0.000198
615    0.000219
616    0.000259
617    0.000150
618    0.000140
619    0.000294
620    0.000175
621    0.000161
622    0.000217
623    0.000222
624    0.000214
625    0.000280
626    0.000179
627    0.000237
628    0.000246
629    0.000183
630    0.000262
631    0.000222
632    0.000252
633    0.000177
634    0.000445
635    0.000229
636    0.000246
637    0.000213
638    0.000219
639    0.000246
640    0.000156
641    0.000204
642    0.000394
643    0.000211
644    0.000158
645    0.000245
646    0.000145
647    0.000126
648    0.000268
649    0.000218
650    0.000233
651    0.000228
652    0.000208
653    0.000223
654    0.000272
655    0.000204
656    0.000202
657    0.000218
658    0.000190
659    0.000248
660    0.000270
661    0.000187
662    0.000245
663    0.000175
664    0.000241
665    0.000213
666    0.000286
667    0.000348
668    0.000215
669    0.000312
670    0.000245
671    0.000257
672    0.000364
673    0.000203
674    0.000251
675    0.000180
676    0.000278
677    0.000266
678    0.000140
679    0.000324
680    0.000262
681    0.000479
682    0.000305
683    0.000219
684    0.000212
685    0.000277
686    0.000228
687    0.000165
688    0.000131
689    0.000258
690    0.000271
691    0.000131
692    0.000304
693    0.000216
694    0.000155
695    0.000234
696    0.000276
697    0.000213
698    0.000239
699    0.000191
700    0.000255
701    0.000208
702    0.000150
703    0.000185
704    0.000196
705    0.000249
706    0.000270
707    0.000324
708    0.000282
709    0.000190
710    0.000219
711    0.000181
712    0.000280
713    0.000217
714    0.000139
715    0.000242
716    0.000236
717    0.000216
718    0.000247
719    0.000106
720    0.000188
721    0.000154
722    0.000212
723    0.000217
724    0.000197
725    0.000237
726    0.000235
727    0.000209
728    0.000150
729    0.000183
730    0.000233
731    0.000248
732    0.000289
733    0.000139
734    0.000138
735    0.000167
736    0.000187
737    0.000276
738    0.000205
739    0.000269
740    0.000173
741    0.000184
742    0.000163
743    0.000143
744    0.000256
745    0.000251
746    0.000141
747    0.000115
748    0.000237
749    0.000286
750    0.000238
751    0.000217
752    0.000183
753    0.000164
754    0.000200
755    0.000276
756    0.000160
757    0.000258
758    0.000096
759    0.000117
760    0.000232
761    0.000165
762    0.000225
763    0.000198
764    0.000187
765    0.000164
766    0.000236
767    0.000249
768    0.000177
769    0.000206
770    0.000232
771    0.000191
772    0.000138
773    0.000184
774    0.000158
775    0.000149
776    0.000227
777    0.000162
778    0.000213
779    0.000226
780    0.000157
781    0.000207
782    0.000111
783    0.000182
784    0.000217
785    0.000143
786    0.000230
787    0.000191
788    0.000217
789    0.000125
790    0.000188
791    0.000108
792    0.000172
793    0.000059
794    0.000211
795    0.000302
796    0.000255
797    0.000305
798    0.000191
799    0.000168
800    0.000154
801    0.000207
802    0.000202
803    0.000112
804    0.000108
805    0.000206
806    0.000142
807    0.000165
808    0.000222
809    0.000081
810    0.000161
811    0.000268
812    0.000115
813    0.000111
814    0.000157
815    0.000113
816    0.000100
817    0.000184
818    0.000378
819    0.000320
820    0.000202
821    0.000442
822    0.000317
823    0.000164
824    0.000085
825    0.000575
