  1    0.044269
  2    0.130138
  3    0.065352
  4    0.006811
  5    0.025023
  6    0.014820
  7    0.010517
  8    0.022379
  9    0.007737
 10    0.015251
 11    0.012025
 12    0.009887
 13    0.011063
 14    0.003920
 15    0.008193
 16    0.006814
 17    0.006001
 18    0.009562
 19    0.006590
 20    0.006280
 21    0.003735
 22    0.005795
 23    0.005161
 24    0.008088
 25    0.003503
 26    0.004187
 27    0.006728
 28    0.004648
 29    0.005843
 30    0.003881
 31    0.005183
 32    0.005774
 33    0.003218
 34    0.004540
 35    0.003315
 36    0.005206
 37    0.004179
 38    0.004335
 39    0.005057
 40    0.002863
 41    0.003382
 42    0.002743
 43    0.003679
 44    0.002673
 45    0.003413
 46    0.003136
 47    0.002612
 48    0.003605
 49    0.003334
 50    0.002253
 51    0.002581
 52    0.002686
 53    0.003213
 54    0.005294
 55    0.001589
 56    0.002538
 57    0.002069
 58    0.001963
 59    0.002736
 60    0.001498
 61    0.001936
 62    0.002106
 63    0.001224
 64    0.001840
 65    0.001728
 66    0.001399
 67    0.001957
 68    0.001988
 69    0.003116
 70    0.002192
 71    0.001917
 72    0.001416
 73    0.001022
 74    0.002408
 75    0.001862
 76    0.002256
 77    0.002155
 78    0.000977
 79    0.001128
 80    0.001468
 81    0.001302
 82    0.002162
 83    0.001279
 84    0.001432
 85    0.002119
 86    0.002451
 87    0.001179
 88    0.001131
 89    0.001057
 90    0.000915
 91    0.001501
 92    0.001377
 93    0.001842
 94    0.001868
 95    0.001433
 96    0.001672
 97    0.001652
 98    0.000496
 99    0.001263
100    0.000756
101    0.000840
102    0.001718
103    0.001721
104    0.000704
105    0.001482
106    0.000773
107    0.001160
108    0.001192
109    0.001610
110    0.000927
111    0.001458
112    0.001323
113    0.000827
114    0.001572
115    0.000846
116    0.001798
117    0.001407
118    0.001201
119    0.001154
120    0.001398
121    0.001269
122    0.001756
123    0.000922
124    0.000914
125    0.001587
126    0.001725
127    0.001894
128    0.001404
129    0.001537
130    0.000886
131    0.001622
132    0.000901
133    0.001204
134    0.001088
135    0.001755
136    0.001598
137    0.001839
138    0.001327
139    0.001879
140    0.000940
141    0.001278
142    0.001110
143    0.001878
144    0.001334
145    0.001215
146    0.001502
147    0.000864
148    0.001358
149    0.001525
150    0.000987
151    0.001087
152    0.000900
153    0.001113
154    0.000830
155    0.001952
156    0.001025
157    0.000705
158    0.001555
159    0.000684
160    0.000684
161    0.001225
162    0.000618
163    0.000460
164    0.001001
165    0.000831
166    0.001016
167    0.000920
168    0.000651
169    0.001322
170    0.000922
171    0.000668
172    0.000968
173    0.001281
174    0.001155
175    0.001204
176    0.000995
177    0.000871
178    0.001444
179    0.000702
180    0.000685
181    0.001918
182    0.000724
183    0.001459
184    0.000699
185    0.000603
186    0.000952
187    0.000978
188    0.000878
189    0.001276
190    0.001040
191    0.000640
192    0.000903
193    0.000786
194    0.001009
195    0.001051
196    0.000675
197    0.001014
198    0.000746
199    0.000695
200    0.000812
201    0.000368
202    0.000547
203    0.001227
204    0.000848
205    0.000529
206    0.000833
207    0.000586
208    0.001173
209    0.000573
210    0.000902
211    0.000701
212    0.000743
213    0.000817
214    0.000752
215    0.000699
216    0.000793
217    0.000409
218    0.000592
219    0.000695
220    0.000954
221    0.000695
222    0.000768
223    0.000615
224    0.000600
225    0.000503
226    0.000724
227    0.000552
228    0.000585
229    0.000786
230    0.000473
231    0.000823
232    0.000785
233    0.000737
234    0.000549
235    0.001142
236    0.000672
237    0.000706
238    0.000696
239    0.000550
240    0.000544
241    0.000604
242    0.000469
243    0.000527
244    0.000659
245    0.000520
246    0.000756
247    0.000716
248    0.000523
249    0.000588
250    0.000777
251    0.000810
252    0.000705
253    0.000601
254    0.000456
255    0.001148
256    0.000589
257    0.000853
258    0.000462
259    0.000922
260    0.000677
261    0.000762
262    0.000595
263    0.000844
264    0.000626
265    0.000707
266    0.000527
267    0.000576
268    0.000770
269    0.000942
270    0.000811
271    0.000390
272    0.000745
273    0.000797
274    0.000703
275    0.000662
276    0.000677
277    0.000504
278    0.000542
279    0.000483
280    0.000680
281    0.000622
282    0.000410
283    0.000629
284    0.000462
285    0.000331
286    0.000461
287    0.000493
288    0.000506
289    0.000661
290    0.000462
291    0.000649
292    0.000707
293    0.000782
294    0.000432
295    0.000388
296    0.000411
297    0.000784
298    0.000587
299    0.000455
300    0.000549
301    0.000751
302    0.000790
303    0.000763
304    0.000543
305    0.000868
306    0.000428
307    0.000519
308    0.000675
309    0.000840
310    0.000313
311    0.000682
312    0.000748
313    0.000448
314    0.000391
315    0.000698
316    0.000545
317    0.000411
318    0.000788
319    0.000596
320    0.000299
321    0.000411
322    0.000396
323    0.000519
324    0.000453
325    0.000399
326    0.000517
327    0.000635
328    0.000440
329    0.000744
330    0.000659
331    0.000649
332    0.000532
333    0.000440
334    0.000556
335    0.000769
336    0.000859
337    0.000537
338    0.000785
339    0.000304
340    0.000411
341    0.000433
342    0.000372
343    0.000410
344    0.000587
345    0.000446
346    0.000491
347    0.000594
348    0.000447
349    0.000424
350    0.000442
351    0.000413
352    0.000408
353    0.000582
354    0.000333
355    0.000439
356    0.000688
357    0.000331
358    0.000486
359    0.000411
360    0.000430
361    0.000724
362    0.000366
363    0.000383
364    0.000376
365    0.000420
366    0.000640
367    0.000647
368    0.000493
369    0.000463
370    0.000476
371    0.000663
372    0.000330
373    0.000398
374    0.000555
375    0.000431
376    0.000627
377    0.000608
378    0.000511
379    0.000526
380    0.000343
381    0.000698
382    0.000339
383    0.000351
384    0.000393
385    0.000556
386    0.000519
387    0.000527
388    0.000346
389    0.000526
390    0.000592
391    0.000415
392    0.000479
393    0.000326
394    0.000531
395    0.000635
396    0.000689
397    0.000698
398    0.000439
399    0.000397
400    0.000545
401    0.000441
402    0.000363
403    0.000352
404    0.000427
405    0.000481
406    0.000457
407    0.000294
408    0.000446
409    0.000748
410    0.000484
411    0.000468
412    0.000443
413    0.000358
414    0.000494
415    0.000638
416    0.000327
417    0.000500
418    0.000385
419    0.000588
420    0.000363
421    0.000265
422    0.000206
423    0.000297
424    0.000470
425    0.000229
426    0.000397
427    0.000361
428    0.000379
429    0.000548
430    0.000478
431    0.000307
432    0.000250
433    0.000348
434    0.000507
435    0.000488
436    0.000512
437    0.000636
438    0.000466
439    0.000597
440    0.000295
441    0.000497
442    0.000704
443    0.000515
444    0.000302
445    0.000415
446    0.000323
447    0.000364
448    0.000402
449    0.000476
450    0.000364
451    0.000428
452    0.000351
453    0.000271
454    0.000390
455    0.000453
456    0.000297
457    0.000231
458    0.000478
459    0.000415
460    0.000273
461    0.000431
462    0.000395
463    0.000291
464    0.000330
465    0.000469
466    0.000407
467    0.000289
468    0.000464
469    0.000261
470    0.000357
471    0.000356
472    0.000308
473    0.000498
474    0.000398
475    0.000353
476    0.000462
477    0.000407
478    0.000324
479    0.000284
480    0.000394
481    0.000265
482    0.000173
483    0.000420
484    0.000475
485    0.000192
486    0.000379
487    0.000422
488    0.000431
489    0.000284
490    0.000255
491    0.000309
492    0.000352
493    0.000430
494    0.000467
495    0.000407
496    0.000366
497    0.000491
498    0.000373
499    0.000354
500    0.000322
501    0.000294
502    0.000393
503    0.000315
504    0.000333
505    0.000478
506    0.000251
507    0.000229
508    0.000302
509    0.000335
510    0.000485
511    0.000367
512    0.000324
513    0.000305
514    0.000268
515    0.000256
516    0.000376
517    0.000337
518    0.000302
519    0.000276
520    0.000240
521    0.000226
522    0.000274
523    0.000349
524    0.000298
525    0.000403
526    0.000228
527    0.000398
528    0.000243
529    0.000331
530    0.000237
531    0.000213
532    0.000316
533    0.000336
534    0.000547
535    0.000391
536    0.000300
537    0.000356
538    0.000337
539    0.000249
540    0.000346
541    0.000445
542    0.000345
543    0.000271
544    0.000365
545    0.000274
546    0.000212
547    0.000355
548    0.000393
549    0.000260
550    0.000238
551    0.000323
552    0.000259
553    0.000326
554    0.000268
555    0.000414
556    0.000283
557    0.000387
558    0.000349
559    0.000359
560    0.000325
561    0.000349
562    0.000275
563    0.000362
564    0.000187
565    0.000401
566    0.000358
567    0.000296
568    0.000270
569    0.000275
570    0.000367
571    0.000273
572    0.000380
573    0.000289
574    0.000281
575    0.000463
576    0.000266
577    0.000332
578    0.000234
579    0.000353
580    0.000434
581    0.000251
582    0.000288
583    0.000344
584    0.000233
585    0.000374
586    0.000338
587    0.000338
588    0.000351
589    0.000286
590    0.000258
591    0.000186
592    0.000368
593    0.000233
594    0.000291
595    0.000303
596    0.000314
597    0.000216
598    0.000309
599    0.000257
600    0.000286
601    0.000354
602    0.000357
603    0.000240
604    0.000298
605    0.000332
606    0.000239
607    0.000232
608    0.000228
609    0.000371
610    0.000255
611    0.000205
612    0.000282
613    0.000387
614    0.000297
615    0.000298
616    0.000233
617    0.000253
618    0.000236
619    0.000291
620    0.000216
621    0.000326
622    0.000270
623    0.000366
624    0.000225
625    0.000260
626    0.000377
627    0.000324
628    0.000297
629    0.000223
630    0.000331
631    0.000458
632    0.000420
633    0.000330
634    0.000232
635    0.000194
636    0.000184
637    0.000307
638    0.000246
639    0.000287
640    0.000200
641    0.000336
642    0.000343
643    0.000285
644    0.000328
645    0.000205
646    0.000174
647    0.000193
648    0.000280
649    0.000240
650    0.000274
651    0.000362
652    0.000272
653    0.000202
654    0.000195
655    0.000215
656    0.000202
657    0.000314
658    0.000382
659    0.000395
660    0.000266
661    0.000303
662    0.000245
663    0.000217
664    0.000355
665    0.000221
666    0.000231
667    0.000214
668    0.000255
669    0.000235
670    0.000179
671    0.000269
672    0.000287
673    0.000281
674    0.000273
675    0.000254
676    0.000207
677    0.000228
678    0.000303
679    0.000238
680    0.000269
681    0.000395
682    0.000322
683    0.000176
684    0.000342
685    0.000279
686    0.000381
687    0.000210
688    0.000306
689    0.000427
690    0.000239
691    0.000240
692    0.000294
693    0.000281
694    0.000210
695    0.000253
696    0.000129
697    0.000224
698    0.000243
699    0.000334
700    0.000325
701    0.000172
702    0.000166
703    0.000209
704    0.000155
705    0.000229
706    0.000335
707    0.000211
708    0.000258
709    0.000338
710    0.000165
711    0.000230
712    0.000255
713    0.000195
714    0.000183
715    0.000187
716    0.000166
717    0.000334
718    0.000223
719    0.000163
720    0.000287
721    0.000168
722    0.000246
723    0.000264
724    0.000234
725    0.000175
726    0.000396
727    0.000323
728    0.000325
729    0.000256
730    0.000156
731    0.000295
732    0.000367
733    0.000199
734    0.000322
735    0.000393
736    0.000236
737    0.000307
738    0.000239
739    0.000260
740    0.000243
741    0.000320
742    0.000317
743    0.000224
744    0.000212
745    0.000219
746    0.000217
747    0.000285
748    0.000181
749    0.000201
750    0.000312
751    0.000132
752    0.000198
753    0.000226
754    0.000215
755    0.000236
756    0.000200
757    0.000207
758    0.000237
759    0.000199
760    0.000159
761    0.000242
762    0.000173
763    0.000168
764    0.000201
765    0.000154
766    0.000160
767    0.000243
768    0.000283
769    0.000245
770    0.000195
771    0.000203
772    0.000238
773    0.000276
774    0.000360
775    0.000362
776    0.000194
777    0.000200
778    0.000191
779    0.000149
780    0.000205
781    0.000198
782    0.000202
783    0.000126
784    0.000342
785    0.000139
786    0.000194
787    0.000257
788    0.000216
789    0.000240
790    0.000182
791    0.000260
792    0.000260
793    0.000118
794    0.000290
795    0.000145
796    0.000150
797    0.000242
798    0.000249
799    0.000132
800    0.000089
801    0.000148
802    0.000182
803    0.000324
804    0.000085
805    0.000215
806    0.000337
807    0.000316
808    0.000285
809    0.000166
810    0.000197
811    0.000051
812    0.000319
813    0.000179
814    0.000299
815    0.000303
816    0.000065
817    0.000222
818    0.000072
819    0.000200
820    0.000349
821    0.000589
822    0.000314
823    0.000130
824    0.000129
825    0.000447
