 -0.052493
 -0.716625
  0.643934
  0.112451
 -0.042851
  0.115470
  0.107917
 -0.072700
  0.050220
  0.000121
  0.012878
 -0.051976
 -0.009182
  0.012447
 -0.005711
 -0.001382
  0.037889
 -0.013044
  0.003861
  0.004671
  0.042774
  0.010413
  0.004669
 -0.047998
  0.016729
 -0.003188
  0.006145
 -0.012299
  0.025397
  0.017193
 -0.037283
 -0.023452
  0.010453
  0.017784
 -0.006554
  0.015203
 -0.005194
  0.015728
 -0.001798
 -0.003187
  0.034179
 -0.001857
 -0.005225
 -0.021648
  0.005660
  0.010770
 -0.007597
 -0.024925
  0.003245
 -0.000565
  0.019143
 -0.027291
  0.016869
 -0.000541
 -0.007758
  0.013204
  0.019353
  0.011783
 -0.000653
 -0.006402
 -0.004581
  0.001657
 -0.004836
 -0.015703
  0.000479
 -0.005332
  0.003409
  0.004544
 -0.008428
 -0.006121
  0.002156
 -0.001411
 -0.004131
 -0.003929
  0.007236
 -0.000713
  0.009071
 -0.001633
  0.002315
 -0.001219
  0.000548
  0.003673
  0.002617
  0.001116
  0.006692
 -0.002844
 -0.002930
 -0.001878
  0.003891
 -0.004483
 -0.005574
  0.000678
 -0.008929
  0.001848
 -0.002420
 -0.000977
 -0.007260
  0.005071
 -0.000509
 -0.001707
  0.006314
  0.000432
 -0.002934
  0.004069
 -0.000456
  0.001452
  0.004636
  0.003231
 -0.001630
 -0.000395
 -0.006196
 -0.004097
 -0.003508
 -0.002585
 -0.005084
 -0.001512
  0.006467
  0.003746
 -0.001824
  0.000683
 -0.000116
  0.000475
  0.007694
  0.007265
  0.007179
  0.007850
 -0.002828
  0.002435
  0.002511
  0.001823
 -0.003169
  0.000854
  0.002897
  0.000788
  0.002806
  0.000023
 -0.003019
  0.001379
  0.000137
 -0.001545
 -0.003192
  0.002874
  0.000666
 -0.001459
 -0.001218
 -0.001124
 -0.004909
  0.002751
 -0.002010
 -0.001748
 -0.002271
  0.001225
 -0.002976
  0.000634
  0.001625
 -0.002169
  0.000924
  0.001486
  0.001279
  0.001151
 -0.001342
 -0.000336
 -0.000919
 -0.002629
 -0.002705
  0.003465
  0.001542
  0.000342
 -0.003279
 -0.001648
  0.002165
 -0.002899
 -0.002724
  0.001310
  0.000261
  0.001702
 -0.001300
  0.000880
 -0.004362
 -0.002301
  0.001375
 -0.001825
  0.000765
 -0.000391
  0.004704
  0.001093
 -0.000157
  0.001995
  0.002785
 -0.003981
  0.006015
  0.001445
  0.001303
  0.000298
 -0.000329
 -0.000952
  0.005681
 -0.000503
 -0.005760
 -0.003168
 -0.004097
 -0.000197
 -0.002511
 -0.002595
  0.003783
 -0.001155
  0.001026
  0.000016
 -0.000467
 -0.001761
 -0.000605
  0.001364
 -0.000026
  0.000426
  0.000877
 -0.002486
  0.000656
 -0.001426
  0.000462
  0.006408
  0.005074
  0.000712
  0.006888
  0.002320
  0.002411
  0.003324
 -0.001912
 -0.004256
 -0.000618
  0.005359
  0.006186
 -0.002149
 -0.000256
 -0.004141
  0.000092
 -0.005776
 -0.000828
  0.000578
 -0.000509
 -0.001085
  0.001678
  0.001153
 -0.002906
 -0.001148
 -0.000989
 -0.003626
 -0.001183
 -0.004848
  0.000731
  0.003690
  0.002351
 -0.001131
 -0.000947
 -0.001710
 -0.000324
 -0.000190
  0.000378
  0.000775
 -0.000636
  0.000407
  0.000856
  0.001825
 -0.003684
  0.003134
  0.001682
 -0.000004
 -0.005223
  0.000252
  0.000431
  0.000526
 -0.005413
 -0.000975
 -0.000668
 -0.002296
  0.001289
 -0.000174
 -0.000186
  0.000088
  0.002526
  0.003089
  0.001189
  0.001646
 -0.000373
  0.003745
 -0.000171
 -0.005653
  0.000464
 -0.004576
 -0.000148
  0.003263
 -0.001298
  0.003493
 -0.001291
 -0.003572
  0.000017
  0.001057
 -0.000538
 -0.000683
 -0.002657
  0.001016
  0.000810
  0.001523
  0.000480
  0.000235
  0.001737
 -0.001334
 -0.000752
 -0.000055
  0.000679
 -0.001103
 -0.000324
  0.000801
 -0.001187
  0.000011
 -0.000536
  0.000008
 -0.002599
  0.000217
  0.000295
 -0.000940
 -0.000999
  0.001864
 -0.000956
 -0.000707
  0.001396
 -0.000888
 -0.001119
  0.002292
 -0.000869
  0.004028
 -0.002090
 -0.000903
 -0.001613
 -0.000918
  0.000539
  0.003791
  0.000637
 -0.000049
  0.000526
 -0.002006
  0.000528
  0.000837
  0.000260
 -0.002932
 -0.000677
  0.003054
  0.002067
  0.002114
 -0.006266
 -0.002288
 -0.002091
  0.000602
 -0.004840
  0.001125
 -0.000318
 -0.001136
  0.001948
  0.002920
 -0.000466
 -0.001152
 -0.002570
 -0.006073
 -0.000228
  0.000764
  0.001472
 -0.000653
 -0.000166
 -0.000750
 -0.003746
 -0.003526
  0.002100
 -0.004297
  0.001536
  0.000780
 -0.002950
  0.000262
 -0.001403
 -0.000292
 -0.001110
 -0.002303
 -0.000543
  0.000275
  0.001706
 -0.002231
  0.001712
 -0.002887
  0.002556
 -0.001371
 -0.004342
 -0.001934
 -0.001509
  0.002479
  0.003016
  0.002684
  0.003203
  0.002696
  0.002236
  0.000708
  0.000223
  0.005815
 -0.001882
  0.002651
  0.002953
 -0.000020
  0.000917
 -0.000203
  0.005703
  0.004241
  0.000276
  0.004060
  0.000932
  0.002984
 -0.001226
  0.004694
  0.001382
  0.000191
  0.002740
 -0.007989
 -0.000401
  0.001577
  0.000064
 -0.000351
  0.002534
  0.000620
 -0.001360
 -0.003762
  0.000058
 -0.000181
 -0.000250
 -0.000488
 -0.002535
  0.002138
  0.001025
  0.000602
  0.000364
  0.001278
 -0.000898
  0.000607
  0.000730
 -0.000345
  0.000090
 -0.004384
  0.002229
 -0.000422
 -0.001516
 -0.000068
  0.001714
 -0.000453
  0.000165
 -0.001283
  0.001153
 -0.000684
  0.000766
 -0.000345
 -0.000950
  0.002173
 -0.002201
 -0.000903
 -0.001080
  0.002040
  0.000091
  0.000984
  0.000679
 -0.000207
 -0.000461
 -0.001659
 -0.001015
 -0.001443
 -0.000911
 -0.000319
  0.002200
 -0.000032
  0.001446
 -0.000503
 -0.001378
  0.000277
  0.001797
  0.001551
 -0.000695
  0.001906
  0.001988
  0.002749
 -0.001006
 -0.001685
 -0.000742
 -0.000051
 -0.000914
  0.001004
 -0.001312
 -0.000631
  0.002815
 -0.000800
 -0.001128
 -0.000589
  0.000820
  0.000335
  0.000136
  0.000257
 -0.000449
  0.000629
  0.000422
 -0.000181
 -0.000779
 -0.001251
  0.000093
 -0.001120
  0.000682
  0.000306
  0.001302
  0.001624
  0.000811
 -0.001411
 -0.002731
 -0.000712
 -0.000423
  0.002283
  0.000873
  0.000083
  0.000952
 -0.000347
 -0.001817
 -0.003547
 -0.000397
  0.002612
  0.000389
 -0.001631
 -0.001092
 -0.000300
 -0.000003
 -0.000346
  0.000817
 -0.001333
  0.000339
 -0.000450
 -0.000075
 -0.000364
 -0.001364
  0.000334
 -0.001977
 -0.000584
  0.001294
 -0.001885
 -0.000161
  0.000619
  0.001021
 -0.000143
 -0.000020
  0.000996
 -0.000989
  0.000386
  0.000968
 -0.000144
 -0.000426
  0.000792
  0.001027
  0.001996
  0.000236
  0.001972
 -0.000225
  0.000680
 -0.000231
 -0.000468
 -0.000911
  0.000044
 -0.002652
  0.000603
  0.000117
 -0.000064
 -0.000698
  0.000938
  0.001032
 -0.002783
  0.000374
 -0.000204
  0.000151
  0.000706
  0.000566
  0.000392
  0.000094
 -0.000166
  0.000299
 -0.000010
  0.001653
  0.000178
  0.000700
 -0.000216
  0.001171
 -0.000041
 -0.000415
  0.000657
 -0.001555
  0.000608
  0.000477
 -0.000255
  0.000352
  0.000253
  0.001223
  0.001162
 -0.000129
 -0.000268
  0.000721
 -0.001597
 -0.000250
 -0.000159
 -0.000118
 -0.000919
  0.000620
  0.001441
 -0.001602
 -0.000628
  0.000573
 -0.000635
 -0.000491
  0.001925
  0.000205
 -0.002963
  0.000631
 -0.001620
  0.001216
  0.000699
  0.001572
  0.001274
 -0.001163
 -0.001399
  0.000679
 -0.000578
  0.000518
  0.000142
 -0.000320
 -0.000309
  0.000318
 -0.000110
  0.000105
  0.000282
  0.000451
  0.000184
  0.000367
  0.000337
 -0.000131
  0.000114
 -0.000277
  0.000281
  0.000255
  0.000220
  0.001106
 -0.000381
  0.000159
  0.000601
  0.000283
  0.001450
 -0.001162
  0.000433
 -0.001659
 -0.000138
  0.000214
 -0.000855
  0.000631
  0.001641
  0.000345
 -0.000540
  0.001569
  0.002388
 -0.000586
  0.000007
  0.000418
  0.000387
 -0.000096
  0.000232
  0.002490
  0.002195
 -0.002874
 -0.000055
 -0.000349
  0.001592
 -0.000202
  0.001919
  0.000984
  0.000290
 -0.000136
 -0.000244
 -0.000418
 -0.000253
 -0.000987
 -0.000739
 -0.000391
  0.000491
 -0.001037
 -0.000381
 -0.000758
  0.000609
 -0.000710
 -0.001265
 -0.000985
 -0.000130
 -0.000510
 -0.001175
 -0.000913
 -0.000248
 -0.000213
 -0.000031
 -0.000235
 -0.001388
 -0.000557
 -0.000210
  0.000522
  0.000947
 -0.001157
 -0.000555
 -0.000764
  0.001257
  0.000403
 -0.001407
  0.000624
 -0.000951
  0.000030
  0.000871
  0.000474
 -0.000360
 -0.000622
  0.001518
  0.000264
  0.000672
 -0.000985
  0.000730
 -0.001006
  0.000193
  0.000512
  0.000288
  0.001354
 -0.000750
  0.001004
  0.000825
  0.001177
 -0.001196
 -0.001308
  0.001508
 -0.000019
 -0.000606
  0.001139
  0.001222
 -0.000523
  0.001332
  0.000886
  0.002171
 -0.000126
 -0.000245
  0.000248
  0.000375
  0.001912
 -0.002663
 -0.000202
  0.000215
 -0.002691
  0.001840
 -0.000654
 -0.000988
 -0.000056
 -0.000366
 -0.001206
 -0.002194
  0.000486
 -0.001424
  0.001031
 -0.002066
 -0.000225
 -0.000852
  0.000711
 -0.001038
  0.000230
 -0.001912
 -0.001125
 -0.000090
  0.002893
  0.001111
 -0.000676
 -0.000499
 -0.002486
  0.001055
 -0.000994
 -0.000436
 -0.000979
  0.001811
  0.000148
  0.000392
  0.001524
 -0.000742
 -0.000041
  0.000692
  0.000826
  0.001122
  0.000192
 -0.000568
 -0.001128
 -0.000113
  0.000113
  0.000050
 -0.000220
  0.000620
 -0.000783
 -0.000430
 -0.000170
  0.000094
  0.000698
  0.000250
  0.001298
 -0.000345
 -0.001290
 -0.000551
  0.003763
  0.001107
 -0.001053
 -0.001025
 -0.000117
  0.000072
 -0.000191
  0.000330
  0.000186
 -0.000384
  0.000035
 -0.000430
 -0.000165
 -0.000405
 -0.000043
 -0.001333
  0.000082
