  0.045920
  0.557369
 -0.010652
 -0.751941
 -0.322695
  0.019974
 -0.066757
  0.013250
  0.039229
 -0.002396
 -0.025954
 -0.015381
  0.012189
 -0.002409
 -0.040887
 -0.013321
  0.001965
 -0.031538
  0.003853
 -0.006770
  0.025241
  0.005539
 -0.040702
  0.006307
 -0.009932
  0.024046
  0.002655
  0.008628
  0.012879
 -0.000540
  0.006528
  0.012325
  0.000217
 -0.001926
  0.009017
 -0.005121
  0.001537
 -0.019488
  0.004361
 -0.003597
  0.004952
 -0.008975
 -0.019413
  0.006079
  0.014188
 -0.008147
  0.005416
 -0.000815
  0.001423
 -0.004284
  0.009097
 -0.007557
  0.003674
  0.004107
 -0.000209
 -0.002532
 -0.002352
 -0.000369
  0.013422
  0.005984
  0.011498
  0.003203
  0.001638
 -0.001157
  0.005689
 -0.001697
  0.000890
 -0.003161
 -0.004679
 -0.000881
 -0.000308
  0.004694
  0.002515
 -0.002587
 -0.000250
  0.002576
  0.005904
 -0.006376
 -0.000669
 -0.002083
  0.000261
 -0.002184
  0.004038
 -0.011424
 -0.001946
  0.003898
 -0.001358
  0.000411
 -0.000896
  0.002408
  0.007699
  0.006585
  0.000084
  0.001802
  0.000373
 -0.000851
  0.003999
 -0.001243
 -0.001198
 -0.003662
  0.002261
  0.001328
 -0.000601
  0.001184
 -0.000848
  0.000133
 -0.000440
 -0.001117
  0.000187
  0.001716
 -0.001757
 -0.000540
  0.003360
 -0.004946
 -0.001210
  0.000352
 -0.003210
 -0.005767
 -0.001868
  0.000878
  0.000673
 -0.001718
 -0.000429
  0.005625
 -0.002743
 -0.001031
 -0.000840
  0.001715
 -0.001645
 -0.000042
 -0.002910
  0.003491
 -0.003142
 -0.000441
 -0.001586
  0.003045
 -0.003204
  0.000024
 -0.003680
  0.000054
  0.000051
 -0.003133
  0.001717
  0.004034
 -0.001701
 -0.000647
  0.000756
 -0.001127
 -0.000806
 -0.000128
 -0.002518
  0.000484
  0.005784
  0.000789
 -0.004665
 -0.001911
  0.000537
 -0.002419
 -0.002647
 -0.006152
  0.000057
 -0.005885
  0.003319
  0.001125
  0.002370
  0.007295
 -0.000808
 -0.003834
 -0.001121
 -0.002590
  0.002014
 -0.001168
  0.001215
  0.000679
  0.000840
 -0.003269
  0.000486
 -0.000647
 -0.000970
  0.001179
 -0.000072
  0.002065
 -0.000680
 -0.000505
 -0.001165
 -0.001589
 -0.000426
  0.000431
 -0.000131
 -0.000655
 -0.000412
 -0.000459
  0.002736
 -0.001860
  0.001320
  0.001608
  0.002298
 -0.002351
 -0.001994
 -0.000099
  0.001408
  0.002372
  0.000778
  0.000810
  0.000312
  0.000203
 -0.000102
 -0.000602
 -0.000303
  0.000117
 -0.000788
 -0.000594
 -0.000867
  0.000866
 -0.000486
 -0.000085
  0.000749
  0.000767
  0.002055
 -0.000880
  0.000738
 -0.000944
 -0.000585
  0.001167
  0.000827
  0.000991
 -0.000496
  0.000709
  0.000820
  0.000182
  0.001249
  0.000664
  0.002323
  0.001774
 -0.000012
  0.001391
  0.000005
 -0.000179
  0.001299
  0.000374
 -0.001376
  0.001197
  0.000845
  0.000868
 -0.000441
  0.002509
 -0.002375
  0.000650
  0.000270
 -0.000864
  0.000017
  0.000573
  0.000664
  0.000899
 -0.001020
 -0.000264
 -0.000937
  0.001963
 -0.002432
  0.000092
  0.000382
  0.000514
  0.001168
  0.000169
  0.000524
  0.000788
 -0.000225
 -0.001670
 -0.000486
  0.000680
 -0.000420
 -0.001472
  0.001302
 -0.000207
 -0.000336
  0.000486
  0.000230
 -0.000206
 -0.000930
  0.000327
  0.000113
 -0.000342
  0.000376
  0.000823
  0.000737
 -0.001024
  0.000479
 -0.000588
 -0.001136
  0.002843
 -0.001924
 -0.000688
  0.000937
  0.000647
  0.001965
  0.001013
  0.002415
  0.002287
 -0.000014
 -0.002602
 -0.000077
  0.001974
  0.001235
  0.000196
 -0.001358
  0.000031
  0.002121
 -0.001446
  0.001137
  0.000777
  0.001397
 -0.000253
 -0.002014
 -0.000986
 -0.000354
 -0.000891
  0.000144
 -0.001242
 -0.002531
  0.001526
 -0.002723
  0.000651
 -0.000278
 -0.002712
 -0.005514
  0.000628
  0.001768
  0.000367
  0.003316
 -0.002527
  0.000917
 -0.000511
 -0.001117
 -0.002255
  0.003193
  0.000440
  0.001242
  0.001161
 -0.001168
  0.001919
  0.000072
 -0.000993
  0.000556
  0.000928
 -0.000048
  0.001296
 -0.002955
  0.000109
  0.000134
  0.000415
 -0.005192
  0.000397
  0.000565
  0.001174
 -0.001183
 -0.000059
  0.003302
  0.004653
  0.002080
  0.001114
 -0.002027
  0.000397
  0.003118
 -0.000160
  0.002066
 -0.000915
 -0.002384
 -0.002783
 -0.000815
  0.001265
  0.001954
  0.000020
 -0.002096
  0.003169
  0.001648
 -0.000388
 -0.001160
  0.001185
 -0.001841
 -0.000202
  0.000553
  0.000782
 -0.000572
  0.000864
 -0.001317
  0.000597
 -0.002161
  0.000596
  0.000290
  0.001507
  0.001358
 -0.000120
  0.001505
 -0.000080
 -0.000259
  0.000838
 -0.000210
 -0.000737
 -0.000210
  0.000386
 -0.000877
  0.001033
  0.000093
  0.000058
 -0.000211
  0.000383
 -0.000926
 -0.000625
  0.000697
  0.000090
  0.000081
 -0.000837
  0.000059
 -0.001481
 -0.000635
  0.000046
 -0.000355
 -0.000142
  0.000595
 -0.000234
 -0.000025
  0.000116
  0.000185
  0.000711
  0.000694
 -0.000711
  0.000134
  0.000340
 -0.001103
  0.000327
  0.000106
 -0.000351
 -0.000433
 -0.000786
 -0.000227
  0.000041
 -0.000119
  0.000902
 -0.000774
 -0.001724
 -0.000234
 -0.000044
  0.000303
  0.000537
  0.000402
 -0.000840
  0.000252
  0.000217
 -0.000500
 -0.000450
 -0.000206
 -0.000285
 -0.000612
 -0.000508
 -0.000563
  0.000545
  0.000582
 -0.001369
 -0.000216
 -0.000411
  0.000469
 -0.001411
  0.000632
 -0.001464
  0.000228
 -0.000940
  0.001469
  0.001320
  0.000364
 -0.000834
 -0.001968
 -0.000680
 -0.000232
 -0.000112
  0.000113
 -0.000407
  0.000517
 -0.000096
 -0.001131
 -0.000246
  0.000840
 -0.000143
 -0.000713
 -0.000299
 -0.000002
  0.001197
 -0.000689
  0.001690
  0.001199
 -0.001305
 -0.000218
 -0.000011
 -0.000903
  0.000027
  0.000714
 -0.001216
  0.000900
  0.000311
  0.001459
  0.000552
  0.001274
 -0.000208
  0.001131
 -0.000641
 -0.001411
 -0.001322
  0.000501
 -0.000382
 -0.000311
 -0.000430
  0.000175
 -0.000546
 -0.000503
 -0.000349
 -0.000456
 -0.000510
 -0.000139
 -0.000266
  0.001148
 -0.000223
 -0.000128
 -0.000052
  0.000061
  0.000307
 -0.000292
 -0.000645
 -0.000319
 -0.000138
  0.000746
 -0.000113
  0.000253
 -0.000244
 -0.000262
  0.000750
  0.000595
 -0.000443
  0.000194
  0.000113
  0.001159
  0.000153
  0.000797
  0.001231
 -0.000860
 -0.000372
  0.000210
 -0.000347
  0.000187
 -0.000100
 -0.000880
  0.000080
  0.000865
 -0.000772
  0.000504
 -0.000392
 -0.000405
 -0.001118
 -0.000507
  0.000416
  0.000310
  0.000269
  0.000821
 -0.000358
  0.000135
 -0.000054
 -0.000220
  0.000823
 -0.000349
 -0.000400
 -0.000326
  0.000846
  0.000058
 -0.000386
 -0.000602
 -0.000100
  0.000693
 -0.000384
  0.000054
 -0.000091
 -0.000593
 -0.000071
 -0.000560
  0.000157
  0.000537
 -0.000340
 -0.000628
  0.000443
 -0.000007
  0.001413
 -0.000288
 -0.000122
  0.001122
  0.000762
  0.000047
  0.000401
  0.000211
  0.000324
 -0.000558
  0.001355
 -0.000248
  0.000698
  0.001471
  0.001079
 -0.000554
  0.000190
 -0.000632
 -0.000324
  0.000667
 -0.000083
 -0.000281
  0.000189
 -0.000503
  0.000063
 -0.000847
 -0.001379
 -0.000593
 -0.000320
 -0.000019
 -0.000746
 -0.000274
  0.001516
  0.000205
  0.000108
 -0.000882
  0.000734
 -0.000845
 -0.001779
  0.000541
 -0.000059
 -0.000852
  0.001480
  0.000711
  0.000914
 -0.000568
 -0.000908
 -0.001354
 -0.000222
 -0.000682
  0.000437
  0.000562
 -0.001776
  0.000978
 -0.000088
  0.000103
  0.000081
 -0.000518
 -0.000598
 -0.000140
 -0.001022
  0.000076
 -0.000151
  0.000333
  0.000431
  0.000013
  0.000206
 -0.000210
  0.000917
 -0.000459
 -0.000592
 -0.000518
  0.000125
 -0.000005
 -0.001155
  0.000571
 -0.000281
 -0.000765
  0.000903
  0.000310
  0.000929
 -0.000437
 -0.000010
 -0.000132
 -0.000878
 -0.000183
  0.000265
 -0.000853
 -0.000309
 -0.000371
 -0.001084
 -0.000716
  0.000023
 -0.000587
  0.000032
 -0.000593
 -0.000276
  0.000464
  0.000193
 -0.000263
 -0.000483
 -0.000098
 -0.000300
 -0.000494
 -0.000754
  0.000535
  0.000451
  0.000380
  0.000247
 -0.001579
 -0.000001
 -0.000439
 -0.000173
  0.000506
 -0.001159
  0.000677
  0.000988
  0.000486
 -0.001263
  0.000396
 -0.000721
 -0.000543
  0.000004
 -0.000320
  0.000723
  0.000195
  0.000052
  0.000116
 -0.000437
 -0.000683
  0.000394
  0.000435
 -0.000380
 -0.000446
 -0.000490
 -0.000539
 -0.000076
 -0.000064
 -0.000050
  0.000635
  0.000575
 -0.000094
 -0.000115
 -0.000059
  0.000539
  0.000092
  0.000529
 -0.000135
 -0.000229
 -0.000192
 -0.000506
  0.000461
 -0.000490
 -0.000631
 -0.000458
  0.000148
 -0.000923
 -0.000057
 -0.000332
  0.000425
  0.000297
 -0.000062
  0.000941
 -0.000220
 -0.000082
 -0.000543
  0.000260
 -0.000476
  0.000208
  0.000348
 -0.000091
  0.000032
 -0.000079
 -0.000503
  0.000373
 -0.000156
 -0.000106
 -0.000813
  0.000079
  0.000105
 -0.000027
 -0.000244
 -0.000470
  0.000563
  0.000195
  0.000103
 -0.000145
 -0.000131
  0.000104
  0.000115
  0.000080
 -0.000019
  0.000164
  0.000045
  0.000023
 -0.000043
 -0.000128
 -0.000144
  0.000074
 -0.000034
 -0.000061
  0.000227
 -0.000019
 -0.000128
 -0.000037
  0.000027
 -0.000049
  0.000097
 -0.000101
  0.000020
  0.000061
  0.000119
  0.000103
 -0.000007
 -0.000012
  0.000183
  0.000002
  0.000135
  0.000018
  0.000001
  0.000014
 -0.000019
 -0.000045
  0.000010
 -0.000018
 -0.000177
  0.000005
 -0.000001
 -0.000007
 -0.000031
 -0.000022
  0.000079
 -0.000046
 -0.000137
 -0.000024
 -0.000069
 -0.000144
  0.000041
