Frame	Volume
1	1011.33
2	1005.8
3	1017.98
4	1008.52
5	999.816
6	1018.01
7	1004.53
8	1007.7
9	985.105
10	994.561
11	982.572
12	1008.14
13	1027.95
14	1010.97
15	1009.44
16	1013.32
17	1012.98
18	1010.34
19	1013.57
20	1016.48
21	1013.31
22	1009.95
23	1019.68
24	1003.03
25	1008.74
26	1013.27
27	1019.56
28	1016.12
29	1005.81
30	1006.43
31	1019
32	1013.87
33	1021.44
34	1009.43
35	1016.05
36	1014.17
37	1017.9
38	1000.09
39	1015.61
40	1012.56
41	1005.18
42	1017.3
43	1005.37
44	1002.06
45	1017.47
46	1013.66
47	1015.26
48	1011.78
49	1016.79
50	998.659
51	1003.24
52	1007.03
53	1013.77
54	1007.13
55	1008.54
56	1015.81
57	1005.61
58	1007.73
59	1006.2
60	1007.7
61	1005.35
62	1011.46
63	1012.8
64	995.095
65	1017.63
66	1022.53
67	1002.15
68	1021.56
69	1015.31
70	1004.84
71	1014.05
72	1019.58
73	1021.67
74	1010.63
75	1012.2
76	1013.04
77	1011.56
78	998.735
79	994.484
80	1012.84
81	1007.79
82	1027.92
83	1023.24
84	1011.62
85	981.947
86	1011.83
87	1005.14
88	987.492
89	1003.37
90	1027.41
91	999.862
92	1008.59
93	1007.25
94	1029.41
95	993.566
96	1012.97
97	1034.23
98	1022.24
99	988.554
100	1030.83
101	1011.47
102	992.783
103	1025.79
104	979.977
105	1008.86
106	1013.41
107	1020.89
108	1029.58
109	1002.88
110	991.275
111	1023.53
112	1030.38
113	1009.74
114	1023.13
115	1005.84
116	1004.45
117	1033.7
118	1016.08
119	1013.51
120	1005.48
121	1002.91
122	1003.12
123	1007.86
124	1006.68
125	1034.89
126	1007.02
127	1017.28
128	1019.87
129	1038.71
130	1009.28
131	1040.25
132	1000.86
133	1021.39
134	1028.55
135	1022.72
136	1034.25
137	1029.23
138	997.504
139	1030.81
140	997.423
141	973.657
142	1005.62
143	1023.37
144	1011.44
145	1010.11
146	1021.53
147	971.988
148	1021.46
149	1010.46
150	1027.58
151	1022.02
152	1032.74
153	976.125
154	1007.91
155	1005.54
156	1041.16
157	1043.35
158	1003.89
159	997.533
160	997.046
161	1006.98
162	1018.83
163	994.65
164	1008.12
165	1019.16
166	1020.56
167	1024.63
168	1029.56
169	987.316
170	996.362
171	1012.86
172	1010.63
173	1009.62
174	1013.25
175	997.111
176	1025.83
177	1006.48
178	1046.32
179	1028.77
180	1031.7
181	1033.21
182	1010.12
183	1010.88
184	1010.85
185	1007
186	1013.29
187	1032.01
188	999.441
189	1011.96
190	997.412
191	1009.35
192	1023.88
193	1011.55
194	986.344
195	1012.45
196	1029.53
197	982.663
198	1019.43
199	1003.79
200	1032.26
201	1025.52
202	997.569
203	1008.75
204	1016.59
205	1036.02
206	1015.03
207	981.514
208	1021.43
209	1004.86
210	1015.6
211	997.973
212	1044.91
213	998.766
214	987.506
215	1032.62
216	999.789
217	1019.29
218	1007.43
219	1012.48
220	1012.97
221	982.833
222	1025.27
223	1014.4
224	997.128
225	1018.78
226	997.698
227	1032.79
228	993.935
229	1035.64
230	989.239
231	1010.03
232	998.318
233	1010
234	1013.88
235	974.859
236	1004.66
237	999.692
238	1009.78
239	1013.14
240	1028.88
241	1030.87
242	1011.78
243	984.558
244	1010.93
245	1018.12
246	1020.18
247	1020.03
248	1012
249	1006.18
250	1017.22
251	1011.8
252	982.679
253	1019.59
254	1004.5
255	1002.47
256	1019.02
257	1002.58
258	988.429
259	1015.67
260	1021.95
261	1019.46
262	987.119
263	1036.91
264	1019.81
265	1024.24
266	995.896
267	996.827
268	998.79
269	1009.58
270	977.547
271	994.103
272	1007.22
273	1014.57
274	1012.26
275	1021.69
276	994.597
277	1030.91
278	1003.89
279	1018.83
280	1015.21
281	1006.44
282	1019.8
283	1039.09
284	1004.39
285	1016.82
286	976.545
287	1016.4
288	1019.51
289	1009
290	980.595
291	1024.66
292	1005.48
293	1020.06
294	1023.47
295	1061.69
296	1004.82
297	970.569
298	1006.01
299	1001.55
300	1029.36
301	1042.55
302	1006.75
303	973.866
304	1015.78
305	1003
306	1023.65
307	1009.67
308	992.251
309	1018.95
310	1036.86
311	1004.76
312	993.483
313	990.891
314	1000.43
315	996.603
316	1008.6
317	987.07
318	1021
319	1008.41
320	1029.07
321	1007.74
322	1004.36
323	1006.72
324	1003.39
325	1000.79
326	991.06
327	1039.06
328	996.657
329	1003.59
330	1026.7
331	1020.17
332	1013.45
333	1009.19
334	997.384
335	1011.4
336	1010.59
337	1008.08
338	999.949
339	1020.9
340	1021.53
341	1029.94
342	1023.87
343	988.744
344	1013.89
345	1010.97
346	1003.43
347	1000.63
348	1015.69
349	1008.12
350	1019.54
351	1002.03
352	1024.46
353	1047.04
354	1018.7
355	1028.48
356	1020.07
357	1010.33
358	1017.2
359	998.922
360	1025.07
361	1004.18
362	1007.98
363	998.48
364	998.399
365	1027.43
366	976.97
367	1027.26
368	1034.87
369	1036.46
370	993.921
371	1016.05
372	1029.62
373	1008.52
374	1024.95
375	971.293
376	1012.17
377	1014.83
378	1014.85
379	997.485
380	1029.66
381	1008.74
382	1004.39
383	1019.21
384	1012.84
385	1021.9
386	1023.22
387	1003.67
388	1017.26
389	1014.96
390	1024.93
391	1011.94
392	1004.07
393	1025.31
394	1008.27
395	1002.82
396	996.133
397	1016.53
398	1000.76
399	1002.29
400	1004.3
401	1011.09
402	1003.19
403	1018.24
404	1006.89
405	1014.08
406	1002.6
407	1005.73
408	1017.26
409	1018.67
410	1024.81
411	1025.02
412	996.089
413	1002.49
414	998.39
415	988.82
416	1019.38
417	1000.18
418	1002.65
419	1024.77
420	1035.26
421	1003.62
422	1015.77
423	1009.62
424	1013.78
425	998.594
426	1036.99
427	1009.61
428	1005.24
429	1030.12
430	1008.38
431	1047.57
432	983.756
433	976.029
434	992.143
435	1015.91
436	986.873
437	1001.77
438	987.424
439	1018.79
440	992.464
441	973.742
442	1002.89
443	1056.4
444	986.673
445	978.814
446	997.298
447	1001.03
448	1008.33
449	992.891
450	1000.9
451	993.513
452	1022.29
453	987.288
454	1016.55
455	1010.52
456	1005.18
457	1016.34
458	1018.94
459	1015.88
460	1003.09
461	1019.18
462	992.343
463	972.894
464	1001.84
465	1025.76
466	1008.65
467	1022.63
468	999.133
469	1009.09
470	1012.66
471	1005.5
472	1011.55
473	1030.92
474	1021.47
475	1011.39
476	1015.15
477	1004.57
478	996.33
479	1005.29
480	1018.59
481	1011.36
482	1014.88
483	990.511
484	1000.86
485	1015.82
486	995.68
487	1019.07
488	998.647
489	1014.1
490	1011.37
491	1015.21
492	1007.29
493	1012.07
494	1016.26
495	1006.38
496	1014.83
497	1034.44
498	1004.01
499	1014.66
500	999.321
501	988.183
502	1004.86
503	994.883
504	1009.95
505	1024.19
506	1012.24
507	1012.45
508	1011.17
509	988.6
510	1021.66
511	1021.56
512	1014.76
513	1006.45
514	1008.96
515	1016.56
516	1018.06
517	1016.66
518	1017.22
519	997.869
520	1012.15
521	1015.53
522	1030.78
523	1006.31
524	1031.91
525	1005.47
526	999.964
527	1016.52
528	1033.44
529	1017.92
530	1026.35
531	1002.86
532	1010.84
533	1005.53
534	1023.73
535	1020.08
536	1015.83
537	993.586
538	1035.6
539	1025.44
540	1009.91
541	1006.81
542	1028.04
543	1002.74
544	1012.04
545	1018.27
546	1019.26
547	1019.77
548	1014.17
549	1014.6
550	993.202
551	1006.3
552	999.739
553	1024.81
554	1014.78
555	1021.18
556	1009.86
557	1011.07
558	1000.31
559	998.693
560	995.424
561	1021.69
562	1002.31
563	1012.83
564	1014.11
565	1011.12
566	1015.94
567	1013.85
568	998.837
569	994.863
570	1009.97
571	1017.87
572	1026.99
573	1005.42
574	1001.25
575	1018.54
576	1011.97
577	1027.35
578	1027.85
579	1003.76
580	1010.65
581	1015.7
582	1021.01
583	1020.74
584	990.405
585	1026.53
586	1012.05
587	1000.79
588	991.645
589	1027.83
590	1029.83
591	1017.08
592	1020.14
593	999.035
594	1017.42
595	1024.87
596	1011.99
597	999.999
598	1011.87
599	1031.1
600	1008.27
601	1014.65
602	1047.2
603	1037.82
604	1022.75
605	1033.63
606	1004.96
607	1005.77
608	1007.15
609	1019.4
610	999.391
611	1017.09
612	1002.13
613	995.009
614	1009.79
615	1011.88
616	1000.95
617	1009.09
618	998.767
619	1020.65
620	1019.91
621	994.253
622	1019.25
623	1022.63
624	1020.04
625	1002.31
626	994.292
627	1005.01
628	1011.25
629	1019.34
630	1002.01
631	1010.89
632	1005.02
633	1010.73
634	1000.6
635	1014.35
636	1017.02
637	1016.68
638	1019.02
639	1028.04
640	1003.83
641	1027.72
642	984.812
643	1008.35
644	993.613
645	1035.87
646	1009.73
647	1004.17
648	1015.48
649	1007.37
650	1007.44
651	1026.13
652	1018.9
653	992.159
654	1022.79
655	1016.63
656	1016.48
657	1013.15
658	1012.47
659	1018.22
660	1026.9
661	1015.04
662	1006.51
663	1001.7
664	1000.44
665	1005.97
666	1018.6
667	1002.04
668	1016.82
669	1001.92
670	1008.45
671	1020.02
672	1009.83
673	1009.91
674	1009.61
675	1008.15
676	992.889
677	1006.38
678	1012.87
679	1019.94
680	1000.31
681	1013.85
682	1019.43
683	1026.03
684	1005.49
685	1009.95
686	1012.89
687	1008.2
688	1016.03
689	997.716
690	1014.97
691	1009.05
692	1011.37
693	1029.86
694	1025.05
695	986.84
696	1017.29
697	1024.72
698	1015.34
699	991.75
700	1011.67
701	1024.65
702	1006.65
703	1016.33
704	1017.39
705	1020.16
706	1021.88
707	987.17
708	1025.44
709	1013.33
710	1028.53
711	1017.8
712	1018.05
713	1026.3
714	1006.3
715	1009.05
716	1002.47
717	1009.81
718	1011
719	1009.78
720	1018.32
721	998.668
722	1009.52
723	1010.19
724	1004.94
725	990.448
726	1001.17
727	1017.55
728	1014.68
729	1007.31
730	1000.43
731	1012.97
732	1019.31
733	1020.42
734	1016.21
735	1000.3
736	1008.19
737	1016.46
738	997.329
739	1008.17
740	1015.34
741	1006.59
742	1019.72
743	1007.58
744	1013.53
745	1022.44
746	1013.19
747	1029.73
748	1008.12
749	1023.4
750	1003.77
751	1004.28
752	1006.99
753	1023.63
754	1021.26
755	995.008
756	1049.78
757	1017.35
758	1017.37
759	1026
760	1003.32
761	997.103
762	1012.25
763	995.833
764	999.132
765	994.557
766	1006.57
767	1007.66
768	1015.31
769	1013.77
770	1016.08
771	1016.5
772	1008.66
773	998.104
774	1015.22
775	997.289
776	998.995
777	1008.69
778	1009.3
779	1008.2
780	1005.66
781	1003.56
782	1012
783	1005.76
784	1020.45
785	1016.61
786	1022.61
787	1008.62
788	1003.6
789	1015.88
790	995.205
791	1008.53
792	1005.76
793	999.748
794	998.599
795	1026.64
796	1031.96
797	1030.83
798	1021.03
799	1011.71
800	1010.3
801	1015.14
802	1020.22
803	986.448
804	1009.73
805	1007.38
806	1007.47
807	1016.31
808	1016.42
809	1005.67
810	1019.15
811	1020.61
812	1013.72
813	1007.97
814	1014.16
815	1009.62
816	1016.43
817	999.133
818	1001.47
819	1012.35
820	1005.71
821	1006.67
822	990.696
823	1004.94
824	1011.34
825	1009.93
