  1    0.029766
  2    0.117016
  3    0.051172
  4    0.022910
  5    0.013695
  6    0.032351
  7    0.006127
  8    0.036605
  9    0.008915
 10    0.010990
 11    0.020216
 12    0.002017
 13    0.012378
 14    0.013668
 15    0.004481
 16    0.007574
 17    0.006729
 18    0.004036
 19    0.004163
 20    0.003385
 21    0.003120
 22    0.008488
 23    0.003311
 24    0.010246
 25    0.007947
 26    0.008969
 27    0.009664
 28    0.011185
 29    0.003565
 30    0.004325
 31    0.008566
 32    0.004023
 33    0.003350
 34    0.003606
 35    0.002581
 36    0.004145
 37    0.001953
 38    0.003773
 39    0.002573
 40    0.003355
 41    0.003345
 42    0.005468
 43    0.000987
 44    0.006792
 45    0.004181
 46    0.002383
 47    0.004216
 48    0.001556
 49    0.003887
 50    0.002283
 51    0.003443
 52    0.002777
 53    0.002383
 54    0.003539
 55    0.002829
 56    0.001770
 57    0.002151
 58    0.000382
 59    0.003011
 60    0.001872
 61    0.000550
 62    0.001907
 63    0.002163
 64    0.001539
 65    0.001622
 66    0.001279
 67    0.002137
 68    0.002673
 69    0.003257
 70    0.001195
 71    0.001708
 72    0.001191
 73    0.003738
 74    0.003098
 75    0.002072
 76    0.001353
 77    0.002212
 78    0.002955
 79    0.001030
 80    0.001918
 81    0.001436
 82    0.001260
 83    0.002036
 84    0.001237
 85    0.001754
 86    0.001331
 87    0.001022
 88    0.002450
 89    0.001421
 90    0.001491
 91    0.002437
 92    0.002445
 93    0.001594
 94    0.000562
 95    0.001609
 96    0.003215
 97    0.002135
 98    0.001121
 99    0.001428
100    0.000873
101    0.001666
102    0.000926
103    0.001170
104    0.001711
105    0.001428
106    0.000807
107    0.000389
108    0.000683
109    0.000936
110    0.000625
111    0.001028
112    0.001545
113    0.001305
114    0.001638
115    0.001045
116    0.001102
117    0.000999
118    0.000870
119    0.001088
120    0.001793
121    0.001491
122    0.001254
123    0.002166
124    0.001544
125    0.002267
126    0.002715
127    0.001728
128    0.001083
129    0.000700
130    0.001624
131    0.000928
132    0.000925
133    0.002112
134    0.000311
135    0.001133
136    0.001440
137    0.001039
138    0.000916
139    0.001336
140    0.002015
141    0.000945
142    0.001423
143    0.001511
144    0.000463
145    0.001173
146    0.001487
147    0.001224
148    0.001368
149    0.001103
150    0.001135
151    0.000658
152    0.000647
153    0.000693
154    0.001743
155    0.000689
156    0.002287
157    0.000556
158    0.000664
159    0.001087
160    0.001614
161    0.000981
162    0.001006
163    0.000871
164    0.000781
165    0.000482
166    0.000469
167    0.001191
168    0.001043
169    0.000681
170    0.001055
171    0.000313
172    0.001013
173    0.000745
174    0.001293
175    0.000987
176    0.000731
177    0.000927
178    0.000467
179    0.000729
180    0.000767
181    0.000910
182    0.000346
183    0.000861
184    0.000472
185    0.000723
186    0.000734
187    0.000917
188    0.000574
189    0.000443
190    0.000992
191    0.000517
192    0.000838
193    0.000912
194    0.000708
195    0.001045
196    0.000772
197    0.000674
198    0.001009
199    0.000772
200    0.000806
201    0.000838
202    0.000602
203    0.001785
204    0.000699
205    0.001017
206    0.000919
207    0.000732
208    0.000452
209    0.000767
210    0.000700
211    0.001153
212    0.000704
213    0.000561
214    0.001128
215    0.001041
216    0.000667
217    0.000621
218    0.000860
219    0.000990
220    0.000595
221    0.001223
222    0.000622
223    0.000545
224    0.000246
225    0.000602
226    0.000763
227    0.000751
228    0.001096
229    0.000531
230    0.001334
231    0.000447
232    0.000882
233    0.000776
234    0.000607
235    0.000330
236    0.001057
237    0.000635
238    0.000997
239    0.001161
240    0.000697
241    0.000517
242    0.001101
243    0.000853
244    0.000590
245    0.000460
246    0.000367
247    0.000545
248    0.000623
249    0.000408
250    0.000413
251    0.000299
252    0.000646
253    0.000448
254    0.000350
255    0.000397
256    0.000291
257    0.000403
258    0.000406
259    0.000546
260    0.000651
261    0.000492
262    0.000435
263    0.000333
264    0.000469
265    0.000790
266    0.000452
267    0.000520
268    0.000761
269    0.000458
270    0.000431
271    0.000628
272    0.000615
273    0.000723
274    0.000460
275    0.000584
276    0.000462
277    0.000585
278    0.000314
279    0.000668
280    0.000288
281    0.000657
282    0.000557
283    0.000325
284    0.000399
285    0.000331
286    0.000587
287    0.000344
288    0.000355
289    0.000419
290    0.000570
291    0.000472
292    0.000392
293    0.000825
294    0.000400
295    0.000731
296    0.000990
297    0.000604
298    0.000692
299    0.000339
300    0.000606
301    0.000477
302    0.000532
303    0.000565
304    0.000396
305    0.000482
306    0.000588
307    0.000535
308    0.000672
309    0.000490
310    0.000816
311    0.000464
312    0.000308
313    0.000381
314    0.000580
315    0.000314
316    0.000707
317    0.000722
318    0.000714
319    0.000511
320    0.000581
321    0.000350
322    0.000447
323    0.000707
324    0.000550
325    0.000335
326    0.000371
327    0.000663
328    0.000476
329    0.000710
330    0.000397
331    0.000578
332    0.000548
333    0.000375
334    0.000386
335    0.000586
336    0.000488
337    0.000492
338    0.000460
339    0.000780
340    0.000279
341    0.000316
342    0.000518
343    0.000408
344    0.000708
345    0.000494
346    0.000262
347    0.000668
348    0.001029
349    0.000426
350    0.000481
351    0.000276
352    0.000264
353    0.000634
354    0.000304
355    0.000717
356    0.000659
357    0.000690
358    0.000403
359    0.000644
360    0.000712
361    0.000407
362    0.000415
363    0.000666
364    0.000626
365    0.000354
366    0.000498
367    0.000353
368    0.000338
369    0.000239
370    0.001115
371    0.000401
372    0.000424
373    0.000846
374    0.000431
375    0.000749
376    0.000447
377    0.000610
378    0.000562
379    0.000704
380    0.000552
381    0.001033
382    0.000444
383    0.000419
384    0.000792
385    0.000346
386    0.000525
387    0.000578
388    0.000556
389    0.000912
390    0.000436
391    0.000284
392    0.000548
393    0.000606
394    0.000602
395    0.000879
396    0.000613
397    0.000338
398    0.000800
399    0.000411
400    0.000218
401    0.000338
402    0.000396
403    0.000687
404    0.000485
405    0.000397
406    0.000429
407    0.000550
408    0.000455
409    0.000572
410    0.000470
411    0.000455
412    0.000364
413    0.000248
414    0.000487
415    0.000478
416    0.000434
417    0.000308
418    0.000502
419    0.000861
420    0.000520
421    0.000303
422    0.000349
423    0.000461
424    0.000345
425    0.000367
426    0.000481
427    0.000431
428    0.000617
429    0.000303
430    0.000319
431    0.000431
432    0.000306
433    0.000233
434    0.000151
435    0.000370
436    0.000427
437    0.000341
438    0.000332
439    0.000290
440    0.000599
441    0.000309
442    0.000696
443    0.000407
444    0.000105
445    0.000719
446    0.000368
447    0.000356
448    0.000679
449    0.000481
450    0.001030
451    0.000188
452    0.000419
453    0.000419
454    0.000726
455    0.000451
456    0.000355
457    0.000235
458    0.000179
459    0.000665
460    0.000286
461    0.000589
462    0.000423
463    0.000813
464    0.000335
465    0.000334
466    0.000366
467    0.000362
468    0.000354
469    0.000304
470    0.000428
471    0.000310
472    0.000368
473    0.000339
474    0.000396
475    0.000612
476    0.000262
477    0.000313
478    0.000358
479    0.000289
480    0.000285
481    0.000374
482    0.000227
483    0.000248
484    0.000384
485    0.000378
486    0.000201
487    0.000204
488    0.000491
489    0.000489
490    0.000299
491    0.000398
492    0.000419
493    0.000436
494    0.000213
495    0.000256
496    0.000238
497    0.000138
498    0.000637
499    0.000609
500    0.000488
501    0.000374
502    0.000385
503    0.000361
504    0.000353
505    0.000327
506    0.000395
507    0.000352
508    0.000442
509    0.000573
510    0.000196
511    0.000382
512    0.000361
513    0.000154
514    0.000333
515    0.000665
516    0.000419
517    0.000253
518    0.000255
519    0.000380
520    0.000332
521    0.000344
522    0.000487
523    0.000602
524    0.000317
525    0.000351
526    0.000298
527    0.000227
528    0.000208
529    0.000347
530    0.000101
531    0.000209
532    0.000378
533    0.000452
534    0.000150
535    0.000261
536    0.000506
537    0.000166
538    0.000364
539    0.000356
540    0.000426
541    0.000522
542    0.000195
543    0.000120
544    0.000194
545    0.000269
546    0.000328
547    0.000319
548    0.000341
549    0.000251
550    0.000287
551    0.000170
552    0.000292
553    0.000152
554    0.000263
555    0.000478
556    0.000260
557    0.000261
558    0.000374
559    0.000295
560    0.000394
561    0.000235
562    0.000536
563    0.000264
564    0.000207
565    0.000207
566    0.000445
567    0.000490
568    0.000208
569    0.000260
570    0.000280
571    0.000120
572    0.000269
573    0.000227
574    0.000089
575    0.000382
576    0.000204
577    0.000435
578    0.000171
579    0.000234
580    0.000156
581    0.000217
582    0.000225
583    0.000343
584    0.000265
585    0.000236
586    0.000254
587    0.000254
588    0.000248
589    0.000222
590    0.000238
591    0.000236
592    0.000259
593    0.000311
594    0.000364
595    0.000392
596    0.000350
597    0.000345
598    0.000336
599    0.000337
600    0.000376
601    0.000352
602    0.000266
603    0.000340
604    0.000270
605    0.000445
606    0.000444
607    0.000219
608    0.000083
609    0.000203
610    0.000251
611    0.000323
612    0.000269
613    0.000302
614    0.000394
615    0.000325
616    0.000301
617    0.000503
618    0.000112
619    0.000189
620    0.000322
621    0.000467
622    0.000376
623    0.000121
624    0.000205
625    0.000308
626    0.000176
627    0.000203
628    0.000188
629    0.000197
630    0.000217
631    0.000160
632    0.000418
633    0.000190
634    0.000324
635    0.000188
636    0.000304
637    0.000307
638    0.000395
639    0.000231
640    0.000369
641    0.000421
642    0.000273
643    0.000368
644    0.000261
645    0.000289
646    0.000351
647    0.000150
648    0.000214
649    0.000214
650    0.000349
651    0.000107
652    0.000224
653    0.000288
654    0.000208
655    0.000208
656    0.000253
657    0.000169
658    0.000410
659    0.000274
660    0.000240
661    0.000291
662    0.000347
663    0.000226
664    0.000264
665    0.000294
666    0.000210
667    0.000506
668    0.000208
669    0.000150
670    0.000430
671    0.000344
672    0.000293
673    0.000271
674    0.000195
675    0.000273
676    0.000191
677    0.000487
678    0.000269
679    0.000351
680    0.000234
681    0.000464
682    0.000336
683    0.000183
684    0.000415
685    0.000165
686    0.000274
687    0.000425
688    0.000356
689    0.000148
690    0.000320
691    0.000269
692    0.000174
693    0.000231
694    0.000198
695    0.000300
696    0.000526
697    0.000138
698    0.000315
699    0.000311
700    0.000249
701    0.000350
702    0.000331
703    0.000075
704    0.000235
705    0.000328
706    0.000297
707    0.000197
708    0.000273
709    0.000226
710    0.000092
711    0.000458
712    0.000265
713    0.000269
714    0.000275
715    0.000162
716    0.000212
717    0.000257
718    0.000157
719    0.000178
720    0.000255
721    0.000463
722    0.000217
723    0.000200
724    0.000177
725    0.000374
726    0.000294
727    0.000320
728    0.000229
729    0.000338
730    0.000224
731    0.000291
732    0.000367
733    0.000240
734    0.000528
735    0.000212
736    0.000277
737    0.000194
738    0.000250
739    0.000117
740    0.000221
741    0.000174
742    0.000280
743    0.000221
744    0.000129
745    0.000283
746    0.000130
747    0.000187
748    0.000232
749    0.000219
750    0.000109
751    0.000220
752    0.000182
753    0.000329
754    0.000142
755    0.000103
756    0.000219
757    0.000252
758    0.000230
759    0.000181
760    0.000051
761    0.000343
762    0.000121
763    0.000191
764    0.000416
765    0.000074
766    0.000111
767    0.000273
768    0.000124
769    0.000177
770    0.000219
771    0.000155
772    0.000204
773    0.000106
774    0.000254
775    0.000121
776    0.000195
777    0.000084
778    0.000112
779    0.000194
780    0.000145
781    0.000268
782    0.000289
783    0.000224
784    0.000265
785    0.000310
786    0.000193
787    0.000200
788    0.000205
789    0.000332
790    0.000265
791    0.000095
792    0.000320
793    0.000424
794    0.000275
795    0.000212
796    0.000133
797    0.000247
798    0.000359
799    0.000154
800    0.000119
801    0.000110
802    0.000300
803    0.000241
804    0.000118
805    0.000180
806    0.000305
807    0.000195
808    0.000152
809    0.000119
810    0.000147
811    0.000054
812    0.000066
813    0.000170
814    0.000208
815    0.000083
816    0.000072
817    0.000187
818    0.000645
819    0.000313
820    0.000578
821    0.000236
822    0.000330
823    0.000307
824    0.000284
825    0.000690
