Frame	Volume
1	964.873
2	964.591
3	965.546
4	964.6
5	966.068
6	966.863
7	966.019
8	965.054
9	964.267
10	964.38
11	966.584
12	963.395
13	964.308
14	964.12
15	965.437
16	963.666
17	964.011
18	965.131
19	965.063
20	968.562
21	963.988
22	963.596
23	964.732
24	964.065
25	964.742
26	964.422
27	969.966
28	961.786
29	964.096
30	962.756
31	964.976
32	963.456
33	964.706
34	962.656
35	967.052
36	962.515
37	965.031
38	963.636
39	959.955
40	979.012
41	965.013
42	962.191
43	959.28
44	960.1
45	967.357
46	971.634
47	972.773
48	963.901
49	970.498
50	961.485
51	965.933
52	968.273
53	950.185
54	962.948
55	963.136
56	957.302
57	967.18
58	963.223
59	965.991
60	967.053
61	958.126
62	972.29
63	965.994
64	957.147
65	966.522
66	973.196
67	967.417
68	961.868
69	964.85
70	961.846
71	967.694
72	964.441
73	965.332
74	969.076
75	968.363
76	966.526
77	969.054
78	963.13
79	964.666
80	975.299
81	964.644
82	957.608
83	972.922
84	967.995
85	956.451
86	983.727
87	975.66
88	968.721
89	981.84
90	968.912
91	940.348
92	961.161
93	975.18
94	972.221
95	964.505
96	982.343
97	969.572
98	970.279
99	954.022
100	958.414
101	969.397
102	958.739
103	950.205
104	978.919
105	976.473
106	970.444
107	961.659
108	982.372
109	960.936
110	974.349
111	974.095
112	953.967
113	959.202
114	959.906
115	961.816
116	973.648
117	975.482
118	967.351
119	972.512
120	985.521
121	965.12
122	964.203
123	960.782
124	984.73
125	971.7
126	952.149
127	967.196
128	980.695
129	968.213
130	969.08
131	980.327
132	958.144
133	971.454
134	967.663
135	978.232
136	970.36
137	975.729
138	960.672
139	947.585
140	962.308
141	964.045
142	975.375
143	947.326
144	962.429
145	962.948
146	965.143
147	974.353
148	970.616
149	945.195
150	983.592
151	940.589
152	976.109
153	961.545
154	978.529
155	968.699
156	973.588
157	952.714
158	959.852
159	975.251
160	957.85
161	966.731
162	951.711
163	967.651
164	968.185
165	974.272
166	961.95
167	950.221
168	997.409
169	961.232
170	962.761
171	968.07
172	968.249
173	960.517
174	967.001
175	964.131
176	967.344
177	959.813
178	961.183
179	960.214
180	974.853
181	972.064
182	974.179
183	970.902
184	965.726
185	972.503
186	967.885
187	963.44
188	961.989
189	971.594
190	967.069
191	952.729
192	976.837
193	969.578
194	964.087
195	958.154
196	982.54
197	967.921
198	968.767
199	967.276
200	970.148
201	965.849
202	953.736
203	970.732
204	985.385
205	955.124
206	961.884
207	959.382
208	969.931
209	959.289
210	966.979
211	963.646
212	956.278
213	955.605
214	966.33
215	981.587
216	977.848
217	968.992
218	979.384
219	975.311
220	945.209
221	958.347
222	993.792
223	952.356
224	969.982
225	972.012
226	958.31
227	986.65
228	991.38
229	961.472
230	957.073
231	975.303
232	957.346
233	974.779
234	957.019
235	948.344
236	962.828
237	955.842
238	968.911
239	960.74
240	950.352
241	944.586
242	969.461
243	947.905
244	957.514
245	956.211
246	990.255
247	963.125
248	958.212
249	967.325
250	967.449
251	993.47
252	974.865
253	933.265
254	966.259
255	977.412
256	971.95
257	970.113
258	966.844
259	956.53
260	964.8
261	966.502
262	970.989
263	974.061
264	961.943
265	949.366
266	983.356
267	972.915
268	964.147
269	953.992
270	987.806
271	988.677
272	965.621
273	996.435
274	977.517
275	947.928
276	954.763
277	970.878
278	945.797
279	964.067
280	986.538
281	969.912
282	958.909
283	960.915
284	968.432
285	973.556
286	986.68
287	960.244
288	931.209
289	943.212
290	966.596
291	938.156
292	948.096
293	943.83
294	987.706
295	965.214
296	990.134
297	947.44
298	968.769
299	979.583
300	961.313
301	959.136
302	961.56
303	927.391
304	924.998
305	973.578
306	981.297
307	951.885
308	928.303
309	974.657
310	947.628
311	948.774
312	976.341
313	936.552
314	1002.66
315	972.012
316	968.433
317	933.724
318	967.387
319	947.554
320	939.265
321	957.782
322	986.335
323	943.673
324	960.857
325	954.541
326	958.062
327	942.99
328	991.16
329	989.877
330	953.647
331	995.678
332	981.165
333	919.08
334	975.303
335	982.905
336	961.677
337	970.743
338	951.361
339	929.353
340	937.476
341	979.386
342	980.843
343	984.016
344	963.586
345	992.951
346	950.011
347	946.645
348	957.437
349	976.993
350	948.099
351	919.324
352	945.584
353	998.018
354	957.944
355	981.63
356	940.786
357	956.466
358	968.905
359	976.851
360	972.057
361	955.136
362	973.578
363	976.021
364	993.446
365	966.467
366	939.341
367	966.364
368	939.832
369	991.338
370	982.054
371	972.452
372	950.204
373	964
374	980.578
375	935.259
376	948.724
377	998.489
378	962.795
379	919.435
380	971.36
381	989.981
382	923.459
383	987.157
384	920.183
385	955.84
386	968.51
387	932.834
388	952.361
389	986.429
390	999.906
391	978.357
392	958.967
393	936.536
394	942.936
395	985.343
396	1028.9
397	928.899
398	964.913
399	950.944
400	1019.76
401	984.12
402	983.52
403	927.982
404	959.012
405	977.513
406	1014.16
407	895.127
408	924.23
409	970.41
410	894.656
411	959.526
412	927.32
413	934.071
414	951.17
415	1001.77
416	963.701
417	973.222
418	968.184
419	951.269
420	956.496
421	976.558
422	962.624
423	971.566
424	982.675
425	958.283
426	953.188
427	984.554
428	936.893
429	912.293
430	919.406
431	983.249
432	974.439
433	965.569
434	960.878
435	973.24
436	969.122
437	941.772
438	1014.57
439	974.131
440	1005.88
441	1027.95
442	960.624
443	996.025
444	942.138
445	945.013
446	981.997
447	938.484
448	946.646
449	971.724
450	957.292
451	965.395
452	934.67
453	921.389
454	919.505
455	989.121
456	947.665
457	983.551
458	1009.07
459	950.247
460	939.743
461	966.056
462	1001.86
463	990.597
464	940.484
465	1001.89
466	959.558
467	979.53
468	952.464
469	976.82
470	980.494
471	941.922
472	941.249
473	1003.23
474	975.146
475	933.181
476	976.891
477	950.069
478	1015.09
479	931.317
480	954.329
481	958.137
482	949.395
483	986.46
484	948.657
485	964.846
486	981.84
487	954.991
488	995.041
489	962.225
490	954.038
491	940.566
492	946.308
493	941.948
494	1007.38
495	969.096
496	953.615
497	976.75
498	1011.58
499	952.898
500	963.744
501	944.195
502	997.878
503	909.373
504	956.062
505	916.44
506	949.75
507	985.881
508	969.087
509	1049.23
510	958.704
511	926.509
512	973.805
513	931.359
514	954.384
515	979.015
516	973.412
517	949.909
518	999.776
519	968.434
520	937.874
521	983.092
522	970.758
523	941.398
524	922.834
525	963.134
526	938.263
527	954.838
528	977.384
529	948.15
530	945.181
531	965.051
532	973.505
533	997.991
534	953.082
535	956.685
536	983.547
537	949.695
538	945.846
539	1016.81
540	967.728
541	995.226
542	985.943
543	976.485
544	994.073
545	939.39
546	963.897
547	989.361
548	948.588
549	969.188
550	963.605
551	915.418
552	891.598
553	1187.43
554	1092.46
555	1016.84
556	842.408
557	1156.39
558	933.223
559	1215.89
560	1048.97
561	1183.95
562	1252.92
563	988.175
564	1264.54
565	1057.53
566	1355.05
567	910.281
568	931.373
569	1122.41
570	1293.95
571	1196.41
572	1055.37
573	1271.25
574	1003.35
575	929.527
576	1140.11
577	1008.16
578	1064.06
579	1092.11
580	925.654
581	943.21
582	1144.67
583	898.259
584	1256.2
585	1259.87
586	1112.83
587	931.456
588	1028.8
589	927.832
590	1191.34
591	1167.27
592	1507.28
593	1184.03
594	1266.29
595	901.004
596	1174.65
597	1273.07
598	838.809
599	1794.64
600	1003.84
601	2025.37
602	1293.95
603	886.783
604	1171.72
605	1193.69
606	1263.8
607	1000.44
608	875.765
609	1340.08
610	916.768
611	1295.53
612	902.205
613	1262.53
614	872.606
615	1053.51
616	991.561
617	956.814
618	957.421
619	1141.97
620	1127.51
621	914.703
622	910.031
623	1104.28
624	1198.92
625	964.446
626	845.601
627	1469.11
628	1303.91
629	1358.94
630	967.048
631	1195.47
632	1102.78
633	1404.39
634	924.415
635	947.155
636	1322.46
637	1335.79
638	1225.43
639	1064.13
640	1567.37
641	1095.88
642	1126.02
643	755.821
644	1140.5
645	1268
646	1593.76
647	1128.08
648	1050.86
649	1015.01
650	1090.7
651	1224.26
652	1453.21
653	1327.01
654	980.855
655	947.947
656	962.539
657	1316.43
658	728.822
659	1223.43
660	1076.99
661	1282.1
662	1329.84
663	876.018
664	1185.59
665	1302.57
666	1301.12
667	1141.03
668	928.848
669	1511.51
670	1086.55
671	962.063
672	1245.95
673	1202.18
674	1203.21
675	1335.41
676	1117.93
677	1065.68
678	1102.1
679	1311.83
680	1205.53
681	846.322
682	1352.62
683	853.643
684	1196.94
685	1194.18
686	1391.99
687	1002.81
688	966.938
689	1247.07
690	1271.64
691	1789.72
692	975.487
693	1614.86
694	1272.71
695	1021.37
696	1325.98
697	968.03
698	1143.27
699	1660.36
700	976.743
701	1106.66
702	1249.04
703	1562.31
704	1409.61
705	968.204
706	1550.35
707	1263.25
708	1122.03
709	1443.87
710	1289.06
711	1135.95
712	1895.23
713	960.112
714	1185.3
715	1123.5
716	1332.66
717	1371.04
718	1607.87
719	1477.38
720	1466.09
721	1388.71
722	731.149
723	1066.26
724	1050.81
725	1315.24
726	1271.23
727	1228.54
728	1318.1
729	945.067
730	1125.54
731	1082.68
732	1390.21
733	1054.51
734	898.111
735	1905.04
736	1054.18
737	1464.4
738	1415.67
739	1740.05
740	1211.1
741	1614.26
742	938.37
743	1493
744	934.851
745	1054.63
746	1400.53
747	1266.34
748	1078.32
749	1897.79
750	1235.59
751	1160.75
752	1155.47
753	1431.12
754	1200.54
755	1301.15
756	1499.99
757	1015.89
758	1382.61
759	917.129
760	1212.2
761	999.949
762	1077.05
763	1361.83
764	1644.21
765	1131.3
766	1330.21
767	1406.95
768	1263.22
769	856.579
770	1437.58
771	942.521
772	1140.02
773	1393.28
774	1409.24
775	1013.04
776	1007.21
777	1492.58
778	1488.23
779	1443.85
780	1270.94
781	1168.64
782	981.292
783	1801.89
784	769.337
785	1321.12
786	856.8
787	1225.65
788	1709.44
789	1080.07
790	1422.27
791	1209.98
792	907.14
793	1478.48
794	1864.01
795	806.239
796	1131.64
797	1040.18
798	1806.98
799	833.032
800	975.015
801	1276.25
802	1018.81
803	1297.59
804	1338.05
805	1359.98
806	1809.48
807	1067.56
808	1401.22
809	1486.77
810	2989.88
811	1092.4
812	1677.68
813	934.71
814	1607.81
815	1423.58
816	1265.49
817	1290.31
818	1499.86
819	1531.06
820	1598.19
821	1184.36
822	1045.7
823	1097.18
824	825.478
825	1251.74
