           1   15.411400451831870     
           2   3.0108597079218820     
           3   3.1121036515507456     
           4   3.3359835340381689     
           5   2.4539305992338649     
           6   3.1099052303710488     
           7   4.8464712068317466     
           8   5.6218447298348817     
           9   3.9996435499852288     
          10   4.2420401828501939     
          11   5.2286600259589200     
          12   4.0652528272116877     
          13   5.9122029042121635     
          14   6.5396704627411761     
          15   5.1282703983675599     
          16   4.4718977298646276     
          17   6.7872930288143030     
          18   8.2955766989936937     
          19   14.090143891220894     
          20   19.500038878472154     
          21   12.378937518208694     
          22   5.5348171026431210     
          23   4.6573010678437763     
          24   3.7180875996454494     
          25   2.9385917753930992     
          26   2.4511185597354705     
          27   2.5741321490397211     
          28   2.9919582187653071     
          29   3.3209965447382004     
          30   5.3598522601017624     
          31   6.7618070996504516     
          32   15.071943227242709     
          33   24.710090648502067     
          34   19.382458065382487     
          35   19.356342781090298     
          36   12.333377838223745     
          37   6.6118959305024649     
          38   4.2468651892746401     
          39   2.1887548845591605     
          40   1.3746321569054298     
          41   1.6182702247207728     
          42   2.0595889010629982     
          43   2.9779416629559585     
          44   2.6269971568507264     
          45   3.4985147079430341     
          46   7.5676107570141919     
          47   7.1060036193341487     
          48   8.7479281129830397     
          49   5.9013892534333401     
          50   10.381331170098694     
          51   9.8216505800523244     
          52   9.4424690614048359     
          53   5.0053031560433219     
          54   3.5565877313028542     
          55   4.8256081413323004     
          56   3.4968572668866491     
          57   2.2674212700320506     
          58   2.3124653784023521     
          59   2.0588963168326053     
          60   1.7948194003958982     
          61   1.5912223596030657     
          62   2.4973022202533608     
          63   1.8726888283920529     
          64   1.4233231254893370     
          65   1.5479318327800713     
          66   2.2411472582486986     
          67   1.7757144701465175     
          68   1.8943492040820131     
          69   1.5400352862734064     
          70   1.6978694225138173     
          71   1.1213569268834744     
          72   1.1387272854881796     
          73   1.3133718883027696     
          74   1.5000971259761882     
          75   1.5279062005496766     
          76   1.4466058916474589     
          77   1.5298326928923913     
          78   1.4210176150431986     
          79   2.3098523436091556     
          80   3.6247644961648837     
          81   5.5696203298231168     
          82   8.7389302250732932     
          83   3.8025036589525132     
          84   2.2129610951135739     
          85   2.0077718103414330     
          86   1.4616169835673729     
          87   1.6229143358663767     
          88   1.5641163176034396     
          89   1.6427561704082319     
          90   1.7706562223758606     
          91   1.8639721080990201     
          92   2.2485502132830870     
          93   2.0488400247594605     
          94   2.1775883110797483     
          95   1.6155772083535305     
          96   1.4269613573343882     
          97   1.6046217193009331     
          98   2.0358031886195400     
          99   2.1614742029904441     
         100   1.7802677044579647     
         101   2.2746315715526824     
         102   3.5606452864757308     
         103   3.3637707498515361     
         104   2.8688170318872110     
         105   7.1354865644202130     
         106   6.9131543998375014     
         107   3.3616285753315340     
         108   3.0092142625471077     
         109   2.1937116734347888     
         110   1.8943120305069150     
         111   1.9625968351574263     
         112   1.3827229362836806     
         113   1.4458056038028229     
         114   1.4321621132773603     
         115   1.2491291623193066     
         116   1.0611599202665389     
         117   1.3368121003503970     
         118   1.1683339816093259     
         119   1.0185636462445506     
         120  0.95539177334851799     
         121   1.1823892566845373     
         122   1.2380464250672381     
         123  0.90410829184460129     
         124   1.7064453512605580     
         125   1.2458972928523926     
         126   1.2788863311653120     
         127   1.5570913426786710     
         128   2.9852677111702368     
         129   1.7771354832455442     
         130   2.1335055648085604     
         131   1.7697057017530167     
         132   1.1065791078552669     
         133   1.3271655988044717     
         134   1.3828004869372377     
         135   1.3551060817670355     
         136   1.2496419330990423     
         137   1.4191356809716171     
         138   1.6007757789354233     
         139   1.6816482804540072     
         140   1.4644596069158800     
         141   1.1877681122662616     
         142   1.3340862564304032     
         143   1.4773637052482378     
         144   1.7510207666436506     
         145   2.7496587956720209     
         146   2.1200601298266282     
         147   2.4960198035840757     
         148   1.7167970534456973     
         149   1.2482499048711808     
         150   1.1383599064781333     
         151   1.1966715030683663     
         152   1.6785307710558550     
         153   1.5124243785561093     
         154   1.6299132539614112     
         155   1.9920691252845113     
         156   1.8430143606151708     
         157   1.7395530982321412     
         158   1.7484489362679403     
         159   2.2868049294812045     
         160   2.7312175421742273     
         161   6.6605048441152146     
         162   34.088925187783055     
         163   18.700497342060700     
         164   6.2853816384593522     
         165   6.0359766481598083     
         166   2.6682922020139244     
         167   2.3795215261264189     
         168   5.0392516341744074     
         169   8.2733196751506757     
         170   14.708913949293267     
         171   47.695109408993403     
         172   45.846015662632347     
         173   20.582306370662010     
         174   8.6175098841288431     
         175   4.5546701882213672     
         176   2.6923448840901933     
         177   2.5053201712734845     
         178   1.3917192261294211     
         179   1.3395455622212826     
         180   1.1028022414696887     
         181   1.7539718109554236     
         182   1.9784509602341762     
         183   2.1005541808050210     
         184   2.5467079298060855     
         185   4.1769132590441025     
         186   4.2810351442877597     
         187   3.6907386795789119     
         188   2.3492100004858893     
         189   1.4376035543594168     
         190   1.4378343891488217     
         191   1.0225737646620381     
         192   1.1242862744739723     
         193  0.95129862772992935     
         194  0.93096549468852696     
         195  0.79275586134557297     
         196  0.83169474754312911     
         197  0.85287251707211831     
         198  0.79977585769467763     
         199   1.1989451288251149     
         200  0.83589786995785897     
         201   1.1670332590671870     
         202   1.0752016304213743     
         203   1.0696119142569420     
         204   1.1557061077249968     
         205   1.0732464411020590     
         206   1.5215828574635590     
         207   1.6787157334623521     
         208   1.8234326444205302     
         209   1.4974939667288338     
         210   2.7715772883913150     
         211   3.7570647341426344     
         212   2.2621703485498799     
         213   3.1799017796537914     
         214   9.0167484553174706     
         215   11.672881208027274     
         216   6.5612606809855878     
         217   7.7085287218151031     
         218   5.3922917736343585     
         219   5.6899626283125446     
         220   4.7770883026283837     
         221   3.0378938062232588     
         222   3.3104678480288174     
         223   4.7460001188910672     
         224   4.1419143626401382     
         225   3.0664310925977167     
         226   3.7205905269144033     
         227   6.1252758195475199     
         228   4.8320822571143562     
         229   5.2769654222886979     
         230   3.7095046267203418     
         231   2.6334525797966912     
         232   5.7188990385237872     
         233   2.2059845124810717     
         234   2.0146809542297044     
         235   2.9306047604714154     
         236   2.5870849956135658     
         237   2.1409199213259247     
         238   2.1462158000664235     
         239   2.6921815272178362     
         240   3.0949985342621522     
         241   2.2499091299263965     
         242   1.9333827714781813     
         243   2.6115402958363916     
         244   1.8336285993744679     
         245   1.5400095137127030     
         246   1.6836205987450437     
         247   1.6210486162039510     
         248   1.0939713414508105     
         249   1.1877785481090752     
         250   1.6882454750174594     
         251   2.1412657558270500     
         252   3.8523544867909911     
         253   1.4595682969950421     
         254   2.6506622308230208     
         255   2.6270898378847489     
         256   1.3854907907496401     
         257   1.4815276305003777     
         258   1.6043436762153562     
         259   1.0515161419809136     
         260   1.5534653576106794     
         261   1.9701565408235835     
         262   1.3333895662714736     
         263   1.3319523208574007     
         264   2.2277220029943687     
         265   1.9937603588781867     
         266   1.3945718835245344     
         267   1.8013327132844548     
         268   3.1070099811003602     
         269   1.9932391360551751     
         270   1.7477275606427467     
         271   3.3790603287923791     
         272   2.9959838937910011     
         273   1.9356741393739827     
         274   2.5794758789707561     
         275   3.4206502057493351     
         276   2.2540542814584126     
         277   1.8143380424826672     
