  1    0.147375
  2    0.018478
  3    0.085915
  4    0.032972
  5    0.026172
  6    0.031315
  7    0.010521
  8    0.010105
  9    0.010572
 10    0.014903
 11    0.016732
 12    0.003217
 13    0.007725
 14    0.006057
 15    0.004987
 16    0.011204
 17    0.009178
 18    0.004305
 19    0.007955
 20    0.002836
 21    0.004052
 22    0.003909
 23    0.005168
 24    0.005284
 25    0.005183
 26    0.004161
 27    0.004474
 28    0.006356
 29    0.004187
 30    0.004854
 31    0.006665
 32    0.004749
 33    0.003131
 34    0.004868
 35    0.003413
 36    0.003720
 37    0.004164
 38    0.004066
 39    0.003143
 40    0.003646
 41    0.003508
 42    0.002866
 43    0.002481
 44    0.002832
 45    0.003117
 46    0.004366
 47    0.002183
 48    0.002275
 49    0.002211
 50    0.001927
 51    0.002826
 52    0.001402
 53    0.001955
 54    0.003855
 55    0.002485
 56    0.003404
 57    0.001996
 58    0.001794
 59    0.002223
 60    0.001807
 61    0.003037
 62    0.002545
 63    0.001510
 64    0.002075
 65    0.001309
 66    0.002173
 67    0.001512
 68    0.001341
 69    0.001730
 70    0.001692
 71    0.001785
 72    0.002310
 73    0.001642
 74    0.002180
 75    0.001827
 76    0.001124
 77    0.002078
 78    0.001725
 79    0.001754
 80    0.001580
 81    0.001608
 82    0.002258
 83    0.001608
 84    0.001291
 85    0.001292
 86    0.001849
 87    0.001604
 88    0.001169
 89    0.001584
 90    0.001731
 91    0.001742
 92    0.001477
 93    0.002363
 94    0.000846
 95    0.001505
 96    0.001871
 97    0.001146
 98    0.001263
 99    0.000761
100    0.001636
101    0.001416
102    0.001017
103    0.001481
104    0.000897
105    0.001099
106    0.000924
107    0.000782
108    0.001195
109    0.000717
110    0.003013
111    0.001440
112    0.001837
113    0.001144
114    0.001495
115    0.000964
116    0.000823
117    0.001178
118    0.001216
119    0.001376
120    0.001101
121    0.000843
122    0.001084
123    0.001221
124    0.001360
125    0.001054
126    0.001130
127    0.001103
128    0.000833
129    0.001557
130    0.000840
131    0.001208
132    0.001111
133    0.001338
134    0.001517
135    0.001539
136    0.001162
137    0.000614
138    0.001159
139    0.001276
140    0.001233
141    0.001167
142    0.000797
143    0.000435
144    0.001083
145    0.000866
146    0.001299
147    0.000942
148    0.000982
149    0.001141
150    0.001013
151    0.000884
152    0.001297
153    0.000750
154    0.001026
155    0.000842
156    0.000828
157    0.000598
158    0.001038
159    0.001457
160    0.000817
161    0.000932
162    0.000633
163    0.001001
164    0.000791
165    0.000776
166    0.000894
167    0.000724
168    0.000869
169    0.000778
170    0.000716
171    0.000996
172    0.000981
173    0.001159
174    0.000904
175    0.000588
176    0.000618
177    0.001143
178    0.001356
179    0.001312
180    0.000627
181    0.000720
182    0.000606
183    0.001154
184    0.000468
185    0.000830
186    0.001023
187    0.000544
188    0.000995
189    0.000653
190    0.000604
191    0.000902
192    0.000848
193    0.000558
194    0.000655
195    0.000632
196    0.001036
197    0.000406
198    0.000945
199    0.001097
200    0.000601
201    0.000441
202    0.000662
203    0.000433
204    0.000991
205    0.000532
206    0.000902
207    0.000837
208    0.000614
209    0.000442
210    0.000659
211    0.000496
212    0.000965
213    0.000458
214    0.000530
215    0.000496
216    0.000404
217    0.000522
218    0.000713
219    0.000624
220    0.000729
221    0.000863
222    0.000396
223    0.000543
224    0.000793
225    0.000791
226    0.001183
227    0.000603
228    0.001040
229    0.000656
230    0.000841
231    0.000548
232    0.000440
233    0.001053
234    0.000959
235    0.000626
236    0.000836
237    0.000336
238    0.000355
239    0.000591
240    0.000785
241    0.000602
242    0.000637
243    0.001057
244    0.000693
245    0.000811
246    0.000677
247    0.000780
248    0.000545
249    0.000767
250    0.000541
251    0.001087
252    0.000763
253    0.000645
254    0.000954
255    0.000612
256    0.000623
257    0.000400
258    0.000625
259    0.000914
260    0.001016
261    0.000492
262    0.000461
263    0.000493
264    0.000409
265    0.000429
266    0.000492
267    0.000445
268    0.000538
269    0.000636
270    0.000540
271    0.000435
272    0.000348
273    0.000829
274    0.000615
275    0.000492
276    0.000348
277    0.000504
278    0.000294
279    0.000493
280    0.000332
281    0.000622
282    0.000660
283    0.000534
284    0.000637
285    0.000453
286    0.000415
287    0.000316
288    0.000470
289    0.000530
290    0.000476
291    0.000629
292    0.000469
293    0.000649
294    0.000785
295    0.000405
296    0.000456
297    0.000391
298    0.000442
299    0.000646
300    0.000440
301    0.000526
302    0.000276
303    0.000458
304    0.000594
305    0.000324
306    0.000557
307    0.000487
308    0.000377
309    0.000382
310    0.000389
311    0.000405
312    0.000274
313    0.000358
314    0.000489
315    0.000522
316    0.000675
317    0.000469
318    0.000451
319    0.000386
320    0.000355
321    0.000371
322    0.000377
323    0.000336
324    0.000376
325    0.000518
326    0.000448
327    0.000533
328    0.000318
329    0.000879
330    0.000423
331    0.000420
332    0.000271
333    0.000766
334    0.000597
335    0.000471
336    0.000465
337    0.000472
338    0.000425
339    0.000353
340    0.000430
341    0.000387
342    0.000554
343    0.000552
344    0.000306
345    0.000540
346    0.000565
347    0.000378
348    0.000401
349    0.000757
350    0.000460
351    0.000578
352    0.000408
353    0.000360
354    0.000591
355    0.000531
356    0.000354
357    0.000461
358    0.000465
359    0.000378
360    0.000426
361    0.000295
362    0.000412
363    0.000472
364    0.000622
365    0.000347
366    0.000340
367    0.000488
368    0.000562
369    0.000505
370    0.000440
371    0.000251
372    0.000420
373    0.000330
374    0.000491
375    0.000376
376    0.000363
377    0.000445
378    0.000346
379    0.000644
380    0.000418
381    0.000444
382    0.000456
383    0.000409
384    0.000354
385    0.000397
386    0.000740
387    0.000505
388    0.000423
389    0.000327
390    0.000318
391    0.000414
392    0.000540
393    0.000445
394    0.000230
395    0.000449
396    0.000648
397    0.000488
398    0.000400
399    0.000451
400    0.000298
401    0.000461
402    0.000499
403    0.000254
404    0.000437
405    0.000296
406    0.000372
407    0.000571
408    0.000386
409    0.000438
410    0.000432
411    0.000444
412    0.000496
413    0.000404
414    0.000316
415    0.000330
416    0.000535
417    0.000325
418    0.000415
419    0.000285
420    0.000557
421    0.000457
422    0.000383
423    0.000673
424    0.000398
425    0.000342
426    0.000428
427    0.000486
428    0.000252
429    0.000571
430    0.000510
431    0.000375
432    0.000438
433    0.000420
434    0.000463
435    0.000731
436    0.000366
437    0.000258
438    0.000365
439    0.000320
440    0.000485
441    0.000533
442    0.000427
443    0.000471
444    0.000450
445    0.000586
446    0.000316
447    0.000529
448    0.000329
449    0.000455
450    0.000284
451    0.000664
452    0.000284
453    0.000321
454    0.000423
455    0.000314
456    0.000427
457    0.000523
458    0.000356
459    0.000298
460    0.000386
461    0.000660
462    0.000544
463    0.000455
464    0.000482
465    0.000444
466    0.000383
467    0.000409
468    0.000465
469    0.000335
470    0.000404
471    0.000484
472    0.000374
473    0.000287
474    0.000358
475    0.000493
476    0.000232
477    0.000211
478    0.000416
479    0.000436
480    0.000413
481    0.000228
482    0.000225
483    0.000283
484    0.000478
485    0.000323
486    0.000382
487    0.000341
488    0.000237
489    0.000304
490    0.000449
491    0.000416
492    0.000310
493    0.000422
494    0.000219
495    0.000326
496    0.000467
497    0.000533
498    0.000326
499    0.000288
500    0.000385
501    0.000178
502    0.000392
503    0.000269
504    0.000371
505    0.000320
506    0.000348
507    0.000187
508    0.000353
509    0.000292
510    0.000328
511    0.000249
512    0.000203
513    0.000373
514    0.000325
515    0.000478
516    0.000303
517    0.000260
518    0.000368
519    0.000481
520    0.000232
521    0.000238
522    0.000322
523    0.000311
524    0.000417
525    0.000315
526    0.000362
527    0.000318
528    0.000435
529    0.000345
530    0.000262
531    0.000319
532    0.000320
533    0.000408
534    0.000245
535    0.000410
536    0.000244
537    0.000322
538    0.000371
539    0.000297
540    0.000401
541    0.000341
542    0.000300
543    0.000301
544    0.000412
545    0.000324
546    0.000273
547    0.000306
548    0.000265
549    0.000253
550    0.000338
551    0.000300
552    0.000294
553    0.000350
554    0.000220
555    0.000252
556    0.000344
557    0.000220
558    0.000199
559    0.000269
560    0.000214
561    0.000241
562    0.000405
563    0.000312
564    0.000348
565    0.000313
566    0.000288
567    0.000221
568    0.000209
569    0.000272
570    0.000238
571    0.000289
572    0.000288
573    0.000257
574    0.000282
575    0.000188
576    0.000213
577    0.000307
578    0.000331
579    0.000243
580    0.000262
581    0.000309
582    0.000206
583    0.000247
584    0.000221
585    0.000187
586    0.000189
587    0.000225
588    0.000204
589    0.000232
590    0.000356
591    0.000277
592    0.000225
593    0.000385
594    0.000197
595    0.000336
596    0.000357
597    0.000193
598    0.000280
599    0.000197
600    0.000288
601    0.000234
602    0.000267
603    0.000213
604    0.000230
605    0.000245
606    0.000270
607    0.000431
608    0.000263
609    0.000303
610    0.000229
611    0.000229
612    0.000286
613    0.000282
614    0.000279
615    0.000272
616    0.000282
617    0.000281
618    0.000295
619    0.000245
620    0.000287
621    0.000343
622    0.000266
623    0.000245
624    0.000244
625    0.000240
626    0.000253
627    0.000210
628    0.000175
629    0.000410
630    0.000196
631    0.000353
632    0.000206
633    0.000224
634    0.000201
635    0.000227
636    0.000225
637    0.000316
638    0.000249
639    0.000246
640    0.000227
641    0.000192
642    0.000211
643    0.000147
644    0.000188
645    0.000173
646    0.000233
647    0.000194
648    0.000216
649    0.000256
650    0.000182
651    0.000210
652    0.000208
653    0.000272
654    0.000307
655    0.000223
656    0.000293
657    0.000200
658    0.000322
659    0.000279
660    0.000218
661    0.000326
662    0.000138
663    0.000216
664    0.000301
665    0.000198
666    0.000166
667    0.000255
668    0.000275
669    0.000242
670    0.000227
671    0.000182
672    0.000365
673    0.000158
674    0.000260
675    0.000243
676    0.000217
677    0.000149
678    0.000345
679    0.000245
680    0.000335
681    0.000248
682    0.000384
683    0.000336
684    0.000257
685    0.000291
686    0.000449
687    0.000271
688    0.000273
689    0.000256
690    0.000316
691    0.000407
692    0.000211
693    0.000146
694    0.000159
695    0.000157
696    0.000247
697    0.000182
698    0.000156
699    0.000258
700    0.000147
701    0.000288
702    0.000219
703    0.000175
704    0.000194
705    0.000198
706    0.000213
707    0.000210
708    0.000157
709    0.000288
710    0.000299
711    0.000222
712    0.000237
713    0.000211
714    0.000212
715    0.000173
716    0.000282
717    0.000186
718    0.000183
719    0.000232
720    0.000321
721    0.000301
722    0.000192
723    0.000342
724    0.000247
725    0.000209
726    0.000266
727    0.000180
728    0.000228
729    0.000326
730    0.000271
731    0.000397
732    0.000255
733    0.000174
734    0.000135
735    0.000328
736    0.000166
737    0.000193
738    0.000269
739    0.000287
740    0.000221
741    0.000278
742    0.000219
743    0.000354
744    0.000193
745    0.000182
746    0.000101
747    0.000246
748    0.000202
749    0.000153
750    0.000222
751    0.000229
752    0.000302
753    0.000146
754    0.000246
755    0.000215
756    0.000184
757    0.000284
758    0.000175
759    0.000125
760    0.000320
761    0.000241
762    0.000102
763    0.000130
764    0.000143
765    0.000162
766    0.000239
767    0.000128
768    0.000144
769    0.000124
770    0.000191
771    0.000133
772    0.000175
773    0.000268
774    0.000256
775    0.000217
776    0.000248
777    0.000195
778    0.000275
779    0.000165
780    0.000156
781    0.000140
782    0.000244
783    0.000165
784    0.000223
785    0.000236
786    0.000280
787    0.000382
788    0.000242
789    0.000229
790    0.000130
791    0.000230
792    0.000206
793    0.000188
794    0.000267
795    0.000121
796    0.000223
797    0.000186
798    0.000211
799    0.000174
800    0.000237
801    0.000242
802    0.000146
803    0.000127
804    0.000176
805    0.000181
806    0.000242
807    0.000214
808    0.000248
809    0.000286
810    0.000112
811    0.000202
812    0.000134
813    0.000080
814    0.000075
815    0.000181
816    0.000198
817    0.000258
818    0.000401
819    0.000278
820    0.000225
821    0.000497
822    0.000161
823    0.000117
824    0.000311
825    0.000460
