 -0.009625
  0.017205
  0.029968
 -0.013007
  0.000139
  0.031084
 -0.018639
 -0.003326
  0.051953
 -0.017544
 -0.033851
  0.070197
 -0.024117
 -0.024844
  0.064077
 -0.019177
 -0.031167
  0.072962
  0.006371
 -0.034274
  0.050228
 -0.013241
 -0.018522
  0.039151
 -0.035436
 -0.009596
  0.031520
 -0.017888
 -0.001600
  0.006092
 -0.003562
  0.008970
 -0.014116
  0.011433
  0.007901
 -0.023976
  0.013640
  0.026295
 -0.045060
  0.030961
  0.027624
 -0.049155
  0.043664
  0.018627
 -0.045298
  0.067817
  0.033284
 -0.054803
  0.093735
 -0.003777
 -0.083019
  0.109128
 -0.056884
 -0.091828
  0.125527
 -0.061834
 -0.137199
  0.137062
 -0.096676
 -0.128497
  0.125038
 -0.095968
 -0.078657
  0.098515
 -0.069891
 -0.064411
  0.084723
 -0.055514
 -0.058121
  0.066124
 -0.012274
 -0.051748
  0.039556
  0.005300
 -0.036655
  0.018896
  0.024681
 -0.042211
  0.001995
  0.020357
 -0.033909
 -0.023208
  0.021838
 -0.024864
 -0.035993
  0.010905
 -0.000344
 -0.066566
  0.007154
  0.004679
 -0.083776
 -0.014245
  0.031789
 -0.103647
 -0.017893
  0.035903
 -0.154156
 -0.020274
  0.012398
 -0.151252
 -0.017484
  0.010977
 -0.150869
  0.013778
 -0.023525
 -0.113765
  0.022552
 -0.017080
 -0.075330
  0.034509
 -0.024457
 -0.045537
  0.030114
 -0.020570
 -0.023401
  0.030987
 -0.037814
 -0.005606
  0.019075
 -0.029058
  0.016043
  0.014041
 -0.031640
  0.028201
 -0.006789
 -0.017433
  0.050830
 -0.035137
 -0.029386
  0.062063
 -0.059345
 -0.008794
  0.085100
 -0.077737
 -0.008934
  0.112820
 -0.100916
 -0.018783
  0.130431
 -0.115244
  0.008207
  0.146531
 -0.128061
  0.015598
  0.123528
 -0.110519
  0.032930
  0.128376
 -0.115096
  0.028353
  0.106441
 -0.101277
  0.063281
  0.096177
 -0.086811
  0.020407
  0.090647
 -0.078978
 -0.002301
  0.064240
 -0.060877
  0.035097
  0.044855
 -0.040416
  0.036543
  0.022819
 -0.029861
 -0.006235
  0.024991
 -0.026461
  0.001008
  0.014602
 -0.016301
  0.022629
 -0.000207
 -0.002036
  0.004815
 -0.005417
 -0.004380
 -0.008007
  0.000274
 -0.006004
  0.004763
 -0.004891
  0.002957
  0.007614
 -0.016024
  0.008356
 -0.006618
 -0.010779
  0.006448
 -0.007793
 -0.010419
  0.006330
  0.000192
 -0.011972
  0.010283
 -0.003512
 -0.008452
  0.003480
 -0.006952
 -0.008828
  0.003893
 -0.008457
 -0.007487
  0.004318
 -0.016036
 -0.006426
  0.005024
 -0.016424
 -0.002815
  0.005113
 -0.018026
 -0.006331
  0.006965
 -0.018028
 -0.007146
  0.010789
 -0.017778
 -0.012290
  0.009652
 -0.014874
 -0.010017
  0.005037
 -0.004594
 -0.019696
  0.004981
  0.009013
 -0.006356
 -0.006971
  0.027233
  0.011684
 -0.023944
  0.033661
  0.014573
 -0.043191
  0.051532
  0.034884
 -0.063773
  0.074420
  0.056789
 -0.073432
  0.070596
  0.089967
 -0.093840
  0.072807
  0.086277
 -0.080927
  0.042433
  0.062217
 -0.057942
  0.039871
  0.042083
 -0.044269
  0.016381
  0.026662
 -0.028447
  0.003129
  0.008415
 -0.009892
 -0.001603
  0.000615
  0.005713
 -0.018061
 -0.008463
  0.018633
 -0.028465
 -0.000024
  0.027013
 -0.043925
 -0.002765
  0.021495
 -0.035964
 -0.002658
  0.022829
 -0.039961
 -0.007396
  0.019081
 -0.023216
 -0.008947
  0.023430
 -0.027722
 -0.013555
  0.025649
 -0.013293
 -0.011059
  0.017703
 -0.005182
 -0.016873
  0.023761
  0.002477
 -0.021321
  0.028924
  0.003832
 -0.013895
  0.020216
  0.001985
 -0.012159
  0.016049
  0.016124
 -0.020906
  0.023811
  0.020535
 -0.020715
  0.024400
  0.017949
 -0.011795
  0.015699
  0.022009
 -0.011661
  0.013526
  0.030326
 -0.009597
  0.011028
  0.036103
 -0.003732
  0.006661
  0.028911
 -0.001538
  0.005908
  0.025260
  0.002825
  0.000235
  0.030200
  0.006368
 -0.004526
  0.032057
  0.011385
 -0.008589
  0.022692
  0.004760
 -0.002614
  0.015971
  0.001484
  0.001075
  0.018924
  0.007984
 -0.004729
  0.017716
  0.009819
 -0.006960
  0.007750
  0.001064
  0.001020
  0.001921
  0.003100
  0.001174
  0.006939
  0.009928
 -0.002947
  0.000538
  0.003925
  0.000319
 -0.008523
  0.000071
  0.004150
 -0.007530
  0.004982
  0.001427
 -0.007321
  0.008048
 -0.000017
 -0.013512
  0.001851
  0.004218
 -0.018164
  0.001725
  0.003277
 -0.017303
  0.007235
 -0.001077
 -0.019305
  0.005945
  0.001970
 -0.022605
  0.001239
  0.002703
 -0.025800
  0.004031
  0.001734
 -0.027445
  0.008032
  0.002297
 -0.029093
  0.005739
  0.008163
 -0.030544
  0.003497
  0.007135
 -0.034158
 -0.002976
  0.007311
 -0.030154
 -0.006502
  0.007153
 -0.028804
 -0.008610
  0.008269
 -0.025599
 -0.014441
  0.009288
 -0.023556
 -0.012728
  0.011439
 -0.019320
 -0.009297
  0.012043
 -0.012404
 -0.013437
  0.015359
 -0.002504
 -0.012883
  0.018365
 -0.001032
 -0.016347
  0.024619
 -0.006063
 -0.011641
  0.018407
 -0.013068
 -0.008573
  0.015616
 -0.011883
 -0.008845
  0.018141
 -0.017346
 -0.006493
  0.012885
 -0.019780
 -0.005400
  0.009713
 -0.028750
 -0.002773
  0.005487
 -0.026520
 -0.002035
  0.004492
 -0.011656
  0.002432
 -0.001217
 -0.013276
 -0.001163
  0.001605
 -0.020066
 -0.004965
  0.008114
 -0.016843
 -0.005798
  0.009663
 -0.017501
 -0.006649
  0.009983
 -0.016552
 -0.010809
  0.011792
 -0.019403
 -0.012949
  0.009412
 -0.019075
 -0.009912
  0.002129
 -0.023575
 -0.003767
 -0.010262
 -0.021460
 -0.017423
 -0.001773
 -0.029726
 -0.013553
  0.005713
 -0.027766
 -0.012372
  0.010930
 -0.034267
 -0.006800
  0.009653
 -0.038200
 -0.005236
  0.009627
 -0.042114
 -0.001425
  0.010296
 -0.051949
  0.008247
  0.011346
 -0.054181
  0.006249
  0.010320
 -0.064405
 -0.002227
  0.010049
 -0.054002
  0.000202
  0.009236
 -0.046692
 -0.007800
  0.009534
 -0.042246
 -0.016162
  0.011179
 -0.042990
 -0.028729
  0.012984
 -0.045252
 -0.045310
  0.017140
 -0.042164
 -0.050692
  0.028159
 -0.044734
 -0.046380
  0.059643
 -0.042931
 -0.056513
  0.093063
 -0.058680
 -0.047375
  0.048533
 -0.028823
 -0.032755
  0.023650
 -0.012060
 -0.031995
  0.026554
 -0.006981
 -0.034886
  0.026613
 -0.001996
 -0.030901
  0.022990
  0.006775
 -0.020914
  0.015912
  0.001081
 -0.021595
  0.016735
 -0.004148
 -0.016647
  0.013630
 -0.003287
 -0.020281
  0.016331
 -0.000018
 -0.018087
  0.015035
 -0.010340
 -0.024249
  0.018711
 -0.014558
 -0.031546
  0.024812
 -0.009079
 -0.031610
  0.024582
 -0.010152
 -0.027990
  0.019751
 -0.022094
 -0.028974
  0.022916
 -0.025362
 -0.020462
  0.013767
 -0.029750
 -0.015614
  0.011554
 -0.027282
 -0.005635
  0.007302
 -0.027118
  0.000137
  0.004278
 -0.022503
  0.001176
  0.003307
 -0.013922
 -0.007502
  0.008053
 -0.012969
 -0.005447
  0.007112
 -0.013682
  0.000044
  0.004166
 -0.005897
 -0.006627
  0.008028
  0.000675
 -0.009744
  0.010114
 -0.002427
 -0.003673
  0.006531
 -0.001003
 -0.003531
  0.006290
  0.009984
 -0.011843
  0.012975
  0.011833
 -0.009956
  0.012130
  0.007089
 -0.004184
  0.007550
  0.014121
 -0.009194
  0.011200
  0.023937
 -0.014327
  0.016602
  0.019205
 -0.008339
  0.011162
  0.018243
 -0.006452
  0.008551
  0.029649
 -0.014213
  0.014889
  0.035302
 -0.014445
  0.016342
  0.028504
 -0.020129
  0.022885
  0.022292
 -0.027360
  0.026876
  0.029778
 -0.033810
  0.033145
  0.024364
 -0.027559
  0.027811
  0.025579
 -0.034571
  0.032334
  0.033975
 -0.044144
  0.042785
  0.039188
 -0.049906
  0.049072
  0.044269
 -0.047600
  0.041285
  0.034497
 -0.054759
  0.043109
  0.024659
 -0.050152
  0.037944
  0.013647
 -0.053481
  0.041416
  0.012805
 -0.047283
  0.036714
  0.023685
 -0.038454
  0.029716
  0.021282
 -0.037005
  0.028153
  0.014620
 -0.038152
  0.029970
  0.023590
 -0.033248
  0.027830
  0.031878
 -0.025519
  0.022055
  0.024442
 -0.025092
  0.021418
  0.023360
 -0.024904
  0.022227
  0.035764
 -0.016821
  0.016707
  0.035290
 -0.020258
  0.019197
  0.039553
 -0.018330
  0.017772
  0.035443
 -0.018405
  0.017595
  0.036118
 -0.015972
  0.015508
  0.047063
 -0.008051
  0.008461
  0.047976
 -0.008784
  0.009067
  0.046233
 -0.006922
  0.007501
  0.055724
 -0.000579
  0.002552
  0.049695
  0.003395
 -0.000757
  0.045996
  0.010376
 -0.006326
  0.050420
  0.011656
 -0.007140
  0.049032
  0.016199
 -0.010710
  0.039810
  0.010381
 -0.006049
  0.033646
  0.004482
 -0.001926
  0.037394
  0.009667
 -0.005386
  0.034403
  0.010163
 -0.004686
  0.022637
  0.001580
  0.001574
  0.021743
  0.000658
  0.001964
  0.027195
  0.006824
 -0.001457
  0.017678
  0.001718
  0.002219
  0.009157
 -0.005047
  0.006409
  0.013465
 -0.000631
  0.003765
  0.012385
 -0.005340
  0.006981
  0.007462
  0.001399
  0.002895
  0.000679
  0.001274
  0.002886
 -0.006412
  0.010396
 -0.003289
 -0.008480
  0.012494
 -0.003834
  0.002271
  0.008990
 -0.001517
  0.002275
  0.014201
 -0.004398
  0.001571
  0.013124
 -0.004937
 -0.007378
  0.009366
 -0.001680
 -0.008932
  0.017219
 -0.007228
 -0.009397
  0.018112
 -0.008259
 -0.000952
  0.012992
 -0.005583
  0.003955
  0.016491
 -0.007915
 -0.001079
  0.024277
 -0.014921
  0.005156
  0.019845
 -0.014850
  0.015943
  0.015582
 -0.011555
  0.015514
  0.022749
 -0.016343
  0.010556
  0.027057
 -0.022499
  0.019328
  0.021193
 -0.017811
  0.026518
  0.020324
 -0.016742
  0.020076
  0.028113
 -0.024393
  0.022233
  0.025704
 -0.022795
  0.033340
  0.017382
 -0.014851
  0.033651
  0.017151
 -0.013555
  0.044471
  0.021503
 -0.016734
  0.047507
  0.015411
 -0.011340
  0.042501
  0.008539
 -0.005057
  0.043406
