  0.022763
  0.034559
 -0.029016
  0.012200
  0.024900
 -0.027370
  0.015771
  0.020766
 -0.011521
  0.013676
  0.009456
 -0.005074
  0.017169
  0.000571
  0.014762
  0.010183
 -0.015096
  0.037085
 -0.003650
 -0.035656
  0.044636
  0.011050
 -0.047971
  0.090964
  0.021547
 -0.016756
  0.080874
  0.008123
 -0.039606
  0.066985
  0.003264
 -0.063168
  0.079689
 -0.004641
 -0.079446
  0.050367
 -0.003235
 -0.082658
  0.058464
 -0.013569
 -0.100046
  0.037083
 -0.026066
 -0.105950
  0.012870
 -0.028971
 -0.089614
 -0.000843
 -0.043564
 -0.101939
 -0.032216
 -0.055175
 -0.121503
 -0.041251
 -0.071169
 -0.130944
 -0.069570
 -0.081817
 -0.105617
 -0.100026
 -0.073678
 -0.077102
 -0.063339
 -0.053948
 -0.088504
 -0.046604
 -0.040342
 -0.098729
 -0.029222
 -0.029211
 -0.082539
 -0.023502
 -0.014223
 -0.082552
 -0.001205
 -0.006211
 -0.064756
  0.013693
  0.000943
 -0.051166
  0.041062
  0.009709
 -0.025209
  0.060941
  0.014949
 -0.005155
  0.057174
  0.036142
  0.011778
  0.097203
  0.050946
  0.058015
  0.090265
  0.070441
  0.056109
  0.136792
  0.123105
  0.106787
  0.200773
  0.117552
  0.144156
  0.165254
  0.113770
  0.098393
  0.189148
  0.069838
  0.077654
  0.120831
  0.039294
  0.022164
  0.091802
  0.012396
  0.022969
  0.050800
  0.005061
  0.002732
  0.033094
  0.000568
 -0.011985
  0.011626
 -0.003430
 -0.037579
 -0.009998
 -0.008789
 -0.051921
 -0.006617
 -0.022994
 -0.054734
 -0.025639
 -0.019776
 -0.058606
 -0.018543
 -0.038261
 -0.081780
 -0.031265
 -0.022216
 -0.085353
 -0.015520
 -0.030648
 -0.101530
 -0.022348
 -0.035506
 -0.080273
 -0.028658
 -0.036094
 -0.052525
 -0.029288
 -0.062927
 -0.037683
 -0.046021
 -0.064588
 -0.006527
 -0.055058
 -0.087514
 -0.014751
 -0.065072
 -0.068972
 -0.031068
 -0.050569
 -0.051925
 -0.009708
 -0.043006
 -0.058338
  0.007697
 -0.060244
 -0.059843
  0.000919
 -0.054188
 -0.051020
 -0.001854
 -0.038905
 -0.032276
  0.009638
 -0.047788
 -0.024744
  0.012261
 -0.052721
 -0.018776
  0.013430
 -0.037632
 -0.014647
  0.010167
 -0.040063
 -0.009571
  0.015162
 -0.049942
 -0.002143
  0.009422
 -0.039833
 -0.003732
  0.012164
 -0.036111
  0.003354
  0.018777
 -0.036086
 -0.001316
  0.021876
 -0.040487
 -0.001255
  0.002808
 -0.032199
 -0.001472
 -0.003004
 -0.033273
 -0.005722
 -0.008544
 -0.032262
 -0.006547
 -0.008902
 -0.037654
 -0.005191
 -0.004611
 -0.031824
 -0.002602
  0.002674
 -0.031008
  0.000632
  0.010508
 -0.036483
  0.002258
  0.010648
 -0.034455
  0.001896
  0.007654
 -0.029325
  0.010016
  0.010431
 -0.012138
  0.007856
  0.007127
 -0.013516
  0.002298
 -0.004057
 -0.015378
 -0.004087
 -0.022692
 -0.002725
 -0.009422
 -0.029381
 -0.007588
 -0.013111
 -0.046551
  0.003411
 -0.001819
 -0.047081
 -0.001359
 -0.010350
 -0.046639
 -0.012040
 -0.011230
 -0.030321
 -0.017588
 -0.009000
 -0.031424
 -0.014945
 -0.010294
 -0.016680
 -0.022586
 -0.001481
 -0.015928
 -0.012095
 -0.000230
 -0.003885
 -0.020955
  0.002877
  0.012969
 -0.018509
 -0.001466
  0.002131
 -0.019830
  0.004794
  0.012858
 -0.047130
  0.007312
  0.013697
 -0.049175
  0.007744
  0.017453
 -0.053859
  0.014003
  0.018892
 -0.047875
  0.006679
  0.021185
 -0.036365
  0.004956
  0.017991
 -0.032883
  0.008828
  0.024805
 -0.025968
  0.011489
  0.028984
 -0.034276
  0.007301
  0.022616
 -0.040624
  0.006828
  0.021920
 -0.033953
  0.012345
  0.031484
 -0.033318
  0.010706
  0.033383
 -0.044527
  0.006131
  0.024874
 -0.046284
  0.006704
  0.022168
 -0.037468
  0.005245
  0.021666
 -0.043110
  0.000929
  0.014504
 -0.048480
 -0.000193
  0.009212
 -0.040748
 -0.003353
  0.000098
 -0.036657
 -0.005984
 -0.007887
 -0.026714
 -0.009192
 -0.013364
 -0.034198
 -0.005557
 -0.004112
 -0.036863
 -0.003024
 -0.001424
 -0.025520
 -0.006769
 -0.011156
 -0.020517
 -0.008140
 -0.012217
 -0.028896
 -0.004142
 -0.003461
 -0.027123
 -0.004127
 -0.005600
 -0.016212
 -0.008017
 -0.014970
 -0.018918
 -0.006708
 -0.009984
 -0.025605
 -0.003302
 -0.002975
 -0.019333
 -0.005550
 -0.010162
 -0.011266
 -0.007424
 -0.014792
 -0.018501
 -0.004898
 -0.006145
 -0.020730
 -0.003250
 -0.005045
 -0.011999
 -0.005753
 -0.015132
 -0.009159
 -0.005796
 -0.012265
 -0.017082
 -0.004044
 -0.004448
 -0.015875
 -0.004018
 -0.012075
 -0.006962
 -0.006102
 -0.017206
 -0.010673
 -0.003279
 -0.006814
 -0.011909
 -0.003757
 -0.012539
 -0.009880
 -0.002859
 -0.002370
 -0.012119
  0.000763
  0.003365
 -0.006158
  0.002256
  0.011313
 -0.011374
  0.006102
  0.018700
 -0.002550
  0.006430
  0.025005
 -0.008770
  0.004579
  0.017990
 -0.009328
  0.006862
  0.023104
 -0.012123
  0.006486
  0.020513
 -0.016914
  0.008037
  0.027461
 -0.022070
  0.005042
  0.023877
 -0.021730
  0.002334
  0.015482
 -0.027162
  0.003209
  0.013839
 -0.037283
  0.000970
  0.011729
 -0.043756
 -0.003575
  0.010445
 -0.047400
 -0.005060
  0.007453
 -0.053761
 -0.003850
  0.005428
 -0.049595
 -0.007469
 -0.004459
 -0.046229
 -0.005641
 -0.002571
 -0.043014
 -0.002546
  0.003172
 -0.037313
 -0.001799
  0.004620
 -0.033623
 -0.000285
  0.008888
 -0.026116
  0.001696
  0.016889
 -0.027518
  0.000197
  0.023959
 -0.026757
 -0.000911
  0.020265
 -0.026390
 -0.002741
  0.026147
 -0.025027
  0.003110
  0.021592
 -0.017632
  0.001472
  0.013018
 -0.017333
  0.000157
  0.005832
 -0.013838
 -0.002869
 -0.000558
 -0.012292
 -0.001129
 -0.005324
 -0.004652
 -0.001885
 -0.012739
 -0.004995
 -0.002233
 -0.025103
 -0.003428
  0.001523
 -0.025376
  0.008297
  0.002305
 -0.012821
  0.011245
  0.003398
 -0.013215
  0.017626
  0.004347
 -0.001172
  0.021476
  0.005010
  0.008705
  0.013696
  0.010105
  0.024280
  0.023360
  0.012479
  0.039315
  0.012653
  0.018179
  0.058205
  0.015615
  0.019503
  0.077263
  0.014414
  0.019416
  0.084211
 -0.002817
  0.021327
  0.074080
 -0.000749
  0.019321
  0.051812
  0.007509
  0.016397
  0.046546
  0.005431
  0.016553
  0.046416
  0.018967
  0.015770
  0.041621
  0.017123
  0.011648
  0.030019
  0.011072
  0.011220
  0.026836
  0.019510
  0.009383
  0.019173
  0.029719
  0.011610
  0.024087
  0.042817
  0.010699
  0.020151
  0.043987
  0.011883
  0.028288
  0.032025
  0.015653
  0.039849
  0.037512
  0.016473
  0.040014
  0.051374
  0.014942
  0.035199
  0.049510
  0.014348
  0.037442
  0.032043
  0.009222
  0.019508
  0.029341
  0.006447
  0.011214
  0.016688
  0.003655
 -0.000030
  0.015336
  0.000825
 -0.004437
  0.008384
  0.001812
 -0.005146
  0.019414
  0.004978
  0.005838
  0.019888
  0.003183
  0.005149
  0.006982
  0.001676
 -0.001106
  0.010924
  0.004648
  0.007309
  0.018144
  0.006083
  0.014101
  0.007514
  0.002768
  0.005636
  0.001124
  0.003409
  0.005107
  0.009260
  0.006916
  0.016472
  0.007329
  0.005434
  0.014423
 -0.005054
  0.002534
  0.007028
 -0.004913
  0.005606
  0.013243
  0.001474
  0.008387
  0.020665
 -0.007418
  0.004789
  0.013673
 -0.015650
  0.003564
  0.010204
 -0.010237
  0.008050
  0.020294
 -0.008363
  0.009099
  0.021713
 -0.020403
  0.012285
  0.028708
 -0.018150
  0.015832
  0.033781
 -0.007716
  0.016170
  0.044506
 -0.000550
  0.014594
  0.038837
  0.010629
  0.017918
  0.045709
  0.022060
  0.020083
  0.054286
  0.013799
  0.023748
  0.067459
  0.023962
  0.023105
  0.064091
  0.033986
  0.025220
  0.071935
  0.031018
  0.023653
  0.064791
  0.029504
  0.024722
  0.068887
  0.042144
  0.023082
  0.061897
  0.048998
  0.019132
  0.049602
  0.042579
  0.017951
  0.045655
  0.050843
  0.020155
  0.049294
  0.061507
  0.017661
  0.043407
  0.056085
  0.014299
  0.032319
  0.052297
  0.014659
  0.030908
  0.065676
  0.015780
  0.032630
  0.071469
  0.011043
  0.021286
  0.065022
  0.012330
  0.026231
  0.054492
  0.010498
  0.021931
  0.039090
  0.011582
  0.023741
  0.026313
  0.009876
  0.020730
  0.025571
  0.006117
  0.010377
  0.018129
  0.006352
  0.012369
  0.005617
  0.005372
  0.011648
  0.001920
  0.001881
  0.003640
 -0.005867
  0.000100
 -0.001445
  0.002365
 -0.003501
 -0.010431
  0.007592
 -0.002975
 -0.012445
  0.018707
 -0.006773
 -0.019814
  0.014616
 -0.004376
 -0.012637
  0.007807
  0.000005
 -0.005479
  0.016441
 -0.002283
 -0.012769
  0.024736
 -0.003030
 -0.013029
  0.018286
  0.001392
 -0.002708
  0.017631
  0.002951
 -0.001662
  0.030252
  0.000186
 -0.010013
  0.032155
  0.001879
 -0.003819
  0.024124
  0.005525
  0.004533
  0.033540
  0.004366
 -0.001191
  0.044905
  0.007269
  0.005111
  0.052351
  0.003912
 -0.005282
  0.053056
  0.002943
 -0.006501
  0.040390
 -0.000495
 -0.018210
  0.040872
 -0.001091
 -0.019167
  0.043686
 -0.000987
 -0.014041
  0.031460
 -0.004391
 -0.020311
  0.022003
 -0.004805
 -0.021664
  0.013591
 -0.006120
 -0.017052
  0.002573
 -0.010297
 -0.028243
  0.000667
 -0.010600
 -0.029522
  0.007893
 -0.007521
 -0.020832
  0.003408
 -0.010437
 -0.024847
 -0.007078
 -0.014285
 -0.034660
 -0.003399
 -0.011744
 -0.030332
  0.002073
 -0.010323
 -0.023211
 -0.006907
 -0.014171
 -0.030960
 -0.014914
 -0.016325
 -0.037664
 -0.009726
 -0.013201
 -0.029154
 -0.009422
 -0.012907
 -0.026514
 -0.021020
 -0.017320
 -0.036937
 -0.023536
 -0.015773
 -0.033777
 -0.020392
 -0.011253
 -0.022297
 -0.021153
 -0.010555
 -0.020688
 -0.019555
 -0.012012
 -0.026036
 -0.009166
 -0.008755
 -0.018769
 -0.004745
 -0.005211
 -0.009166
 -0.010438
