  0.018187
  0.024153
  0.000401
  0.017372
  0.020832
 -0.000350
  0.036940
  0.022942
  0.008751
  0.028131
  0.016090
  0.008495
  0.026928
 -0.000247
  0.022156
  0.023195
 -0.019169
  0.034830
  0.011114
 -0.041997
  0.036398
  0.025220
 -0.056960
  0.074981
  0.030390
 -0.033176
  0.071664
  0.020675
 -0.047235
  0.056165
  0.016119
 -0.077062
  0.054016
  0.021654
 -0.078465
  0.028308
  0.020042
 -0.094575
  0.029309
  0.014638
 -0.102618
  0.002698
  0.005448
 -0.099144
 -0.016253
 -0.014125
 -0.092086
 -0.022889
 -0.028228
 -0.092964
 -0.033684
 -0.029092
 -0.068287
 -0.017589
 -0.051006
 -0.064065
 -0.018195
 -0.045355
 -0.042215
  0.093857
 -0.045531
 -0.033133
 -0.008253
 -0.032485
 -0.039277
 -0.009506
 -0.021396
 -0.056223
 -0.015064
 -0.016486
 -0.065234
 -0.019689
  0.004343
 -0.074168
 -0.011833
  0.008876
 -0.069924
  0.000525
  0.015592
 -0.062651
  0.029042
  0.019293
 -0.045104
  0.053630
  0.021992
 -0.020583
  0.054451
  0.037521
 -0.017167
  0.093923
  0.046128
  0.029061
  0.090960
  0.053010
  0.014145
  0.121711
  0.090924
  0.061745
  0.216149
  0.091698
  0.097065
  0.202438
  0.094409
  0.054738
  0.241504
  0.063276
  0.030806
  0.148861
  0.043034
 -0.015677
  0.100544
  0.023293
 -0.000581
  0.061858
  0.011751
 -0.020060
  0.037442
  0.006538
 -0.020082
  0.016663
  0.004710
 -0.037590
 -0.005622
  0.002689
 -0.044478
 -0.004859
 -0.013626
 -0.038014
 -0.010115
 -0.013549
 -0.037547
 -0.013343
 -0.022213
 -0.024432
 -0.008680
 -0.034055
 -0.022712
 -0.012789
 -0.033554
 -0.020514
 -0.018909
 -0.043788
 -0.011495
 -0.029583
 -0.042553
 -0.016274
 -0.023863
 -0.037040
 -0.000584
 -0.032008
 -0.040435
  0.006290
 -0.047614
 -0.028606
  0.013105
 -0.043422
 -0.023888
  0.015387
 -0.040759
 -0.014983
  0.012730
 -0.032479
 -0.008997
  0.023436
 -0.037360
 -0.011902
  0.022696
 -0.040256
 -0.013819
  0.014330
 -0.032485
 -0.002706
  0.020454
 -0.026384
 -0.001906
  0.025161
 -0.032663
 -0.003621
  0.018501
 -0.027866
 -0.000425
  0.015447
 -0.020899
  0.006743
  0.026850
 -0.018990
  0.002518
  0.019572
 -0.022164
 -0.000431
  0.013728
 -0.019072
  0.006787
  0.017363
 -0.015046
  0.004522
  0.026033
 -0.016935
 -0.009066
 -0.000137
 -0.017912
 -0.014257
 -0.011656
 -0.023412
 -0.017957
 -0.014198
 -0.025075
 -0.017856
 -0.012722
 -0.034801
 -0.013809
 -0.008651
 -0.028808
 -0.009476
 -0.003207
 -0.025925
 -0.002269
  0.005563
 -0.028212
  0.004132
  0.008743
 -0.022195
  0.005666
  0.006106
 -0.014972
  0.011842
  0.003676
 -0.002152
  0.013283
  0.002681
  0.001031
  0.007659
 -0.001609
 -0.004653
  0.004601
 -0.013959
 -0.003604
 -0.002522
 -0.008825
 -0.013811
 -0.015174
 -0.018580
 -0.015984
 -0.019048
 -0.013631
 -0.018443
 -0.016014
 -0.016525
 -0.015286
 -0.011370
 -0.015318
 -0.015763
 -0.004869
 -0.024634
 -0.009793
 -0.001395
 -0.010380
 -0.008235
  0.006812
 -0.015068
  0.000110
  0.004318
 -0.003235
 -0.006409
  0.002114
  0.007934
 -0.005881
 -0.000059
 -0.003185
 -0.014262
  0.004861
  0.013009
 -0.045202
  0.009196
  0.012667
 -0.051086
  0.006673
  0.018660
 -0.059863
  0.012193
  0.019051
 -0.049521
  0.004692
  0.020013
 -0.038716
  0.002979
  0.018341
 -0.036314
  0.010800
  0.026218
 -0.029048
  0.013576
  0.031119
 -0.039474
  0.006209
  0.025751
 -0.046985
  0.008648
  0.027594
 -0.039993
  0.018282
  0.038810
 -0.041073
  0.013392
  0.042230
 -0.055711
  0.007630
  0.034644
 -0.054853
  0.013677
  0.035877
 -0.045678
  0.007767
  0.032381
 -0.050245
 -0.000820
  0.028204
 -0.059652
 -0.002927
  0.017062
 -0.049822
 -0.005994
  0.009437
 -0.045759
 -0.008793
 -0.001769
 -0.031369
 -0.016247
 -0.009288
 -0.039704
 -0.011610
 -0.000565
 -0.042591
 -0.005474
  0.001903
 -0.029112
 -0.010248
 -0.009119
 -0.021711
 -0.014748
 -0.011025
 -0.031770
 -0.008925
 -0.003734
 -0.028725
 -0.007639
 -0.006859
 -0.016039
 -0.013982
 -0.016594
 -0.018710
 -0.014069
 -0.012679
 -0.024886
 -0.008118
 -0.006772
 -0.017369
 -0.010416
 -0.013923
 -0.009577
 -0.014893
 -0.018660
 -0.016017
 -0.012581
 -0.011448
 -0.017867
 -0.008005
 -0.012102
 -0.009258
 -0.012437
 -0.022427
 -0.005129
 -0.013757
 -0.018953
 -0.011252
 -0.010255
 -0.012340
 -0.009898
 -0.009741
 -0.021046
 -0.001339
 -0.014128
 -0.026322
 -0.002848
 -0.010492
 -0.017853
 -0.005344
 -0.008998
 -0.020546
  0.000441
 -0.006163
 -0.005004
 -0.002713
  0.000168
 -0.009496
 -0.005932
  0.000091
 -0.000865
 -0.009551
  0.002641
  0.005603
 -0.004301
  0.001717
  0.015184
 -0.004975
  0.003358
  0.010690
 -0.005650
  0.006958
  0.018187
 -0.007270
  0.007127
  0.019062
 -0.015187
  0.009946
  0.024727
 -0.021988
  0.004965
  0.017818
 -0.021208
  0.000737
  0.011371
 -0.027177
 -0.000626
  0.012143
 -0.037934
 -0.005746
  0.011294
 -0.046546
 -0.011121
  0.008315
 -0.048891
 -0.015220
  0.007164
 -0.057932
 -0.012326
  0.007575
 -0.056141
 -0.017762
 -0.002879
 -0.050491
 -0.015909
 -0.004481
 -0.044160
 -0.009343
 -0.000034
 -0.037387
 -0.008655
 -0.001354
 -0.032542
 -0.004468
  0.002358
 -0.024393
 -0.002400
  0.006409
 -0.026106
 -0.002395
  0.003643
 -0.025812
 -0.003520
  0.006507
 -0.019682
 -0.004085
  0.009684
 -0.022384
 -0.011924
  0.006857
 -0.021274
 -0.013368
  0.011836
 -0.018309
 -0.009902
  0.012412
 -0.030274
 -0.016546
  0.012552
 -0.030135
 -0.033018
  0.003378
 -0.030941
 -0.035776
  0.010757
 -0.047078
 -0.025047
  0.013213
 -0.030597
 -0.015405
  0.013251
 -0.057002
 -0.039707
  0.021431
 -0.081049
 -0.062663
  0.024104
 -0.087701
 -0.087389
  0.029641
 -0.103182
 -0.082655
  0.011625
 -0.078992
 -0.101558
 -0.011527
 -0.068254
 -0.103929
 -0.021620
 -0.053235
 -0.131279
 -0.028599
 -0.038939
 -0.140354
 -0.042842
 -0.018880
 -0.109367
 -0.021170
 -0.019130
 -0.085613
 -0.023116
  0.007639
 -0.030259
  0.021942
 -0.003308
 -0.004237
  0.040676
  0.008851
  0.015238
  0.038325
  0.013777
  0.016132
  0.045107
  0.020480
  0.011660
  0.027677
  0.014027
  0.013413
  0.018927
  0.017188
  0.017106
  0.009801
  0.026924
  0.023497
  0.013128
  0.039499
  0.021320
  0.003080
  0.035455
  0.014572
  0.010398
  0.021963
  0.017392
  0.017384
  0.024926
  0.021514
  0.020298
  0.037988
  0.018379
  0.011904
  0.031189
  0.008466
  0.012966
  0.012391
  0.013716
 -0.012224
  0.006432
  0.009736
 -0.009041
  0.005046
  0.006357
 -0.011549
  0.009725
  0.000660
 -0.014990
  0.007786
  0.007049
 -0.016329
  0.019776
  0.010974
 -0.004364
  0.017007
  0.005727
 -0.003069
  0.007364
  0.006028
 -0.007658
  0.012980
  0.010909
  0.002158
  0.019314
  0.009199
  0.008973
  0.009942
  0.004823
  0.002249
  0.003942
  0.008322
  0.002996
  0.012784
  0.011881
  0.016238
  0.010769
  0.007822
  0.013135
 -0.003370
  0.005173
  0.008138
 -0.003350
  0.011919
  0.017248
  0.002297
  0.013956
  0.023974
 -0.009502
  0.006556
  0.016723
 -0.017604
  0.007637
  0.015873
 -0.011880
  0.013684
  0.026939
 -0.010141
  0.014672
  0.028403
 -0.025767
  0.019761
  0.034212
 -0.022872
  0.023100
  0.040846
 -0.010060
  0.018741
  0.059604
 -0.004288
  0.020344
  0.049188
  0.012253
  0.026454
  0.058915
  0.028184
  0.023493
  0.080771
  0.022372
  0.030329
  0.099493
  0.034016
  0.033436
  0.082010
  0.039490
  0.030752
  0.082499
  0.034702
  0.026294
  0.066585
  0.030837
  0.030818
  0.068436
  0.040204
  0.037637
  0.064725
  0.051555
  0.031528
  0.051090
  0.045640
  0.031547
  0.041170
  0.052742
  0.040577
  0.047783
  0.065594
  0.039448
  0.047796
  0.063347
  0.033868
  0.032411
  0.057775
  0.039188
  0.025893
  0.072058
  0.045411
  0.034879
  0.081118
  0.037855
  0.026617
  0.072597
  0.036990
  0.034228
  0.063652
  0.028206
  0.029038
  0.045855
  0.026083
  0.030640
  0.031344
  0.026226
  0.033691
  0.033611
  0.019964
  0.017118
  0.022644
  0.017467
  0.020451
  0.006513
  0.017772
  0.024117
  0.002551
  0.010177
  0.014727
 -0.007104
  0.008336
  0.005770
  0.003454
  0.005655
 -0.003901
  0.011534
  0.009363
 -0.006870
  0.025461
  0.001680
 -0.018614
  0.022146
  0.001949
 -0.010768
  0.012864
  0.010178
 -0.003237
  0.022405
  0.009905
 -0.011033
  0.032281
  0.006088
 -0.013215
  0.023489
  0.010920
 -0.002614
  0.022581
  0.016239
 -0.001255
  0.036869
  0.012872
 -0.011801
  0.037068
  0.011875
 -0.006810
  0.027610
  0.018282
  0.002039
  0.036460
  0.020994
 -0.006682
  0.047854
  0.026026
 -0.006378
  0.054022
  0.021772
 -0.018114
  0.052889
  0.015328
 -0.017113
  0.040833
  0.011314
 -0.031357
  0.042588
  0.013302
 -0.029513
  0.046300
  0.010305
 -0.021597
  0.034681
  0.003730
 -0.025521
  0.025950
 -0.004159
 -0.028811
  0.017913
 -0.009385
 -0.022621
  0.005832
 -0.016323
 -0.034107
  0.006252
 -0.015232
 -0.034480
  0.011861
 -0.010767
 -0.024650
  0.006493
 -0.016284
 -0.027724
 -0.005113
 -0.020614
 -0.037755
 -0.000661
 -0.015898
 -0.033215
  0.006836
 -0.014339
 -0.024347
 -0.004500
 -0.021083
 -0.032146
 -0.014302
 -0.023459
 -0.039890
 -0.007733
 -0.018128
 -0.029340
 -0.008519
 -0.019750
 -0.026070
 -0.022726
 -0.026622
 -0.036883
 -0.025757
 -0.022543
 -0.031343
 -0.021947
 -0.015324
 -0.017914
 -0.022997
 -0.012638
 -0.012975
 -0.024074
 -0.011860
 -0.018897
 -0.010062
 -0.007131
 -0.013803
 -0.003413
 -0.001970
 -0.001643
 -0.011010
