 -0.019478
 -0.002761
  0.024443
 -0.014415
 -0.012533
  0.023099
 -0.034069
 -0.023516
  0.036931
 -0.022223
 -0.035182
  0.040881
 -0.030720
 -0.031796
  0.037219
 -0.026220
 -0.037302
  0.042580
 -0.003745
 -0.036536
  0.031400
 -0.021439
 -0.020643
  0.018621
 -0.037979
 -0.010876
  0.010921
 -0.018348
  0.000733
 -0.005236
  0.005300
  0.018973
 -0.013724
  0.020116
  0.025642
 -0.016258
  0.020899
  0.043539
 -0.034029
  0.036082
  0.049982
 -0.034236
  0.045975
  0.045400
 -0.021541
  0.048787
  0.047448
 -0.017034
  0.069242
  0.039236
 -0.020654
  0.081025
  0.020867
 -0.019740
  0.080164
  0.018057
  0.001573
  0.088200
  0.011877
 -0.055862
  0.074018
  0.000857
 -0.020665
  0.076805
 -0.006850
 -0.003272
  0.067118
  0.008576
 -0.005580
  0.050053
  0.021999
 -0.006486
  0.034409
  0.029228
 -0.012222
  0.017895
  0.037106
 -0.022689
  0.002831
  0.031665
 -0.028367
 -0.022489
  0.025355
 -0.032197
 -0.038606
  0.008137
 -0.016565
 -0.061737
  0.002776
 -0.012483
 -0.075334
 -0.004963
  0.012702
 -0.087182
 -0.020627
  0.029866
 -0.113844
 -0.012194
  0.022692
 -0.099317
 -0.002878
 -0.000173
 -0.106132
  0.006113
 -0.022837
 -0.100325
  0.015304
 -0.047018
 -0.069178
  0.021869
 -0.046561
 -0.059305
  0.017953
 -0.035774
 -0.022751
  0.026568
 -0.036325
 -0.004047
  0.016200
 -0.018552
  0.010200
  0.018262
 -0.010801
  0.020030
  0.009028
 -0.001985
  0.039399
  0.005299
  0.005478
  0.048197
 -0.006442
  0.012717
  0.066113
 -0.021222
  0.020026
  0.087199
 -0.039779
  0.023864
  0.109014
 -0.059351
  0.038704
  0.108679
 -0.081601
  0.045930
  0.078440
 -0.095663
  0.038990
  0.075714
 -0.120076
  0.049504
  0.051740
 -0.118340
  0.066980
  0.033041
 -0.111765
  0.078137
  0.042717
 -0.104536
  0.063663
  0.025813
 -0.078917
  0.051391
  0.009308
 -0.053329
  0.057546
  0.006167
 -0.043982
  0.019897
  0.009711
 -0.032778
  0.014728
 -0.000628
 -0.031852
  0.030610
 -0.001571
 -0.019099
  0.023379
  0.001529
 -0.014083
  0.006631
 -0.002023
 -0.012403
  0.009517
 -0.006870
 -0.014500
  0.013627
 -0.006039
 -0.004283
  0.004697
 -0.003121
 -0.003082
  0.001635
 -0.006531
 -0.003429
  0.007236
 -0.006315
  0.001351
  0.006741
 -0.003809
  0.004087
  0.001349
 -0.004313
  0.004116
  0.000568
 -0.001923
  0.006784
 -0.003929
  0.000614
  0.005123
 -0.004855
  0.003612
  0.003903
 -0.007767
  0.001297
  0.004286
 -0.008117
 -0.000687
  0.004357
 -0.006550
 -0.004245
  0.003251
 -0.002706
 -0.004012
 -0.002652
  0.003412
 -0.013490
 -0.002059
  0.012951
 -0.009280
 -0.013926
  0.020305
  0.000352
 -0.029662
  0.023860
  0.001941
 -0.039329
  0.031322
  0.012115
 -0.055646
  0.041914
  0.019012
 -0.064812
  0.041793
  0.039222
 -0.071566
  0.038499
  0.041698
 -0.055053
  0.026467
  0.027877
 -0.051914
  0.019608
  0.021360
 -0.029143
  0.013331
  0.015985
 -0.022519
  0.009113
  0.002004
 -0.008753
  0.005054
 -0.002067
 -0.001218
 -0.001740
 -0.007311
  0.004122
 -0.011573
  0.000921
  0.017277
 -0.019557
 -0.000862
  0.009858
 -0.011926
 -0.002649
  0.010796
 -0.014736
 -0.003108
  0.004758
 -0.003186
 -0.004269
  0.006335
 -0.009123
 -0.003962
  0.006139
 -0.004715
 -0.002729
  0.001404
 -0.001014
 -0.009003
  0.002550
  0.001853
 -0.012380
  0.005142
  0.004714
 -0.005437
 -0.000058
  0.006692
 -0.006405
 -0.004755
  0.016006
 -0.015595
 -0.002173
  0.018040
 -0.012329
 -0.004611
  0.021368
 -0.004392
 -0.009109
  0.026212
 -0.009671
 -0.008998
  0.027714
 -0.007021
 -0.013747
  0.033539
  0.000641
 -0.014539
  0.031380
  0.001618
 -0.008127
  0.025367
  0.003421
 -0.012224
  0.028922
  0.004832
 -0.012419
  0.027669
  0.011450
 -0.012577
  0.023494
  0.007280
 -0.008151
  0.019073
  0.002529
 -0.005384
  0.016927
  0.007338
 -0.007068
  0.014903
  0.011332
 -0.007004
  0.010552
  0.004175
 -0.002128
  0.004733
  0.004001
 -0.000451
  0.005479
  0.010568
 -0.001546
  0.002066
  0.007644
  0.000595
 -0.002779
  0.003568
  0.001893
 -0.004458
  0.006409
  0.002292
 -0.005750
  0.009736
  0.002931
 -0.007831
  0.006154
  0.003967
 -0.010696
  0.004706
  0.003329
 -0.011243
  0.007939
  0.003475
 -0.013061
  0.007781
  0.004262
 -0.012598
  0.005559
  0.003022
 -0.013571
  0.006109
  0.006435
 -0.016996
  0.008714
  0.009210
 -0.016173
  0.007638
  0.008247
 -0.015012
  0.005111
  0.009884
 -0.018696
  0.003990
  0.006696
 -0.016012
 -0.001436
  0.008321
 -0.013412
 -0.001422
  0.004705
 -0.013748
 -0.004164
  0.003509
 -0.016075
 -0.001565
 -0.001160
 -0.015788
 -0.003355
  0.002233
 -0.011688
 -0.006711
  0.002019
 -0.006805
 -0.005856
  0.001927
 -0.004830
 -0.005020
  0.002396
 -0.010041
 -0.002654
  0.002755
 -0.009106
 -0.000534
  0.002817
 -0.006993
 -0.000715
  0.005420
 -0.005717
  0.000395
  0.003178
 -0.003557
  0.001943
  0.002149
 -0.007641
  0.004318
 -0.000506
 -0.004797
  0.004745
 -0.003117
  0.003920
  0.009462
 -0.006169
  0.003454
  0.006307
 -0.001887
 -0.004221
  0.002321
  0.003093
 -0.004878
  0.001621
  0.004478
 -0.007119
  0.001221
  0.003722
 -0.009027
  0.000447
  0.002201
 -0.010924
  0.001955
  0.000471
 -0.013495
  0.002012
  0.001003
 -0.011138
  0.003837
 -0.002233
 -0.001721
  0.020383
 -0.003324
  0.003448
  0.020247
 -0.003615
  0.000215
  0.015865
  0.008595
  0.001216
  0.034726
  0.001577
  0.025630
  0.050166
 -0.016531
  0.021625
  0.011394
 -0.000795
 -0.007526
 -0.002406
 -0.007593
 -0.007965
 -0.015696
  0.018467
 -0.038834
 -0.067462
  0.041426
 -0.094595
 -0.118854
  0.039826
 -0.099211
 -0.132227
  0.013161
 -0.088218
  0.053951
  0.157910
 -0.120042
  0.084779
  0.289215
 -0.313808
  0.041110
  0.326590
 -0.124625
  0.053968
  0.119867
  0.049799
  0.039889
  0.034697
  0.005311
  0.192222
  0.031684
  0.004804
  0.092649
  0.018546
 -0.016990
  0.016166
  0.018647
  0.002836
 -0.006165
  0.000358
 -0.017195
 -0.020681
  0.005270
 -0.012223
 -0.021105
 -0.003441
 -0.009635
 -0.013793
 -0.000358
 -0.010064
 -0.017132
  0.005527
 -0.011702
 -0.016691
  0.006207
 -0.013466
 -0.023613
  0.009531
 -0.014293
 -0.019972
  0.011074
 -0.019775
 -0.019009
  0.009037
 -0.022643
 -0.025284
  0.020383
 -0.015076
 -0.029203
  0.018066
 -0.019876
 -0.024982
  0.016214
 -0.027616
 -0.024088
  0.013795
 -0.028426
 -0.015615
  0.012913
 -0.029113
 -0.009644
  0.012097
 -0.024112
 -0.003652
  0.008870
 -0.023498
  0.000148
  0.006795
 -0.018253
 -0.002012
  0.006534
 -0.017614
 -0.007398
  0.006243
 -0.017322
 -0.003649
  0.004369
 -0.014721
 -0.001817
  0.002608
 -0.011219
 -0.008067
  0.002473
 -0.009103
 -0.007472
  0.001331
 -0.010144
 -0.002550
 -0.000442
 -0.007123
 -0.005344
 -0.001341
 -0.002362
 -0.010386
 -0.000439
 -0.001068
 -0.006629
 -0.000611
 -0.000925
 -0.003714
 -0.003223
  0.004315
 -0.009998
 -0.003881
  0.010218
 -0.011793
 -0.001750
  0.008906
 -0.005377
 -0.004280
  0.011309
 -0.006877
 -0.006686
  0.018078
 -0.013910
 -0.005524
  0.021141
 -0.012487
 -0.004396
  0.019583
 -0.016206
 -0.000507
  0.013879
 -0.023951
  0.001499
  0.016322
 -0.027067
  0.002434
  0.010592
 -0.022448
  0.000378
  0.007675
 -0.028201
  0.000294
  0.008452
 -0.032231
  0.000008
  0.011589
 -0.039008
 -0.002641
  0.008805
 -0.041679
 -0.002368
  0.002888
 -0.040568
 -0.009497
 -0.003978
 -0.032831
  0.004144
 -0.003908
 -0.052319
  0.029221
 -0.004508
 -0.056148
  0.010255
  0.002486
 -0.040481
  0.006206
  0.000086
 -0.040044
  0.010497
 -0.004097
 -0.048150
  0.011592
 -0.001568
 -0.045628
  0.006940
  0.004725
 -0.034540
  0.006957
  0.000251
 -0.037593
  0.009849
 -0.004411
 -0.041468
  0.007473
  0.003023
 -0.033103
  0.004019
  0.006663
 -0.034953
  0.002731
  0.010803
 -0.028394
  0.000297
  0.009347
 -0.025886
 -0.002407
  0.010795
 -0.024338
 -0.005870
  0.017426
 -0.016876
 -0.006505
  0.022265
 -0.014811
 -0.008321
  0.025204
 -0.014826
 -0.011763
  0.032883
 -0.006661
 -0.013196
  0.031841
 -0.003836
 -0.012086
  0.026796
 -0.000020
 -0.012677
  0.028244
 -0.001338
 -0.011119
  0.024009
  0.005465
 -0.011676
  0.019298
  0.002006
 -0.009363
  0.016384
 -0.004802
 -0.008299
  0.015773
 -0.001718
 -0.007263
  0.011404
  0.000663
 -0.005599
  0.004706
 -0.005685
 -0.005020
  0.004926
 -0.009907
 -0.003198
  0.004146
 -0.004737
 -0.001911
 -0.001580
 -0.005431
 -0.000272
 -0.005299
 -0.012799
  0.001103
 -0.004760
 -0.012704
  0.002745
 -0.006909
 -0.017049
  0.006510
 -0.012609
 -0.011010
  0.007606
 -0.016164
 -0.006824
  0.007005
 -0.017840
 -0.000605
  0.007143
 -0.019862
 -0.000912
  0.004370
 -0.013642
 -0.000799
  0.002644
 -0.010780
  0.005022
  0.001204
 -0.008243
  0.007724
  0.003175
 -0.012059
  0.007515
  0.003031
 -0.010366
  0.014369
  0.002298
 -0.009680
  0.013948
  0.000844
 -0.006106
  0.009570
 -0.000225
 -0.002267
  0.014383
 -0.001077
 -0.002077
  0.020287
 -0.003808
  0.001409
  0.014865
 -0.005179
  0.006862
  0.012271
 -0.006574
  0.009955
  0.020174
 -0.008616
  0.008753
  0.021693
 -0.011623
  0.013710
  0.015630
 -0.012126
  0.018998
  0.018076
 -0.012751
  0.017703
  0.024582
 -0.016643
  0.020883
  0.020353
 -0.017557
  0.027460
  0.013126
 -0.015067
  0.027914
  0.011120
 -0.016746
  0.035264
  0.012843
 -0.016166
  0.033437
  0.007411
 -0.012812
  0.027974
  0.002168
 -0.012382
  0.030428
