 -0.012287
  0.012688
  0.034296
 -0.016467
 -0.003166
  0.035790
 -0.025304
 -0.011258
  0.061952
 -0.022938
 -0.041074
  0.074248
 -0.027886
 -0.031080
  0.065457
 -0.019468
 -0.034060
  0.065129
  0.002792
 -0.026065
  0.038830
 -0.016265
 -0.016673
  0.030045
 -0.040000
 -0.009624
  0.019616
 -0.019228
  0.000950
 -0.002587
 -0.001344
  0.015847
 -0.024019
  0.020934
  0.019340
 -0.031840
  0.024821
  0.039458
 -0.055707
  0.042866
  0.044097
 -0.057599
  0.055286
  0.038381
 -0.044981
  0.070544
  0.049316
 -0.044425
  0.101374
  0.024659
 -0.064556
  0.112985
 -0.013136
 -0.066162
  0.144822
 -0.019610
 -0.093769
  0.160969
 -0.047422
 -0.105270
  0.141002
 -0.048359
 -0.080348
  0.110964
 -0.058510
 -0.059865
  0.091122
 -0.031359
 -0.043331
  0.071349
  0.004398
 -0.039739
  0.043881
  0.020418
 -0.035315
  0.022994
  0.034251
 -0.046344
  0.004106
  0.026515
 -0.039180
 -0.024278
  0.025754
 -0.035581
 -0.038112
  0.011491
 -0.009854
 -0.071940
  0.003301
 -0.010028
 -0.086521
 -0.019460
  0.019757
 -0.108149
 -0.029357
  0.039818
 -0.142521
 -0.029042
  0.010902
 -0.157702
 -0.029254
 -0.003776
 -0.161043
 -0.004045
 -0.045266
 -0.126995
  0.006586
 -0.033631
 -0.083484
  0.027462
 -0.036101
 -0.048920
  0.025402
 -0.027298
 -0.024686
  0.029395
 -0.041904
 -0.004874
  0.019237
 -0.029245
  0.018656
  0.019319
 -0.028952
  0.031633
  0.000332
 -0.015143
  0.056190
 -0.025859
 -0.023108
  0.067795
 -0.051225
 -0.006949
  0.083632
 -0.069080
 -0.000730
  0.113989
 -0.088263
 -0.013861
  0.143279
 -0.115051
 -0.005796
  0.150684
 -0.119488
 -0.051221
  0.152162
 -0.122405
 -0.020684
  0.136101
 -0.111035
  0.030393
  0.118954
 -0.097533
  0.063075
  0.107127
 -0.085021
  0.023219
  0.097499
 -0.075372
 -0.001158
  0.073753
 -0.058686
  0.043329
  0.051323
 -0.027216
  0.044393
  0.025247
 -0.027627
  0.000939
  0.031957
 -0.022912
  0.005630
  0.018822
 -0.015507
  0.029744
  0.002421
 -0.002206
  0.014825
 -0.003181
 -0.005717
 -0.001481
 -0.001019
 -0.006486
  0.011287
 -0.004516
  0.000279
  0.014748
 -0.014551
  0.007207
  0.000556
 -0.009993
  0.004694
 -0.001435
 -0.010166
  0.003283
  0.007266
 -0.011080
  0.006757
  0.003979
 -0.008271
  0.004029
 -0.001675
 -0.008945
  0.004908
 -0.002974
 -0.007503
  0.005642
 -0.011466
 -0.006156
  0.005655
 -0.011566
 -0.004027
  0.005441
 -0.013541
 -0.006456
  0.006381
 -0.013390
 -0.006873
  0.009731
 -0.013110
 -0.011331
  0.008271
 -0.010163
 -0.008279
  0.003320
  0.000767
 -0.021427
  0.003048
  0.012362
 -0.007294
 -0.008518
  0.030697
  0.010671
 -0.027523
  0.039218
  0.016784
 -0.044005
  0.053888
  0.037806
 -0.063480
  0.079628
  0.061876
 -0.068289
  0.070683
  0.093838
 -0.086514
  0.072618
  0.091763
 -0.078814
  0.042579
  0.067918
 -0.055846
  0.044121
  0.045731
 -0.039555
  0.021091
  0.029078
 -0.026207
  0.006954
  0.007797
 -0.008493
  0.002438
  0.002075
  0.006108
 -0.014213
 -0.009048
  0.016064
 -0.025252
 -0.000385
  0.026315
 -0.041665
 -0.003221
  0.019755
 -0.031961
 -0.000864
  0.023373
 -0.046789
 -0.008331
  0.017006
 -0.018373
 -0.010832
  0.022916
 -0.021719
 -0.013757
  0.023644
 -0.008979
 -0.012011
  0.015398
 -0.000721
 -0.018227
  0.020850
  0.006681
 -0.022165
  0.025567
  0.006947
 -0.014362
  0.016944
  0.006759
 -0.013186
  0.013170
  0.019842
 -0.022767
  0.019751
  0.024297
 -0.021913
  0.019913
  0.022793
 -0.012561
  0.012006
  0.028182
 -0.014799
  0.011768
  0.034919
 -0.012382
  0.008087
  0.042267
 -0.004423
  0.003649
  0.037345
 -0.001795
  0.004171
  0.031236
  0.002396
 -0.000146
  0.035412
  0.006768
 -0.004343
  0.035760
  0.011844
 -0.007694
  0.027208
  0.004586
 -0.002376
  0.020524
  0.001186
  0.001554
  0.022465
  0.007847
 -0.003778
  0.020317
  0.010118
 -0.006206
  0.011318
  0.001377
  0.000122
  0.006122
  0.002690
  0.001535
  0.009314
  0.009550
 -0.001637
  0.002985
  0.003938
  0.000779
 -0.004806
 -0.000122
  0.003937
 -0.004666
  0.004697
  0.002567
 -0.005814
  0.007956
  0.001884
 -0.010756
  0.001535
  0.004886
 -0.015038
  0.001177
  0.003760
 -0.015072
  0.006479
  0.001143
 -0.017972
  0.005405
  0.003716
 -0.019607
  0.001169
  0.003729
 -0.022416
  0.003798
  0.003967
 -0.025312
  0.007384
  0.005626
 -0.026408
  0.005551
  0.009576
 -0.027369
  0.003226
  0.010010
 -0.030979
 -0.002811
  0.008371
 -0.026836
 -0.007065
  0.007051
 -0.026227
 -0.009409
  0.006948
 -0.022768
 -0.015392
  0.006576
 -0.022286
 -0.013714
  0.007651
 -0.016817
 -0.010072
  0.009505
 -0.009918
 -0.014870
  0.012102
  0.000779
 -0.013535
  0.015312
  0.001456
 -0.016858
  0.021270
 -0.002593
 -0.011375
  0.015088
 -0.009264
 -0.008767
  0.013468
 -0.007946
 -0.009236
  0.016266
 -0.012548
 -0.006962
  0.010067
 -0.014269
 -0.006044
  0.007256
 -0.024445
 -0.003136
  0.002610
 -0.023071
 -0.002616
  0.002890
 -0.005418
  0.002447
 -0.001620
 -0.008094
 -0.001419
  0.000244
 -0.015470
 -0.005191
  0.006857
 -0.012134
 -0.006014
  0.008481
 -0.013013
 -0.006761
  0.008362
 -0.012872
 -0.010679
  0.008379
 -0.015515
 -0.012756
  0.006841
 -0.015073
 -0.008449
 -0.000572
 -0.020342
 -0.002021
 -0.012762
 -0.016439
 -0.015847
 -0.004161
 -0.025264
 -0.013426
  0.003811
 -0.023098
 -0.012213
  0.010065
 -0.029708
 -0.006586
  0.010232
 -0.034230
 -0.004659
  0.011469
 -0.038518
 -0.003214
  0.012928
 -0.048919
  0.004146
  0.015822
 -0.053956
  0.015441
  0.019233
 -0.067604
 -0.001936
  0.013414
 -0.053896
 -0.001615
  0.011738
 -0.045038
 -0.010581
  0.010826
 -0.043385
 -0.017902
  0.010497
 -0.042512
 -0.029185
  0.009787
 -0.045958
 -0.042274
  0.011441
 -0.041871
 -0.048779
  0.017001
 -0.045309
 -0.051667
  0.033275
 -0.041269
 -0.053563
  0.037990
 -0.046620
 -0.053807
  0.031974
 -0.029491
 -0.038588
  0.013807
 -0.013988
 -0.036007
  0.018285
 -0.008179
 -0.038357
  0.018151
 -0.005149
 -0.034323
  0.016165
  0.003605
 -0.023817
  0.011036
 -0.000443
 -0.024247
  0.012186
 -0.007228
 -0.019415
  0.010683
 -0.008022
 -0.023609
  0.012585
 -0.007695
 -0.021248
  0.011907
 -0.018232
 -0.026270
  0.013341
 -0.020485
 -0.034188
  0.016979
 -0.015983
 -0.035727
  0.017123
 -0.018967
 -0.032132
  0.014415
 -0.029867
 -0.031623
  0.016138
 -0.030367
 -0.022497
  0.011305
 -0.033705
 -0.016774
  0.010006
 -0.029498
 -0.007160
  0.007836
 -0.028752
 -0.001777
  0.005382
 -0.023465
 -0.000298
  0.004543
 -0.016580
 -0.009216
  0.007158
 -0.016690
 -0.007061
  0.006599
 -0.014430
 -0.001748
  0.004762
 -0.007602
 -0.008549
  0.007297
 -0.002351
 -0.011132
  0.008005
 -0.002730
 -0.004969
  0.005837
 -0.000618
 -0.005104
  0.005601
  0.008475
 -0.013401
  0.010434
  0.010484
 -0.011076
  0.010230
  0.007897
 -0.005196
  0.006267
  0.014833
 -0.010705
  0.009418
  0.023165
 -0.016096
  0.014036
  0.019715
 -0.009337
  0.009245
  0.020816
 -0.007553
  0.007041
  0.031300
 -0.015927
  0.012034
  0.036912
 -0.016122
  0.013183
  0.031978
 -0.021749
  0.018728
  0.025299
 -0.030283
  0.022365
  0.031244
 -0.037328
  0.027820
  0.024241
 -0.030384
  0.022401
  0.023705
 -0.038023
  0.026105
  0.030786
 -0.049207
  0.037375
  0.037874
 -0.062638
  0.047929
  0.039033
 -0.054736
  0.034685
  0.028983
 -0.059744
  0.030380
  0.017433
 -0.055254
  0.025756
  0.007250
 -0.057559
  0.027216
  0.004900
 -0.051051
  0.026172
  0.014064
 -0.041983
  0.020868
  0.013063
 -0.040011
  0.019501
  0.004678
 -0.042283
  0.020939
  0.011461
 -0.037159
  0.018718
  0.020048
 -0.028519
  0.015536
  0.013575
 -0.028021
  0.015292
  0.010311
 -0.028947
  0.016077
  0.020350
 -0.020348
  0.013193
  0.022748
 -0.024297
  0.014937
  0.028897
 -0.021014
  0.014512
  0.028692
 -0.022174
  0.014596
  0.032604
 -0.018606
  0.012636
  0.043551
 -0.010065
  0.007028
  0.045570
 -0.011114
  0.007498
  0.046050
 -0.009090
  0.005904
  0.056064
 -0.002275
  0.002012
  0.050251
  0.002840
 -0.001230
  0.046148
  0.010770
 -0.005980
  0.049026
  0.010868
 -0.005898
  0.046811
  0.016356
 -0.009215
  0.037976
  0.010051
 -0.004863
  0.032341
  0.003593
 -0.001551
  0.035190
  0.009095
 -0.004308
  0.031110
  0.009421
 -0.002956
  0.019808
  0.000119
  0.002079
  0.018849
 -0.001205
  0.002064
  0.022222
  0.005057
  0.000602
  0.011856
 -0.000176
  0.003185
  0.005101
 -0.007433
  0.006001
  0.007490
 -0.002899
  0.004226
  0.005405
 -0.008115
  0.006471
 -0.001174
 -0.001427
  0.004377
 -0.008781
 -0.000885
  0.004491
 -0.013009
  0.008051
  0.000943
 -0.015449
  0.010584
 -0.000036
 -0.005828
  0.007966
  0.000892
 -0.002925
  0.013548
 -0.001026
 -0.002357
  0.011555
 -0.000981
 -0.010049
  0.008552
  0.001008
 -0.009833
  0.017428
 -0.002694
 -0.009455
  0.018011
 -0.004032
 -0.002483
  0.012754
 -0.002791
  0.003162
  0.016348
 -0.004535
 -0.000054
  0.024767
 -0.010335
  0.005390
  0.019711
 -0.011124
  0.015518
  0.015609
 -0.008635
  0.015998
  0.023828
 -0.013149
  0.012455
  0.028020
 -0.018876
  0.021360
  0.021816
 -0.014789
  0.028098
  0.021089
 -0.014197
  0.023365
  0.029410
 -0.020653
  0.026139
  0.027000
 -0.019521
  0.036937
  0.018170
 -0.012872
  0.036829
  0.017632
 -0.011416
  0.047654
  0.022427
 -0.014121
  0.049515
  0.015468
 -0.009181
  0.043821
  0.008283
 -0.004380
  0.045760
