  0.026735
  0.038770
 -0.030024
  0.014022
  0.027626
 -0.028309
  0.016605
  0.021640
 -0.006810
  0.013545
  0.006395
 -0.000611
  0.015928
 -0.001764
  0.018729
  0.008159
 -0.016111
  0.043185
 -0.003488
 -0.038373
  0.051083
  0.008330
 -0.051208
  0.099584
  0.019183
 -0.017231
  0.088122
  0.006391
 -0.037477
  0.070085
 -0.000545
 -0.065326
  0.078823
 -0.004151
 -0.082642
  0.051756
 -0.004625
 -0.086483
  0.059519
 -0.013353
 -0.102070
  0.034782
 -0.024255
 -0.110618
  0.008791
 -0.026111
 -0.092152
 -0.006135
 -0.040353
 -0.110052
 -0.034920
 -0.049298
 -0.124203
 -0.044709
 -0.063276
 -0.113444
 -0.065385
 -0.067794
 -0.105949
 -0.064871
 -0.056809
 -0.079736
 -0.052676
 -0.039471
 -0.092699
 -0.038083
 -0.032452
 -0.102156
 -0.026694
 -0.025697
 -0.086468
 -0.024676
 -0.013150
 -0.086601
 -0.000581
 -0.005390
 -0.065247
  0.012619
  0.000665
 -0.050831
  0.041948
  0.008944
 -0.022781
  0.061577
  0.013319
 -0.003651
  0.058527
  0.034033
  0.015658
  0.099344
  0.046248
  0.056371
  0.092838
  0.063729
  0.055592
  0.140646
  0.110178
  0.109354
  0.195131
  0.098872
  0.137161
  0.149921
  0.100753
  0.099346
  0.183961
  0.064318
  0.080453
  0.120729
  0.036469
  0.029085
  0.093364
  0.012544
  0.028939
  0.050518
  0.007161
  0.007692
  0.031682
  0.002078
 -0.011169
  0.010395
 -0.001857
 -0.038429
 -0.012370
 -0.006938
 -0.055632
 -0.006389
 -0.019823
 -0.065331
 -0.025006
 -0.016259
 -0.069983
 -0.016050
 -0.025345
 -0.067617
 -0.025744
 -0.027429
 -0.090017
 -0.026451
 -0.020047
 -0.084976
 -0.019783
 -0.037553
 -0.089042
 -0.035607
 -0.045282
 -0.066341
 -0.042467
 -0.057505
 -0.047610
 -0.052133
 -0.053529
 -0.018333
 -0.051147
 -0.074643
 -0.014505
 -0.067890
 -0.067750
 -0.032505
 -0.058525
 -0.050564
 -0.017677
 -0.044074
 -0.052069
  0.003165
 -0.060267
 -0.057783
 -0.000648
 -0.061568
 -0.051886
 -0.003974
 -0.043003
 -0.034989
  0.007463
 -0.048605
 -0.024961
  0.013731
 -0.059067
 -0.013564
  0.018925
 -0.041632
 -0.020467
  0.011386
 -0.041160
 -0.008858
  0.017341
 -0.051377
 -0.002770
  0.012866
 -0.044463
 -0.002702
  0.015715
 -0.037537
  0.004228
  0.020611
 -0.039197
 -0.000295
  0.024613
 -0.043350
 -0.000103
  0.003651
 -0.034575
 -0.000529
 -0.002307
 -0.036579
 -0.004930
 -0.008470
 -0.035450
 -0.005459
 -0.008756
 -0.040847
 -0.004616
 -0.004436
 -0.033712
 -0.001886
  0.003616
 -0.033140
  0.001511
  0.012169
 -0.039525
  0.003433
  0.013313
 -0.039869
  0.002896
  0.007787
 -0.032178
  0.011520
  0.013122
 -0.012237
  0.009499
  0.007282
 -0.012953
  0.004002
 -0.007713
 -0.014170
  0.001223
 -0.025848
  0.000795
 -0.007626
 -0.039085
 -0.004808
 -0.015070
 -0.054319
  0.007374
 -0.005264
 -0.061063
  0.002098
 -0.006042
 -0.053913
 -0.009217
 -0.006733
 -0.036231
 -0.014837
 -0.007872
 -0.043482
 -0.012088
 -0.007360
 -0.026778
 -0.022039
 -0.000095
 -0.020090
 -0.011157
  0.002041
 -0.003448
 -0.025074
  0.004811
  0.014226
 -0.022034
  0.000689
  0.003086
 -0.023077
  0.006082
  0.014640
 -0.051025
  0.008323
  0.015275
 -0.053580
  0.008392
  0.017952
 -0.056769
  0.014818
  0.020001
 -0.051385
  0.007549
  0.024227
 -0.038088
  0.005261
  0.019345
 -0.034340
  0.008743
  0.026984
 -0.027128
  0.011183
  0.030683
 -0.035180
  0.007341
  0.023243
 -0.041529
  0.006625
  0.022110
 -0.033769
  0.011566
  0.031942
 -0.032609
  0.010361
  0.033586
 -0.044072
  0.005878
  0.024095
 -0.046474
  0.006088
  0.021295
 -0.037047
  0.004825
  0.020423
 -0.042467
  0.000890
  0.012814
 -0.047912
 -0.000148
  0.008000
 -0.039907
 -0.003525
 -0.001719
 -0.036221
 -0.005926
 -0.009207
 -0.025792
 -0.008760
 -0.015086
 -0.033256
 -0.005305
 -0.005440
 -0.036743
 -0.003052
 -0.001979
 -0.025188
 -0.006571
 -0.012044
 -0.020158
 -0.007803
 -0.013496
 -0.029432
 -0.003943
 -0.003878
 -0.027472
 -0.004266
 -0.006472
 -0.016134
 -0.007971
 -0.015954
 -0.019520
 -0.006229
 -0.010265
 -0.026562
 -0.003039
 -0.002605
 -0.019883
 -0.005494
 -0.010426
 -0.011715
 -0.007084
 -0.015001
 -0.019515
 -0.004486
 -0.005763
 -0.022110
 -0.003114
 -0.004594
 -0.012741
 -0.005685
 -0.015254
 -0.010156
 -0.005481
 -0.012361
 -0.018473
 -0.003653
 -0.003744
 -0.016018
 -0.003888
 -0.011132
 -0.007417
 -0.005711
 -0.016639
 -0.011455
 -0.002773
 -0.005460
 -0.013103
 -0.003691
 -0.010768
 -0.010972
 -0.002746
 -0.000574
 -0.013423
  0.000701
  0.005112
 -0.006384
  0.002560
  0.013438
 -0.011865
  0.005693
  0.021407
 -0.002671
  0.006214
  0.027957
 -0.009224
  0.004633
  0.019956
 -0.009571
  0.006432
  0.024783
 -0.011965
  0.006062
  0.022283
 -0.017817
  0.008137
  0.030219
 -0.022852
  0.005247
  0.026146
 -0.023059
  0.002638
  0.017052
 -0.028491
  0.003883
  0.015207
 -0.039478
  0.001622
  0.012308
 -0.046002
 -0.002450
  0.011011
 -0.050349
 -0.004180
  0.006924
 -0.056732
 -0.003090
  0.004891
 -0.051408
 -0.006666
 -0.005321
 -0.048394
 -0.004934
 -0.003077
 -0.045280
 -0.002077
  0.003367
 -0.039246
 -0.001192
  0.005689
 -0.035509
  0.000463
  0.010994
 -0.027879
  0.002551
  0.019653
 -0.029653
  0.001523
  0.027229
 -0.028018
 -0.000315
  0.023863
 -0.028727
 -0.002258
  0.030368
 -0.027017
  0.004153
  0.026478
 -0.017490
  0.002908
  0.017444
 -0.019499
  0.001437
  0.010241
 -0.015397
 -0.002608
  0.002751
 -0.013718
 -0.000923
 -0.001473
 -0.005235
 -0.001286
 -0.004894
 -0.004471
 -0.002880
 -0.017944
 -0.005605
 -0.001735
 -0.021129
  0.008685
  0.001423
 -0.009853
  0.011335
  0.002414
 -0.011347
  0.018327
  0.003594
  0.000814
  0.020418
  0.004331
  0.011625
  0.012640
  0.007863
  0.024123
  0.021243
  0.007540
  0.036457
  0.015196
  0.014683
  0.055312
  0.016562
  0.017862
  0.075320
  0.017777
  0.016741
  0.081816
 -0.001117
  0.017481
  0.077775
 -0.001812
  0.016704
  0.053894
  0.009033
  0.014679
  0.049432
  0.006112
  0.014575
  0.049140
  0.019971
  0.014078
  0.043028
  0.018065
  0.010195
  0.031475
  0.011027
  0.010111
  0.029501
  0.019217
  0.008288
  0.020740
  0.029022
  0.010635
  0.025790
  0.042341
  0.009829
  0.021859
  0.043480
  0.010431
  0.029454
  0.031277
  0.013973
  0.041295
  0.036416
  0.014770
  0.040681
  0.049938
  0.013510
  0.035295
  0.047385
  0.012479
  0.036844
  0.031820
  0.008672
  0.020843
  0.030450
  0.005646
  0.013608
  0.017746
  0.002977
  0.001526
  0.015145
  0.000414
 -0.003302
  0.008236
  0.001166
 -0.004140
  0.019867
  0.004229
  0.007327
  0.019888
  0.002624
  0.006572
  0.006848
  0.001086
 -0.000499
  0.011533
  0.003897
  0.008300
  0.018757
  0.005149
  0.015033
  0.007544
  0.002167
  0.006232
  0.001364
  0.002544
  0.005596
  0.009820
  0.005977
  0.017493
  0.008229
  0.004855
  0.015593
 -0.004606
  0.002019
  0.007499
 -0.004036
  0.004794
  0.014049
  0.002450
  0.007310
  0.020892
 -0.006582
  0.004137
  0.013440
 -0.015202
  0.002828
  0.009931
 -0.009163
  0.006856
  0.019889
 -0.007743
  0.008167
  0.021921
 -0.020053
  0.010836
  0.029121
 -0.016991
  0.014104
  0.034645
 -0.006684
  0.016133
  0.042857
 -0.000131
  0.012767
  0.039266
  0.012076
  0.015994
  0.045424
  0.024111
  0.018407
  0.054941
  0.016152
  0.021881
  0.070003
  0.023235
  0.020681
  0.067378
  0.033938
  0.022587
  0.075259
  0.032762
  0.020939
  0.066167
  0.030312
  0.021802
  0.070942
  0.042788
  0.020320
  0.064286
  0.050736
  0.017172
  0.051713
  0.043988
  0.015847
  0.045955
  0.052297
  0.018182
  0.048668
  0.064464
  0.016745
  0.045703
  0.058639
  0.013010
  0.033404
  0.054715
  0.013468
  0.031543
  0.067926
  0.014553
  0.032085
  0.075272
  0.009682
  0.021366
  0.066473
  0.011272
  0.027343
  0.057022
  0.009373
  0.022628
  0.041058
  0.010339
  0.024780
  0.028126
  0.008613
  0.021078
  0.027831
  0.004867
  0.009578
  0.020275
  0.005535
  0.012207
  0.007666
  0.004514
  0.010835
  0.004538
  0.001195
  0.002858
 -0.003866
 -0.000909
 -0.003072
  0.004036
 -0.004334
 -0.012320
  0.009817
 -0.004028
 -0.014014
  0.020892
 -0.007463
 -0.021127
  0.015797
 -0.004673
 -0.013146
  0.009045
 -0.000759
 -0.005880
  0.018305
 -0.002850
 -0.012850
  0.026777
 -0.003596
 -0.013423
  0.018987
  0.000713
 -0.002279
  0.018558
  0.001927
 -0.001804
  0.031608
 -0.000779
 -0.010422
  0.032875
  0.001147
 -0.003289
  0.024790
  0.004652
  0.005616
  0.034001
  0.003599
 -0.000268
  0.045515
  0.006486
  0.006305
  0.052917
  0.003123
 -0.004183
  0.053414
  0.002229
 -0.005267
  0.040414
 -0.001052
 -0.017357
  0.041198
 -0.001767
 -0.018828
  0.044140
 -0.001534
 -0.013392
  0.031787
 -0.004772
 -0.020300
  0.022409
 -0.005296
 -0.022288
  0.014056
 -0.006232
 -0.017269
  0.002646
 -0.010147
 -0.028963
  0.000480
 -0.010631
 -0.031080
  0.007912
 -0.007712
 -0.021564
  0.003069
 -0.010252
 -0.025733
 -0.007937
 -0.013913
 -0.035836
 -0.003623
 -0.011705
 -0.031509
  0.002370
 -0.009885
 -0.023819
 -0.006350
 -0.013402
 -0.031833
 -0.014662
 -0.015864
 -0.039393
 -0.009048
 -0.012878
 -0.030599
 -0.009328
 -0.012563
 -0.028348
 -0.021423
 -0.016830
 -0.039380
 -0.023790
 -0.015541
 -0.036540
 -0.019656
 -0.011232
 -0.024735
 -0.020159
 -0.010473
 -0.022848
 -0.018385
 -0.012088
 -0.028559
 -0.007791
 -0.009003
 -0.020831
 -0.003690
 -0.005470
 -0.010719
 -0.008813
