 -0.010932
  0.020902
  0.033084
 -0.000317
  0.013964
  0.029738
 -0.014241
 -0.003700
  0.044268
  0.019406
  0.000555
  0.049963
  0.027953
 -0.016657
  0.048346
  0.043918
 -0.014277
  0.048438
  0.053747
 -0.018588
  0.036127
  0.051337
 -0.005832
  0.017929
  0.040292
 -0.009159
  0.022742
  0.040358
 -0.024619
  0.026742
  0.036877
 -0.048575
  0.022464
  0.025861
 -0.068593
  0.014584
  0.028297
 -0.073004
  0.020267
  0.021030
 -0.081167
  0.005260
  0.017572
 -0.085354
 -0.013425
  0.023492
 -0.063232
 -0.023563
  0.027607
 -0.075994
 -0.049637
  0.022409
 -0.120923
 -0.096704
  0.009109
 -0.125976
 -0.157127
 -0.007402
 -0.093906
 -0.071009
 -0.003784
 -0.074490
 -0.057115
  0.024387
 -0.090618
 -0.056821
  0.029893
 -0.101828
 -0.053454
  0.025323
 -0.068910
 -0.039872
  0.025418
 -0.065566
 -0.015280
  0.024063
 -0.052290
 -0.004642
  0.028035
 -0.045666
  0.014790
  0.036445
 -0.028675
  0.027164
  0.038029
 -0.023479
  0.030091
  0.039805
 -0.013210
  0.016818
  0.026021
 -0.091286
  0.009066
  0.028994
 -0.061736
 -0.034063
 -0.091906
 -0.195342
 -0.290328
 -0.073576
 -0.297411
 -0.211102
 -0.080985
 -0.146485
 -0.301527
 -0.000702
 -0.112762
 -0.085843
  0.032245
 -0.013711
  0.026129
  0.054288
 -0.015644
  0.031646
  0.027447
 -0.015368
  0.020540
  0.016286
 -0.018960
  0.004571
  0.019708
 -0.032062
 -0.011004
  0.024670
 -0.041896
 -0.005888
  0.023013
 -0.057468
 -0.027297
  0.035793
 -0.069236
 -0.015229
  0.026918
 -0.062361
 -0.022241
  0.043043
 -0.077509
 -0.025033
  0.033547
 -0.053418
 -0.005700
  0.053759
 -0.050481
  0.013427
  0.046582
 -0.024568
  0.030182
  0.052956
 -0.008933
  0.050123
  0.058054
  0.007111
  0.065270
  0.042643
  0.028226
  0.060310
  0.022429
  0.021651
  0.041426
  0.034196
  0.017249
  0.048475
  0.026139
  0.045640
  0.053763
 -0.000002
  0.040722
  0.034251
  0.007153
  0.014766
  0.026729
  0.012126
  0.017946
  0.034159
 -0.005841
  0.032755
  0.033687
 -0.014181
  0.022520
  0.016868
 -0.002613
  0.006922
  0.014809
 -0.008008
  0.015501
  0.020218
 -0.016788
  0.016818
  0.010946
 -0.014527
  0.011265
  0.002082
 -0.009870
  0.013368
  0.011083
 -0.016826
  0.019591
  0.010492
 -0.018619
  0.012109
  0.001456
 -0.024649
  0.008440
 -0.003474
 -0.023890
  0.010625
 -0.009571
 -0.022105
  0.011164
 -0.015263
 -0.016778
  0.011649
 -0.015691
 -0.016376
  0.010619
 -0.012752
 -0.012631
  0.011265
 -0.012850
 -0.011603
  0.013781
 -0.007538
 -0.003478
  0.009202
 -0.001005
  0.000067
  0.007008
  0.012661
  0.009306
 -0.001818
  0.022740
  0.020876
 -0.009418
  0.027326
  0.040634
 -0.016575
  0.039882
  0.050205
 -0.015923
  0.048012
  0.075307
 -0.027266
  0.057270
  0.079529
 -0.042938
  0.046651
  0.061911
 -0.045167
  0.026119
  0.040021
 -0.029732
  0.018713
  0.038007
 -0.030924
  0.013230
  0.018453
 -0.022964
  0.001629
  0.016246
 -0.013188
  0.004669
  0.006939
  0.001324
 -0.007773
  0.002107
  0.002399
 -0.008715
  0.004983
 -0.000740
 -0.019900
  0.006788
  0.016737
 -0.041059
  0.012911
  0.014620
 -0.045462
  0.004140
  0.018275
 -0.039638
  0.008520
  0.024603
 -0.041039
 -0.014596
  0.032095
 -0.017039
 -0.013495
  0.025479
 -0.010448
 -0.015551
  0.033071
  0.000975
 -0.019270
  0.038568
 -0.000820
 -0.013946
  0.031331
 -0.004940
 -0.012010
  0.033349
  0.008028
 -0.015883
  0.041394
  0.011094
 -0.019408
  0.044423
  0.008043
 -0.013970
  0.039317
  0.010419
 -0.010214
  0.037689
  0.016001
 -0.010137
  0.045018
  0.018239
 -0.012384
  0.041466
  0.013421
 -0.006642
  0.028193
  0.013030
 -0.004751
  0.030509
  0.016140
 -0.000124
  0.022214
  0.019737
 -0.000029
  0.015749
  0.011595
 -0.006614
  0.016808
  0.006032
 -0.005785
  0.022060
  0.010400
 -0.000787
  0.013914
  0.009668
 -0.003924
  0.008653
  0.000310
 -0.009580
  0.013218
 -0.005359
 -0.005208
  0.013182
  0.001619
 -0.002880
  0.009348
 -0.003047
 -0.010077
  0.009946
 -0.010446
 -0.009921
  0.012169
 -0.006810
 -0.005967
  0.011023
 -0.007001
 -0.007643
  0.008109
 -0.010517
 -0.011613
  0.010736
 -0.014252
 -0.008890
  0.008688
 -0.010376
 -0.008075
  0.005268
 -0.011716
 -0.011018
  0.005963
 -0.011426
 -0.010440
  0.007629
 -0.009496
 -0.007705
  0.005482
 -0.012558
 -0.010883
  0.009924
 -0.009099
 -0.007273
  0.014814
 -0.003237
 -0.009000
  0.006090
 -0.012069
 -0.010531
  0.009140
 -0.010517
 -0.009585
  0.006184
 -0.012281
 -0.013812
  0.009316
 -0.008998
 -0.015346
  0.009373
 -0.009419
 -0.014014
  0.013729
 -0.004530
 -0.012348
  0.016388
 -0.003568
 -0.013558
  0.020977
  0.003572
 -0.013912
  0.026838
  0.000563
 -0.014922
  0.033470
 -0.005078
 -0.014455
  0.024213
 -0.010309
 -0.012376
  0.021014
 -0.011233
 -0.009902
  0.018490
 -0.022521
 -0.006795
  0.012141
 -0.028199
 -0.009446
  0.012075
 -0.034559
 -0.012469
  0.013320
 -0.043162
 -0.011545
  0.015870
 -0.027344
 -0.014579
  0.016037
 -0.032100
 -0.016249
  0.013646
 -0.028066
 -0.013932
  0.015578
 -0.019696
 -0.013690
  0.014712
 -0.016786
 -0.013599
  0.013531
 -0.012607
 -0.015789
  0.010020
 -0.015721
 -0.017228
  0.011999
 -0.010622
 -0.016379
  0.010644
 -0.008776
 -0.018854
  0.004456
 -0.004635
 -0.017695
 -0.001373
 -0.002097
 -0.027765
 -0.002258
 -0.015752
 -0.039944
  0.003630
 -0.023348
 -0.028053
  0.002407
 -0.009622
 -0.025483
 -0.022485
 -0.009428
 -0.033650
 -0.047038
 -0.016816
 -0.030639
 -0.035742
 -0.016070
 -0.027960
 -0.024283
 -0.010046
 -0.015930
 -0.007594
  0.000193
 -0.023099
  0.010708
 -0.002368
 -0.028561
  0.037088
 -0.004751
 -0.045138
  0.028426
 -0.022752
 -0.046576
  0.003706
 -0.025239
 -0.058037
 -0.012771
 -0.036709
 -0.058618
 -0.027917
 -0.035254
 -0.054095
 -0.037597
 -0.015295
 -0.049990
 -0.048422
  0.003534
 -0.065428
 -0.066880
  0.031556
 -0.040436
 -0.012672
 -0.011656
 -0.025865
  0.012233
 -0.004680
 -0.017500
  0.011453
 -0.009816
 -0.018072
  0.017547
  0.000706
 -0.014447
  0.017073
 -0.000885
 -0.013203
  0.012470
 -0.006532
 -0.007076
  0.011515
 -0.005899
 -0.005996
  0.009258
 -0.005588
 -0.005254
  0.006189
 -0.014345
 -0.012068
  0.006761
 -0.014889
 -0.016435
  0.003993
 -0.015672
 -0.014733
  0.004466
 -0.018536
 -0.013942
  0.001164
 -0.025549
 -0.016545
  0.002203
 -0.021596
 -0.009431
  0.003155
 -0.021572
 -0.009611
  0.005327
 -0.017180
 -0.003639
  0.005022
 -0.016665
 -0.003118
  0.006148
 -0.011693
  0.002336
  0.005840
 -0.009195
 -0.003071
  0.009618
 -0.009074
 -0.005229
  0.011452
 -0.007130
  0.000395
  0.011367
 -0.003265
 -0.001669
  0.014354
 -0.000465
 -0.007244
  0.017227
 -0.001095
 -0.004338
  0.017064
  0.000625
 -0.000412
  0.018477
  0.007720
 -0.006583
  0.024192
  0.008292
 -0.008367
  0.023043
  0.005725
 -0.003437
  0.022547
  0.010984
 -0.004074
  0.027288
  0.017294
 -0.009450
  0.030619
  0.013084
 -0.007657
  0.027450
  0.010914
 -0.004215
  0.029643
  0.020147
 -0.008573
  0.035369
  0.025586
 -0.009064
  0.034660
  0.018643
 -0.013183
  0.037116
  0.014433
 -0.017863
  0.042297
  0.021503
 -0.025183
  0.048901
  0.016763
 -0.015620
  0.040017
  0.020163
 -0.014563
  0.040142
  0.027563
 -0.026656
  0.056625
  0.031914
 -0.030219
  0.071192
  0.040262
 -0.022181
  0.044692
  0.026115
 -0.032253
  0.036609
  0.018045
 -0.030552
  0.023471
  0.008935
 -0.031213
  0.027171
  0.005065
 -0.020094
  0.024940
  0.013308
 -0.016722
  0.022809
  0.012230
 -0.014423
  0.016763
  0.004330
 -0.008342
  0.021033
  0.009704
 -0.003740
  0.027946
  0.017854
 -0.001453
  0.021805
  0.012442
  0.005490
  0.015933
  0.009129
  0.010881
  0.022308
  0.019278
  0.012746
  0.024324
  0.020239
  0.005936
  0.029640
  0.026588
  0.000793
  0.031383
  0.025182
 -0.003206
  0.033866
  0.028590
  0.000588
  0.035391
  0.036333
  0.004861
  0.030574
  0.037320
  0.001467
  0.031980
  0.034289
  0.002704
  0.037626
  0.042201
  0.005043
  0.031515
  0.036406
  0.009385
  0.025026
  0.035215
  0.016521
  0.020160
  0.040223
  0.019702
  0.016386
  0.040889
  0.022133
  0.007985
  0.034039
  0.013801
  0.014477
  0.026062
  0.011956
  0.018467
  0.030234
  0.017875
  0.013273
  0.027977
  0.014826
  0.012394
  0.017134
  0.007850
  0.017408
  0.016881
  0.010666
  0.017060
  0.021199
  0.015056
  0.013178
  0.011549
  0.007604
  0.013681
  0.005751
  0.005540
  0.015096
  0.007595
  0.012718
  0.010241
  0.005952
  0.011525
  0.006992
  0.000608
  0.015463
  0.003192
 -0.004541
  0.009848
  0.004287
 -0.006669
  0.015738
 -0.000282
 -0.006572
  0.020371
  0.002751
 -0.000992
  0.014695
  0.006452
  0.001190
  0.013535
  0.006258
  0.002151
  0.005834
  0.004196
 -0.004492
 -0.000168
  0.006676
 -0.006618
  0.004302
  0.003090
 -0.006240
  0.007590
  0.004029
 -0.002381
  0.004004
  0.006740
  0.000599
  0.003592
  0.005157
 -0.003073
  0.011172
 -0.000383
  0.002522
  0.010314
  0.002039
  0.010238
  0.006128
  0.004217
  0.008056
  0.009588
  0.000037
  0.004136
  0.013879
 -0.003780
  0.012715
  0.011415
  0.002096
  0.017997
  0.007821
  0.003449
  0.010890
  0.012918
 -0.002620
  0.012541
  0.013728
  0.002110
  0.022097
  0.008135
  0.010256
  0.021752
  0.011260
  0.016974
  0.030410
  0.018246
  0.011726
  0.035206
  0.013967
  0.014138
  0.031734
  0.009122
  0.022420
  0.032086
