 -0.017518
  0.017615
  0.036102
 -0.011911
  0.001076
  0.033559
 -0.019819
 -0.007143
  0.057776
 -0.017985
 -0.035907
  0.073502
 -0.023718
 -0.026201
  0.066238
 -0.016834
 -0.034648
  0.074988
  0.005406
 -0.034057
  0.050029
 -0.011045
 -0.024448
  0.045733
 -0.032747
 -0.011932
  0.038243
 -0.014789
 -0.006123
  0.011881
  0.001391
  0.001788
 -0.008403
  0.021781
  0.000681
 -0.020679
  0.023301
  0.017650
 -0.040655
  0.037346
  0.018128
 -0.045630
  0.048978
  0.007453
 -0.043285
  0.064194
  0.027268
 -0.047170
  0.088120
 -0.003797
 -0.083098
  0.103139
 -0.051280
 -0.093837
  0.115898
 -0.059661
 -0.130687
  0.127975
 -0.080736
 -0.118623
  0.097224
 -0.059185
 -0.082073
  0.100990
 -0.075958
 -0.056782
  0.084473
 -0.053317
 -0.057452
  0.064921
 -0.013007
 -0.048341
  0.042423
  0.000218
 -0.034367
  0.024754
  0.019058
 -0.040724
  0.006817
  0.014480
 -0.029566
 -0.021043
  0.019424
 -0.022462
 -0.035912
  0.008303
  0.002157
 -0.065437
  0.007023
  0.008072
 -0.083009
 -0.009902
  0.036512
 -0.100052
 -0.012803
  0.040851
 -0.148592
 -0.027658
  0.044562
 -0.152431
 -0.011802
  0.020458
 -0.155036
  0.014290
 -0.017594
 -0.117772
  0.022591
 -0.012820
 -0.077463
  0.033205
 -0.021478
 -0.050521
  0.028180
 -0.017645
 -0.022326
  0.029304
 -0.034278
 -0.002436
  0.015596
 -0.025002
  0.018788
  0.010161
 -0.027869
  0.030652
 -0.010783
 -0.015371
  0.051273
 -0.032232
 -0.025647
  0.068107
 -0.060912
 -0.013699
  0.092921
 -0.081034
 -0.022215
  0.119606
 -0.106054
 -0.029046
  0.128178
 -0.112072
  0.001409
  0.143512
 -0.125060
  0.014295
  0.130586
 -0.116283
  0.034156
  0.131476
 -0.116503
  0.016565
  0.116223
 -0.108274
  0.050528
  0.098601
 -0.085646
  0.012672
  0.091481
 -0.074079
 -0.014115
  0.074267
 -0.064827
  0.029179
  0.051389
 -0.032816
  0.037032
  0.021654
 -0.024462
 -0.007245
  0.034175
 -0.026770
 -0.000270
  0.018147
 -0.016937
  0.021141
  0.002700
  0.000096
  0.005310
 -0.003281
 -0.003881
 -0.011189
  0.000576
 -0.005224
  0.002680
 -0.003333
  0.003008
  0.006600
 -0.013526
  0.010172
 -0.009090
 -0.008979
  0.007757
 -0.009784
 -0.007543
  0.008328
 -0.000195
 -0.010111
  0.012767
 -0.005027
 -0.006624
  0.003447
 -0.008025
 -0.008293
  0.005305
 -0.009514
 -0.008612
  0.004719
 -0.017396
 -0.007270
  0.004507
 -0.018858
 -0.004815
  0.004983
 -0.020191
 -0.006868
  0.006090
 -0.019964
 -0.006520
  0.011847
 -0.019667
 -0.009058
  0.011088
 -0.014698
 -0.006673
  0.005103
 -0.003782
 -0.014043
  0.009000
  0.013355
 -0.005479
 -0.006900
  0.030352
  0.013039
 -0.028144
  0.036019
  0.016271
 -0.044340
  0.050805
  0.035368
 -0.067801
  0.073393
  0.059506
 -0.076094
  0.066032
  0.099306
 -0.095010
  0.067812
  0.094048
 -0.083735
  0.043090
  0.064926
 -0.060110
  0.042617
  0.045546
 -0.044799
  0.017139
  0.028136
 -0.028448
  0.003863
  0.009608
 -0.010952
 -0.000753
 -0.000490
  0.004452
 -0.015199
 -0.008346
  0.016782
 -0.026020
  0.001203
  0.026043
 -0.042946
 -0.001585
  0.021719
 -0.039788
  0.001783
  0.025041
 -0.051947
 -0.005811
  0.019201
 -0.029067
 -0.007180
  0.025183
 -0.031509
 -0.012501
  0.027023
 -0.016454
 -0.010923
  0.018238
 -0.007891
 -0.016324
  0.024865
  0.000406
 -0.020424
  0.030187
  0.000597
 -0.013342
  0.020793
 -0.000977
 -0.011887
  0.016679
  0.013879
 -0.020502
  0.025165
  0.018154
 -0.020011
  0.025364
  0.016073
 -0.011033
  0.016069
  0.019990
 -0.011832
  0.014310
  0.028407
 -0.009824
  0.011560
  0.033661
 -0.004173
  0.007138
  0.026311
 -0.001746
  0.005727
  0.022571
  0.002545
 -0.000988
  0.027186
  0.004944
 -0.005472
  0.030578
  0.010443
 -0.010388
  0.020994
  0.004257
 -0.003461
  0.013511
  0.000740
  0.001347
  0.017367
  0.006567
 -0.005804
  0.016239
  0.008994
 -0.008391
  0.005836
  0.000770
 -0.000278
  0.000196
  0.002129
  0.000560
  0.005362
  0.008668
 -0.003417
 -0.001174
  0.002676
 -0.000469
 -0.010532
 -0.000917
  0.003831
 -0.009365
  0.003450
  0.001277
 -0.009010
  0.006552
 -0.000220
 -0.015522
 -0.000232
  0.004433
 -0.019986
  0.000229
  0.003036
 -0.019250
  0.005266
 -0.001439
 -0.021252
  0.004376
  0.001796
 -0.024640
 -0.000182
  0.002708
 -0.027850
  0.002251
  0.001585
 -0.029179
  0.005955
  0.004087
 -0.030923
  0.004912
  0.009207
 -0.030996
  0.001955
  0.007487
 -0.035737
 -0.004312
  0.007872
 -0.031782
 -0.007446
  0.007980
 -0.030310
 -0.009082
  0.009317
 -0.027838
 -0.014760
  0.010576
 -0.025905
 -0.012873
  0.011781
 -0.020683
 -0.009430
  0.013209
 -0.013595
 -0.014056
  0.016860
 -0.003011
 -0.013059
  0.019663
 -0.002972
 -0.015585
  0.026134
 -0.007965
 -0.010895
  0.020079
 -0.015137
 -0.008182
  0.016357
 -0.014185
 -0.008411
  0.018963
 -0.020199
 -0.006761
  0.012384
 -0.023468
 -0.006196
  0.009424
 -0.033567
 -0.003940
  0.004338
 -0.032868
 -0.003126
  0.004112
 -0.015106
  0.001453
 -0.002348
 -0.016759
 -0.002175
 -0.000034
 -0.023912
 -0.005523
  0.007233
 -0.019967
 -0.006173
  0.009318
 -0.020243
 -0.006758
  0.010111
 -0.018834
 -0.009708
  0.011768
 -0.021833
 -0.011846
  0.010306
 -0.020469
 -0.008505
  0.003097
 -0.026831
 -0.002544
 -0.009390
 -0.025277
 -0.015814
 -0.000273
 -0.031425
 -0.013363
  0.006834
 -0.030001
 -0.012129
  0.013267
 -0.035821
 -0.007853
  0.011018
 -0.040231
 -0.005528
  0.010452
 -0.043126
 -0.001066
  0.010008
 -0.053269
  0.009410
  0.009767
 -0.054155
  0.009530
  0.009039
 -0.062418
 -0.000424
  0.010020
 -0.051519
 -0.000848
  0.009148
 -0.041905
 -0.009055
  0.011244
 -0.039169
 -0.016616
  0.013962
 -0.040744
 -0.025882
  0.018904
 -0.041603
 -0.033736
  0.022353
 -0.038835
 -0.042100
  0.030706
 -0.041528
 -0.048130
  0.044802
 -0.044841
 -0.044773
  0.036852
 -0.031403
 -0.047869
  0.038062
 -0.023297
 -0.036142
  0.024169
 -0.015366
 -0.035861
  0.029534
 -0.008042
 -0.037197
  0.030657
 -0.002931
 -0.032521
  0.026344
  0.006885
 -0.022113
  0.017548
  0.000483
 -0.022515
  0.018227
 -0.005284
 -0.018002
  0.015048
 -0.003234
 -0.022444
  0.018415
  0.001073
 -0.020065
  0.016456
 -0.009442
 -0.025156
  0.019047
 -0.015563
 -0.032892
  0.026031
 -0.008919
 -0.033519
  0.026181
 -0.009198
 -0.030195
  0.022354
 -0.021742
 -0.029924
  0.023580
 -0.026054
 -0.021121
  0.016475
 -0.028370
 -0.016189
  0.013007
 -0.027635
 -0.007244
  0.008183
 -0.027498
 -0.001508
  0.004252
 -0.023309
 -0.000347
  0.003537
 -0.014001
 -0.008910
  0.008593
 -0.013868
 -0.006557
  0.007743
 -0.014743
 -0.001267
  0.004579
 -0.006606
 -0.007891
  0.009033
  0.000349
 -0.010581
  0.011056
 -0.003327
 -0.004683
  0.007088
 -0.001930
 -0.004528
  0.006811
  0.009520
 -0.012742
  0.014325
  0.011434
 -0.010468
  0.013326
  0.006011
 -0.004908
  0.007865
  0.013338
 -0.009785
  0.012059
  0.023366
 -0.014645
  0.017747
  0.018109
 -0.008622
  0.011657
  0.016999
 -0.006975
  0.008814
  0.028780
 -0.014671
  0.015948
  0.034752
 -0.014397
  0.017170
  0.026944
 -0.019895
  0.024219
  0.020437
 -0.027540
  0.028795
  0.028994
 -0.035037
  0.036898
  0.023257
 -0.028852
  0.031197
  0.026128
 -0.036068
  0.036485
  0.036002
 -0.046395
  0.049429
  0.042475
 -0.053365
  0.058830
  0.048900
 -0.050847
  0.047562
  0.036010
 -0.058702
  0.050259
  0.025907
 -0.053653
  0.043624
  0.014408
 -0.057203
  0.047441
  0.014910
 -0.050670
  0.043594
  0.026316
 -0.040804
  0.034693
  0.022170
 -0.039284
  0.032095
  0.015940
 -0.039723
  0.034449
  0.026614
 -0.034317
  0.031925
  0.034860
 -0.026800
  0.024597
  0.026639
 -0.026093
  0.023576
  0.025006
 -0.025016
  0.024710
  0.038788
 -0.018410
  0.019431
  0.038408
 -0.022522
  0.022835
  0.042300
 -0.019760
  0.020318
  0.037641
 -0.019718
  0.019968
  0.037877
 -0.017062
  0.017410
  0.049073
 -0.009116
  0.009191
  0.049471
 -0.009823
  0.009921
  0.047216
 -0.008397
  0.008522
  0.056634
 -0.001594
  0.002515
  0.049905
  0.002281
 -0.001164
  0.046707
  0.009165
 -0.007461
  0.051844
  0.010230
 -0.008471
  0.051881
  0.016121
 -0.014660
  0.042583
  0.009396
 -0.007506
  0.034012
  0.003585
 -0.002676
  0.038862
  0.008890
 -0.006445
  0.035608
  0.009540
 -0.005257
  0.022709
  0.000910
  0.000911
  0.023242
 -0.000304
  0.001940
  0.028249
  0.005813
 -0.001727
  0.018137
  0.000668
  0.002356
  0.009135
 -0.006095
  0.006957
  0.014022
 -0.001757
  0.004012
  0.013502
 -0.005992
  0.007456
  0.009366
  0.000516
  0.002757
  0.001766
  0.000379
  0.002704
 -0.005410
  0.008991
 -0.003788
 -0.007928
  0.011685
 -0.004870
  0.002822
  0.008216
 -0.002227
  0.002556
  0.012402
 -0.005294
  0.001837
  0.011504
 -0.005694
 -0.008236
  0.007910
 -0.002229
 -0.010136
  0.015757
 -0.008536
 -0.010654
  0.016888
 -0.010170
 -0.001991
  0.011520
 -0.006248
  0.002379
  0.015040
 -0.008824
 -0.002392
  0.022692
 -0.015975
  0.003707
  0.018745
 -0.015239
  0.014161
  0.014218
 -0.012661
  0.014023
  0.021882
 -0.018001
  0.008578
  0.025552
 -0.024337
  0.018085
  0.019161
 -0.020350
  0.026233
  0.019408
 -0.019181
  0.018896
  0.027173
 -0.027978
  0.021328
  0.024151
 -0.026403
  0.032970
  0.015889
 -0.017459
  0.033049
  0.015722
 -0.016254
  0.044235
  0.019892
 -0.019721
  0.047883
  0.013423
 -0.013125
  0.042840
  0.007056
 -0.006313
  0.043738
