 -0.005923
  0.021453
  0.028832
 -0.008713
  0.004997
  0.027817
 -0.011697
  0.000920
  0.047051
 -0.010836
 -0.029132
  0.063986
 -0.015804
 -0.021939
  0.061103
 -0.012336
 -0.032965
  0.074499
  0.010033
 -0.041262
  0.053732
 -0.001249
 -0.037311
  0.062383
 -0.020934
 -0.013570
  0.051294
 -0.007001
 -0.011199
  0.020168
  0.011268
 -0.009774
  0.002724
  0.023224
 -0.011332
 -0.015986
  0.025776
  0.003529
 -0.035537
  0.038720
  0.000652
 -0.045124
  0.047077
 -0.007396
 -0.047727
  0.056654
  0.013716
 -0.053388
  0.077983
 -0.011223
 -0.089369
  0.091140
 -0.050148
 -0.095320
  0.112256
 -0.084731
 -0.132439
  0.119515
 -0.097342
 -0.127820
  0.098009
 -0.067693
 -0.101413
  0.090772
 -0.077641
 -0.074361
  0.074286
 -0.054593
 -0.060731
  0.056180
 -0.019393
 -0.051593
  0.038844
 -0.009736
 -0.037429
  0.022574
  0.010027
 -0.039849
  0.009528
  0.005806
 -0.024746
 -0.014104
  0.014222
 -0.014811
 -0.027898
  0.009109
  0.009085
 -0.049644
  0.010779
  0.026638
 -0.061563
  0.016229
  0.055380
 -0.066011
  0.009949
  0.086298
 -0.090706
  0.034094
  0.103457
 -0.100657
  0.048476
  0.068828
 -0.103744
  0.053131
  0.038574
 -0.094637
  0.046295
  0.012369
 -0.066029
  0.034617
 -0.008364
 -0.051241
  0.032368
 -0.012129
 -0.018284
  0.028674
 -0.030481
 -0.001900
  0.014908
 -0.023912
  0.017196
  0.006629
 -0.030950
  0.028134
 -0.015299
 -0.019143
  0.044328
 -0.031362
 -0.033008
  0.062054
 -0.061179
 -0.025530
  0.073917
 -0.067098
 -0.040784
  0.100939
 -0.105184
 -0.053463
  0.113721
 -0.121496
 -0.058937
  0.145786
 -0.148624
 -0.047119
  0.149789
 -0.138046
  0.004125
  0.129031
 -0.115588
  0.033572
  0.110002
 -0.100012
  0.058587
  0.098690
 -0.094276
  0.010349
  0.086867
 -0.084630
 -0.007517
  0.066916
 -0.069116
  0.034951
  0.049171
 -0.048110
  0.031028
  0.029638
 -0.035017
 -0.009878
  0.028825
 -0.030211
 -0.001900
  0.016731
 -0.018787
  0.021413
  0.000317
 -0.001147
  0.002830
 -0.006289
 -0.003155
 -0.013379
 -0.000805
 -0.003694
  0.001670
 -0.004904
  0.006960
  0.004827
 -0.015652
  0.008926
 -0.012360
 -0.011603
  0.010284
 -0.011335
 -0.008860
  0.011343
 -0.001785
 -0.013234
  0.014580
 -0.005522
 -0.010624
  0.004132
 -0.009608
 -0.012037
  0.004043
 -0.011897
 -0.012891
  0.002864
 -0.020462
 -0.011670
  0.002609
 -0.023340
 -0.008800
  0.004251
 -0.023996
 -0.010094
  0.005931
 -0.023396
 -0.008004
  0.012680
 -0.023721
 -0.011598
  0.010308
 -0.016883
 -0.007935
  0.005574
 -0.007003
 -0.014844
  0.009704
  0.008574
 -0.003271
 -0.003417
  0.023716
  0.011134
 -0.023227
  0.027793
  0.015071
 -0.043421
  0.042858
  0.034656
 -0.062833
  0.064800
  0.059885
 -0.073983
  0.053189
  0.097086
 -0.093596
  0.059841
  0.087191
 -0.083653
  0.033894
  0.055203
 -0.057649
  0.032561
  0.038664
 -0.044818
  0.008653
  0.023169
 -0.026046
 -0.003141
  0.008140
 -0.010139
 -0.003936
 -0.000073
  0.009156
 -0.020440
 -0.007852
  0.020119
 -0.029387
 -0.000095
  0.027083
 -0.045811
 -0.002998
  0.023844
 -0.046248
 -0.002544
  0.023836
 -0.051411
 -0.006929
  0.019722
 -0.036381
 -0.006555
  0.025043
 -0.039096
 -0.013889
  0.027763
 -0.021747
 -0.011659
  0.019395
 -0.012875
 -0.016362
  0.027663
 -0.003992
 -0.020487
  0.034049
 -0.005108
 -0.013919
  0.023306
 -0.007685
 -0.012305
  0.019674
  0.008872
 -0.020314
  0.030103
  0.012880
 -0.020129
  0.030534
  0.008181
 -0.011521
  0.019882
  0.013126
 -0.012743
  0.018972
  0.022647
 -0.010534
  0.015146
  0.028060
 -0.004675
  0.008966
  0.020526
 -0.003591
  0.008007
  0.017679
 -0.000161
  0.000452
  0.023416
  0.002953
 -0.006410
  0.027661
  0.007333
 -0.012281
  0.016810
  0.001059
 -0.004138
  0.008763
 -0.001478
  0.000456
  0.014013
  0.004016
 -0.007564
  0.014050
  0.005704
 -0.010692
  0.002089
 -0.001909
 -0.001059
 -0.003249
 -0.001064
  0.000088
  0.002986
  0.005881
 -0.007630
 -0.003590
 -0.000408
 -0.002743
 -0.014045
 -0.003414
  0.002727
 -0.012109
  0.000573
 -0.001088
 -0.010736
  0.003285
 -0.003295
 -0.017863
 -0.002401
  0.002339
 -0.022695
 -0.002121
  0.000977
 -0.020746
  0.002193
 -0.004946
 -0.022039
  0.001166
 -0.001071
 -0.025836
 -0.002812
  0.000596
 -0.029360
 -0.000555
 -0.001820
 -0.029579
  0.002280
  0.000725
 -0.030489
  0.002385
  0.008638
 -0.027599
 -0.001079
  0.002883
 -0.036073
 -0.006903
  0.004655
 -0.032393
 -0.009099
  0.005164
 -0.030565
 -0.010131
  0.008071
 -0.030207
 -0.015020
  0.010400
 -0.026333
 -0.013076
  0.013781
 -0.022639
 -0.009821
  0.013976
 -0.015248
 -0.013977
  0.019277
 -0.004755
 -0.013497
  0.021742
 -0.005942
 -0.015876
  0.029062
 -0.011804
 -0.011736
  0.021850
 -0.018603
 -0.009760
  0.016505
 -0.018179
 -0.010074
  0.019798
 -0.025278
 -0.008826
  0.013373
 -0.028995
 -0.008849
  0.009850
 -0.038815
 -0.007455
  0.004817
 -0.038644
 -0.005769
  0.003616
 -0.022943
 -0.002192
 -0.004699
 -0.023354
 -0.005842
 -0.001366
 -0.029510
 -0.008377
  0.007075
 -0.025068
 -0.008635
  0.009284
 -0.024867
 -0.008832
  0.010188
 -0.022832
 -0.011724
  0.012142
 -0.025745
 -0.013927
  0.011983
 -0.025190
 -0.010366
  0.003527
 -0.031078
 -0.005141
 -0.012206
 -0.032157
 -0.016962
  0.000186
 -0.037592
 -0.014864
  0.005922
 -0.033208
 -0.014818
  0.010539
 -0.037176
 -0.010424
  0.007056
 -0.040392
 -0.007343
  0.004970
 -0.042989
 -0.003329
  0.003732
 -0.051994
  0.006074
  0.000772
 -0.052943
  0.007306
  0.000088
 -0.050253
 -0.000518
  0.003024
 -0.047503
 -0.001469
  0.002983
 -0.038326
 -0.009637
  0.006797
 -0.036523
 -0.016643
  0.010741
 -0.038941
 -0.026063
  0.015495
 -0.039426
 -0.036647
  0.020002
 -0.036666
 -0.043222
  0.030414
 -0.041354
 -0.051253
  0.036810
 -0.035015
 -0.049709
  0.032038
 -0.028744
 -0.049476
  0.027095
 -0.015807
 -0.038021
  0.029092
 -0.013287
 -0.036190
  0.035063
 -0.007688
 -0.034964
  0.034581
 -0.000710
 -0.031403
  0.031917
  0.009233
 -0.022004
  0.020870
  0.001828
 -0.022428
  0.021183
 -0.002435
 -0.017456
  0.016449
  0.001253
 -0.020574
  0.020408
  0.007031
 -0.018599
  0.017201
 -0.003638
 -0.023781
  0.020501
 -0.011431
 -0.031212
  0.029010
 -0.004544
 -0.030924
  0.028546
 -0.003346
 -0.028356
  0.022273
 -0.016673
 -0.029437
  0.023290
 -0.022565
 -0.020460
  0.014957
 -0.024559
 -0.016625
  0.011730
 -0.024734
 -0.007989
  0.005242
 -0.025061
 -0.002995
  0.001467
 -0.022163
 -0.001403
  0.000771
 -0.010637
 -0.009334
  0.007373
 -0.010439
 -0.007554
  0.006632
 -0.013774
 -0.002167
  0.002928
 -0.004791
 -0.008144
  0.008885
  0.003305
 -0.010903
  0.011802
 -0.002016
 -0.005527
  0.006739
 -0.001444
 -0.004337
  0.006792
  0.011233
 -0.012503
  0.016004
  0.012405
 -0.010708
  0.014506
  0.005164
 -0.005442
  0.008454
  0.012650
 -0.009609
  0.014018
  0.023537
 -0.014408
  0.020574
  0.016734
 -0.008948
  0.013136
  0.014770
 -0.006813
  0.010148
  0.028388
 -0.014141
  0.019235
  0.034336
 -0.014105
  0.020547
  0.024683
 -0.019019
  0.028090
  0.017881
 -0.026505
  0.034506
  0.027665
 -0.033153
  0.042810
  0.022408
 -0.027409
  0.036806
  0.026766
 -0.033671
  0.042427
  0.037897
 -0.041993
  0.053369
  0.039442
 -0.052108
  0.071076
  0.047358
 -0.047423
  0.058437
  0.039821
 -0.053733
  0.060341
  0.028935
 -0.049427
  0.051183
  0.017894
 -0.051752
  0.055470
  0.019027
 -0.045605
  0.051283
  0.032543
 -0.037358
  0.041173
  0.028535
 -0.034603
  0.036150
  0.023942
 -0.034881
  0.040249
  0.034803
 -0.030852
  0.038757
  0.041649
 -0.024016
  0.028931
  0.033786
 -0.023365
  0.028074
  0.034784
 -0.022111
  0.029737
  0.048992
 -0.015635
  0.022440
  0.047773
 -0.019692
  0.027196
  0.050345
 -0.017978
  0.024008
  0.043319
 -0.018302
  0.024753
  0.042175
 -0.015804
  0.021732
  0.053044
 -0.008359
  0.011664
  0.052759
 -0.009010
  0.012500
  0.048311
 -0.007661
  0.011427
  0.057672
 -0.001810
  0.004192
  0.050074
  0.001912
 -0.000667
  0.047895
  0.008080
 -0.007700
  0.053931
  0.009705
 -0.009142
  0.054987
  0.013575
 -0.015245
  0.044688
  0.007805
 -0.008439
  0.036718
  0.002996
 -0.002828
  0.042571
  0.008120
 -0.007976
  0.040367
  0.007834
 -0.007140
  0.026446
  0.000207
  0.000492
  0.026516
 -0.000252
  0.001527
  0.033410
  0.005352
 -0.003716
  0.023150
  0.000127
  0.001150
  0.013208
 -0.005926
  0.007422
  0.019370
 -0.001559
  0.003424
  0.020926
 -0.005082
  0.007050
  0.017561
  0.000954
  0.000396
  0.010333
  0.000021
  0.000101
  0.000658
  0.008262
 -0.008364
 -0.001147
  0.010850
 -0.008779
  0.010265
  0.007179
 -0.005321
  0.007845
  0.010582
 -0.009370
  0.005940
  0.009309
 -0.010352
 -0.005368
  0.005086
 -0.005816
 -0.009152
  0.012280
 -0.013814
 -0.009312
  0.013546
 -0.015649
  0.000603
  0.008596
 -0.010147
  0.003995
  0.011384
 -0.013481
 -0.002929
  0.018938
 -0.022652
  0.004406
  0.015865
 -0.021407
  0.016200
  0.011072
 -0.016492
  0.014261
  0.017728
 -0.023660
  0.007518
  0.021720
 -0.031110
  0.018118
  0.016357
 -0.024490
  0.025942
  0.015711
 -0.023370
  0.017323
  0.022803
 -0.033507
  0.019705
  0.020543
 -0.030638
  0.032164
  0.012934
 -0.020001
  0.031647
  0.012958
 -0.017536
  0.043249
  0.017470
 -0.021978
  0.048382
  0.011547
 -0.014845
  0.043468
  0.005688
 -0.006544
  0.043432
