  0.021408
 -0.044404
  0.361164
 -0.861957
 -0.228392
  0.102032
  0.156569
 -0.066943
  0.038481
  0.011047
 -0.060667
 -0.018739
  0.125933
 -0.041523
 -0.052801
 -0.016985
 -0.009425
  0.019703
 -0.007492
 -0.027424
  0.025253
  0.003655
 -0.012406
  0.008233
 -0.001439
 -0.006444
 -0.003800
  0.031825
  0.002904
 -0.011473
 -0.022915
 -0.003972
  0.013148
 -0.003058
 -0.001447
 -0.009594
  0.000436
  0.009142
  0.000380
  0.003033
  0.001740
  0.004394
  0.005268
 -0.012048
  0.004569
 -0.002224
  0.003826
  0.002372
 -0.005641
  0.004552
 -0.004331
  0.000164
 -0.002966
  0.004158
  0.003440
 -0.001965
 -0.003002
 -0.000612
 -0.001500
 -0.001015
 -0.000937
 -0.001883
 -0.004834
  0.000667
  0.004556
 -0.000413
  0.000073
 -0.005501
  0.004684
 -0.002767
  0.002178
  0.011452
  0.002257
 -0.003173
 -0.009668
 -0.004457
 -0.003824
 -0.007364
 -0.000110
 -0.000823
 -0.001066
 -0.004192
 -0.002134
  0.001617
 -0.001711
  0.003639
  0.000482
  0.004898
 -0.001564
 -0.005893
 -0.000794
 -0.002976
  0.002996
  0.001548
  0.003178
 -0.000528
  0.002216
  0.000681
 -0.000636
 -0.002555
 -0.002187
 -0.002177
  0.004147
  0.001076
  0.000477
 -0.001454
 -0.001145
  0.000522
  0.002344
  0.001425
  0.001437
  0.002882
 -0.003854
  0.004408
  0.004061
  0.005391
 -0.002549
  0.002153
  0.007234
 -0.001935
  0.000600
  0.002385
  0.002072
 -0.006792
  0.004848
  0.000083
  0.002555
 -0.002753
 -0.000813
  0.002525
 -0.003536
 -0.001818
 -0.001781
  0.001587
  0.001062
 -0.002217
 -0.000119
 -0.001023
 -0.002508
 -0.000459
 -0.001493
 -0.000285
  0.001874
 -0.002614
 -0.000272
  0.001835
 -0.000523
 -0.004458
  0.002154
  0.001429
  0.001426
  0.001934
 -0.001253
 -0.002269
  0.001234
 -0.000268
  0.001003
  0.000599
  0.004128
 -0.003611
  0.001776
  0.000600
  0.000881
 -0.001366
  0.001253
 -0.001649
 -0.001432
  0.000291
 -0.001541
 -0.000525
  0.000344
  0.000417
 -0.000620
 -0.000142
 -0.000028
  0.001178
 -0.000486
 -0.000287
 -0.004619
  0.000006
  0.002152
 -0.001915
  0.001168
  0.000776
  0.001223
  0.000306
  0.001658
 -0.001114
  0.000259
 -0.000082
 -0.001648
  0.000789
  0.000132
  0.001200
  0.000814
  0.000507
  0.000811
  0.000921
 -0.000475
 -0.000488
 -0.000089
 -0.001571
 -0.000562
 -0.001137
 -0.000121
  0.000603
  0.000619
 -0.001799
 -0.000915
  0.000525
 -0.000310
  0.000248
  0.000414
  0.001699
  0.000915
  0.000550
  0.002219
  0.001366
 -0.000580
  0.000380
 -0.000014
 -0.000998
 -0.000875
 -0.000046
  0.000596
  0.002100
  0.000093
  0.000675
 -0.001009
 -0.001238
  0.001138
 -0.000459
  0.002094
  0.000086
 -0.000581
 -0.000604
 -0.000086
 -0.000862
 -0.000185
 -0.001270
  0.000792
  0.001233
 -0.000423
  0.000392
 -0.001492
  0.000027
 -0.000953
 -0.001546
 -0.002303
 -0.000484
  0.000640
  0.001597
  0.000635
 -0.000322
  0.001697
  0.001483
  0.000444
 -0.000667
  0.000964
 -0.003091
 -0.000882
 -0.000626
 -0.000228
 -0.001040
 -0.001881
 -0.000819
  0.000909
  0.001515
  0.001360
  0.000194
 -0.000084
  0.000220
  0.000140
 -0.000075
  0.000660
  0.000152
  0.000429
 -0.001072
  0.000424
 -0.000102
 -0.000658
  0.001727
  0.000903
 -0.000450
  0.000692
 -0.000079
  0.000444
  0.001094
  0.000837
 -0.000782
 -0.000474
 -0.000172
 -0.000638
 -0.000269
  0.000070
 -0.000143
  0.001423
 -0.002086
  0.001923
 -0.001984
 -0.000885
 -0.001318
 -0.000814
 -0.001616
 -0.000563
 -0.001277
  0.000037
 -0.000443
 -0.001224
  0.000888
 -0.002206
 -0.001787
  0.001798
 -0.000805
  0.000487
 -0.000155
  0.000135
  0.000576
 -0.001165
  0.000904
 -0.000474
 -0.000651
 -0.000903
 -0.000373
  0.000257
  0.000314
 -0.000148
 -0.000304
 -0.000224
 -0.000185
 -0.000293
 -0.000415
 -0.000539
  0.000167
 -0.000786
 -0.000046
 -0.000858
  0.000717
 -0.000556
 -0.000635
  0.001173
 -0.000590
  0.000562
 -0.000102
 -0.000863
  0.001060
 -0.000288
  0.000052
  0.001279
 -0.000975
 -0.000659
 -0.000172
  0.004105
  0.000408
 -0.001222
 -0.000166
  0.000669
  0.000095
  0.000216
 -0.000716
 -0.000842
 -0.001247
 -0.000308
  0.000825
 -0.000140
  0.000272
  0.000325
 -0.000071
  0.000641
 -0.000621
 -0.001747
  0.000490
 -0.000017
 -0.000270
 -0.000193
 -0.000327
  0.000277
  0.000558
  0.001357
 -0.000022
 -0.000583
  0.000563
 -0.000509
  0.000074
  0.000924
 -0.000158
 -0.000364
 -0.000370
 -0.000481
  0.000058
  0.001783
  0.000692
  0.000481
  0.000222
 -0.001386
 -0.001560
  0.001224
  0.000394
  0.000806
 -0.004050
 -0.000950
 -0.002624
  0.002112
  0.001284
  0.001949
 -0.003753
 -0.000278
 -0.000233
 -0.000190
  0.000444
  0.000459
  0.001897
  0.001444
  0.000058
  0.002285
 -0.001998
  0.000085
  0.002178
  0.000822
  0.001244
  0.000810
  0.000253
  0.001062
 -0.000093
  0.000172
 -0.000692
  0.000172
 -0.000131
  0.001920
 -0.000693
  0.000366
 -0.000503
  0.001570
  0.000447
  0.000749
  0.000747
 -0.000184
  0.001204
  0.000047
 -0.000530
  0.000545
 -0.000167
  0.000245
  0.000788
 -0.000243
 -0.000039
  0.000953
  0.000792
 -0.000056
 -0.000592
  0.000474
  0.000831
 -0.000253
  0.000122
  0.001406
 -0.002333
 -0.000308
  0.001594
 -0.000980
  0.001456
  0.000551
  0.000339
  0.001206
 -0.001971
 -0.002343
 -0.003717
  0.002961
  0.002987
 -0.000599
  0.001957
 -0.000885
  0.000794
 -0.001139
  0.000163
 -0.000692
 -0.001548
  0.003310
  0.000961
  0.000765
  0.000438
  0.001131
 -0.000701
  0.000618
 -0.000374
 -0.000131
 -0.000624
 -0.000271
  0.000346
 -0.000181
 -0.000084
 -0.002469
 -0.001608
 -0.002959
 -0.000516
 -0.001586
  0.000421
  0.001188
  0.000680
  0.000095
 -0.001999
 -0.001848
 -0.001902
 -0.000480
  0.001713
 -0.001139
  0.000412
 -0.000243
 -0.001548
  0.000736
  0.000477
  0.000270
 -0.001929
  0.000146
 -0.001877
  0.000521
 -0.000175
 -0.000319
 -0.001454
  0.002202
 -0.000240
 -0.000220
  0.000132
  0.001174
  0.001385
  0.000758
  0.000129
 -0.000416
  0.000316
 -0.000868
  0.001468
  0.000226
 -0.000742
 -0.000754
  0.000481
  0.002250
  0.001095
 -0.000049
  0.001406
 -0.000916
 -0.000386
 -0.000590
 -0.000342
 -0.001074
  0.000709
 -0.000188
 -0.000067
  0.000855
  0.000172
  0.000893
 -0.000198
  0.000927
 -0.000188
 -0.000587
 -0.000311
  0.000209
  0.001111
  0.000359
  0.000065
 -0.000508
 -0.000599
  0.000060
 -0.000529
 -0.000354
  0.000425
  0.000412
  0.000585
  0.001132
  0.000682
  0.000807
 -0.000117
  0.000971
  0.000876
  0.000239
 -0.002335
 -0.000507
  0.001630
  0.001495
  0.000250
  0.001203
 -0.000815
 -0.001209
  0.000288
  0.000847
 -0.000186
  0.001488
 -0.000515
 -0.000072
  0.001920
 -0.001015
  0.000578
  0.000579
 -0.000090
  0.000545
 -0.000199
  0.000311
  0.001811
 -0.000026
 -0.000908
 -0.000220
 -0.000310
  0.000716
 -0.000537
 -0.001158
  0.000288
  0.000174
 -0.000542
 -0.000525
  0.001198
 -0.001305
  0.000719
 -0.000731
  0.001551
  0.000683
 -0.000097
 -0.000285
  0.001281
  0.000670
  0.000910
  0.000597
  0.000314
 -0.001816
 -0.000209
  0.000147
 -0.000871
 -0.000168
  0.000440
  0.000945
  0.000288
  0.001415
 -0.000313
 -0.000299
  0.001580
  0.000995
  0.000025
 -0.000417
 -0.000354
 -0.000739
  0.000146
 -0.000456
  0.001299
 -0.000040
 -0.000936
  0.000152
 -0.001363
 -0.000083
 -0.000090
  0.001614
 -0.000857
 -0.000062
  0.000472
 -0.001028
  0.000377
 -0.001694
  0.000836
  0.000359
 -0.000785
  0.000326
 -0.000305
 -0.000146
  0.000087
  0.000594
  0.000531
 -0.000369
 -0.000225
  0.000447
  0.000774
  0.000955
 -0.000458
 -0.000273
 -0.000046
 -0.000907
 -0.000282
  0.000248
  0.001524
  0.002053
  0.000371
 -0.000688
 -0.000406
  0.000670
  0.001230
  0.001916
 -0.000820
 -0.000483
 -0.000423
  0.002977
 -0.001214
 -0.000738
 -0.000295
 -0.000561
 -0.000848
  0.000197
 -0.000275
 -0.000009
  0.000185
  0.000177
 -0.000376
 -0.000231
  0.000351
 -0.000859
  0.000829
  0.000166
 -0.000910
 -0.000580
 -0.000714
  0.000242
 -0.000277
 -0.000049
 -0.000649
 -0.000060
 -0.001124
  0.000738
 -0.000493
  0.000450
 -0.000171
 -0.000039
  0.000450
  0.000614
 -0.000017
  0.000275
 -0.000301
 -0.000184
 -0.000394
  0.000187
 -0.000954
  0.000043
  0.001273
 -0.000383
  0.000150
  0.000754
 -0.000340
 -0.000128
 -0.000255
  0.000560
  0.000834
 -0.002276
 -0.000072
  0.001812
 -0.000350
 -0.001423
  0.000257
  0.000481
 -0.000409
 -0.001917
  0.000501
  0.000525
  0.000145
  0.000154
  0.000445
 -0.000662
  0.000071
  0.000512
  0.000313
 -0.000036
  0.000082
 -0.000116
 -0.000259
 -0.000350
 -0.000444
  0.000035
  0.000075
 -0.000386
  0.000288
 -0.000505
 -0.000450
  0.000221
  0.000337
  0.000186
  0.000315
  0.000102
 -0.001161
 -0.000422
 -0.000267
 -0.000158
 -0.000275
  0.000394
  0.001512
  0.000265
  0.000005
  0.000718
 -0.000063
  0.000172
 -0.000247
 -0.000162
  0.000774
 -0.000431
 -0.000345
 -0.000190
  0.001243
  0.000047
 -0.000243
  0.000700
 -0.000669
  0.000184
  0.000064
 -0.000601
  0.000027
 -0.000175
  0.000056
  0.000034
  0.000326
 -0.000233
  0.000072
 -0.000093
  0.000124
  0.000039
  0.000003
 -0.000130
 -0.000089
  0.000062
  0.000058
  0.000057
  0.000103
 -0.000142
  0.000042
 -0.000093
  0.000084
  0.000033
  0.000087
  0.000194
  0.000080
  0.000077
  0.000018
  0.000002
  0.000034
  0.000029
