  0.038097
  0.967773
  0.006990
 -0.038130
  0.025097
  0.189515
 -0.008755
  0.149786
  0.006383
 -0.012737
  0.011121
  0.008997
 -0.009001
 -0.008873
  0.002843
  0.007388
  0.003247
 -0.000783
 -0.006790
 -0.003751
 -0.006743
 -0.000323
  0.002211
 -0.008979
 -0.002749
  0.004174
  0.001236
 -0.000646
 -0.004769
  0.005502
 -0.005791
 -0.001455
 -0.001372
  0.001360
 -0.003996
 -0.002074
 -0.000238
  0.003540
  0.004383
  0.004124
 -0.003045
  0.003732
 -0.001349
  0.001720
 -0.002229
  0.004635
  0.001904
 -0.001168
 -0.005195
  0.002688
  0.000139
 -0.002918
 -0.003152
 -0.001110
  0.000763
  0.001719
  0.000206
 -0.001298
 -0.000655
  0.003390
  0.000713
  0.003277
 -0.001393
  0.002768
  0.001957
  0.000700
  0.000085
  0.000470
  0.000849
 -0.001109
 -0.000462
 -0.002614
 -0.001795
 -0.000986
 -0.001513
 -0.000713
  0.001211
 -0.000811
 -0.000100
  0.003925
  0.001278
  0.000320
 -0.001324
 -0.000728
 -0.001215
  0.002579
 -0.000936
  0.000201
  0.000612
  0.000144
  0.002420
 -0.003474
 -0.001803
  0.001811
 -0.000729
  0.000624
  0.002485
  0.003156
 -0.001354
  0.001083
 -0.001063
  0.001834
  0.000509
  0.002349
 -0.002780
 -0.001128
 -0.000714
  0.000987
 -0.002451
 -0.001972
 -0.000734
 -0.004557
 -0.000031
 -0.000546
  0.000525
 -0.000237
  0.000029
 -0.000376
 -0.000825
 -0.000199
  0.001236
  0.001458
  0.000172
  0.000067
 -0.000416
 -0.000710
 -0.001230
 -0.000139
 -0.000983
 -0.000932
 -0.000184
 -0.000694
 -0.000145
  0.000672
  0.000419
 -0.000777
  0.001270
  0.001244
 -0.001133
  0.000517
 -0.000478
  0.000602
 -0.001072
 -0.001227
  0.000333
 -0.000776
  0.000564
  0.000700
  0.001024
  0.001671
 -0.000428
 -0.000999
 -0.000817
 -0.000590
 -0.000251
  0.001365
  0.000235
  0.000835
  0.000037
 -0.000300
  0.000557
  0.000681
  0.000737
  0.000205
 -0.000218
  0.000326
 -0.000403
  0.000096
  0.000225
 -0.000471
 -0.001202
  0.000348
  0.000210
 -0.000003
  0.000803
 -0.000431
  0.000631
 -0.000110
 -0.000082
 -0.000445
 -0.001456
 -0.001016
  0.000216
 -0.000172
 -0.000635
 -0.000099
  0.000065
 -0.000579
 -0.000615
 -0.000851
  0.000500
  0.000426
 -0.000613
 -0.000338
 -0.000956
 -0.000202
  0.000432
  0.000052
 -0.000335
  0.000937
  0.000813
 -0.000200
 -0.000491
  0.000093
 -0.000879
 -0.000910
  0.000097
  0.001113
  0.000010
  0.000688
  0.000677
 -0.000416
  0.000236
 -0.000080
 -0.000524
  0.000473
 -0.000639
  0.000067
 -0.000470
 -0.000141
 -0.000190
  0.000210
 -0.000306
  0.000189
 -0.000884
 -0.000272
  0.000700
  0.000319
 -0.000142
 -0.000032
  0.000016
 -0.000237
  0.000427
 -0.000037
 -0.000361
  0.000142
 -0.000596
  0.000097
 -0.000146
  0.000997
 -0.000328
 -0.000286
  0.000785
 -0.000209
 -0.000216
 -0.000245
 -0.000496
  0.000084
  0.000254
  0.000087
  0.000673
  0.000079
 -0.000665
  0.000123
 -0.000413
  0.000100
 -0.000353
 -0.000337
 -0.000354
 -0.000225
 -0.000520
 -0.000254
  0.000245
 -0.000105
 -0.000305
  0.000014
 -0.000026
  0.000227
 -0.000453
  0.000027
  0.000262
  0.000309
  0.000250
  0.000480
 -0.000167
  0.000105
  0.000252
 -0.000196
 -0.000197
  0.000112
  0.000115
 -0.000149
 -0.000251
 -0.000550
 -0.000147
  0.000400
 -0.000089
 -0.000187
 -0.000578
  0.000269
 -0.000523
  0.000539
 -0.000100
 -0.000838
  0.000135
  0.000413
  0.000157
 -0.000279
  0.000156
  0.000107
 -0.000200
 -0.000511
  0.000368
 -0.000061
  0.000338
 -0.000426
  0.000208
  0.000088
 -0.000013
 -0.000171
 -0.000364
  0.000660
 -0.000114
  0.000313
  0.000028
  0.000104
 -0.000304
  0.000203
 -0.000013
  0.000241
  0.000183
  0.000056
 -0.000561
 -0.000311
 -0.000282
 -0.000252
  0.000190
  0.000373
  0.000176
 -0.000143
  0.000021
  0.000023
 -0.000070
  0.000131
 -0.000238
  0.000393
  0.000098
 -0.000094
 -0.000229
 -0.000020
  0.000110
  0.000198
 -0.000075
  0.000284
 -0.000036
  0.000246
 -0.000098
  0.000190
 -0.000249
 -0.000355
  0.000344
  0.000155
 -0.000364
  0.000644
 -0.000349
  0.000279
 -0.000017
 -0.000020
  0.000555
 -0.000076
 -0.000095
  0.000467
 -0.000250
 -0.000070
 -0.000028
 -0.000240
 -0.000037
  0.000116
 -0.000101
  0.000037
  0.000167
  0.000053
 -0.000215
 -0.000014
  0.000385
 -0.000195
  0.000149
 -0.000606
  0.000545
  0.000527
  0.000015
 -0.000229
 -0.000155
 -0.000031
 -0.000008
 -0.000338
  0.000402
 -0.000109
 -0.000103
 -0.000059
 -0.000292
 -0.000014
  0.000062
  0.000010
  0.000054
 -0.000018
  0.000097
  0.000074
 -0.000123
 -0.000090
  0.000380
  0.000052
  0.000222
 -0.000109
 -0.000146
  0.000137
  0.000066
  0.000228
 -0.000157
 -0.000255
  0.000263
 -0.000057
  0.000277
 -0.000482
  0.000641
  0.000342
 -0.000106
 -0.000601
 -0.000070
  0.000544
  0.000390
  0.000095
  0.000299
  0.000554
  0.000082
 -0.000111
 -0.000638
 -0.000125
  0.000192
 -0.000119
  0.000405
 -0.000345
 -0.000114
 -0.000251
  0.000042
  0.000224
  0.000069
 -0.000233
 -0.000418
  0.000152
 -0.000045
 -0.000100
  0.000156
 -0.000187
  0.000071
  0.000322
  0.000088
 -0.000296
  0.000499
 -0.000388
  0.000243
 -0.000457
  0.000072
 -0.000170
  0.000168
  0.000343
 -0.000125
  0.000075
 -0.000670
 -0.000220
  0.000067
  0.000142
 -0.000010
  0.000134
 -0.000003
 -0.000049
  0.000094
 -0.000062
 -0.000057
 -0.000058
 -0.000140
 -0.000117
 -0.000231
 -0.000062
  0.000015
  0.000108
 -0.000056
 -0.000126
 -0.000238
 -0.000431
 -0.000187
  0.000179
  0.000046
  0.000165
 -0.000282
  0.000284
  0.000567
 -0.000196
  0.000474
 -0.000167
 -0.000211
 -0.000471
 -0.000312
 -0.000317
  0.000596
  0.000283
 -0.000118
  0.000262
 -0.000277
 -0.000235
  0.000073
 -0.000113
  0.000143
 -0.000137
 -0.000139
 -0.000061
 -0.000282
 -0.000471
  0.000224
 -0.000146
  0.000591
  0.000104
 -0.000214
 -0.000173
  0.000318
  0.000119
 -0.000339
 -0.000130
 -0.000061
 -0.000243
 -0.000184
 -0.000079
  0.000237
 -0.000468
 -0.000293
  0.000057
  0.000041
  0.000037
  0.000498
 -0.000458
 -0.000143
 -0.000242
 -0.000161
 -0.000250
  0.000085
  0.000391
  0.000199
 -0.000098
 -0.000130
 -0.000131
  0.000479
 -0.000213
  0.000106
  0.000297
 -0.000242
  0.000187
 -0.000418
  0.000008
 -0.000106
 -0.000255
  0.000246
  0.000067
 -0.000088
 -0.000107
  0.000073
 -0.000258
  0.000050
  0.000107
  0.000077
  0.000251
  0.000041
 -0.000030
 -0.000038
  0.000153
 -0.000069
 -0.000083
  0.000099
 -0.000037
 -0.000079
  0.000176
 -0.000113
 -0.000086
  0.000169
  0.000063
 -0.000228
  0.000020
 -0.000016
  0.000617
  0.000045
  0.000252
 -0.000080
 -0.000047
 -0.000081
 -0.000088
 -0.000046
  0.000183
 -0.000058
  0.000225
  0.000150
  0.000162
 -0.000145
  0.000049
 -0.000103
  0.000241
 -0.000145
  0.000111
 -0.000292
 -0.000104
 -0.000050
  0.000041
 -0.000283
  0.000077
 -0.000324
 -0.000071
  0.000059
 -0.000139
 -0.000098
  0.000035
 -0.000141
 -0.000313
 -0.000154
 -0.000403
 -0.000202
 -0.000200
  0.000214
 -0.000272
 -0.000096
  0.000261
  0.000267
  0.000010
  0.000287
  0.000016
 -0.000117
  0.000018
  0.000283
  0.000253
  0.000043
  0.000172
 -0.000144
  0.000184
  0.000131
 -0.000062
 -0.000011
  0.000113
 -0.000121
  0.000277
 -0.000029
  0.000082
  0.000199
  0.000192
 -0.000074
 -0.000056
  0.000018
 -0.000327
  0.000253
  0.000165
 -0.000030
  0.000275
  0.000063
 -0.000111
 -0.000302
  0.000305
  0.000239
 -0.000065
 -0.000040
  0.000255
  0.000231
 -0.000308
  0.000055
  0.000087
  0.000054
  0.000230
  0.000022
 -0.000060
  0.000051
 -0.000143
  0.000008
  0.000164
  0.000057
 -0.000045
 -0.000167
  0.000052
  0.000065
  0.000058
  0.000139
  0.000172
  0.000041
 -0.000020
  0.000131
  0.000078
  0.000028
 -0.000165
  0.000096
 -0.000012
  0.000087
 -0.000019
  0.000103
 -0.000057
  0.000166
 -0.000088
  0.000050
  0.000135
 -0.000220
  0.000054
  0.000383
 -0.000211
  0.000089
  0.000086
  0.000072
 -0.000023
  0.000027
 -0.000206
  0.000127
 -0.000051
 -0.000046
 -0.000058
  0.000045
  0.000084
  0.000169
  0.000169
 -0.000139
  0.000183
 -0.000195
  0.000044
  0.000212
  0.000118
  0.000098
 -0.000036
 -0.000021
  0.000147
  0.000151
 -0.000035
  0.000021
 -0.000098
  0.000168
 -0.000002
 -0.000006
 -0.000171
 -0.000028
 -0.000083
 -0.000061
 -0.000160
  0.000147
  0.000012
 -0.000200
  0.000089
  0.000208
 -0.000068
  0.000051
 -0.000052
  0.000071
  0.000060
 -0.000212
 -0.000045
 -0.000363
  0.000089
  0.000230
 -0.000058
 -0.000115
 -0.000187
 -0.000074
 -0.000165
  0.000101
 -0.000048
 -0.000337
  0.000029
 -0.000044
  0.000146
  0.000051
 -0.000000
 -0.000122
 -0.000062
  0.000053
  0.000022
 -0.000066
  0.000117
  0.000024
 -0.000009
 -0.000272
 -0.000088
  0.000085
  0.000108
  0.000107
  0.000033
  0.000092
  0.000381
 -0.000047
 -0.000005
 -0.000038
  0.000171
  0.000051
  0.000083
  0.000014
 -0.000020
 -0.000146
 -0.000067
 -0.000130
  0.000167
  0.000020
  0.000005
 -0.000141
  0.000167
  0.000057
  0.000043
  0.000112
  0.000095
  0.000032
  0.000009
 -0.000184
  0.000101
 -0.000355
  0.000048
  0.000238
 -0.000010
 -0.000094
  0.000035
 -0.000075
 -0.000125
 -0.000044
  0.000046
 -0.000005
  0.000027
 -0.000047
 -0.000086
  0.000015
 -0.000070
  0.000004
 -0.000039
  0.000023
 -0.000074
  0.000025
  0.000055
  0.000012
  0.000011
 -0.000033
