  1    0.165384
  2    0.050094
  3    0.061134
  4    0.040408
  5    0.021817
  6    0.033546
  7    0.020129
  8    0.008769
  9    0.010234
 10    0.003454
 11    0.005618
 12    0.010288
 13    0.011794
 14    0.017241
 15    0.007285
 16    0.006660
 17    0.004714
 18    0.008190
 19    0.004744
 20    0.007774
 21    0.015922
 22    0.003605
 23    0.004067
 24    0.002223
 25    0.004349
 26    0.002089
 27    0.002587
 28    0.002400
 29    0.005289
 30    0.002468
 31    0.003808
 32    0.006149
 33    0.002587
 34    0.003123
 35    0.004126
 36    0.003065
 37    0.005758
 38    0.004583
 39    0.000892
 40    0.004145
 41    0.003385
 42    0.001180
 43    0.002946
 44    0.007610
 45    0.002964
 46    0.004589
 47    0.004650
 48    0.001669
 49    0.003381
 50    0.002790
 51    0.003185
 52    0.005043
 53    0.000936
 54    0.001547
 55    0.003654
 56    0.002948
 57    0.003061
 58    0.001692
 59    0.002981
 60    0.002416
 61    0.002619
 62    0.001192
 63    0.001832
 64    0.002052
 65    0.003322
 66    0.000864
 67    0.001567
 68    0.002084
 69    0.002307
 70    0.003553
 71    0.001719
 72    0.002170
 73    0.001079
 74    0.002189
 75    0.001745
 76    0.000841
 77    0.001657
 78    0.000371
 79    0.001288
 80    0.002548
 81    0.001623
 82    0.001375
 83    0.000927
 84    0.001397
 85    0.001405
 86    0.001260
 87    0.000588
 88    0.002012
 89    0.000648
 90    0.001359
 91    0.000569
 92    0.001531
 93    0.001774
 94    0.001700
 95    0.001710
 96    0.002040
 97    0.001405
 98    0.000690
 99    0.000486
100    0.001501
101    0.001370
102    0.002037
103    0.001776
104    0.000668
105    0.001780
106    0.002388
107    0.000578
108    0.000972
109    0.000924
110    0.000582
111    0.002508
112    0.000985
113    0.001252
114    0.000967
115    0.000921
116    0.001017
117    0.000286
118    0.000624
119    0.001492
120    0.001516
121    0.000622
122    0.001316
123    0.000263
124    0.000744
125    0.001231
126    0.002014
127    0.000391
128    0.000763
129    0.001292
130    0.000597
131    0.000726
132    0.000932
133    0.001367
134    0.001034
135    0.000812
136    0.001682
137    0.000930
138    0.000771
139    0.000779
140    0.001491
141    0.001333
142    0.000903
143    0.000784
144    0.000663
145    0.000562
146    0.000908
147    0.001083
148    0.001066
149    0.000456
150    0.000771
151    0.001060
152    0.000513
153    0.000714
154    0.000579
155    0.001632
156    0.000832
157    0.001232
158    0.000772
159    0.000538
160    0.000343
161    0.000296
162    0.000407
163    0.000563
164    0.001147
165    0.000319
166    0.001119
167    0.001202
168    0.000690
169    0.000903
170    0.000696
171    0.000542
172    0.000531
173    0.000486
174    0.000537
175    0.000445
176    0.000918
177    0.000942
178    0.000460
179    0.000452
180    0.000640
181    0.000662
182    0.000523
183    0.000716
184    0.001236
185    0.000551
186    0.000824
187    0.000320
188    0.000484
189    0.000940
190    0.000626
191    0.000562
192    0.000774
193    0.000838
194    0.000681
195    0.000962
196    0.001039
197    0.000631
198    0.000623
199    0.000643
200    0.000442
201    0.000849
202    0.000497
203    0.001353
204    0.000620
205    0.000414
206    0.000926
207    0.000713
208    0.000715
209    0.000857
210    0.000924
211    0.000370
212    0.000224
213    0.000894
214    0.000942
215    0.000827
216    0.000864
217    0.000292
218    0.000320
219    0.001017
220    0.000682
221    0.000942
222    0.000432
223    0.000847
224    0.000699
225    0.000878
226    0.000732
227    0.000774
228    0.000424
229    0.000550
230    0.000921
231    0.000551
232    0.000714
233    0.000581
234    0.000431
235    0.000694
236    0.000404
237    0.000693
238    0.000559
239    0.000733
240    0.000295
241    0.001019
242    0.000539
243    0.000973
244    0.000708
245    0.000635
246    0.000778
247    0.000665
248    0.000752
249    0.000353
250    0.000918
251    0.000814
252    0.000626
253    0.000528
254    0.001528
255    0.000393
256    0.001345
257    0.000580
258    0.000881
259    0.000537
260    0.000998
261    0.000858
262    0.000754
263    0.000236
264    0.000355
265    0.000342
266    0.000620
267    0.000398
268    0.001178
269    0.000746
270    0.000555
271    0.001008
272    0.000832
273    0.000489
274    0.000623
275    0.000619
276    0.000757
277    0.000554
278    0.000364
279    0.000735
280    0.000186
281    0.000298
282    0.000786
283    0.000409
284    0.000347
285    0.000414
286    0.000440
287    0.000170
288    0.000382
289    0.000465
290    0.000351
291    0.000309
292    0.000293
293    0.000528
294    0.000423
295    0.000599
296    0.000333
297    0.000660
298    0.000444
299    0.000678
300    0.000595
301    0.000455
302    0.000459
303    0.000655
304    0.000545
305    0.000354
306    0.000196
307    0.000691
308    0.000517
309    0.000443
310    0.000369
311    0.000824
312    0.000310
313    0.000988
314    0.000837
315    0.000571
316    0.000317
317    0.000270
318    0.000139
319    0.000951
320    0.000457
321    0.000327
322    0.000344
323    0.000449
324    0.000526
325    0.000341
326    0.000617
327    0.000489
328    0.000280
329    0.000223
330    0.000212
331    0.000317
332    0.000245
333    0.000424
334    0.000277
335    0.000335
336    0.000321
337    0.000457
338    0.000581
339    0.000353
340    0.000246
341    0.000291
342    0.000441
343    0.000724
344    0.000373
345    0.000727
346    0.000482
347    0.000194
348    0.000235
349    0.000286
350    0.000184
351    0.000230
352    0.000293
353    0.000326
354    0.000412
355    0.000373
356    0.000293
357    0.000268
358    0.000314
359    0.000438
360    0.000416
361    0.000571
362    0.000577
363    0.000472
364    0.000156
365    0.000729
366    0.000400
367    0.000348
368    0.000348
369    0.000070
370    0.000292
371    0.000548
372    0.000330
373    0.000348
374    0.000855
375    0.000268
376    0.000268
377    0.000439
378    0.000443
379    0.000244
380    0.000429
381    0.000086
382    0.000096
383    0.000211
384    0.000504
385    0.000420
386    0.000416
387    0.000639
388    0.000473
389    0.000381
390    0.000807
391    0.000300
392    0.000254
393    0.000346
394    0.000539
395    0.000627
396    0.000797
397    0.000628
398    0.000500
399    0.000513
400    0.000449
401    0.000515
402    0.000261
403    0.000522
404    0.000312
405    0.000595
406    0.000560
407    0.000199
408    0.000398
409    0.000218
410    0.000337
411    0.000340
412    0.000464
413    0.000281
414    0.000225
415    0.000372
416    0.000276
417    0.000387
418    0.000434
419    0.000310
420    0.000281
421    0.000266
422    0.000304
423    0.000537
424    0.000310
425    0.000258
426    0.000461
427    0.000238
428    0.000275
429    0.000208
430    0.000385
431    0.000434
432    0.000093
433    0.000268
434    0.000471
435    0.000430
436    0.000204
437    0.000218
438    0.000430
439    0.000326
440    0.000154
441    0.000367
442    0.000192
443    0.000582
444    0.000268
445    0.000229
446    0.000246
447    0.000602
448    0.000431
449    0.000192
450    0.000379
451    0.000623
452    0.000621
453    0.000282
454    0.000354
455    0.000345
456    0.000237
457    0.000222
458    0.000294
459    0.000387
460    0.000223
461    0.000290
462    0.000259
463    0.000381
464    0.000086
465    0.000405
466    0.000494
467    0.000367
468    0.000259
469    0.000363
470    0.000198
471    0.000413
472    0.000466
473    0.000335
474    0.000278
475    0.000138
476    0.000394
477    0.000272
478    0.000265
479    0.000385
480    0.000267
481    0.000311
482    0.000324
483    0.000411
484    0.000260
485    0.000206
486    0.000623
487    0.000353
488    0.000432
489    0.000370
490    0.000392
491    0.000289
492    0.000228
493    0.000328
494    0.000207
495    0.000304
496    0.000162
497    0.000265
498    0.000137
499    0.000422
500    0.000286
501    0.000354
502    0.000361
503    0.000522
504    0.000353
505    0.000302
506    0.000256
507    0.000272
508    0.000416
509    0.000213
510    0.000180
511    0.000264
512    0.000219
513    0.000209
514    0.000320
515    0.000432
516    0.000492
517    0.000490
518    0.000084
519    0.000103
520    0.000216
521    0.000210
522    0.000346
523    0.000214
524    0.000316
525    0.000278
526    0.000266
527    0.000271
528    0.000333
529    0.000153
530    0.000591
531    0.000159
532    0.000174
533    0.000293
534    0.000236
535    0.000222
536    0.000139
537    0.000267
538    0.000201
539    0.000192
540    0.000164
541    0.000082
542    0.000426
543    0.000137
544    0.000182
545    0.000326
546    0.000269
547    0.000252
548    0.000081
549    0.000388
550    0.000360
551    0.000407
552    0.000337
553    0.000312
554    0.000127
555    0.000186
556    0.000131
557    0.000415
558    0.000115
559    0.000291
560    0.000126
561    0.000135
562    0.000443
563    0.000299
564    0.000182
565    0.000119
566    0.000154
567    0.000174
568    0.000246
569    0.000110
570    0.000662
571    0.000264
572    0.000218
573    0.000357
574    0.000112
575    0.000140
576    0.000280
577    0.000063
578    0.000264
579    0.000197
580    0.000324
581    0.000225
582    0.000195
583    0.000255
584    0.000248
585    0.000383
586    0.000319
587    0.000216
588    0.000167
589    0.000217
590    0.000127
591    0.000107
592    0.000386
593    0.000192
594    0.000237
595    0.000325
596    0.000022
597    0.000375
598    0.000138
599    0.000219
600    0.000121
601    0.000192
602    0.000181
603    0.000263
604    0.000171
605    0.000306
606    0.000175
607    0.000245
608    0.000168
609    0.000068
610    0.000227
611    0.000336
612    0.000342
613    0.000155
614    0.000275
615    0.000239
616    0.000246
617    0.000174
618    0.000260
619    0.000133
620    0.000178
621    0.000197
622    0.000078
623    0.000183
624    0.000196
625    0.000281
626    0.000209
627    0.000227
628    0.000183
629    0.000175
630    0.000163
631    0.000273
632    0.000182
633    0.000267
634    0.000255
635    0.000235
636    0.000200
637    0.000060
638    0.000315
639    0.000229
640    0.000329
641    0.000155
642    0.000074
643    0.000205
644    0.000247
645    0.000115
646    0.000202
647    0.000159
648    0.000084
649    0.000107
650    0.000142
651    0.000124
652    0.000288
653    0.000257
654    0.000212
655    0.000203
656    0.000206
657    0.000317
658    0.000273
659    0.000368
660    0.000086
661    0.000278
662    0.000172
663    0.000088
664    0.000101
665    0.000221
666    0.000169
667    0.000100
668    0.000224
669    0.000188
670    0.000170
671    0.000242
672    0.000057
673    0.000101
674    0.000159
675    0.000159
676    0.000175
677    0.000323
678    0.000181
679    0.000244
680    0.000107
681    0.000136
682    0.000295
683    0.000218
684    0.000329
685    0.000163
686    0.000285
687    0.000156
688    0.000157
689    0.000161
690    0.000281
691    0.000210
692    0.000125
693    0.000226
694    0.000227
695    0.000079
696    0.000197
697    0.000119
698    0.000141
699    0.000115
700    0.000055
701    0.000265
702    0.000120
703    0.000207
704    0.000129
705    0.000160
706    0.000145
707    0.000160
708    0.000182
709    0.000045
710    0.000218
711    0.000150
712    0.000211
713    0.000081
714    0.000067
715    0.000123
716    0.000100
717    0.000100
718    0.000153
719    0.000195
720    0.000226
721    0.000120
722    0.000418
723    0.000074
724    0.000073
725    0.000081
726    0.000180
727    0.000155
728    0.000119
729    0.000113
730    0.000327
731    0.000121
732    0.000202
733    0.000115
734    0.000204
735    0.000206
736    0.000179
737    0.000342
738    0.000065
739    0.000181
740    0.000183
741    0.000368
742    0.000158
743    0.000242
744    0.000101
745    0.000239
746    0.000173
747    0.000223
748    0.000162
749    0.000228
750    0.000267
751    0.000201
752    0.000173
753    0.000058
754    0.000155
755    0.000160
756    0.000038
757    0.000203
758    0.000177
759    0.000168
760    0.000147
761    0.000084
762    0.000194
763    0.000246
764    0.000128
765    0.000116
766    0.000063
767    0.000083
768    0.000317
769    0.000064
770    0.000279
771    0.000149
772    0.000048
773    0.000051
774    0.000402
775    0.000238
776    0.000061
777    0.000236
778    0.000102
779    0.000035
780    0.000054
781    0.000054
782    0.000208
783    0.000058
784    0.000096
785    0.000075
786    0.000295
787    0.000104
788    0.000168
789    0.000120
790    0.000120
791    0.000160
792    0.000272
793    0.000148
794    0.000094
795    0.000099
796    0.000302
797    0.000124
798    0.000232
799    0.000113
800    0.000271
801    0.000215
802    0.000095
803    0.000286
804    0.000047
805    0.000060
806    0.000126
807    0.000120
808    0.000036
809    0.000115
810    0.000113
811    0.000057
812    0.000172
813    0.000021
814    0.000037
815    0.000095
816    0.000102
817    0.000104
818    0.000071
819    0.000039
820    0.000113
821    0.000230
822    0.000307
823    0.000025
824    0.000398
825    0.000136
