  1    0.219931
  2    0.074490
  3    0.053370
  4    0.018230
  5    0.032276
  6    0.037154
  7    0.014244
  8    0.011018
  9    0.006368
 10    0.011416
 11    0.017040
 12    0.014454
 13    0.013476
 14    0.005002
 15    0.008169
 16    0.008139
 17    0.012833
 18    0.009590
 19    0.009631
 20    0.004541
 21    0.003105
 22    0.004804
 23    0.005339
 24    0.004108
 25    0.004683
 26    0.004455
 27    0.003037
 28    0.004970
 29    0.004383
 30    0.002092
 31    0.005005
 32    0.004967
 33    0.003095
 34    0.003424
 35    0.006719
 36    0.004806
 37    0.002863
 38    0.002578
 39    0.005114
 40    0.005762
 41    0.003716
 42    0.002780
 43    0.002939
 44    0.003521
 45    0.002802
 46    0.003223
 47    0.003388
 48    0.003895
 49    0.002971
 50    0.001475
 51    0.002991
 52    0.002000
 53    0.002685
 54    0.002510
 55    0.003347
 56    0.002760
 57    0.002929
 58    0.002062
 59    0.001545
 60    0.001962
 61    0.002366
 62    0.001450
 63    0.001946
 64    0.003076
 65    0.002760
 66    0.001105
 67    0.001672
 68    0.001815
 69    0.001670
 70    0.002883
 71    0.002328
 72    0.001412
 73    0.002054
 74    0.001796
 75    0.001729
 76    0.001620
 77    0.000827
 78    0.001068
 79    0.002234
 80    0.001203
 81    0.001160
 82    0.001648
 83    0.001177
 84    0.001698
 85    0.001175
 86    0.001350
 87    0.001482
 88    0.001123
 89    0.001566
 90    0.001135
 91    0.001740
 92    0.001634
 93    0.000939
 94    0.001465
 95    0.001645
 96    0.001004
 97    0.001466
 98    0.001362
 99    0.001168
100    0.001134
101    0.001208
102    0.001069
103    0.001115
104    0.001465
105    0.001634
106    0.001478
107    0.001662
108    0.000727
109    0.001815
110    0.000977
111    0.001042
112    0.001239
113    0.000807
114    0.001096
115    0.001106
116    0.001238
117    0.001258
118    0.001025
119    0.000231
120    0.000734
121    0.000511
122    0.001419
123    0.001105
124    0.001216
125    0.000915
126    0.000468
127    0.000964
128    0.000697
129    0.000809
130    0.000906
131    0.001283
132    0.001264
133    0.000923
134    0.001144
135    0.000796
136    0.000820
137    0.001324
138    0.001030
139    0.001306
140    0.001125
141    0.000866
142    0.000890
143    0.000903
144    0.000716
145    0.000931
146    0.001018
147    0.000592
148    0.000786
149    0.001025
150    0.000976
151    0.000779
152    0.000620
153    0.001117
154    0.000589
155    0.001444
156    0.000952
157    0.000669
158    0.000862
159    0.000721
160    0.000906
161    0.000568
162    0.001310
163    0.000601
164    0.000497
165    0.000860
166    0.000970
167    0.000928
168    0.001022
169    0.001218
170    0.000596
171    0.000767
172    0.000615
173    0.000578
174    0.000925
175    0.001278
176    0.000655
177    0.000799
178    0.000513
179    0.000747
180    0.001082
181    0.000792
182    0.000873
183    0.000672
184    0.000768
185    0.000688
186    0.000821
187    0.000823
188    0.000846
189    0.000798
190    0.000853
191    0.000597
192    0.000920
193    0.000563
194    0.000838
195    0.000821
196    0.000757
197    0.000857
198    0.000987
199    0.001281
200    0.000566
201    0.000846
202    0.000758
203    0.000564
204    0.000564
205    0.000762
206    0.000984
207    0.000860
208    0.000284
209    0.000660
210    0.000898
211    0.001151
212    0.000900
213    0.000769
214    0.000722
215    0.000739
216    0.001027
217    0.000615
218    0.001036
219    0.000499
220    0.000837
221    0.000435
222    0.000784
223    0.000677
224    0.000679
225    0.000979
226    0.000776
227    0.000529
228    0.000646
229    0.000752
230    0.000733
231    0.000464
232    0.000857
233    0.000730
234    0.000556
235    0.000953
236    0.000740
237    0.000369
238    0.000525
239    0.000727
240    0.000797
241    0.000900
242    0.000533
243    0.000512
244    0.000793
245    0.001127
246    0.000599
247    0.000690
248    0.000839
249    0.000838
250    0.000362
251    0.000660
252    0.000577
253    0.000801
254    0.000758
255    0.000589
256    0.001150
257    0.000991
258    0.000731
259    0.000681
260    0.000689
261    0.000799
262    0.000716
263    0.000492
264    0.000803
265    0.001216
266    0.001006
267    0.000551
268    0.000406
269    0.000486
270    0.000723
271    0.000582
272    0.000684
273    0.000769
274    0.000500
275    0.000625
276    0.000713
277    0.000504
278    0.000516
279    0.000572
280    0.000466
281    0.000338
282    0.000402
283    0.000453
284    0.000705
285    0.000398
286    0.000757
287    0.000378
288    0.000287
289    0.000453
290    0.000449
291    0.000505
292    0.000422
293    0.000581
294    0.000294
295    0.000534
296    0.000671
297    0.000519
298    0.000420
299    0.000623
300    0.000699
301    0.000418
302    0.000482
303    0.000607
304    0.000505
305    0.000572
306    0.000563
307    0.000636
308    0.000670
309    0.000338
310    0.000297
311    0.000404
312    0.000764
313    0.000387
314    0.000385
315    0.000545
316    0.000284
317    0.000601
318    0.000330
319    0.000300
320    0.000541
321    0.000517
322    0.000815
323    0.000592
324    0.000335
325    0.000432
326    0.000443
327    0.000312
328    0.000592
329    0.000450
330    0.000336
331    0.000393
332    0.000513
333    0.000303
334    0.000425
335    0.000460
336    0.000363
337    0.000356
338    0.000440
339    0.000363
340    0.000276
341    0.000481
342    0.000528
343    0.000417
344    0.000545
345    0.000254
346    0.000385
347    0.000451
348    0.000428
349    0.000475
350    0.000279
351    0.000320
352    0.000269
353    0.000274
354    0.000279
355    0.000311
356    0.000362
357    0.000419
358    0.000430
359    0.000520
360    0.000127
361    0.000203
362    0.000425
363    0.000368
364    0.000421
365    0.000163
366    0.000409
367    0.000395
368    0.000242
369    0.000296
370    0.000270
371    0.000286
372    0.000244
373    0.000514
374    0.000191
375    0.000230
376    0.000196
377    0.000287
378    0.000151
379    0.000187
380    0.000096
381    0.000287
382    0.000253
383    0.000266
384    0.000101
385    0.000237
386    0.000332
387    0.000211
388    0.000196
389    0.000262
390    0.000255
391    0.000447
392    0.000177
393    0.000336
394    0.000406
395    0.000415
396    0.000215
397    0.000260
398    0.000225
399    0.000258
400    0.000250
401    0.000293
402    0.000273
403    0.000263
404    0.000293
405    0.000173
406    0.000264
407    0.000126
408    0.000196
409    0.000163
410    0.000188
411    0.000114
412    0.000190
413    0.000111
414    0.000195
415    0.000151
416    0.000136
417    0.000119
418    0.000232
419    0.000178
420    0.000194
421    0.000123
422    0.000209
423    0.000221
424    0.000114
425    0.000116
426    0.000120
427    0.000147
428    0.000173
429    0.000086
430    0.000150
431    0.000193
432    0.000120
433    0.000182
434    0.000146
435    0.000107
436    0.000075
437    0.000130
438    0.000089
439    0.000139
440    0.000081
441    0.000079
442    0.000109
443    0.000115
444    0.000209
445    0.000140
446    0.000107
447    0.000197
448    0.000157
449    0.000084
450    0.000114
451    0.000204
452    0.000069
453    0.000080
454    0.000111
455    0.000126
456    0.000197
457    0.000108
458    0.000092
459    0.000090
460    0.000079
461    0.000116
462    0.000089
463    0.000131
464    0.000083
465    0.000143
466    0.000129
467    0.000099
468    0.000186
469    0.000093
470    0.000129
471    0.000141
472    0.000127
473    0.000054
474    0.000082
475    0.000093
476    0.000088
477    0.000106
478    0.000092
479    0.000155
480    0.000096
481    0.000069
482    0.000103
483    0.000103
484    0.000083
485    0.000129
486    0.000108
487    0.000074
488    0.000121
489    0.000084
490    0.000151
491    0.000106
492    0.000091
493    0.000075
494    0.000067
495    0.000105
496    0.000075
497    0.000105
498    0.000070
499    0.000049
500    0.000088
501    0.000081
502    0.000129
503    0.000112
504    0.000089
505    0.000085
506    0.000094
507    0.000073
508    0.000074
509    0.000077
510    0.000065
511    0.000060
512    0.000107
513    0.000078
514    0.000056
515    0.000054
516    0.000105
517    0.000078
518    0.000055
519    0.000038
520    0.000107
521    0.000056
522    0.000093
523    0.000091
524    0.000072
525    0.000061
526    0.000070
527    0.000073
528    0.000038
529    0.000036
530    0.000102
531    0.000053
532    0.000056
533    0.000064
534    0.000076
535    0.000059
536    0.000060
537    0.000047
538    0.000062
539    0.000026
540    0.000033
541    0.000050
542    0.000076
543    0.000078
544    0.000046
545    0.000062
546    0.000053
547    0.000069
548    0.000035
549    0.000027
550    0.000065
551    0.000002
552    0.000002
553    0.000004
554    0.000003
555    0.000003
556    0.000002
557    0.000003
558    0.000001
559    0.000002
560    0.000002
561    0.000002
562    0.000001
563    0.000002
564    0.000003
565    0.000001
566    0.000003
567    0.000004
568    0.000002
569    0.000001
570    0.000002
571    0.000001
572    0.000002
573    0.000002
574    0.000001
575    0.000002
576    0.000002
577    0.000001
578    0.000002
579    0.000002
580    0.000001
581    0.000001
582    0.000001
583    0.000002
584    0.000002
585    0.000002
586    0.000002
587    0.000001
588    0.000002
589    0.000002
590    0.000002
591    0.000001
592    0.000001
593    0.000002
594    0.000001
595    0.000002
596    0.000002
597    0.000002
598    0.000001
599    0.000001
600    0.000001
601    0.000001
602    0.000001
603    0.000001
604    0.000001
605    0.000002
606    0.000001
607    0.000001
608    0.000002
609    0.000001
610    0.000002
611    0.000001
612    0.000001
613    0.000002
614    0.000002
615    0.000001
616    0.000001
617    0.000001
618    0.000001
619    0.000002
620    0.000001
621    0.000001
622    0.000001
623    0.000001
624    0.000002
625    0.000001
626    0.000001
627    0.000001
628    0.000002
629    0.000001
630    0.000001
631    0.000001
632    0.000001
633    0.000001
634    0.000002
635    0.000001
636    0.000002
637    0.000001
638    0.000001
639    0.000001
640    0.000001
641    0.000001
642    0.000001
643    0.000001
644    0.000001
645    0.000001
646    0.000001
647    0.000001
648    0.000001
649    0.000001
650    0.000001
651    0.000001
652    0.000001
653    0.000001
654    0.000002
655    0.000001
656    0.000002
657    0.000002
658    0.000001
659    0.000002
660    0.000001
661    0.000002
662    0.000001
663    0.000001
664    0.000001
665    0.000001
666    0.000001
667    0.000001
668    0.000001
669    0.000001
670    0.000001
671    0.000001
672    0.000001
673    0.000001
674    0.000001
675    0.000001
676    0.000001
677    0.000001
678    0.000002
679    0.000001
680    0.000001
681    0.000002
682    0.000001
683    0.000002
684    0.000001
685    0.000001
686    0.000001
687    0.000002
688    0.000001
689    0.000001
690    0.000002
691    0.000001
692    0.000001
693    0.000002
694    0.000001
695    0.000001
696    0.000001
697    0.000001
698    0.000001
699    0.000001
700    0.000001
701    0.000001
702    0.000001
703    0.000001
704    0.000001
705    0.000001
706    0.000001
707    0.000001
708    0.000001
709    0.000001
710    0.000001
711    0.000001
712    0.000001
713    0.000001
714    0.000001
715    0.000001
716    0.000001
717    0.000001
718    0.000001
719    0.000001
720    0.000001
721    0.000001
722    0.000001
723    0.000001
724    0.000001
725    0.000001
726    0.000002
727    0.000001
728    0.000001
729    0.000001
730    0.000001
731    0.000002
732    0.000002
733    0.000002
734    0.000001
735    0.000001
736    0.000002
737    0.000001
738    0.000001
739    0.000001
740    0.000001
741    0.000001
742    0.000002
743    0.000001
744    0.000001
745    0.000002
746    0.000001
747    0.000001
748    0.000001
749    0.000001
750    0.000001
751    0.000001
752    0.000001
753    0.000001
754    0.000001
755    0.000001
756    0.000001
757    0.000001
758    0.000001
759    0.000001
760    0.000001
761    0.000001
762    0.000001
763    0.000001
764    0.000001
765    0.000002
766    0.000001
767    0.000001
768    0.000001
769    0.000002
770    0.000001
771    0.000001
772    0.000002
773    0.000001
774    0.000001
775    0.000001
776    0.000001
777    0.000003
778    0.000000
779    0.000001
780    0.000001
781    0.000001
782    0.000001
783    0.000000
784    0.000001
785    0.000001
786    0.000001
787    0.000001
788    0.000001
789    0.000001
790    0.000002
791    0.000001
792    0.000002
793    0.000001
794    0.000001
795    0.000002
796    0.000001
797    0.000001
798    0.000001
799    0.000001
800    0.000001
801    0.000001
802    0.000000
803    0.000000
804    0.000001
805    0.000001
806    0.000001
807    0.000001
808    0.000000
809    0.000001
810    0.000001
811    0.000001
812    0.000001
813    0.000001
814    0.000000
815    0.000000
816    0.000002
817    0.000001
818    0.000003
819    0.000001
820    0.000001
821    0.000001
822    0.000001
823    0.000002
824    0.000000
825    0.000002
