  1    0.085575
  2    0.145884
  3    0.023911
  4    0.037167
  5    0.009410
  6    0.007770
  7    0.025337
  8    0.019326
  9    0.006128
 10    0.004090
 11    0.013269
 12    0.010088
 13    0.010042
 14    0.009037
 15    0.004409
 16    0.007411
 17    0.005923
 18    0.009072
 19    0.006481
 20    0.007423
 21    0.004429
 22    0.003832
 23    0.005974
 24    0.004439
 25    0.006184
 26    0.005921
 27    0.006080
 28    0.004602
 29    0.004576
 30    0.004870
 31    0.002750
 32    0.003809
 33    0.005277
 34    0.005532
 35    0.003917
 36    0.004605
 37    0.004544
 38    0.003375
 39    0.005162
 40    0.003014
 41    0.002932
 42    0.001634
 43    0.004709
 44    0.004123
 45    0.002651
 46    0.002382
 47    0.002567
 48    0.002293
 49    0.002402
 50    0.002186
 51    0.004148
 52    0.001532
 53    0.002878
 54    0.002598
 55    0.002518
 56    0.001817
 57    0.002729
 58    0.003047
 59    0.001761
 60    0.001899
 61    0.002554
 62    0.002004
 63    0.001434
 64    0.001755
 65    0.001924
 66    0.001086
 67    0.002423
 68    0.001760
 69    0.001958
 70    0.001772
 71    0.001937
 72    0.001843
 73    0.002066
 74    0.001983
 75    0.001518
 76    0.001481
 77    0.002203
 78    0.001340
 79    0.002191
 80    0.001833
 81    0.001465
 82    0.001400
 83    0.001540
 84    0.001474
 85    0.001475
 86    0.001429
 87    0.001113
 88    0.001386
 89    0.001812
 90    0.001605
 91    0.001360
 92    0.001172
 93    0.000846
 94    0.001668
 95    0.001785
 96    0.000734
 97    0.001073
 98    0.001432
 99    0.001657
100    0.001472
101    0.001477
102    0.001325
103    0.001223
104    0.001216
105    0.001568
106    0.000923
107    0.001155
108    0.001903
109    0.000822
110    0.000932
111    0.001083
112    0.001371
113    0.001397
114    0.001332
115    0.001052
116    0.001514
117    0.001630
118    0.001573
119    0.001507
120    0.002136
121    0.001915
122    0.000790
123    0.001150
124    0.001300
125    0.001874
126    0.001457
127    0.000630
128    0.001002
129    0.001390
130    0.001530
131    0.000817
132    0.000871
133    0.001367
134    0.000525
135    0.002131
136    0.001051
137    0.000925
138    0.000743
139    0.000949
140    0.000781
141    0.000958
142    0.001549
143    0.001615
144    0.000879
145    0.001462
146    0.002149
147    0.001180
148    0.001036
149    0.000710
150    0.001109
151    0.000828
152    0.000634
153    0.000800
154    0.000798
155    0.000938
156    0.000584
157    0.000810
158    0.000760
159    0.000594
160    0.001666
161    0.000682
162    0.000705
163    0.000668
164    0.001201
165    0.000882
166    0.000863
167    0.001228
168    0.000946
169    0.001175
170    0.000974
171    0.001383
172    0.000850
173    0.000844
174    0.000760
175    0.000686
176    0.001068
177    0.000779
178    0.000859
179    0.000855
180    0.000920
181    0.000680
182    0.001288
183    0.000682
184    0.001025
185    0.000664
186    0.000713
187    0.000715
188    0.000940
189    0.000830
190    0.001367
191    0.000761
192    0.000923
193    0.000495
194    0.000800
195    0.000506
196    0.000752
197    0.001148
198    0.000589
199    0.000738
200    0.000556
201    0.000995
202    0.000545
203    0.000366
204    0.000840
205    0.000652
206    0.000831
207    0.001131
208    0.000866
209    0.000805
210    0.000713
211    0.000732
212    0.000963
213    0.000653
214    0.000777
215    0.000820
216    0.000786
217    0.000854
218    0.000761
219    0.000624
220    0.000443
221    0.000659
222    0.001031
223    0.000575
224    0.000779
225    0.000717
226    0.000539
227    0.000655
228    0.000934
229    0.000437
230    0.000797
231    0.000436
232    0.000885
233    0.000585
234    0.000667
235    0.000764
236    0.000587
237    0.000465
238    0.000500
239    0.000780
240    0.000396
241    0.000636
242    0.000872
243    0.000576
244    0.000493
245    0.000832
246    0.000481
247    0.000512
248    0.000663
249    0.000649
250    0.001091
251    0.000428
252    0.000371
253    0.000605
254    0.000661
255    0.000875
256    0.000720
257    0.000540
258    0.000522
259    0.000735
260    0.000614
261    0.000669
262    0.000889
263    0.000736
264    0.000592
265    0.000807
266    0.000290
267    0.000680
268    0.000508
269    0.000423
270    0.000535
271    0.000563
272    0.000428
273    0.000565
274    0.000735
275    0.000655
276    0.000896
277    0.000824
278    0.000547
279    0.000562
280    0.000398
281    0.000596
282    0.000391
283    0.000586
284    0.000690
285    0.000218
286    0.000673
287    0.000520
288    0.000629
289    0.000371
290    0.000480
291    0.000426
292    0.000508
293    0.000541
294    0.000829
295    0.000359
296    0.000418
297    0.000564
298    0.000632
299    0.000370
300    0.000578
301    0.000295
302    0.000439
303    0.000507
304    0.000644
305    0.000461
306    0.000539
307    0.000464
308    0.000622
309    0.000439
310    0.000571
311    0.000512
312    0.000574
313    0.000536
314    0.000427
315    0.000759
316    0.000477
317    0.000346
318    0.000407
319    0.000609
320    0.000782
321    0.000479
322    0.000741
323    0.000769
324    0.000565
325    0.000405
326    0.000674
327    0.000466
328    0.000425
329    0.000575
330    0.000580
331    0.000429
332    0.000445
333    0.000381
334    0.000366
335    0.000483
336    0.000683
337    0.000800
338    0.000344
339    0.000305
340    0.000662
341    0.000537
342    0.000467
343    0.000593
344    0.000401
345    0.000357
346    0.000641
347    0.000571
348    0.000609
349    0.000333
350    0.000601
351    0.000260
352    0.000235
353    0.000567
354    0.000694
355    0.000340
356    0.000696
357    0.000520
358    0.000713
359    0.000422
360    0.000520
361    0.000340
362    0.000424
363    0.000414
364    0.000333
365    0.000698
366    0.000514
367    0.000569
368    0.000337
369    0.000430
370    0.000696
371    0.000431
372    0.000589
373    0.000543
374    0.000351
375    0.000294
376    0.000677
377    0.000448
378    0.000436
379    0.000376
380    0.000542
381    0.000309
382    0.000440
383    0.000421
384    0.000279
385    0.000419
386    0.000495
387    0.000391
388    0.000524
389    0.000354
390    0.000517
391    0.000318
392    0.000417
393    0.000365
394    0.000451
395    0.000554
396    0.000488
397    0.000355
398    0.000589
399    0.000563
400    0.000210
401    0.000276
402    0.000544
403    0.000622
404    0.000409
405    0.000419
406    0.000398
407    0.000402
408    0.000278
409    0.000324
410    0.000253
411    0.000355
412    0.000308
413    0.000407
414    0.000324
415    0.000191
416    0.000150
417    0.000366
418    0.000451
419    0.000168
420    0.000285
421    0.000347
422    0.000576
423    0.000673
424    0.000327
425    0.000434
426    0.000487
427    0.000453
428    0.000480
429    0.000464
430    0.000312
431    0.000454
432    0.000340
433    0.000409
434    0.000298
435    0.000510
436    0.000354
437    0.000335
438    0.000759
439    0.000542
440    0.000462
441    0.000297
442    0.000516
443    0.000529
444    0.000362
445    0.000551
446    0.000475
447    0.000376
448    0.000564
449    0.000407
450    0.000430
451    0.000497
452    0.000295
453    0.000279
454    0.000485
455    0.000294
456    0.000468
457    0.000296
458    0.000126
459    0.000412
460    0.000437
461    0.000356
462    0.000581
463    0.000253
464    0.000358
465    0.000514
466    0.000337
467    0.000245
468    0.000333
469    0.000342
470    0.000381
471    0.000405
472    0.000439
473    0.000357
474    0.000409
475    0.000313
476    0.000269
477    0.000346
478    0.000282
479    0.000335
480    0.000503
481    0.000427
482    0.000124
483    0.000314
484    0.000328
485    0.000244
486    0.000630
487    0.000352
488    0.000506
489    0.000233
490    0.000278
491    0.000287
492    0.000346
493    0.000445
494    0.000391
495    0.000343
496    0.000294
497    0.000389
498    0.000355
499    0.000319
500    0.000230
501    0.000242
502    0.000329
503    0.000415
504    0.000425
505    0.000381
506    0.000371
507    0.000208
508    0.000375
509    0.000249
510    0.000134
511    0.000371
512    0.000323
513    0.000196
514    0.000307
515    0.000190
516    0.000338
517    0.000251
518    0.000237
519    0.000269
520    0.000426
521    0.000249
522    0.000188
523    0.000443
524    0.000275
525    0.000465
526    0.000488
527    0.000448
528    0.000226
529    0.000329
530    0.000318
531    0.000182
532    0.000289
533    0.000250
534    0.000318
535    0.000212
536    0.000299
537    0.000187
538    0.000241
539    0.000420
540    0.000271
541    0.000441
542    0.000641
543    0.000280
544    0.000246
545    0.000208
546    0.000344
547    0.000201
548    0.000245
549    0.000378
550    0.000377
551    0.000355
552    0.000366
553    0.000245
554    0.000312
555    0.000312
556    0.000179
557    0.000317
558    0.000347
559    0.000280
560    0.000218
561    0.000252
562    0.000261
563    0.000416
564    0.000335
565    0.000209
566    0.000384
567    0.000257
568    0.000220
569    0.000278
570    0.000288
571    0.000386
572    0.000344
573    0.000185
574    0.000258
575    0.000312
576    0.000251
577    0.000327
578    0.000210
579    0.000177
580    0.000142
581    0.000282
582    0.000265
583    0.000322
584    0.000253
585    0.000267
586    0.000278
587    0.000250
588    0.000269
589    0.000313
590    0.000199
591    0.000229
592    0.000229
593    0.000329
594    0.000316
595    0.000361
596    0.000219
597    0.000354
598    0.000235
599    0.000248
600    0.000403
601    0.000198
602    0.000417
603    0.000450
604    0.000298
605    0.000214
606    0.000353
607    0.000377
608    0.000304
609    0.000214
610    0.000250
611    0.000184
612    0.000169
613    0.000264
614    0.000302
615    0.000218
616    0.000169
617    0.000312
618    0.000284
619    0.000202
620    0.000340
621    0.000233
622    0.000295
623    0.000282
624    0.000245
625    0.000315
626    0.000263
627    0.000198
628    0.000263
629    0.000268
630    0.000368
631    0.000319
632    0.000198
633    0.000248
634    0.000212
635    0.000324
636    0.000241
637    0.000245
638    0.000226
639    0.000412
640    0.000286
641    0.000170
642    0.000287
643    0.000241
644    0.000226
645    0.000149
646    0.000272
647    0.000354
648    0.000336
649    0.000242
650    0.000254
651    0.000215
652    0.000188
653    0.000352
654    0.000203
655    0.000279
656    0.000201
657    0.000243
658    0.000208
659    0.000176
660    0.000264
661    0.000303
662    0.000406
663    0.000264
664    0.000202
665    0.000328
666    0.000230
667    0.000286
668    0.000299
669    0.000212
670    0.000290
671    0.000370
672    0.000369
673    0.000300
674    0.000304
675    0.000298
676    0.000218
677    0.000245
678    0.000250
679    0.000411
680    0.000222
681    0.000339
682    0.000411
683    0.000183
684    0.000240
685    0.000287
686    0.000285
687    0.000303
688    0.000272
689    0.000302
690    0.000232
691    0.000271
692    0.000222
693    0.000159
694    0.000273
695    0.000213
696    0.000311
697    0.000163
698    0.000193
699    0.000306
700    0.000299
701    0.000366
702    0.000160
703    0.000226
704    0.000283
705    0.000276
706    0.000250
707    0.000257
708    0.000160
709    0.000131
710    0.000201
711    0.000155
712    0.000373
713    0.000281
714    0.000186
715    0.000206
716    0.000276
717    0.000229
718    0.000148
719    0.000184
720    0.000272
721    0.000262
722    0.000186
723    0.000195
724    0.000308
725    0.000317
726    0.000325
727    0.000249
728    0.000289
729    0.000274
730    0.000279
731    0.000210
732    0.000270
733    0.000174
734    0.000296
735    0.000225
736    0.000294
737    0.000316
738    0.000204
739    0.000199
740    0.000166
741    0.000191
742    0.000225
743    0.000307
744    0.000234
745    0.000218
746    0.000137
747    0.000229
748    0.000250
749    0.000231
750    0.000256
751    0.000197
752    0.000315
753    0.000216
754    0.000201
755    0.000202
756    0.000154
757    0.000222
758    0.000220
759    0.000162
760    0.000190
761    0.000186
762    0.000273
763    0.000151
764    0.000239
765    0.000125
766    0.000241
767    0.000148
768    0.000163
769    0.000189
770    0.000128
771    0.000144
772    0.000213
773    0.000210
774    0.000147
775    0.000270
776    0.000253
777    0.000244
778    0.000204
779    0.000211
780    0.000206
781    0.000263
782    0.000193
783    0.000207
784    0.000299
785    0.000233
786    0.000235
787    0.000264
788    0.000225
789    0.000168
790    0.000284
791    0.000239
792    0.000236
793    0.000262
794    0.000105
795    0.000162
796    0.000321
797    0.000162
798    0.000250
799    0.000153
800    0.000157
801    0.000185
802    0.000122
803    0.000137
804    0.000241
805    0.000219
806    0.000230
807    0.000217
808    0.000279
809    0.000097
810    0.000161
811    0.000070
812    0.000355
813    0.000111
814    0.000107
815    0.000297
816    0.000229
817    0.000322
818    0.000195
819    0.000175
820    0.000314
821    0.000499
822    0.000100
823    0.000268
824    0.000362
825    0.000489
