  1    0.069093
  2    0.126858
  3    0.036267
  4    0.027930
  5    0.007747
  6    0.009592
  7    0.020324
  8    0.028837
  9    0.013474
 10    0.007134
 11    0.016922
 12    0.012638
 13    0.005557
 14    0.006220
 15    0.006109
 16    0.005170
 17    0.010634
 18    0.008091
 19    0.007907
 20    0.002489
 21    0.004416
 22    0.005882
 23    0.005784
 24    0.005346
 25    0.004146
 26    0.003302
 27    0.004331
 28    0.004451
 29    0.006089
 30    0.004076
 31    0.003023
 32    0.003655
 33    0.005173
 34    0.005066
 35    0.003819
 36    0.002579
 37    0.004709
 38    0.004012
 39    0.005000
 40    0.002921
 41    0.004191
 42    0.004977
 43    0.003571
 44    0.001915
 45    0.003854
 46    0.003071
 47    0.003570
 48    0.002605
 49    0.001969
 50    0.003319
 51    0.002987
 52    0.002522
 53    0.002599
 54    0.001647
 55    0.002467
 56    0.001378
 57    0.002085
 58    0.002171
 59    0.002016
 60    0.002051
 61    0.001646
 62    0.001331
 63    0.001823
 64    0.001497
 65    0.002321
 66    0.002126
 67    0.001543
 68    0.001276
 69    0.002170
 70    0.002291
 71    0.001734
 72    0.002440
 73    0.001139
 74    0.001948
 75    0.002199
 76    0.001896
 77    0.001506
 78    0.001880
 79    0.000736
 80    0.001210
 81    0.001285
 82    0.001265
 83    0.001473
 84    0.001980
 85    0.001156
 86    0.001628
 87    0.001765
 88    0.001462
 89    0.002242
 90    0.002780
 91    0.001771
 92    0.002207
 93    0.001429
 94    0.001697
 95    0.001968
 96    0.002148
 97    0.001856
 98    0.001316
 99    0.001688
100    0.001474
101    0.001771
102    0.001678
103    0.000849
104    0.001248
105    0.002122
106    0.001132
107    0.000885
108    0.001247
109    0.001211
110    0.000912
111    0.001272
112    0.001398
113    0.001258
114    0.001629
115    0.000860
116    0.001401
117    0.000949
118    0.001398
119    0.001410
120    0.001822
121    0.001577
122    0.001068
123    0.000787
124    0.001078
125    0.001340
126    0.002018
127    0.001599
128    0.001297
129    0.001133
130    0.000808
131    0.001005
132    0.001695
133    0.000794
134    0.000860
135    0.001908
136    0.001132
137    0.001511
138    0.001098
139    0.001333
140    0.001116
141    0.000633
142    0.000810
143    0.000825
144    0.000620
145    0.001162
146    0.001068
147    0.001239
148    0.001003
149    0.000910
150    0.001179
151    0.001682
152    0.001024
153    0.000705
154    0.001520
155    0.001183
156    0.001781
157    0.001418
158    0.000791
159    0.000723
160    0.000683
161    0.001037
162    0.000874
163    0.000674
164    0.000837
165    0.000902
166    0.000923
167    0.000921
168    0.000987
169    0.000893
170    0.000852
171    0.001143
172    0.000400
173    0.000793
174    0.000752
175    0.000912
176    0.000609
177    0.001615
178    0.000652
179    0.001036
180    0.000832
181    0.000996
182    0.001114
183    0.000532
184    0.000956
185    0.000698
186    0.000756
187    0.000586
188    0.000761
189    0.000743
190    0.000763
191    0.000852
192    0.000744
193    0.000780
194    0.000886
195    0.000857
196    0.000743
197    0.000862
198    0.001363
199    0.001370
200    0.000751
201    0.001104
202    0.001129
203    0.000735
204    0.000587
205    0.000792
206    0.001195
207    0.000693
208    0.000585
209    0.000749
210    0.000649
211    0.000610
212    0.000982
213    0.000757
214    0.000563
215    0.000722
216    0.000848
217    0.000455
218    0.000506
219    0.000518
220    0.000648
221    0.000878
222    0.000539
223    0.001090
224    0.000655
225    0.000549
226    0.000842
227    0.000925
228    0.000581
229    0.000754
230    0.001015
231    0.000963
232    0.000896
233    0.000759
234    0.000424
235    0.000709
236    0.000684
237    0.000682
238    0.000787
239    0.001209
240    0.000768
241    0.000854
242    0.000998
243    0.000711
244    0.000936
245    0.000825
246    0.000861
247    0.000472
248    0.000399
249    0.000632
250    0.000621
251    0.000837
252    0.000893
253    0.000855
254    0.000901
255    0.000563
256    0.000429
257    0.000830
258    0.000709
259    0.000536
260    0.000337
261    0.000605
262    0.000375
263    0.000679
264    0.000422
265    0.000628
266    0.000573
267    0.000677
268    0.000815
269    0.000498
270    0.000761
271    0.000680
272    0.000734
273    0.000926
274    0.000513
275    0.000456
276    0.000732
277    0.000806
278    0.000584
279    0.000649
280    0.000353
281    0.000464
282    0.000563
283    0.000388
284    0.000551
285    0.000644
286    0.000413
287    0.000638
288    0.000579
289    0.000501
290    0.000696
291    0.000428
292    0.000692
293    0.000511
294    0.000623
295    0.000705
296    0.000487
297    0.000511
298    0.000527
299    0.000598
300    0.000461
301    0.000726
302    0.000776
303    0.000584
304    0.000688
305    0.000326
306    0.000436
307    0.000679
308    0.000470
309    0.000442
310    0.000514
311    0.000357
312    0.000450
313    0.000499
314    0.000758
315    0.000500
316    0.000668
317    0.000544
318    0.000632
319    0.000481
320    0.000437
321    0.000243
322    0.000502
323    0.000503
324    0.000833
325    0.000551
326    0.000546
327    0.000608
328    0.000362
329    0.000495
330    0.000622
331    0.000554
332    0.001088
333    0.000509
334    0.000571
335    0.000676
336    0.000709
337    0.000447
338    0.000585
339    0.000409
340    0.000533
341    0.000468
342    0.000395
343    0.000655
344    0.000580
345    0.000413
346    0.000485
347    0.000347
348    0.000448
349    0.000409
350    0.000455
351    0.000529
352    0.000655
353    0.000440
354    0.000358
355    0.000457
356    0.000747
357    0.000670
358    0.000463
359    0.000403
360    0.000407
361    0.000569
362    0.000445
363    0.000391
364    0.000422
365    0.000821
366    0.000696
367    0.000435
368    0.000516
369    0.000441
370    0.000669
371    0.000477
372    0.000668
373    0.000566
374    0.000570
375    0.000839
376    0.000397
377    0.000485
378    0.000709
379    0.000390
380    0.000731
381    0.000660
382    0.000471
383    0.000731
384    0.000836
385    0.000369
386    0.000332
387    0.000514
388    0.000512
389    0.000293
390    0.000641
391    0.000291
392    0.000501
393    0.000472
394    0.000480
395    0.000449
396    0.000928
397    0.000543
398    0.000611
399    0.000377
400    0.000556
401    0.000424
402    0.000518
403    0.000424
404    0.000385
405    0.000306
406    0.000364
407    0.000297
408    0.000303
409    0.000414
410    0.000378
411    0.000598
412    0.000409
413    0.000376
414    0.000460
415    0.000264
416    0.000296
417    0.000453
418    0.000393
419    0.000369
420    0.000543
421    0.000682
422    0.000391
423    0.000446
424    0.000316
425    0.000213
426    0.000395
427    0.000430
428    0.000622
429    0.000459
430    0.000356
431    0.000658
432    0.000457
433    0.000454
434    0.000259
435    0.000367
436    0.000363
437    0.000509
438    0.000388
439    0.000357
440    0.000361
441    0.000306
442    0.000380
443    0.000412
444    0.000298
445    0.000432
446    0.000423
447    0.000365
448    0.000453
449    0.000335
450    0.000329
451    0.000476
452    0.000220
453    0.000552
454    0.000430
455    0.000289
456    0.000301
457    0.000370
458    0.000469
459    0.000366
460    0.000425
461    0.000307
462    0.000507
463    0.000404
464    0.000292
465    0.000312
466    0.000522
467    0.000273
468    0.000375
469    0.000588
470    0.000285
471    0.000218
472    0.000225
473    0.000331
474    0.000397
475    0.000387
476    0.000528
477    0.000383
478    0.000315
479    0.000325
480    0.000513
481    0.000289
482    0.000410
483    0.000695
484    0.000387
485    0.000427
486    0.000299
487    0.000417
488    0.000297
489    0.000282
490    0.000312
491    0.000243
492    0.000240
493    0.000351
494    0.000332
495    0.000321
496    0.000408
497    0.000325
498    0.000442
499    0.000431
500    0.000338
501    0.000292
502    0.000450
503    0.000287
504    0.000255
505    0.000601
506    0.000339
507    0.000444
508    0.000370
509    0.000307
510    0.000438
511    0.000314
512    0.000394
513    0.000389
514    0.000288
515    0.000484
516    0.000358
517    0.000249
518    0.000242
519    0.000401
520    0.000515
521    0.000308
522    0.000376
523    0.000210
524    0.000268
525    0.000325
526    0.000326
527    0.000371
528    0.000356
529    0.000275
530    0.000342
531    0.000416
532    0.000397
533    0.000352
534    0.000478
535    0.000560
536    0.000399
537    0.000371
538    0.000267
539    0.000241
540    0.000304
541    0.000212
542    0.000241
543    0.000206
544    0.000280
545    0.000295
546    0.000311
547    0.000451
548    0.000303
549    0.000288
550    0.000295
551    0.000505
552    0.000372
553    0.000296
554    0.000276
555    0.000285
556    0.000232
557    0.000259
558    0.000369
559    0.000275
560    0.000393
561    0.000318
562    0.000363
563    0.000344
564    0.000260
565    0.000355
566    0.000295
567    0.000391
568    0.000295
569    0.000357
570    0.000336
571    0.000162
572    0.000257
573    0.000293
574    0.000203
575    0.000238
576    0.000394
577    0.000251
578    0.000239
579    0.000341
580    0.000290
581    0.000362
582    0.000250
583    0.000410
584    0.000196
585    0.000374
586    0.000323
587    0.000321
588    0.000346
589    0.000271
590    0.000344
591    0.000417
592    0.000264
593    0.000275
594    0.000237
595    0.000330
596    0.000338
597    0.000326
598    0.000258
599    0.000250
600    0.000392
601    0.000375
602    0.000345
603    0.000307
604    0.000396
605    0.000422
606    0.000435
607    0.000236
608    0.000205
609    0.000338
610    0.000340
611    0.000364
612    0.000234
613    0.000382
614    0.000338
615    0.000400
616    0.000376
617    0.000194
618    0.000362
619    0.000210
620    0.000226
621    0.000312
622    0.000182
623    0.000308
624    0.000189
625    0.000247
626    0.000209
627    0.000520
628    0.000174
629    0.000245
630    0.000383
631    0.000430
632    0.000240
633    0.000198
634    0.000444
635    0.000163
636    0.000312
637    0.000193
638    0.000315
639    0.000290
640    0.000280
641    0.000282
642    0.000232
643    0.000285
644    0.000230
645    0.000169
646    0.000198
647    0.000251
648    0.000178
649    0.000222
650    0.000334
651    0.000163
652    0.000284
653    0.000231
654    0.000240
655    0.000295
656    0.000308
657    0.000397
658    0.000208
659    0.000152
660    0.000237
661    0.000279
662    0.000293
663    0.000280
664    0.000248
665    0.000302
666    0.000356
667    0.000345
668    0.000291
669    0.000296
670    0.000293
671    0.000365
672    0.000298
673    0.000263
674    0.000362
675    0.000203
676    0.000250
677    0.000272
678    0.000223
679    0.000256
680    0.000307
681    0.000321
682    0.000345
683    0.000395
684    0.000562
685    0.000245
686    0.000353
687    0.000230
688    0.000317
689    0.000459
690    0.000283
691    0.000267
692    0.000309
693    0.000290
694    0.000265
695    0.000322
696    0.000255
697    0.000192
698    0.000250
699    0.000186
700    0.000248
701    0.000225
702    0.000268
703    0.000205
704    0.000166
705    0.000202
706    0.000222
707    0.000224
708    0.000161
709    0.000254
710    0.000230
711    0.000231
712    0.000136
713    0.000259
714    0.000218
715    0.000176
716    0.000311
717    0.000388
718    0.000289
719    0.000227
720    0.000171
721    0.000157
722    0.000293
723    0.000255
724    0.000218
725    0.000299
726    0.000251
727    0.000237
728    0.000382
729    0.000187
730    0.000186
731    0.000263
732    0.000311
733    0.000259
734    0.000275
735    0.000304
736    0.000201
737    0.000272
738    0.000247
739    0.000321
740    0.000247
741    0.000252
742    0.000273
743    0.000199
744    0.000397
745    0.000335
746    0.000177
747    0.000112
748    0.000202
749    0.000211
750    0.000229
751    0.000128
752    0.000200
753    0.000228
754    0.000353
755    0.000136
756    0.000253
757    0.000255
758    0.000239
759    0.000327
760    0.000176
761    0.000209
762    0.000224
763    0.000292
764    0.000136
765    0.000170
766    0.000241
767    0.000196
768    0.000132
769    0.000179
770    0.000373
771    0.000227
772    0.000194
773    0.000174
774    0.000169
775    0.000257
776    0.000205
777    0.000161
778    0.000233
779    0.000289
780    0.000193
781    0.000157
782    0.000292
783    0.000125
784    0.000197
785    0.000264
786    0.000266
787    0.000211
788    0.000226
789    0.000163
790    0.000270
791    0.000166
792    0.000178
793    0.000151
794    0.000250
795    0.000316
796    0.000167
797    0.000243
798    0.000158
799    0.000135
800    0.000172
801    0.000206
802    0.000244
803    0.000311
804    0.000179
805    0.000190
806    0.000195
807    0.000326
808    0.000222
809    0.000229
810    0.000253
811    0.000103
812    0.000201
813    0.000211
814    0.000492
815    0.000119
816    0.000355
817    0.000173
818    0.000271
819    0.000297
820    0.000165
821    0.000512
822    0.000209
823    0.000114
824    0.000157
825    0.000573
