  1    0.073446
  2    0.140563
  3    0.022631
  4    0.024383
  5    0.040337
  6    0.018798
  7    0.014744
  8    0.023245
  9    0.024057
 10    0.003200
 11    0.015308
 12    0.006011
 13    0.012008
 14    0.006155
 15    0.003407
 16    0.009112
 17    0.005469
 18    0.008246
 19    0.006034
 20    0.003678
 21    0.006898
 22    0.004281
 23    0.007953
 24    0.005333
 25    0.005194
 26    0.003666
 27    0.004303
 28    0.003443
 29    0.004698
 30    0.003471
 31    0.005841
 32    0.006123
 33    0.002540
 34    0.003784
 35    0.004154
 36    0.002730
 37    0.002749
 38    0.003251
 39    0.004648
 40    0.002174
 41    0.001795
 42    0.003652
 43    0.004003
 44    0.002630
 45    0.002594
 46    0.003654
 47    0.003207
 48    0.003114
 49    0.002143
 50    0.003514
 51    0.002839
 52    0.002958
 53    0.003286
 54    0.002019
 55    0.001952
 56    0.002280
 57    0.002233
 58    0.001918
 59    0.001803
 60    0.001455
 61    0.001308
 62    0.002978
 63    0.001699
 64    0.001261
 65    0.001383
 66    0.001453
 67    0.001306
 68    0.001242
 69    0.002268
 70    0.001133
 71    0.002167
 72    0.001492
 73    0.001194
 74    0.001322
 75    0.002250
 76    0.001073
 77    0.001253
 78    0.001377
 79    0.001732
 80    0.000603
 81    0.001950
 82    0.001466
 83    0.002033
 84    0.001937
 85    0.001606
 86    0.001940
 87    0.001074
 88    0.001716
 89    0.001762
 90    0.001276
 91    0.001222
 92    0.001772
 93    0.001842
 94    0.001224
 95    0.001073
 96    0.000727
 97    0.001873
 98    0.001213
 99    0.000945
100    0.000996
101    0.002029
102    0.001180
103    0.001702
104    0.001651
105    0.002185
106    0.000517
107    0.000766
108    0.001389
109    0.001383
110    0.001150
111    0.000674
112    0.001815
113    0.001017
114    0.000825
115    0.000906
116    0.001286
117    0.001023
118    0.001406
119    0.000916
120    0.001040
121    0.000712
122    0.001918
123    0.002524
124    0.000982
125    0.001132
126    0.001570
127    0.001506
128    0.001196
129    0.002506
130    0.001578
131    0.002707
132    0.001421
133    0.001255
134    0.001383
135    0.001054
136    0.000725
137    0.000824
138    0.000893
139    0.001598
140    0.001972
141    0.001406
142    0.001046
143    0.000928
144    0.001208
145    0.000848
146    0.001031
147    0.000745
148    0.000843
149    0.000998
150    0.000937
151    0.000910
152    0.001013
153    0.000795
154    0.001110
155    0.000803
156    0.001085
157    0.000990
158    0.000982
159    0.000627
160    0.000559
161    0.000682
162    0.000540
163    0.000617
164    0.000861
165    0.000504
166    0.000993
167    0.000714
168    0.001411
169    0.001165
170    0.000764
171    0.001010
172    0.000933
173    0.000714
174    0.000807
175    0.001119
176    0.001149
177    0.000668
178    0.000939
179    0.001010
180    0.000847
181    0.001018
182    0.000594
183    0.000935
184    0.001165
185    0.000808
186    0.000761
187    0.001216
188    0.001057
189    0.000932
190    0.001051
191    0.000879
192    0.000778
193    0.000956
194    0.000869
195    0.000734
196    0.000845
197    0.000854
198    0.000731
199    0.000529
200    0.000667
201    0.000960
202    0.000832
203    0.000769
204    0.000792
205    0.000886
206    0.001226
207    0.001081
208    0.000742
209    0.000644
210    0.000767
211    0.000941
212    0.000848
213    0.000587
214    0.000799
215    0.000903
216    0.000930
217    0.000565
218    0.000765
219    0.000783
220    0.000741
221    0.000453
222    0.000687
223    0.001008
224    0.000748
225    0.000805
226    0.000506
227    0.000716
228    0.000719
229    0.000734
230    0.000478
231    0.000344
232    0.000903
233    0.000722
234    0.000757
235    0.001013
236    0.001048
237    0.000402
238    0.000772
239    0.000906
240    0.000311
241    0.000495
242    0.000498
243    0.000586
244    0.000543
245    0.000658
246    0.000571
247    0.000678
248    0.000621
249    0.000576
250    0.000314
251    0.000567
252    0.000897
253    0.000791
254    0.000860
255    0.000663
256    0.000364
257    0.000550
258    0.000745
259    0.000706
260    0.000531
261    0.000720
262    0.000573
263    0.000377
264    0.000382
265    0.000561
266    0.000701
267    0.000791
268    0.000645
269    0.000467
270    0.000556
271    0.000523
272    0.000692
273    0.000810
274    0.000478
275    0.000917
276    0.000683
277    0.000774
278    0.000286
279    0.000588
280    0.000473
281    0.000479
282    0.000586
283    0.000721
284    0.000660
285    0.001343
286    0.000448
287    0.001006
288    0.000645
289    0.000614
290    0.000284
291    0.000874
292    0.000667
293    0.000751
294    0.000389
295    0.000737
296    0.000683
297    0.000680
298    0.000353
299    0.000435
300    0.000353
301    0.000464
302    0.000483
303    0.000495
304    0.000386
305    0.000512
306    0.000691
307    0.000379
308    0.000625
309    0.000368
310    0.000446
311    0.000569
312    0.000604
313    0.000364
314    0.000322
315    0.000418
316    0.000481
317    0.000575
318    0.000468
319    0.000338
320    0.000442
321    0.000596
322    0.000668
323    0.000607
324    0.000494
325    0.000502
326    0.000590
327    0.000599
328    0.000485
329    0.000297
330    0.000442
331    0.000569
332    0.000472
333    0.000458
334    0.000569
335    0.000505
336    0.000512
337    0.000419
338    0.000412
339    0.000447
340    0.000592
341    0.000447
342    0.000413
343    0.000522
344    0.000655
345    0.000368
346    0.000409
347    0.000397
348    0.000437
349    0.000470
350    0.000499
351    0.000360
352    0.000514
353    0.000260
354    0.000683
355    0.000715
356    0.000612
357    0.000626
358    0.000495
359    0.000451
360    0.000437
361    0.000353
362    0.000380
363    0.000526
364    0.000502
365    0.000413
366    0.000437
367    0.000630
368    0.000504
369    0.000623
370    0.000193
371    0.000473
372    0.000425
373    0.000397
374    0.000626
375    0.000685
376    0.000298
377    0.000441
378    0.000431
379    0.000298
380    0.000487
381    0.000474
382    0.000425
383    0.000313
384    0.000294
385    0.000514
386    0.000406
387    0.000390
388    0.000304
389    0.000358
390    0.000370
391    0.000405
392    0.000433
393    0.000354
394    0.000516
395    0.000340
396    0.000317
397    0.000365
398    0.000463
399    0.000482
400    0.000483
401    0.000516
402    0.000522
403    0.000322
404    0.000502
405    0.000652
406    0.000307
407    0.000497
408    0.000244
409    0.000343
410    0.000279
411    0.000451
412    0.000571
413    0.000337
414    0.000329
415    0.000208
416    0.000253
417    0.000323
418    0.000392
419    0.000692
420    0.000281
421    0.000521
422    0.000401
423    0.000464
424    0.000505
425    0.000268
426    0.000269
427    0.000422
428    0.000427
429    0.000507
430    0.000413
431    0.000363
432    0.000361
433    0.000361
434    0.000298
435    0.000519
436    0.000517
437    0.000424
438    0.000412
439    0.000378
440    0.000241
441    0.000527
442    0.000159
443    0.000318
444    0.000260
445    0.000509
446    0.000274
447    0.000342
448    0.000341
449    0.000364
450    0.000333
451    0.000199
452    0.000384
453    0.000396
454    0.000276
455    0.000372
456    0.000290
457    0.000335
458    0.000225
459    0.000264
460    0.000465
461    0.000334
462    0.000353
463    0.000317
464    0.000253
465    0.000254
466    0.000414
467    0.000347
468    0.000487
469    0.000404
470    0.000287
471    0.000391
472    0.000297
473    0.000370
474    0.000309
475    0.000376
476    0.000265
477    0.000527
478    0.000368
479    0.000313
480    0.000350
481    0.000289
482    0.000371
483    0.000241
484    0.000407
485    0.000248
486    0.000236
487    0.000484
488    0.000202
489    0.000303
490    0.000422
491    0.000287
492    0.000346
493    0.000297
494    0.000301
495    0.000296
496    0.000235
497    0.000244
498    0.000339
499    0.000348
500    0.000249
501    0.000290
502    0.000227
503    0.000386
504    0.000400
505    0.000506
506    0.000371
507    0.000364
508    0.000421
509    0.000315
510    0.000264
511    0.000308
512    0.000224
513    0.000164
514    0.000206
515    0.000317
516    0.000304
517    0.000264
518    0.000227
519    0.000482
520    0.000204
521    0.000235
522    0.000293
523    0.000197
524    0.000309
525    0.000313
526    0.000479
527    0.000406
528    0.000274
529    0.000331
530    0.000236
531    0.000341
532    0.000260
533    0.000401
534    0.000299
535    0.000347
536    0.000432
537    0.000361
538    0.000357
539    0.000282
540    0.000250
541    0.000454
542    0.000326
543    0.000319
544    0.000275
545    0.000210
546    0.000375
547    0.000260
548    0.000274
549    0.000353
550    0.000420
551    0.000197
552    0.000322
553    0.000254
554    0.000242
555    0.000375
556    0.000348
557    0.000325
558    0.000253
559    0.000270
560    0.000247
561    0.000216
562    0.000282
563    0.000392
564    0.000258
565    0.000307
566    0.000295
567    0.000297
568    0.000346
569    0.000215
570    0.000227
571    0.000298
572    0.000229
573    0.000237
574    0.000221
575    0.000236
576    0.000134
577    0.000265
578    0.000216
579    0.000377
580    0.000258
581    0.000277
582    0.000255
583    0.000285
584    0.000262
585    0.000307
586    0.000316
587    0.000253
588    0.000355
589    0.000269
590    0.000280
591    0.000367
592    0.000367
593    0.000228
594    0.000267
595    0.000272
596    0.000336
597    0.000158
598    0.000207
599    0.000318
600    0.000208
601    0.000294
602    0.000323
603    0.000248
604    0.000287
605    0.000198
606    0.000189
607    0.000290
608    0.000260
609    0.000222
610    0.000266
611    0.000264
612    0.000304
613    0.000187
614    0.000273
615    0.000237
616    0.000250
617    0.000256
618    0.000297
619    0.000278
620    0.000321
621    0.000253
622    0.000299
623    0.000145
624    0.000181
625    0.000309
626    0.000134
627    0.000242
628    0.000239
629    0.000282
630    0.000278
631    0.000271
632    0.000335
633    0.000326
634    0.000193
635    0.000301
636    0.000321
637    0.000262
638    0.000342
639    0.000165
640    0.000170
641    0.000268
642    0.000225
643    0.000351
644    0.000276
645    0.000143
646    0.000261
647    0.000259
648    0.000278
649    0.000303
650    0.000287
651    0.000230
652    0.000281
653    0.000346
654    0.000374
655    0.000253
656    0.000242
657    0.000249
658    0.000252
659    0.000196
660    0.000265
661    0.000263
662    0.000240
663    0.000301
664    0.000213
665    0.000323
666    0.000197
667    0.000273
668    0.000303
669    0.000325
670    0.000255
671    0.000195
672    0.000183
673    0.000218
674    0.000237
675    0.000290
676    0.000324
677    0.000164
678    0.000132
679    0.000289
680    0.000274
681    0.000195
682    0.000273
683    0.000340
684    0.000248
685    0.000280
686    0.000184
687    0.000330
688    0.000189
689    0.000210
690    0.000280
691    0.000207
692    0.000242
693    0.000224
694    0.000084
695    0.000213
696    0.000210
697    0.000226
698    0.000196
699    0.000225
700    0.000304
701    0.000230
702    0.000162
703    0.000285
704    0.000227
705    0.000146
706    0.000217
707    0.000252
708    0.000302
709    0.000185
710    0.000253
711    0.000158
712    0.000218
713    0.000257
714    0.000171
715    0.000167
716    0.000230
717    0.000171
718    0.000179
719    0.000230
720    0.000142
721    0.000181
722    0.000251
723    0.000104
724    0.000225
725    0.000146
726    0.000177
727    0.000153
728    0.000304
729    0.000202
730    0.000206
731    0.000273
732    0.000291
733    0.000296
734    0.000317
735    0.000316
736    0.000201
737    0.000390
738    0.000177
739    0.000348
740    0.000187
741    0.000218
742    0.000205
743    0.000173
744    0.000187
745    0.000267
746    0.000277
747    0.000121
748    0.000104
749    0.000232
750    0.000153
751    0.000142
752    0.000252
753    0.000214
754    0.000176
755    0.000157
756    0.000284
757    0.000195
758    0.000233
759    0.000283
760    0.000170
761    0.000188
762    0.000209
763    0.000149
764    0.000196
765    0.000249
766    0.000119
767    0.000173
768    0.000099
769    0.000279
770    0.000165
771    0.000228
772    0.000156
773    0.000104
774    0.000264
775    0.000197
776    0.000256
777    0.000143
778    0.000211
779    0.000157
780    0.000173
781    0.000121
782    0.000199
783    0.000142
784    0.000209
785    0.000170
786    0.000222
787    0.000329
788    0.000174
789    0.000152
790    0.000226
791    0.000225
792    0.000273
793    0.000257
794    0.000158
795    0.000165
796    0.000208
797    0.000191
798    0.000077
799    0.000103
800    0.000203
801    0.000153
802    0.000237
803    0.000223
804    0.000220
805    0.000106
806    0.000161
807    0.000181
808    0.000239
809    0.000214
810    0.000168
811    0.000268
812    0.000115
813    0.000097
814    0.000155
815    0.000233
816    0.000353
817    0.000397
818    0.000174
819    0.000240
820    0.000411
821    0.000268
822    0.000053
823    0.000131
824    0.000109
825    0.000453
