  1    0.081705
  2    0.153257
  3    0.012096
  4    0.032684
  5    0.031284
  6    0.005524
  7    0.018818
  8    0.020176
  9    0.013659
 10    0.004072
 11    0.011919
 12    0.007016
 13    0.008183
 14    0.006052
 15    0.006206
 16    0.004590
 17    0.005043
 18    0.010780
 19    0.008474
 20    0.004382
 21    0.004823
 22    0.003857
 23    0.005619
 24    0.004394
 25    0.007394
 26    0.007050
 27    0.003725
 28    0.005591
 29    0.005456
 30    0.003332
 31    0.004692
 32    0.003823
 33    0.005297
 34    0.002481
 35    0.005160
 36    0.003684
 37    0.006798
 38    0.003600
 39    0.002021
 40    0.002732
 41    0.003457
 42    0.003291
 43    0.004255
 44    0.002262
 45    0.002051
 46    0.001988
 47    0.003638
 48    0.002404
 49    0.003078
 50    0.003732
 51    0.002798
 52    0.001011
 53    0.002544
 54    0.001857
 55    0.002795
 56    0.001569
 57    0.002601
 58    0.002807
 59    0.001505
 60    0.002336
 61    0.002103
 62    0.001682
 63    0.002186
 64    0.001639
 65    0.001302
 66    0.001841
 67    0.001546
 68    0.001133
 69    0.001145
 70    0.001000
 71    0.001433
 72    0.001351
 73    0.001919
 74    0.001499
 75    0.001826
 76    0.001851
 77    0.002504
 78    0.001553
 79    0.001781
 80    0.001757
 81    0.001250
 82    0.001804
 83    0.001780
 84    0.001323
 85    0.001305
 86    0.001409
 87    0.001711
 88    0.001350
 89    0.001858
 90    0.001382
 91    0.001728
 92    0.001460
 93    0.001889
 94    0.001326
 95    0.001427
 96    0.001151
 97    0.001823
 98    0.000867
 99    0.000995
100    0.001029
101    0.000875
102    0.001358
103    0.000767
104    0.000889
105    0.001864
106    0.000760
107    0.001106
108    0.001626
109    0.000757
110    0.001106
111    0.001531
112    0.001308
113    0.000904
114    0.001173
115    0.001599
116    0.001409
117    0.000963
118    0.001708
119    0.001529
120    0.000793
121    0.001188
122    0.001407
123    0.001024
124    0.000879
125    0.001144
126    0.000989
127    0.001276
128    0.002622
129    0.002252
130    0.000832
131    0.001167
132    0.001254
133    0.000951
134    0.001052
135    0.000769
136    0.001119
137    0.001105
138    0.001493
139    0.001056
140    0.001167
141    0.000887
142    0.001137
143    0.001480
144    0.000604
145    0.001093
146    0.000849
147    0.000743
148    0.000954
149    0.000950
150    0.001183
151    0.001067
152    0.000969
153    0.000948
154    0.000970
155    0.000904
156    0.000861
157    0.001286
158    0.001241
159    0.001163
160    0.000636
161    0.001065
162    0.000953
163    0.000915
164    0.001052
165    0.001305
166    0.000994
167    0.000961
168    0.001773
169    0.001179
170    0.000699
171    0.001303
172    0.001152
173    0.000657
174    0.000847
175    0.001120
176    0.000902
177    0.000762
178    0.000806
179    0.000681
180    0.001916
181    0.000965
182    0.000817
183    0.001044
184    0.000768
185    0.001147
186    0.000686
187    0.000868
188    0.000646
189    0.000904
190    0.000990
191    0.001009
192    0.000744
193    0.000602
194    0.000923
195    0.001069
196    0.000532
197    0.000848
198    0.000986
199    0.000768
200    0.000845
201    0.000992
202    0.000986
203    0.000916
204    0.001036
205    0.001166
206    0.000756
207    0.001168
208    0.001120
209    0.001020
210    0.000668
211    0.001015
212    0.000648
213    0.000810
214    0.001052
215    0.000757
216    0.000784
217    0.000670
218    0.000501
219    0.000905
220    0.000735
221    0.000520
222    0.000889
223    0.000798
224    0.000750
225    0.000402
226    0.000713
227    0.000550
228    0.000581
229    0.001127
230    0.000594
231    0.000522
232    0.000851
233    0.000734
234    0.001200
235    0.000506
236    0.001214
237    0.000602
238    0.000854
239    0.000805
240    0.000438
241    0.000367
242    0.000506
243    0.000641
244    0.000443
245    0.000523
246    0.000366
247    0.000812
248    0.000539
249    0.000515
250    0.000747
251    0.000825
252    0.000385
253    0.000972
254    0.000431
255    0.000721
256    0.000603
257    0.000830
258    0.000909
259    0.000608
260    0.000486
261    0.000638
262    0.000466
263    0.000401
264    0.000545
265    0.001038
266    0.000564
267    0.000928
268    0.000464
269    0.000858
270    0.000613
271    0.000313
272    0.000382
273    0.000638
274    0.000952
275    0.000555
276    0.000902
277    0.000508
278    0.000329
279    0.000856
280    0.000450
281    0.000876
282    0.000708
283    0.000484
284    0.000520
285    0.000373
286    0.000978
287    0.000478
288    0.000598
289    0.000626
290    0.000401
291    0.000384
292    0.000952
293    0.000435
294    0.000340
295    0.000571
296    0.000339
297    0.000410
298    0.000274
299    0.000558
300    0.000359
301    0.000906
302    0.000452
303    0.000526
304    0.000540
305    0.000576
306    0.000473
307    0.000440
308    0.000556
309    0.000679
310    0.000573
311    0.000817
312    0.000430
313    0.000415
314    0.000593
315    0.000465
316    0.000806
317    0.000485
318    0.000397
319    0.000388
320    0.000399
321    0.000644
322    0.000511
323    0.000620
324    0.000315
325    0.000435
326    0.000805
327    0.000746
328    0.000558
329    0.000447
330    0.000421
331    0.000544
332    0.000533
333    0.000512
334    0.000347
335    0.000382
336    0.000617
337    0.000386
338    0.000416
339    0.000295
340    0.000692
341    0.000402
342    0.000454
343    0.000382
344    0.000510
345    0.000488
346    0.000520
347    0.000477
348    0.000346
349    0.000457
350    0.000487
351    0.000551
352    0.000542
353    0.000381
354    0.000526
355    0.000547
356    0.000460
357    0.000865
358    0.000460
359    0.000506
360    0.000522
361    0.000270
362    0.000299
363    0.000326
364    0.000546
365    0.000612
366    0.000454
367    0.000478
368    0.000382
369    0.000900
370    0.000542
371    0.000428
372    0.000866
373    0.000523
374    0.000406
375    0.000458
376    0.000739
377    0.000603
378    0.000419
379    0.000671
380    0.000363
381    0.000483
382    0.000403
383    0.000353
384    0.000387
385    0.000384
386    0.000261
387    0.000618
388    0.000423
389    0.000633
390    0.000389
391    0.000548
392    0.000559
393    0.000482
394    0.000463
395    0.000319
396    0.000404
397    0.000364
398    0.000296
399    0.000318
400    0.000447
401    0.000450
402    0.000435
403    0.000355
404    0.000432
405    0.000308
406    0.000373
407    0.000394
408    0.000539
409    0.000490
410    0.000323
411    0.000357
412    0.000255
413    0.000341
414    0.000311
415    0.000316
416    0.000487
417    0.000198
418    0.000400
419    0.000300
420    0.000515
421    0.000729
422    0.000366
423    0.000592
424    0.000357
425    0.000213
426    0.000300
427    0.000381
428    0.000298
429    0.000394
430    0.000326
431    0.000413
432    0.000537
433    0.000353
434    0.000387
435    0.000404
436    0.000191
437    0.000647
438    0.000241
439    0.000556
440    0.000427
441    0.000454
442    0.000489
443    0.000382
444    0.000174
445    0.000571
446    0.000524
447    0.000554
448    0.000789
449    0.000556
450    0.000473
451    0.000536
452    0.000702
453    0.000675
454    0.000459
455    0.000448
456    0.000321
457    0.000478
458    0.000376
459    0.000266
460    0.000352
461    0.000298
462    0.000345
463    0.000292
464    0.000432
465    0.000329
466    0.000561
467    0.000324
468    0.000333
469    0.000387
470    0.000339
471    0.000311
472    0.000292
473    0.000317
474    0.000292
475    0.000285
476    0.000259
477    0.000437
478    0.000416
479    0.000305
480    0.000302
481    0.000395
482    0.000263
483    0.000383
484    0.000256
485    0.000412
486    0.000276
487    0.000411
488    0.000147
489    0.000335
490    0.000500
491    0.000416
492    0.000414
493    0.000230
494    0.000383
495    0.000305
496    0.000302
497    0.000219
498    0.000277
499    0.000271
500    0.000338
501    0.000349
502    0.000378
503    0.000281
504    0.000223
505    0.000383
506    0.000238
507    0.000347
508    0.000333
509    0.000436
510    0.000447
511    0.000488
512    0.000307
513    0.000280
514    0.000249
515    0.000233
516    0.000418
517    0.000278
518    0.000298
519    0.000249
520    0.000324
521    0.000291
522    0.000336
523    0.000292
524    0.000302
525    0.000268
526    0.000285
527    0.000421
528    0.000337
529    0.000387
530    0.000298
531    0.000288
532    0.000167
533    0.000540
534    0.000486
535    0.000268
536    0.000311
537    0.000353
538    0.000238
539    0.000489
540    0.000501
541    0.000587
542    0.000261
543    0.000271
544    0.000390
545    0.000198
546    0.000340
547    0.000379
548    0.000391
549    0.000287
550    0.000328
551    0.000252
552    0.000336
553    0.000210
554    0.000278
555    0.000282
556    0.000421
557    0.000333
558    0.000257
559    0.000317
560    0.000409
561    0.000261
562    0.000322
563    0.000194
564    0.000253
565    0.000296
566    0.000162
567    0.000172
568    0.000318
569    0.000323
570    0.000284
571    0.000250
572    0.000201
573    0.000243
574    0.000247
575    0.000248
576    0.000268
577    0.000382
578    0.000245
579    0.000225
580    0.000268
581    0.000162
582    0.000215
583    0.000321
584    0.000262
585    0.000258
586    0.000338
587    0.000270
588    0.000322
589    0.000223
590    0.000252
591    0.000285
592    0.000290
593    0.000242
594    0.000183
595    0.000243
596    0.000300
597    0.000204
598    0.000273
599    0.000271
600    0.000196
601    0.000251
602    0.000276
603    0.000377
604    0.000339
605    0.000371
606    0.000366
607    0.000318
608    0.000264
609    0.000235
610    0.000170
611    0.000173
612    0.000210
613    0.000225
614    0.000310
615    0.000174
616    0.000233
617    0.000443
618    0.000267
619    0.000254
620    0.000268
621    0.000197
622    0.000167
623    0.000401
624    0.000274
625    0.000298
626    0.000379
627    0.000409
628    0.000347
629    0.000277
630    0.000388
631    0.000230
632    0.000341
633    0.000237
634    0.000327
635    0.000336
636    0.000266
637    0.000180
638    0.000260
639    0.000344
640    0.000310
641    0.000362
642    0.000216
643    0.000180
644    0.000361
645    0.000278
646    0.000206
647    0.000287
648    0.000250
649    0.000271
650    0.000256
651    0.000350
652    0.000248
653    0.000288
654    0.000334
655    0.000222
656    0.000224
657    0.000236
658    0.000211
659    0.000477
660    0.000150
661    0.000360
662    0.000365
663    0.000276
664    0.000300
665    0.000318
666    0.000348
667    0.000272
668    0.000254
669    0.000329
670    0.000207
671    0.000299
672    0.000275
673    0.000193
674    0.000300
675    0.000236
676    0.000249
677    0.000278
678    0.000229
679    0.000250
680    0.000359
681    0.000277
682    0.000308
683    0.000181
684    0.000243
685    0.000360
686    0.000222
687    0.000235
688    0.000240
689    0.000305
690    0.000193
691    0.000240
692    0.000199
693    0.000185
694    0.000350
695    0.000190
696    0.000344
697    0.000173
698    0.000285
699    0.000261
700    0.000176
701    0.000188
702    0.000213
703    0.000328
704    0.000217
705    0.000239
706    0.000204
707    0.000270
708    0.000254
709    0.000316
710    0.000262
711    0.000249
712    0.000220
713    0.000247
714    0.000235
715    0.000279
716    0.000248
717    0.000213
718    0.000245
719    0.000204
720    0.000156
721    0.000270
722    0.000125
723    0.000267
724    0.000210
725    0.000260
726    0.000188
727    0.000173
728    0.000159
729    0.000220
730    0.000274
731    0.000304
732    0.000362
733    0.000234
734    0.000347
735    0.000245
736    0.000213
737    0.000333
738    0.000187
739    0.000358
740    0.000190
741    0.000255
742    0.000216
743    0.000154
744    0.000249
745    0.000313
746    0.000236
747    0.000196
748    0.000276
749    0.000220
750    0.000196
751    0.000233
752    0.000199
753    0.000202
754    0.000172
755    0.000382
756    0.000154
757    0.000209
758    0.000186
759    0.000157
760    0.000085
761    0.000247
762    0.000177
763    0.000077
764    0.000202
765    0.000196
766    0.000292
767    0.000174
768    0.000148
769    0.000176
770    0.000205
771    0.000225
772    0.000162
773    0.000277
774    0.000197
775    0.000353
776    0.000176
777    0.000119
778    0.000276
779    0.000185
780    0.000151
781    0.000176
782    0.000245
783    0.000123
784    0.000193
785    0.000276
786    0.000208
787    0.000213
788    0.000289
789    0.000209
790    0.000159
791    0.000219
792    0.000170
793    0.000274
794    0.000246
795    0.000113
796    0.000203
797    0.000081
798    0.000194
799    0.000159
800    0.000146
801    0.000235
802    0.000208
803    0.000201
804    0.000151
805    0.000210
806    0.000198
807    0.000233
808    0.000155
809    0.000134
810    0.000354
811    0.000202
812    0.000164
813    0.000051
814    0.000255
815    0.000142
816    0.000104
817    0.000399
818    0.000289
819    0.000508
820    0.000338
821    0.000476
822    0.000058
823    0.000201
824    0.000189
825    0.000484
