  1    0.058739
  2    0.063490
  3    0.036919
  4    0.025137
  5    0.020110
  6    0.006521
  7    0.019939
  8    0.008180
  9    0.009507
 10    0.020648
 11    0.006683
 12    0.011491
 13    0.009865
 14    0.008151
 15    0.005701
 16    0.006265
 17    0.009235
 18    0.007632
 19    0.007948
 20    0.004248
 21    0.007568
 22    0.009487
 23    0.005739
 24    0.003586
 25    0.006999
 26    0.005956
 27    0.008685
 28    0.006129
 29    0.004880
 30    0.008258
 31    0.003487
 32    0.005487
 33    0.004897
 34    0.002928
 35    0.005034
 36    0.005948
 37    0.001784
 38    0.003458
 39    0.002334
 40    0.006114
 41    0.005738
 42    0.004914
 43    0.004053
 44    0.002449
 45    0.004077
 46    0.005532
 47    0.003116
 48    0.002183
 49    0.002911
 50    0.005052
 51    0.002439
 52    0.002400
 53    0.001612
 54    0.003662
 55    0.001936
 56    0.002792
 57    0.004726
 58    0.001624
 59    0.001921
 60    0.001166
 61    0.002215
 62    0.001711
 63    0.003474
 64    0.001692
 65    0.001017
 66    0.002358
 67    0.001497
 68    0.002291
 69    0.001022
 70    0.001135
 71    0.001210
 72    0.002958
 73    0.000902
 74    0.002000
 75    0.002848
 76    0.001609
 77    0.002219
 78    0.000840
 79    0.001910
 80    0.001951
 81    0.002278
 82    0.002821
 83    0.002092
 84    0.002342
 85    0.001983
 86    0.001399
 87    0.001242
 88    0.003016
 89    0.002405
 90    0.001876
 91    0.003164
 92    0.001627
 93    0.001643
 94    0.001392
 95    0.001520
 96    0.000913
 97    0.001303
 98    0.001208
 99    0.001100
100    0.003220
101    0.001036
102    0.002726
103    0.003384
104    0.002246
105    0.000978
106    0.001727
107    0.001459
108    0.000811
109    0.000959
110    0.001167
111    0.002427
112    0.001299
113    0.001251
114    0.000631
115    0.000745
116    0.001371
117    0.001238
118    0.000509
119    0.001281
120    0.001657
121    0.001808
122    0.000724
123    0.001543
124    0.000766
125    0.003583
126    0.001355
127    0.001275
128    0.001103
129    0.001432
130    0.000668
131    0.001071
132    0.000436
133    0.001153
134    0.001854
135    0.000922
136    0.000483
137    0.001345
138    0.001630
139    0.001165
140    0.000897
141    0.001376
142    0.001297
143    0.001609
144    0.001054
145    0.001283
146    0.001636
147    0.000713
148    0.001478
149    0.001901
150    0.001085
151    0.000350
152    0.001485
153    0.000765
154    0.001221
155    0.001683
156    0.000454
157    0.001198
158    0.000287
159    0.000508
160    0.000626
161    0.000677
162    0.001500
163    0.000868
164    0.000549
165    0.001208
166    0.001794
167    0.001190
168    0.001072
169    0.000989
170    0.001948
171    0.001712
172    0.001020
173    0.001199
174    0.001107
175    0.001451
176    0.001144
177    0.000700
178    0.000808
179    0.001856
180    0.000652
181    0.000964
182    0.001075
183    0.000687
184    0.000869
185    0.001134
186    0.000442
187    0.001417
188    0.001243
189    0.001140
190    0.000589
191    0.001148
192    0.001288
193    0.001014
194    0.000710
195    0.001455
196    0.001322
197    0.000923
198    0.001099
199    0.000903
200    0.001084
201    0.000760
202    0.001384
203    0.002520
204    0.000621
205    0.001011
206    0.001042
207    0.000743
208    0.000917
209    0.000425
210    0.001258
211    0.000955
212    0.000568
213    0.000861
214    0.000877
215    0.001030
216    0.001245
217    0.002408
218    0.000457
219    0.001014
220    0.000659
221    0.000620
222    0.000499
223    0.000572
224    0.001218
225    0.001022
226    0.001230
227    0.000451
228    0.000638
229    0.001176
230    0.001113
231    0.001257
232    0.000864
233    0.000801
234    0.000628
235    0.001138
236    0.000903
237    0.001150
238    0.000754
239    0.000434
240    0.001770
241    0.001248
242    0.000512
243    0.001344
244    0.000378
245    0.001235
246    0.001021
247    0.000810
248    0.000983
249    0.000162
250    0.000567
251    0.001099
252    0.000722
253    0.000406
254    0.001084
255    0.000400
256    0.000825
257    0.001410
258    0.000660
259    0.000295
260    0.000606
261    0.000770
262    0.000683
263    0.000879
264    0.000608
265    0.000896
266    0.000702
267    0.000488
268    0.000670
269    0.000971
270    0.000406
271    0.000769
272    0.000676
273    0.000634
274    0.000676
275    0.000502
276    0.000453
277    0.000506
278    0.000178
279    0.000286
280    0.000485
281    0.000737
282    0.000692
283    0.001139
284    0.000517
285    0.000911
286    0.000385
287    0.000662
288    0.000374
289    0.000749
290    0.000591
291    0.000638
292    0.000730
293    0.000581
294    0.000426
295    0.000542
296    0.000491
297    0.000562
298    0.000377
299    0.000307
300    0.000506
301    0.000473
302    0.000507
303    0.000583
304    0.000827
305    0.000290
306    0.000643
307    0.000480
308    0.000365
309    0.000634
310    0.000754
311    0.000480
312    0.000714
313    0.000888
314    0.000640
315    0.000695
316    0.000623
317    0.000420
318    0.000708
319    0.000791
320    0.000784
321    0.000621
322    0.001321
323    0.001023
324    0.000641
325    0.000422
326    0.000536
327    0.000304
328    0.000630
329    0.000689
330    0.000473
331    0.000508
332    0.000501
333    0.000806
334    0.000436
335    0.000660
336    0.000581
337    0.000692
338    0.000704
339    0.000344
340    0.000611
341    0.000597
342    0.000441
343    0.000934
344    0.000529
345    0.001392
346    0.000541
347    0.000392
348    0.000969
349    0.000419
350    0.000662
351    0.000642
352    0.000477
353    0.000685
354    0.000601
355    0.001097
356    0.000746
357    0.000995
358    0.001063
359    0.000963
360    0.000575
361    0.000410
362    0.000367
363    0.000246
364    0.000767
365    0.000592
366    0.000718
367    0.000476
368    0.000812
369    0.000377
370    0.000306
371    0.000739
372    0.000669
373    0.000659
374    0.000348
375    0.000680
376    0.000381
377    0.000938
378    0.000383
379    0.000824
380    0.000357
381    0.000654
382    0.000303
383    0.000559
384    0.000593
385    0.000644
386    0.000636
387    0.000603
388    0.000562
389    0.001029
390    0.000461
391    0.000433
392    0.000375
393    0.000768
394    0.000757
395    0.000473
396    0.000227
397    0.000640
398    0.000115
399    0.001020
400    0.000723
401    0.000404
402    0.000626
403    0.000572
404    0.000341
405    0.000920
406    0.000610
407    0.000334
408    0.000349
409    0.000867
410    0.000669
411    0.000282
412    0.000397
413    0.000698
414    0.000574
415    0.000257
416    0.000560
417    0.000729
418    0.000734
419    0.000596
420    0.000700
421    0.000648
422    0.000358
423    0.000454
424    0.000600
425    0.000378
426    0.000748
427    0.000350
428    0.000353
429    0.000841
430    0.000555
431    0.000378
432    0.000440
433    0.000266
434    0.000668
435    0.000680
436    0.000293
437    0.000244
438    0.000898
439    0.000151
440    0.000482
441    0.000805
442    0.000599
443    0.000618
444    0.000580
445    0.000571
446    0.000570
447    0.000634
448    0.000425
449    0.000412
450    0.000536
451    0.000189
452    0.000552
453    0.000875
454    0.000627
455    0.000298
456    0.000441
457    0.000489
458    0.000217
459    0.000375
460    0.000191
461    0.000497
462    0.000270
463    0.000593
464    0.000744
465    0.000495
466    0.000348
467    0.000334
468    0.000496
469    0.000304
470    0.000577
471    0.000629
472    0.000471
473    0.000304
474    0.000535
475    0.000250
476    0.000200
477    0.000459
478    0.000452
479    0.000759
480    0.000508
481    0.000341
482    0.000441
483    0.000617
484    0.000669
485    0.000476
486    0.000356
487    0.000486
488    0.000681
489    0.000626
490    0.000182
491    0.000331
492    0.000521
493    0.000408
494    0.000480
495    0.000614
496    0.000382
497    0.000296
498    0.000410
499    0.000448
500    0.000208
501    0.000483
502    0.000350
503    0.000305
504    0.000565
505    0.000457
506    0.000368
507    0.000511
508    0.000710
509    0.000498
510    0.000264
511    0.000375
512    0.000414
513    0.000489
514    0.000426
515    0.000314
516    0.000443
517    0.000509
518    0.000291
519    0.000476
520    0.000251
521    0.000475
522    0.000370
523    0.000462
524    0.000437
525    0.000263
526    0.000347
527    0.000430
528    0.000625
529    0.000627
530    0.000832
531    0.000556
532    0.000189
533    0.000379
534    0.000637
535    0.000467
536    0.000465
537    0.000679
538    0.000250
539    0.000245
540    0.000333
541    0.000375
542    0.000437
543    0.000546
544    0.000386
545    0.000220
546    0.000525
547    0.000380
548    0.000193
549    0.000714
550    0.000264
551    0.000416
552    0.000463
553    0.000304
554    0.000318
555    0.000589
556    0.000488
557    0.000287
558    0.000696
559    0.000144
560    0.000295
561    0.000419
562    0.000317
563    0.000184
564    0.000562
565    0.000255
566    0.000275
567    0.000294
568    0.000219
569    0.000254
570    0.000330
571    0.000208
572    0.000335
573    0.000226
574    0.000300
575    0.000205
576    0.000267
577    0.000139
578    0.000260
579    0.000219
580    0.000256
581    0.000177
582    0.000195
583    0.000127
584    0.000320
585    0.000204
586    0.000231
587    0.000403
588    0.000321
589    0.000300
590    0.000309
591    0.000248
592    0.000311
593    0.000162
594    0.000312
595    0.000142
596    0.000247
597    0.000161
598    0.000359
599    0.000219
600    0.000260
601    0.000376
602    0.000282
603    0.000305
604    0.000173
605    0.000347
606    0.000368
607    0.000152
608    0.000227
609    0.000231
610    0.000282
611    0.000347
612    0.000308
613    0.000332
614    0.000441
615    0.000494
616    0.000276
617    0.000443
618    0.000240
619    0.000329
620    0.000140
621    0.000363
622    0.000325
623    0.000188
624    0.000400
625    0.000277
626    0.000277
627    0.000229
628    0.000343
629    0.000331
630    0.000259
631    0.000306
632    0.000267
633    0.000473
634    0.000271
635    0.000378
636    0.000304
637    0.000548
638    0.000149
639    0.000239
640    0.000178
641    0.000266
642    0.000224
643    0.000137
644    0.000268
645    0.000191
646    0.000335
647    0.000383
648    0.000218
649    0.000282
650    0.000287
651    0.000325
652    0.000370
653    0.000400
654    0.000113
655    0.000325
656    0.000271
657    0.000138
658    0.000289
659    0.000375
660    0.000241
661    0.000132
662    0.000447
663    0.000272
664    0.000391
665    0.000128
666    0.000181
667    0.000258
668    0.000432
669    0.000322
670    0.000275
671    0.000346
672    0.000253
673    0.000231
674    0.000289
675    0.000187
676    0.000271
677    0.000336
678    0.000173
679    0.000165
680    0.000189
681    0.000260
682    0.000302
683    0.000222
684    0.000238
685    0.000283
686    0.000067
687    0.000274
688    0.000263
689    0.000323
690    0.000270
691    0.000308
692    0.000223
693    0.000080
694    0.000060
695    0.000278
696    0.000100
697    0.000224
698    0.000218
699    0.000171
700    0.000401
701    0.000214
702    0.000229
703    0.000262
704    0.000367
705    0.000234
706    0.000202
707    0.000142
708    0.000360
709    0.000320
710    0.000141
711    0.000162
712    0.000292
713    0.000124
714    0.000214
715    0.000258
716    0.000162
717    0.000240
718    0.000254
719    0.000222
720    0.000336
721    0.000210
722    0.000311
723    0.000303
724    0.000224
725    0.000252
726    0.000277
727    0.000218
728    0.000427
729    0.000211
730    0.000593
731    0.000253
732    0.000437
733    0.000073
734    0.000321
735    0.000186
736    0.000329
737    0.000353
738    0.000352
739    0.000187
740    0.000239
741    0.000275
742    0.000289
743    0.000351
744    0.000335
745    0.000441
746    0.000280
747    0.000247
748    0.000241
749    0.000395
750    0.000344
751    0.000273
752    0.000357
753    0.000347
754    0.000194
755    0.000213
756    0.000238
757    0.000402
758    0.000273
759    0.000186
760    0.000216
761    0.000151
762    0.000405
763    0.000175
764    0.000167
765    0.000247
766    0.000418
767    0.000124
768    0.000185
769    0.000233
770    0.000160
771    0.000229
772    0.000365
773    0.000135
774    0.000144
775    0.000197
776    0.000224
777    0.000310
778    0.000150
779    0.000328
780    0.000309
781    0.000110
782    0.000077
783    0.000307
784    0.000113
785    0.000321
786    0.000134
787    0.000344
788    0.000161
789    0.000215
790    0.000317
791    0.000164
792    0.000467
793    0.000321
794    0.000230
795    0.000076
796    0.000303
797    0.000417
798    0.000083
799    0.000141
800    0.000051
801    0.000156
802    0.000181
803    0.000165
804    0.000112
805    0.000116
806    0.000238
807    0.000176
808    0.000187
809    0.000260
810    0.000189
811    0.000137
812    0.000158
813    0.000110
814    0.000037
815    0.000379
816    0.000085
817    0.000181
818    0.000064
819    0.000248
820    0.000312
821    0.000287
822    0.000388
823    0.000215
824    0.000716
825    0.000680
