  1    0.104241
  2    0.064758
  3    0.063120
  4    0.033079
  5    0.034476
  6    0.018697
  7    0.016890
  8    0.018892
  9    0.016772
 10    0.004070
 11    0.001665
 12    0.007582
 13    0.010277
 14    0.009874
 15    0.005000
 16    0.003477
 17    0.004686
 18    0.007916
 19    0.009599
 20    0.004400
 21    0.005006
 22    0.005171
 23    0.007840
 24    0.007897
 25    0.004987
 26    0.002738
 27    0.005282
 28    0.002266
 29    0.006274
 30    0.003173
 31    0.006734
 32    0.003846
 33    0.003916
 34    0.005944
 35    0.006332
 36    0.003496
 37    0.003725
 38    0.002988
 39    0.002192
 40    0.004196
 41    0.003603
 42    0.004237
 43    0.004184
 44    0.004540
 45    0.003099
 46    0.002957
 47    0.001832
 48    0.000755
 49    0.003711
 50    0.001924
 51    0.004038
 52    0.001936
 53    0.004048
 54    0.001367
 55    0.002387
 56    0.001730
 57    0.002061
 58    0.003626
 59    0.001989
 60    0.001795
 61    0.001433
 62    0.001831
 63    0.001669
 64    0.001332
 65    0.003011
 66    0.002142
 67    0.000998
 68    0.001994
 69    0.001489
 70    0.001075
 71    0.001658
 72    0.002419
 73    0.001667
 74    0.001592
 75    0.001552
 76    0.001600
 77    0.003172
 78    0.001538
 79    0.000813
 80    0.000863
 81    0.001174
 82    0.002587
 83    0.001430
 84    0.001649
 85    0.001430
 86    0.001241
 87    0.004106
 88    0.000956
 89    0.001601
 90    0.001313
 91    0.002514
 92    0.003474
 93    0.002871
 94    0.001628
 95    0.001657
 96    0.000956
 97    0.003149
 98    0.000743
 99    0.001135
100    0.001186
101    0.001729
102    0.000705
103    0.001897
104    0.001626
105    0.001433
106    0.001358
107    0.000291
108    0.001596
109    0.001019
110    0.001622
111    0.002127
112    0.001001
113    0.001335
114    0.001013
115    0.000377
116    0.000825
117    0.000787
118    0.000758
119    0.000736
120    0.000737
121    0.001228
122    0.001173
123    0.001517
124    0.000744
125    0.000955
126    0.002093
127    0.001518
128    0.000915
129    0.000988
130    0.000962
131    0.001447
132    0.000987
133    0.000881
134    0.001590
135    0.002411
136    0.001311
137    0.001213
138    0.001460
139    0.002380
140    0.000469
141    0.001317
142    0.000559
143    0.000746
144    0.001348
145    0.001030
146    0.001218
147    0.001757
148    0.000756
149    0.001067
150    0.000544
151    0.001570
152    0.001571
153    0.001566
154    0.000993
155    0.001718
156    0.001001
157    0.000641
158    0.000487
159    0.000636
160    0.000847
161    0.000761
162    0.001514
163    0.000971
164    0.001105
165    0.000996
166    0.000993
167    0.001414
168    0.001447
169    0.000609
170    0.000424
171    0.000575
172    0.001153
173    0.000739
174    0.000847
175    0.001065
176    0.000528
177    0.000609
178    0.000808
179    0.001102
180    0.001322
181    0.000818
182    0.001165
183    0.000802
184    0.000646
185    0.000507
186    0.000863
187    0.000769
188    0.000277
189    0.000619
190    0.001273
191    0.000549
192    0.000551
193    0.000344
194    0.000533
195    0.000804
196    0.001021
197    0.000894
198    0.000808
199    0.000698
200    0.000832
201    0.000222
202    0.000842
203    0.000403
204    0.000383
205    0.000358
206    0.000346
207    0.000373
208    0.000600
209    0.000688
210    0.000556
211    0.000499
212    0.000645
213    0.000465
214    0.000483
215    0.000764
216    0.000398
217    0.000444
218    0.001558
219    0.001433
220    0.000785
221    0.000877
222    0.000694
223    0.000697
224    0.000236
225    0.000512
226    0.000593
227    0.000961
228    0.000540
229    0.000693
230    0.000585
231    0.001291
232    0.000645
233    0.001234
234    0.000729
235    0.000910
236    0.000554
237    0.000374
238    0.001152
239    0.001043
240    0.000501
241    0.000542
242    0.000453
243    0.000855
244    0.001006
245    0.000846
246    0.000439
247    0.000624
248    0.000611
249    0.000852
250    0.001125
251    0.001160
252    0.000434
253    0.000883
254    0.000680
255    0.000607
256    0.000796
257    0.000570
258    0.001038
259    0.000389
260    0.000622
261    0.000463
262    0.000748
263    0.000843
264    0.000523
265    0.000550
266    0.000529
267    0.000580
268    0.000709
269    0.000856
270    0.000485
271    0.000537
272    0.000471
273    0.000466
274    0.000380
275    0.000632
276    0.000368
277    0.000315
278    0.000847
279    0.000594
280    0.000752
281    0.000816
282    0.000868
283    0.000659
284    0.000580
285    0.000818
286    0.000275
287    0.000672
288    0.000539
289    0.000195
290    0.000431
291    0.000298
292    0.000463
293    0.000711
294    0.000573
295    0.000823
296    0.000712
297    0.000793
298    0.000597
299    0.000649
300    0.000335
301    0.000512
302    0.000554
303    0.000548
304    0.000542
305    0.000728
306    0.000808
307    0.000368
308    0.000458
309    0.000680
310    0.000464
311    0.000894
312    0.000467
313    0.000446
314    0.000968
315    0.000764
316    0.000244
317    0.000314
318    0.000447
319    0.000656
320    0.000509
321    0.000415
322    0.000462
323    0.000277
324    0.000835
325    0.000377
326    0.000310
327    0.000510
328    0.000430
329    0.000655
330    0.000382
331    0.000626
332    0.000331
333    0.000466
334    0.000412
335    0.000657
336    0.000353
337    0.000193
338    0.000183
339    0.000543
340    0.000684
341    0.000640
342    0.000697
343    0.000516
344    0.000891
345    0.000572
346    0.000419
347    0.000700
348    0.000461
349    0.000694
350    0.000537
351    0.000490
352    0.000609
353    0.000494
354    0.000516
355    0.000361
356    0.000307
357    0.000737
358    0.000558
359    0.000579
360    0.000377
361    0.000270
362    0.000486
363    0.000661
364    0.000298
365    0.000662
366    0.000690
367    0.000715
368    0.000707
369    0.000490
370    0.000455
371    0.000299
372    0.000284
373    0.000384
374    0.000394
375    0.000559
376    0.000442
377    0.000385
378    0.000471
379    0.000744
380    0.000369
381    0.000363
382    0.000578
383    0.000372
384    0.000511
385    0.000418
386    0.000646
387    0.000390
388    0.000451
389    0.000241
390    0.000207
391    0.000382
392    0.000414
393    0.000832
394    0.000364
395    0.000253
396    0.000562
397    0.000621
398    0.000892
399    0.000356
400    0.000578
401    0.000523
402    0.000260
403    0.000547
404    0.000755
405    0.000407
406    0.000319
407    0.000335
408    0.000366
409    0.000505
410    0.000637
411    0.000566
412    0.000364
413    0.000499
414    0.000373
415    0.000348
416    0.000700
417    0.000677
418    0.000379
419    0.000731
420    0.000292
421    0.000231
422    0.000729
423    0.000449
424    0.000333
425    0.000191
426    0.000157
427    0.000421
428    0.000372
429    0.000392
430    0.000329
431    0.000520
432    0.000346
433    0.000500
434    0.000259
435    0.000517
436    0.000456
437    0.000748
438    0.000444
439    0.000252
440    0.000396
441    0.000431
442    0.000564
443    0.000423
444    0.000283
445    0.000241
446    0.000805
447    0.000293
448    0.000311
449    0.000354
450    0.000368
451    0.000307
452    0.000386
453    0.000310
454    0.000601
455    0.000421
456    0.000311
457    0.000307
458    0.000336
459    0.000384
460    0.000313
461    0.000296
462    0.000200
463    0.000287
464    0.000228
465    0.000382
466    0.000304
467    0.000422
468    0.000241
469    0.000284
470    0.000191
471    0.000359
472    0.000203
473    0.000305
474    0.000278
475    0.000345
476    0.000198
477    0.000323
478    0.000317
479    0.000271
480    0.000578
481    0.000352
482    0.000287
483    0.000162
484    0.000320
485    0.000234
486    0.000409
487    0.000230
488    0.000251
489    0.000570
490    0.000353
491    0.000644
492    0.000371
493    0.000399
494    0.000456
495    0.000404
496    0.000397
497    0.000211
498    0.000324
499    0.000310
500    0.000295
501    0.000273
502    0.000354
503    0.000295
504    0.000575
505    0.000497
506    0.000272
507    0.000292
508    0.000598
509    0.000538
510    0.000242
511    0.000322
512    0.000287
513    0.000260
514    0.000375
515    0.000347
516    0.000271
517    0.000391
518    0.000191
519    0.000250
520    0.000273
521    0.000256
522    0.000501
523    0.000516
524    0.000225
525    0.000206
526    0.000251
527    0.000327
528    0.000215
529    0.000345
530    0.000481
531    0.000214
532    0.000454
533    0.000380
534    0.000341
535    0.000378
536    0.000374
537    0.000246
538    0.000347
539    0.000274
540    0.000548
541    0.000234
542    0.000440
543    0.000220
544    0.000459
545    0.000300
546    0.000381
547    0.000332
548    0.000380
549    0.000203
550    0.000215
551    0.000250
552    0.000289
553    0.000113
554    0.000303
555    0.000534
556    0.000110
557    0.000162
558    0.000213
559    0.000359
560    0.000261
561    0.000264
562    0.000346
563    0.000221
564    0.000095
565    0.000345
566    0.000300
567    0.000368
568    0.000255
569    0.000148
570    0.000489
571    0.000411
572    0.000367
573    0.000305
574    0.000324
575    0.000317
576    0.000272
577    0.000158
578    0.000187
579    0.000204
580    0.000388
581    0.000282
582    0.000316
583    0.000170
584    0.000231
585    0.000173
586    0.000328
587    0.000228
588    0.000105
589    0.000417
590    0.000236
591    0.000335
592    0.000251
593    0.000188
594    0.000081
595    0.000142
596    0.000254
597    0.000297
598    0.000147
599    0.000182
600    0.000318
601    0.000251
602    0.000202
603    0.000230
604    0.000244
605    0.000172
606    0.000286
607    0.000349
608    0.000180
609    0.000370
610    0.000277
611    0.000215
612    0.000121
613    0.000322
614    0.000286
615    0.000126
616    0.000170
617    0.000246
618    0.000071
619    0.000245
620    0.000246
621    0.000309
622    0.000249
623    0.000347
624    0.000247
625    0.000258
626    0.000454
627    0.000308
628    0.000373
629    0.000482
630    0.000288
631    0.000282
632    0.000361
633    0.000231
634    0.000246
635    0.000193
636    0.000165
637    0.000210
638    0.000097
639    0.000337
640    0.000189
641    0.000188
642    0.000131
643    0.000204
644    0.000188
645    0.000233
646    0.000404
647    0.000336
648    0.000237
649    0.000269
650    0.000187
651    0.000436
652    0.000396
653    0.000280
654    0.000336
655    0.000353
656    0.000242
657    0.000323
658    0.000248
659    0.000261
660    0.000147
661    0.000280
662    0.000164
663    0.000187
664    0.000102
665    0.000114
666    0.000161
667    0.000245
668    0.000336
669    0.000274
670    0.000262
671    0.000305
672    0.000226
673    0.000289
674    0.000176
675    0.000335
676    0.000170
677    0.000354
678    0.000141
679    0.000505
680    0.000273
681    0.000205
682    0.000159
683    0.000332
684    0.000287
685    0.000433
686    0.000180
687    0.000243
688    0.000292
689    0.000065
690    0.000267
691    0.000486
692    0.000178
693    0.000267
694    0.000358
695    0.000350
696    0.000226
697    0.000267
698    0.000096
699    0.000115
700    0.000179
701    0.000104
702    0.000371
703    0.000138
704    0.000247
705    0.000175
706    0.000118
707    0.000273
708    0.000100
709    0.000155
710    0.000160
711    0.000245
712    0.000130
713    0.000185
714    0.000135
715    0.000071
716    0.000182
717    0.000356
718    0.000157
719    0.000332
720    0.000321
721    0.000338
722    0.000273
723    0.000317
724    0.000101
725    0.000279
726    0.000173
727    0.000113
728    0.000238
729    0.000139
730    0.000188
731    0.000355
732    0.000443
733    0.000270
734    0.000431
735    0.000351
736    0.000242
737    0.000214
738    0.000194
739    0.000160
740    0.000329
741    0.000097
742    0.000322
743    0.000219
744    0.000318
745    0.000385
746    0.000262
747    0.000218
748    0.000144
749    0.000189
750    0.000143
751    0.000264
752    0.000093
753    0.000397
754    0.000182
755    0.000071
756    0.000135
757    0.000531
758    0.000257
759    0.000371
760    0.000290
761    0.000174
762    0.000164
763    0.000114
764    0.000308
765    0.000131
766    0.000356
767    0.000125
768    0.000219
769    0.000191
770    0.000128
771    0.000132
772    0.000134
773    0.000195
774    0.000089
775    0.000342
776    0.000202
777    0.000323
778    0.000140
779    0.000125
780    0.000230
781    0.000264
782    0.000218
783    0.000109
784    0.000302
785    0.000145
786    0.000120
787    0.000310
788    0.000204
789    0.000208
790    0.000114
791    0.000349
792    0.000271
793    0.000171
794    0.000234
795    0.000048
796    0.000077
797    0.000123
798    0.000066
799    0.000232
800    0.000351
801    0.000105
802    0.000103
803    0.000104
804    0.000093
805    0.000108
806    0.000166
807    0.000157
808    0.000100
809    0.000095
810    0.000138
811    0.000130
812    0.000055
813    0.000097
814    0.000048
815    0.000199
816    0.000361
817    0.000116
818    0.000267
819    0.000327
820    0.000219
821    0.000188
822    0.000175
823    0.000307
824    0.000101
825    0.000500
