           1   330.86778696757278     
           2   177.50891585779425     
           3   204.71443598464009     
           4   192.05809370995937     
           5   125.58667225831690     
           6   164.56193169173446     
           7   190.70063903193673     
           8   258.41075299175816     
           9   201.86229283833822     
          10   134.90937258604163     
          11   208.25224837345019     
          12   212.62909822221206     
          13   288.96755883534024     
          14   331.28552805022684     
          15   229.55820892454796     
          16   177.52214060082267     
          17   244.27755631495853     
          18   288.84895955905677     
          19   483.24184936305403     
          20   458.84338000434457     
          21   193.94533740386376     
          22   222.07528660920497     
          23   185.77808978120817     
          24   153.32431831199193     
          25   136.70665993300247     
          26   106.71015247919556     
          27   111.86664159630985     
          28   142.81915084719733     
          29   139.98696407808367     
          30   288.59548535944862     
          31   352.77538522034570     
          32   802.24759228414871     
          33   1234.6878155121303     
          34   1159.7306418192795     
          35   1194.8237364841880     
          36   680.07665404490047     
          37   340.79158400268045     
          38   272.89204637609009     
          39   140.75810599372323     
          40   78.689894623255952     
          41   77.957844413660325     
          42   85.427084201158010     
          43   126.01526360915967     
          44   137.42506572243792     
          45   161.90076557767969     
          46   298.47686129251878     
          47   523.00320512514190     
          48   467.57262572496990     
          49   275.64195704300465     
          50   406.87128531646323     
          51   417.90031624259035     
          52   468.88680237754659     
          53   208.26618258361611     
          54   175.34257815440526     
          55   269.90236703247541     
          56   212.61482149680000     
          57   106.05349519080077     
          58   114.73910869255339     
          59   116.80034305588995     
          60   100.82709760010766     
          61   84.954142982982702     
          62   109.51275364100663     
          63   91.620578399830151     
          64   72.938383968225509     
          65   92.272905721076967     
          66   144.23530514303806     
          67   111.77210669703939     
          68   110.04592909177620     
          69   120.27994321945746     
          70   116.51068024845625     
          71   69.053164498863339     
          72   77.698224635767886     
          73   69.552099902933833     
          74   88.274157757595773     
          75   83.773296839220137     
          76   86.723158923243318     
          77   87.540618340987834     
          78   83.539678055780811     
          79   107.24649724009944     
          80   190.40625795431086     
          81   263.53067402983618     
          82   339.46648028725286     
          83   172.88334702881343     
          84   119.45560329287071     
          85   87.646245305035436     
          86   72.596648594955212     
          87   65.573563993513986     
          88   89.394824424308396     
          89   113.55561719199997     
          90   105.69265394642542     
          91   113.98683092701764     
          92   118.46035914314015     
          93   128.64923988026911     
          94   113.88723963873426     
          95   95.511927606117155     
          96   72.109664099935429     
          97   93.647396395012862     
          98   119.42970012613193     
          99   106.99559408573917     
         100   94.527573262631790     
         101   123.17251857798604     
         102   194.61076769567245     
         103   237.44735811032677     
         104   163.80124931329368     
         105   324.20784323290218     
         106   314.90587923900910     
         107   142.03491776184336     
         108   221.47066201600032     
         109   104.98402274659935     
         110   111.29895654227698     
         111   129.86933974499487     
         112   83.239311774058223     
         113   66.625854985784144     
         114   87.980002340654096     
         115   66.894007417200811     
         116   62.834561201685659     
         117   86.324380924438401     
         118   85.817001770192206     
         119   56.649811857966199     
         120   66.765176477652005     
         121   75.439013067902550     
         122   83.375200210831764     
         123   58.984848278771302     
         124   97.445381384495931     
         125   93.189503215677576     
         126   81.106883872458823     
         127   88.504841937492344     
         128   194.97032954548143     
         129   123.37317626034965     
         130   143.07857386881352     
         131   92.025174329461436     
         132   82.909314574805251     
         133   69.765277109729141     
         134   73.823798567062397     
         135   69.012577176207969     
         136   58.257790718436986     
         137   67.180146717618371     
         138   76.344193658874161     
         139   87.218028533989099     
         140   93.285665680359386     
         141   69.423569917951596     
         142   73.056645034777461     
         143   83.999198516376552     
         144   93.926035032117568     
         145   171.71401425963455     
         146   126.16454298868236     
         147   159.06593337910272     
         148   108.09763681567168     
         149   70.927802229393791     
         150   69.282718917614474     
         151   58.328292152816047     
         152   82.618301514906079     
         153   80.374588094289749     
         154   81.832666712196072     
         155   83.586932005701613     
         156   96.769940843491185     
         157   93.449560120004122     
         158   120.11284969869394     
         159   138.92885912206594     
         160   377.41807679498959     
         161   2320.8498548609414     
         162   4301.8976962402712     
         163   4810.7833029011717     
         164   2783.3259765657767     
         165   3297.2937932662694     
         166   2376.4716341968988     
         167   2461.0282156545322     
         168   2642.7681100844152     
         169   401.63708640234006     
         170   304.20893763911477     
         171   197.97866993811391     
         172   178.09896682028105     
         173   265.40367430175752     
         174   151.52992881967589     
         175   138.49248184517219     
         176   118.95203104376873     
         177   114.09596735899298     
         178   75.719881608415562     
         179   70.116472985547858     
         180   66.448674177825310     
         181   93.937234099123373     
         182   125.99692182133825     
         183   115.04421578835218     
         184   130.29578416894003     
         185   289.92002372120919     
         186   322.63750782543389     
         187   242.10973512475709     
         188   249.89111955605256     
         189   112.31173618052688     
         190   99.258670174784655     
         191   82.969764022614882     
         192   77.587033742967364     
         193   68.219548156494213     
         194   58.643668006144893     
         195   56.734295269331611     
         196   59.050798334142073     
         197   56.737077861527318     
         198   50.687647755265687     
         199   69.589576047158346     
         200   54.375506716595133     
         201   58.441215583037874     
         202   57.634971638900069     
         203   60.664493491099257     
         204   70.833745803800298     
         205   62.140511136337125     
         206   69.139944552013958     
         207   96.296168130640837     
         208   89.172116905128092     
         209   86.865428694892401     
         210   139.36121566792625     
         211   182.28966120803346     
         212   118.22969623544121     
         213   174.04897868634171     
         214   431.01911624970808     
         215   583.27383687064298     
         216   269.26277648441430     
         217   295.97488088926463     
         218   210.70331940709792     
         219   241.46806734462240     
         220   278.82853732407108     
         221   144.04652942165851     
         222   162.82549605419797     
         223   246.26638097284149     
         224   227.79043638197192     
         225   145.55707332266471     
         226   213.91667789067657     
         227   344.44907552200698     
         228   220.22842378739972     
         229   293.16590972054058     
         230   130.52451030013913     
         231   117.40846189793281     
         232   136.44944883025752     
         233   106.48265521236928     
         234   98.213956184141978     
         235   188.43357032500151     
         236   139.88639074041714     
         237   111.65404204502292     
         238   135.07389558599590     
         239   132.37613813253989     
         240   128.16809747482557     
         241   77.531595982679292     
         242   84.320695216464856     
         243   148.27812788785491     
         244   94.666088529237584     
         245   63.819167557222542     
         246   83.635728339426421     
         247   104.09660762076084     
         248   62.940558539469841     
         249   61.897134973776978     
         250   102.09845549189471     
         251   126.46097057176402     
         252   157.75489928077235     
         253   92.928560736653964     
         254   178.15249175321205     
         255   150.38767116231668     
         256   88.680573811617961     
         257   94.691515273390948     
         258   92.968209389858430     
         259   71.850160624806449     
         260   105.48662475640947     
         261   142.63934773316714     
         262   74.199815642891025     
         263   95.059834005173613     
         264   135.94444262550522     
         265   94.796134556898281     
         266   76.420447469969275     
         267   110.20167502193763     
         268   193.75885337498988     
         269   98.303126837441823     
         270   94.386666367646257     
         271   174.16111553999460     
         272   178.21763232471619     
         273   115.91211558544950     
         274   159.41305946568013     
         275   173.41085812604842     
         276   109.71991097313600     
         277   102.45135500782763     
