  0.122136
  0.560675
  0.054021
 -0.074721
 -0.605175
  0.225457
  0.174306
  0.004248
 -0.059924
 -0.325025
 -0.233690
  0.124890
  0.115705
 -0.042780
  0.004735
 -0.060623
  0.013293
 -0.001968
 -0.058109
  0.010036
 -0.005466
 -0.015757
 -0.034395
 -0.011115
  0.041313
  0.003867
  0.002543
 -0.020870
  0.013640
  0.016448
  0.024734
  0.004631
  0.004853
  0.003094
  0.012192
 -0.002032
  0.025193
  0.007323
 -0.010494
 -0.008548
  0.022881
 -0.029202
 -0.003144
 -0.009227
 -0.001574
  0.003109
 -0.005482
 -0.020749
 -0.007743
 -0.008371
 -0.003880
 -0.004212
  0.011256
  0.002540
  0.000495
 -0.017368
  0.013599
 -0.002489
  0.000532
 -0.008712
  0.005857
 -0.006084
  0.000594
  0.007689
  0.011043
  0.005358
  0.010631
 -0.017588
  0.007060
  0.011916
  0.001861
  0.004249
  0.005643
 -0.008342
  0.007138
 -0.005546
  0.000129
 -0.002781
  0.006936
 -0.005073
 -0.002855
  0.006544
  0.004877
  0.010083
  0.002105
  0.000463
  0.005391
 -0.004970
 -0.005723
 -0.001350
 -0.004581
 -0.003602
  0.001486
  0.002926
 -0.004357
  0.002139
  0.003972
 -0.001107
 -0.003558
 -0.000336
  0.004045
 -0.003342
  0.001534
 -0.001674
 -0.010261
  0.003120
  0.011362
  0.004015
  0.001851
 -0.001802
  0.000578
 -0.002101
 -0.005100
  0.010625
  0.001186
 -0.001377
 -0.007205
  0.009700
  0.002918
  0.002092
  0.008682
  0.003297
 -0.001532
 -0.003094
  0.005771
  0.004831
 -0.003537
 -0.004237
  0.001309
 -0.001341
  0.006103
 -0.009608
 -0.001599
 -0.003357
 -0.001458
 -0.001446
  0.002140
 -0.000820
 -0.000095
 -0.001951
  0.003315
  0.004906
  0.000255
 -0.003475
  0.001300
  0.003395
 -0.001523
  0.004170
 -0.000014
  0.003029
 -0.001145
 -0.004778
 -0.000922
  0.007993
 -0.000663
  0.000523
  0.000633
 -0.002856
 -0.000786
 -0.004826
  0.001122
 -0.000771
  0.002382
 -0.000466
  0.002173
  0.002419
 -0.000299
 -0.002791
  0.000447
 -0.004527
 -0.002028
  0.004046
 -0.003683
  0.000846
  0.000025
  0.000943
 -0.005902
 -0.000207
  0.002123
 -0.003665
 -0.007493
  0.000122
 -0.000704
  0.004818
  0.004345
  0.001553
 -0.000289
  0.000191
 -0.000234
 -0.001028
  0.000883
  0.001095
  0.000379
 -0.000189
 -0.002035
  0.001639
 -0.000115
 -0.001924
  0.000876
  0.000354
 -0.003474
  0.000260
  0.000807
  0.004388
  0.004079
 -0.004131
  0.001083
 -0.000823
  0.001944
  0.000868
  0.000042
 -0.000078
 -0.003366
 -0.001914
  0.003825
  0.001273
 -0.000232
 -0.003060
  0.001626
 -0.000598
 -0.001009
 -0.001790
 -0.001218
 -0.006580
 -0.000971
 -0.000844
  0.000421
 -0.001874
  0.000092
 -0.000863
  0.001573
  0.000940
  0.002329
  0.004220
 -0.006093
  0.001264
  0.001770
 -0.001185
  0.001779
 -0.002465
 -0.002901
 -0.001197
 -0.001278
 -0.000702
 -0.003081
 -0.001040
  0.000802
 -0.000680
 -0.005085
 -0.002565
 -0.003214
 -0.002158
  0.001982
  0.006162
 -0.004524
  0.000231
  0.002847
 -0.005689
 -0.002506
 -0.000562
  0.002704
  0.000586
 -0.001289
  0.000367
 -0.000623
 -0.002031
 -0.001568
 -0.000166
 -0.002807
  0.001447
  0.000316
 -0.000783
 -0.005815
  0.001128
  0.001248
 -0.001551
 -0.000428
  0.001590
 -0.001056
 -0.000495
  0.001045
  0.001125
  0.001338
  0.001295
 -0.000260
  0.000591
 -0.002218
 -0.000249
  0.000730
  0.001708
  0.000409
  0.000071
 -0.003929
  0.001749
 -0.001546
  0.000726
 -0.001292
  0.000420
  0.001544
 -0.001069
 -0.000135
 -0.000595
  0.000469
 -0.000524
 -0.000910
 -0.000710
 -0.001303
  0.000043
 -0.001129
 -0.001430
  0.000512
 -0.001879
 -0.001076
 -0.000332
 -0.001241
  0.001224
  0.001104
 -0.000651
 -0.001709
 -0.003470
 -0.001059
 -0.001183
  0.000550
  0.001518
  0.000292
  0.001116
 -0.001330
 -0.006215
  0.000039
 -0.000680
 -0.000747
 -0.001011
  0.002893
  0.001017
  0.002219
  0.000661
 -0.000877
  0.000500
 -0.001735
 -0.000744
 -0.000140
 -0.000525
 -0.001380
  0.000736
 -0.000852
 -0.000124
  0.000355
  0.000400
  0.000573
  0.001209
  0.000056
 -0.000732
 -0.000876
 -0.001922
 -0.001125
  0.000129
 -0.000949
  0.001589
  0.000729
 -0.001676
 -0.000174
 -0.000440
 -0.000409
  0.002335
 -0.000639
 -0.000228
  0.001623
 -0.001114
 -0.000241
 -0.000821
  0.001134
  0.000832
 -0.000766
 -0.000854
 -0.000992
  0.002824
  0.002889
 -0.000906
 -0.000433
  0.000683
 -0.000466
 -0.000589
 -0.001911
  0.002691
  0.000255
  0.001023
 -0.001348
  0.000972
 -0.001604
  0.000447
 -0.002238
 -0.001812
  0.001975
 -0.000310
  0.001417
  0.004773
  0.001745
  0.003372
 -0.001955
 -0.000118
 -0.001561
  0.005740
 -0.000529
 -0.000048
  0.001091
  0.001108
 -0.000627
  0.001262
  0.002497
 -0.001151
 -0.001541
  0.001439
  0.000441
 -0.002566
 -0.000921
 -0.000087
  0.000344
 -0.001319
  0.000018
 -0.000663
 -0.000091
 -0.000263
  0.000081
 -0.001710
  0.000105
  0.001284
  0.001013
 -0.000763
  0.000402
 -0.000198
  0.000749
  0.000563
 -0.000345
  0.000936
 -0.002295
  0.001179
  0.000805
  0.000693
 -0.000287
 -0.000557
 -0.000365
 -0.000987
 -0.001684
  0.001446
  0.000511
  0.001458
  0.000191
  0.000131
 -0.000320
 -0.000043
 -0.001890
 -0.000803
  0.000574
 -0.003684
 -0.000154
  0.000010
  0.000228
 -0.000625
 -0.000258
  0.000832
  0.000005
  0.001117
 -0.001645
  0.001867
  0.000371
 -0.000732
 -0.000637
 -0.000390
 -0.000142
  0.000027
 -0.000156
 -0.000631
 -0.001364
 -0.000503
  0.000466
  0.000381
 -0.000150
 -0.000123
 -0.000368
 -0.000362
 -0.000174
 -0.000250
  0.000820
  0.000428
  0.000608
 -0.000995
 -0.001544
 -0.000819
 -0.000433
  0.001098
 -0.000049
 -0.000972
 -0.000134
  0.000196
  0.000546
  0.001734
 -0.000253
 -0.001570
 -0.001372
 -0.000483
 -0.000416
  0.000085
  0.000628
 -0.000783
 -0.001254
  0.002621
  0.000450
  0.000278
  0.001291
 -0.000519
 -0.001114
 -0.000051
 -0.001082
 -0.002008
 -0.001111
  0.000206
  0.001630
 -0.000581
 -0.000161
 -0.000407
 -0.000549
 -0.000740
 -0.002443
  0.000303
 -0.000324
  0.000937
 -0.000772
 -0.000754
 -0.001869
  0.001387
  0.000720
  0.000027
  0.002193
  0.001462
 -0.000056
 -0.000007
  0.000262
  0.000848
 -0.000856
 -0.001444
 -0.000205
  0.000114
 -0.000711
  0.000053
  0.000341
  0.000929
  0.000357
 -0.002252
 -0.001982
  0.000307
 -0.000626
  0.000294
 -0.001484
 -0.000356
 -0.001984
 -0.000072
 -0.000015
 -0.000532
 -0.000932
 -0.000735
 -0.000476
  0.000296
 -0.000340
  0.000146
 -0.000151
 -0.000697
 -0.000444
 -0.000295
 -0.001285
 -0.000577
  0.000787
 -0.000644
 -0.000240
  0.000244
  0.000285
 -0.000423
  0.000118
 -0.000539
  0.000631
 -0.000395
  0.000111
 -0.000586
  0.000800
  0.001078
  0.000102
  0.000123
 -0.001443
  0.000631
 -0.001160
  0.001917
  0.000344
 -0.000221
  0.000004
  0.001081
  0.000221
  0.000318
  0.000076
  0.000449
  0.000434
 -0.001403
 -0.000191
  0.000029
 -0.001238
  0.001301
 -0.000783
 -0.000145
  0.000128
  0.000378
  0.001526
  0.000115
  0.001544
 -0.000170
 -0.001791
 -0.000751
 -0.000037
  0.000193
 -0.000429
  0.000606
  0.000512
 -0.000402
  0.000281
 -0.000273
 -0.000496
 -0.000471
 -0.000093
  0.000775
 -0.000410
 -0.000106
  0.000350
  0.000234
 -0.000112
 -0.000444
  0.000793
  0.001293
 -0.000653
  0.000007
 -0.000879
 -0.000276
  0.000774
 -0.001156
 -0.000253
 -0.000020
 -0.001055
 -0.000211
 -0.000700
 -0.000379
 -0.000090
  0.000316
  0.000268
 -0.000205
 -0.000710
 -0.000642
  0.000548
  0.001422
 -0.000044
  0.000060
 -0.000034
  0.000400
 -0.000203
 -0.000315
 -0.000373
  0.000074
  0.001470
 -0.001027
  0.001081
 -0.000147
 -0.001000
  0.000070
 -0.000333
  0.000690
  0.000270
 -0.000537
  0.000250
 -0.000525
  0.000576
  0.000876
 -0.000105
  0.000659
  0.002161
  0.000273
  0.001520
 -0.000671
  0.001593
 -0.000101
  0.000066
 -0.000213
  0.000919
 -0.000642
  0.000530
 -0.000073
 -0.000406
 -0.000745
 -0.000032
 -0.000146
  0.000166
  0.000863
 -0.000164
  0.000030
  0.000243
  0.000481
 -0.000884
 -0.001032
 -0.000563
  0.000022
 -0.002262
 -0.000503
 -0.000558
  0.000110
  0.000291
 -0.000312
 -0.000812
 -0.000016
 -0.000454
  0.000211
  0.000225
  0.000079
 -0.000921
  0.000098
 -0.000986
  0.001248
  0.000580
  0.000722
 -0.000259
 -0.000210
 -0.000781
 -0.000318
  0.000939
  0.000333
 -0.000040
  0.000217
 -0.000120
 -0.000002
 -0.000860
  0.000176
  0.001127
  0.000016
 -0.000279
 -0.000484
  0.000029
  0.000392
  0.001148
  0.000038
  0.001594
 -0.000143
 -0.000037
  0.000857
  0.000023
 -0.000607
  0.000136
 -0.001484
  0.000185
 -0.000474
  0.000366
 -0.000275
 -0.000510
 -0.000424
 -0.000730
  0.000370
 -0.001183
  0.001070
 -0.000116
  0.000579
 -0.000343
  0.000641
  0.001587
  0.000031
  0.000854
 -0.000964
  0.000039
 -0.000147
  0.000360
 -0.000908
  0.000069
 -0.000701
 -0.000354
  0.000398
  0.000088
 -0.000257
  0.000065
 -0.000254
 -0.000203
  0.000333
 -0.000426
 -0.000134
  0.000039
 -0.000493
 -0.000300
  0.000356
 -0.000221
 -0.000507
 -0.000111
  0.000207
 -0.000449
  0.000169
  0.000310
  0.000050
 -0.000715
  0.000239
  0.000131
  0.000390
 -0.000258
  0.000079
  0.000360
 -0.000160
  0.000002
 -0.000053
  0.000156
  0.000057
 -0.000057
  0.000126
  0.000034
 -0.000202
  0.000020
  0.000057
 -0.000153
 -0.000067
 -0.000045
  0.000104
 -0.000053
 -0.000063
  0.000055
 -0.000143
  0.000095
 -0.000332
  0.000074
