 -0.179563
 -0.020046
 -0.962130
 -0.002695
 -0.029010
  0.059555
  0.012129
  0.084951
 -0.011554
  0.016583
 -0.121164
  0.017595
  0.016809
 -0.017218
  0.019934
 -0.003710
  0.005863
 -0.017758
  0.020218
 -0.017243
 -0.014906
  0.031118
 -0.033611
 -0.045584
  0.004766
 -0.008588
 -0.007139
  0.002799
 -0.003610
 -0.020549
  0.004078
 -0.003615
  0.025140
 -0.013094
 -0.015168
 -0.001930
 -0.000311
 -0.000367
  0.012584
  0.005565
  0.003459
 -0.003996
  0.007147
  0.010991
 -0.006559
  0.005340
  0.009790
 -0.008512
 -0.017148
  0.021069
 -0.009546
 -0.003458
 -0.007253
 -0.005402
  0.002556
 -0.004790
 -0.014838
 -0.004811
  0.003027
  0.004330
 -0.012634
  0.000945
 -0.002259
 -0.003719
  0.010248
 -0.004161
 -0.006007
  0.017150
  0.001992
  0.005806
 -0.000566
  0.004201
 -0.004263
 -0.000298
 -0.002740
 -0.005850
 -0.012751
 -0.003921
  0.006274
 -0.001560
 -0.003806
  0.007924
 -0.000381
  0.005178
 -0.010265
 -0.002258
  0.006267
  0.000694
  0.003680
 -0.002063
 -0.001018
 -0.004504
  0.009808
 -0.005255
 -0.000944
 -0.008520
 -0.002666
 -0.004706
  0.003744
 -0.005361
  0.007816
  0.007673
 -0.002217
  0.005054
 -0.002309
  0.003799
  0.006531
  0.006372
  0.000927
  0.000163
  0.003091
  0.006846
 -0.001170
  0.002284
  0.009153
  0.001222
  0.002721
 -0.001034
 -0.001670
  0.004560
 -0.003605
  0.003083
  0.005405
 -0.000026
  0.002684
  0.000645
  0.001757
  0.002110
 -0.000576
 -0.002937
  0.000381
 -0.002543
 -0.001910
 -0.000782
 -0.005323
  0.005142
 -0.010381
  0.000927
  0.004753
  0.001451
 -0.001108
 -0.006376
  0.002166
  0.000904
  0.004148
 -0.000437
 -0.012148
 -0.000434
  0.000398
  0.000580
 -0.003746
 -0.001105
 -0.002284
 -0.002066
  0.002130
  0.003945
  0.001651
  0.002857
 -0.003612
 -0.000129
 -0.001122
 -0.000621
 -0.002468
  0.003088
 -0.001812
 -0.001835
 -0.003294
  0.003217
 -0.000363
  0.001921
  0.000107
  0.001915
 -0.001100
  0.001549
  0.000952
 -0.001342
 -0.000106
  0.001000
  0.000649
  0.000097
  0.000750
  0.000144
 -0.002511
  0.000344
 -0.000150
  0.002783
  0.000177
 -0.000005
 -0.001088
  0.002533
 -0.000054
 -0.000046
 -0.000636
 -0.001853
  0.002881
  0.000575
 -0.000208
 -0.000740
 -0.001182
  0.000150
  0.001191
 -0.000295
  0.002412
 -0.004588
  0.002297
 -0.002299
 -0.001746
 -0.001216
  0.002283
  0.000056
  0.000165
  0.001606
  0.001114
  0.002744
  0.002693
 -0.001495
 -0.006090
  0.000523
  0.000280
  0.000631
  0.001749
 -0.004398
 -0.000744
 -0.000170
 -0.001769
 -0.001371
 -0.000784
 -0.000694
 -0.000621
 -0.001747
  0.001865
 -0.001497
  0.001515
 -0.003742
  0.002583
  0.000865
 -0.002696
  0.000146
 -0.001026
  0.001513
  0.003895
 -0.003931
 -0.003353
  0.000271
 -0.002599
  0.002484
  0.000459
 -0.002916
  0.004293
  0.000605
  0.000998
 -0.001058
 -0.004013
  0.000261
  0.002268
 -0.001772
  0.003440
 -0.000381
  0.000615
 -0.004199
  0.001788
  0.005302
  0.001641
  0.003867
  0.001524
 -0.002952
  0.000422
 -0.001373
  0.000574
  0.000953
  0.003448
 -0.001839
  0.000729
 -0.000472
  0.000025
 -0.003819
 -0.000330
  0.002934
 -0.001873
 -0.004956
 -0.000895
  0.001296
 -0.000140
 -0.003004
 -0.001192
  0.000154
  0.003970
  0.007935
 -0.000174
  0.009049
 -0.000428
 -0.000542
  0.003332
  0.002550
 -0.000692
  0.000617
 -0.002728
  0.003230
  0.000677
  0.001596
 -0.003034
 -0.000951
  0.004027
 -0.002293
 -0.000656
 -0.000392
  0.001393
  0.001522
 -0.000063
 -0.003741
  0.000096
  0.000414
  0.001831
 -0.001509
 -0.005509
  0.004330
 -0.002259
 -0.001510
 -0.000880
  0.002147
 -0.001511
 -0.001782
  0.001201
 -0.000311
  0.001609
 -0.000968
  0.000157
 -0.001311
 -0.000955
 -0.000978
  0.003113
  0.001384
 -0.001554
 -0.000543
 -0.000572
 -0.000911
  0.001228
  0.000386
 -0.002005
  0.000319
 -0.001134
  0.001189
  0.001392
  0.001195
 -0.000679
 -0.001004
 -0.001530
 -0.001921
 -0.001714
  0.000763
  0.002393
  0.003671
 -0.001103
  0.000864
  0.001687
  0.001207
 -0.001363
 -0.002808
 -0.001437
  0.001099
 -0.000329
 -0.001095
  0.003816
 -0.001576
  0.000621
 -0.001807
 -0.000055
  0.001103
 -0.000802
 -0.000315
  0.000324
 -0.000557
  0.001869
  0.002033
 -0.001445
  0.002525
  0.000380
  0.000485
 -0.000720
  0.000848
  0.001339
  0.000486
 -0.002997
  0.000888
  0.002451
 -0.001305
  0.001211
  0.001313
 -0.002175
 -0.001095
  0.000080
  0.002821
  0.001189
  0.001591
 -0.004779
  0.000263
 -0.000825
  0.000569
 -0.000871
 -0.003178
  0.002221
  0.000794
  0.001358
  0.001205
 -0.000576
 -0.000302
 -0.002986
 -0.000112
 -0.000872
 -0.000739
  0.000155
 -0.000931
  0.001971
  0.000346
 -0.000280
 -0.001586
  0.002829
 -0.000897
  0.000743
 -0.001729
 -0.001099
 -0.000309
 -0.000248
  0.000215
  0.000001
  0.002146
 -0.001848
 -0.001349
 -0.001340
 -0.001108
  0.000102
  0.001442
 -0.000359
 -0.002080
 -0.000123
 -0.001376
 -0.000167
  0.001664
  0.001665
  0.000820
 -0.000141
 -0.001494
 -0.000446
 -0.000197
  0.000735
 -0.001524
 -0.000605
 -0.000701
 -0.000072
  0.000033
 -0.000051
 -0.001143
  0.000959
  0.000607
  0.000346
  0.000669
  0.000079
 -0.002103
 -0.001709
  0.001082
 -0.003092
 -0.000493
 -0.001712
 -0.002251
 -0.000297
  0.002484
  0.000215
  0.001737
 -0.001617
  0.000217
  0.002546
  0.000714
  0.001890
  0.001958
  0.000123
  0.001085
  0.001039
  0.000370
  0.001025
  0.000640
 -0.000063
  0.000881
  0.000197
  0.001075
 -0.000613
 -0.000394
  0.000473
  0.000099
  0.000860
  0.000430
  0.001603
 -0.000774
  0.001882
  0.000105
 -0.000817
 -0.000635
 -0.001378
 -0.002298
  0.001127
  0.000786
  0.000972
 -0.000528
 -0.000740
 -0.002317
 -0.001888
  0.001967
  0.002445
 -0.002571
 -0.001475
 -0.000415
  0.000380
 -0.001172
 -0.001115
 -0.001065
  0.000051
  0.001312
  0.002240
 -0.001849
 -0.004833
 -0.001929
  0.000943
 -0.003640
 -0.000054
  0.000818
 -0.002531
 -0.001556
 -0.000832
 -0.001208
 -0.001165
  0.001804
 -0.002044
  0.000103
 -0.001612
 -0.000852
 -0.000439
  0.000481
 -0.000530
 -0.001957
 -0.001064
 -0.001374
  0.003124
 -0.000872
  0.000506
  0.000425
  0.001696
  0.002079
 -0.000587
  0.002010
  0.001102
 -0.001238
 -0.001282
  0.000079
 -0.000172
 -0.000575
 -0.001041
  0.000891
 -0.001464
  0.003622
  0.000000
  0.001638
 -0.001859
 -0.000456
  0.001736
 -0.000596
 -0.000705
 -0.000548
 -0.001956
  0.000931
  0.000221
  0.000464
 -0.000081
 -0.000311
  0.001673
  0.000994
  0.002343
  0.001477
  0.000509
  0.001741
  0.001281
  0.001233
 -0.000294
 -0.001031
  0.000401
 -0.003154
 -0.003141
 -0.001446
  0.001565
  0.001494
 -0.001650
  0.000741
  0.001096
  0.000496
 -0.000635
  0.001330
  0.001773
 -0.001439
 -0.000811
 -0.000324
 -0.001068
 -0.000615
  0.000320
  0.000791
  0.000416
  0.000624
 -0.000211
  0.000137
  0.000028
  0.001330
  0.001382
  0.001382
 -0.000861
 -0.000053
 -0.001117
  0.000693
 -0.000131
 -0.000811
 -0.000254
 -0.000637
 -0.000115
 -0.002188
 -0.000429
  0.002170
 -0.001823
  0.000687
  0.000002
  0.000289
 -0.002073
  0.001125
 -0.002790
 -0.001245
 -0.002251
  0.000542
 -0.002403
  0.002110
  0.001362
  0.001321
 -0.001284
 -0.002371
 -0.001069
  0.000197
  0.001177
 -0.000174
 -0.001561
 -0.000782
  0.000296
 -0.000958
  0.001799
  0.001098
  0.001110
 -0.000961
  0.001686
 -0.001338
 -0.000306
 -0.003375
  0.000040
 -0.000480
 -0.002061
 -0.000737
  0.001882
 -0.000868
  0.000394
 -0.001952
 -0.000453
 -0.000019
 -0.003793
 -0.000777
  0.000549
  0.003369
 -0.002124
 -0.000533
 -0.000487
 -0.001131
 -0.000975
  0.000256
  0.001193
  0.001890
  0.000690
  0.000376
  0.000215
  0.001520
 -0.000710
 -0.001346
  0.002227
 -0.001721
  0.000325
 -0.000709
 -0.001444
  0.000170
 -0.001418
 -0.000295
  0.000269
  0.001145
  0.000146
  0.004769
 -0.000779
 -0.000090
 -0.000188
  0.001411
  0.000254
  0.000645
 -0.001669
 -0.000513
 -0.002766
 -0.004074
  0.000153
  0.000099
  0.001133
  0.001977
 -0.000917
 -0.001105
 -0.001653
  0.002524
  0.001331
  0.000395
  0.000836
  0.001362
 -0.001239
  0.001452
 -0.000575
 -0.001340
 -0.000071
  0.002072
 -0.003054
  0.002420
  0.002005
 -0.000854
 -0.002468
  0.002614
 -0.000573
 -0.000033
  0.001347
  0.002599
 -0.006621
 -0.000844
 -0.003192
 -0.000348
 -0.000783
  0.000946
  0.001746
  0.000826
 -0.001191
 -0.002133
 -0.000449
  0.000140
 -0.002645
 -0.000902
 -0.001003
 -0.002983
  0.000190
  0.001452
  0.000201
 -0.001226
 -0.000307
 -0.002306
  0.000819
 -0.001540
 -0.001107
 -0.000847
  0.001827
 -0.000921
 -0.001736
  0.000121
  0.000688
  0.000673
  0.000749
  0.000415
  0.000446
 -0.001854
 -0.000052
  0.001281
  0.000294
 -0.002573
  0.001149
 -0.000180
 -0.002232
  0.001278
  0.000064
  0.000025
 -0.000925
  0.000350
  0.000626
 -0.000987
  0.000702
 -0.000728
  0.001327
 -0.000290
 -0.002070
 -0.002892
  0.000464
  0.001080
 -0.000786
 -0.002450
 -0.000398
 -0.000156
  0.001447
 -0.001625
 -0.003608
 -0.000505
 -0.003555
  0.000966
  0.006476
  0.002472
 -0.001279
  0.000274
  0.001587
 -0.000154
  0.000279
 -0.000542
 -0.001553
  0.000566
  0.000672
  0.000258
 -0.000544
  0.001007
  0.001160
  0.000319
  0.000779
 -0.000891
 -0.000651
 -0.002278
 -0.000920
 -0.000062
 -0.002006
 -0.000859
 -0.000187
