  0.980510
 -0.144080
 -0.074116
  0.000305
 -0.053989
 -0.008632
 -0.036493
 -0.006390
  0.017227
  0.003943
  0.019282
  0.008285
  0.025564
 -0.028821
 -0.021520
 -0.031604
  0.000367
  0.002968
  0.001331
 -0.005850
 -0.008184
 -0.016664
 -0.002731
 -0.009328
  0.000522
 -0.019262
 -0.004932
  0.019011
 -0.006761
 -0.019280
  0.010672
  0.001119
 -0.011084
  0.020134
  0.005915
  0.003799
  0.012545
 -0.005186
 -0.002012
  0.002431
  0.004346
 -0.005725
 -0.004770
  0.002819
 -0.004806
  0.008078
 -0.000041
  0.013048
 -0.001943
 -0.002511
 -0.002257
 -0.008514
 -0.000956
  0.010789
  0.006708
  0.007376
 -0.001777
 -0.004989
  0.007790
  0.003482
 -0.003520
 -0.002057
  0.000305
 -0.001532
 -0.000166
  0.005107
  0.006528
 -0.002498
  0.002027
 -0.001088
 -0.000545
  0.009304
 -0.000817
  0.006636
  0.006833
  0.000715
  0.002060
 -0.001295
  0.004763
  0.006370
  0.000516
 -0.001802
 -0.002104
 -0.000715
  0.001993
  0.002793
  0.002677
  0.004775
 -0.001084
  0.001608
  0.002197
 -0.002651
 -0.002953
 -0.002666
  0.000686
  0.001310
  0.002238
 -0.000325
  0.000970
 -0.000013
 -0.000591
 -0.007100
  0.000135
  0.001998
  0.000451
  0.002505
  0.000796
 -0.000747
  0.002113
  0.000513
 -0.001777
 -0.000151
  0.000082
 -0.001231
 -0.002934
  0.000359
 -0.000050
 -0.000677
 -0.000703
 -0.001435
  0.001195
 -0.002554
 -0.001568
 -0.000512
  0.000235
  0.000895
 -0.003548
  0.000147
  0.000705
 -0.001972
 -0.001422
  0.000168
 -0.001385
 -0.000450
 -0.000116
  0.000908
 -0.000998
 -0.001280
  0.001534
  0.001190
  0.002144
  0.000227
 -0.000010
  0.000931
 -0.000671
  0.002697
  0.000971
  0.000493
 -0.002896
  0.000275
  0.000228
 -0.001752
 -0.004186
  0.000586
 -0.000982
  0.000429
 -0.000184
  0.000213
  0.001560
 -0.002061
  0.001561
 -0.002602
 -0.001842
 -0.000961
 -0.000907
 -0.000294
  0.001306
  0.001147
  0.000127
 -0.000453
 -0.003068
 -0.001673
 -0.000273
  0.000678
 -0.000263
 -0.001779
  0.000038
  0.002632
  0.001650
 -0.000232
  0.001951
  0.000779
 -0.001883
  0.000285
  0.001197
 -0.003207
 -0.000158
 -0.000212
  0.001644
  0.000798
 -0.001209
 -0.000676
  0.002819
  0.000575
  0.000720
 -0.000057
 -0.001614
  0.001452
 -0.000734
 -0.000589
 -0.000356
 -0.001182
 -0.000294
  0.001595
  0.000582
 -0.001186
 -0.000131
  0.000477
  0.000955
 -0.000904
 -0.001312
 -0.000134
 -0.002688
 -0.001177
  0.000191
 -0.000307
  0.000081
  0.000520
  0.000351
 -0.001488
 -0.000422
 -0.000383
  0.000313
  0.000902
 -0.000511
  0.000040
  0.000248
 -0.000402
  0.001683
 -0.001068
 -0.001894
 -0.000694
  0.000912
  0.000187
 -0.001735
  0.002286
 -0.000634
  0.000744
 -0.000196
 -0.001475
 -0.000412
  0.000309
  0.000047
 -0.000419
  0.000807
  0.001553
  0.000587
 -0.001440
 -0.000716
 -0.002770
  0.000775
 -0.001849
 -0.000178
 -0.000860
  0.000605
 -0.000800
 -0.000204
 -0.000273
  0.001335
 -0.000303
 -0.001804
  0.000252
  0.000091
 -0.000183
  0.001254
 -0.001400
 -0.002761
 -0.001095
  0.003084
 -0.000735
 -0.002174
 -0.000789
  0.000881
 -0.001025
  0.000640
 -0.003105
  0.000590
 -0.000315
 -0.000420
  0.001213
  0.000831
 -0.001838
 -0.000495
 -0.000219
 -0.000334
 -0.000489
 -0.001632
 -0.000622
  0.001728
 -0.000420
 -0.000385
  0.000614
  0.000626
 -0.000430
  0.002102
 -0.000239
  0.000448
 -0.000040
  0.000072
  0.000109
  0.000417
 -0.000762
 -0.001360
 -0.000580
 -0.001309
 -0.000177
  0.000910
 -0.001853
  0.000742
 -0.001116
  0.002447
 -0.000279
  0.000254
 -0.000175
 -0.000921
  0.001414
 -0.001805
  0.000234
  0.000353
 -0.003620
 -0.000919
 -0.000245
 -0.001312
 -0.000428
 -0.000560
  0.001417
 -0.000213
 -0.000984
 -0.001369
 -0.000604
  0.000680
  0.001503
  0.000203
  0.001358
 -0.000255
 -0.000564
  0.000693
  0.000444
  0.000629
  0.002695
  0.000913
 -0.000384
  0.000613
 -0.000609
 -0.000616
  0.001030
  0.000483
 -0.000036
  0.000338
 -0.000172
  0.000137
  0.000334
 -0.001326
  0.000198
  0.000515
 -0.000692
 -0.000526
 -0.000009
  0.000834
 -0.000849
  0.000449
 -0.000250
  0.000860
  0.000568
 -0.000182
  0.000085
 -0.000117
  0.000771
 -0.000157
  0.000470
 -0.000232
  0.000307
  0.000901
 -0.001059
  0.000872
 -0.000755
  0.000465
  0.001054
 -0.001102
  0.000267
  0.001927
 -0.000448
  0.000224
 -0.002378
 -0.001293
 -0.000462
  0.001038
 -0.000106
  0.000526
 -0.000808
  0.000911
  0.000088
 -0.000184
  0.000011
  0.000828
  0.000925
 -0.000226
 -0.000142
 -0.000892
  0.001228
 -0.000442
  0.000212
  0.000461
  0.000844
  0.001131
  0.000026
 -0.000026
  0.000857
 -0.000471
  0.000413
 -0.000270
 -0.002129
 -0.000498
  0.001363
  0.000218
 -0.000681
 -0.000716
  0.000040
 -0.000012
 -0.002137
  0.000810
  0.000024
 -0.000587
 -0.000179
  0.000452
 -0.000140
 -0.000546
  0.000030
  0.001018
  0.000693
 -0.000848
 -0.001921
 -0.001707
  0.001482
 -0.000507
 -0.000517
  0.001130
  0.000119
  0.001722
 -0.000184
  0.000601
 -0.000644
 -0.001715
  0.000702
 -0.001116
  0.001052
  0.000375
 -0.000249
  0.000050
 -0.000257
 -0.000879
 -0.000503
  0.000149
  0.000084
 -0.000678
 -0.000282
  0.002107
 -0.000418
 -0.000129
  0.000018
 -0.000091
 -0.000505
  0.000379
 -0.000114
 -0.000495
 -0.000362
  0.000232
 -0.000293
  0.000599
  0.000122
 -0.000082
 -0.000070
  0.000296
 -0.000379
 -0.000230
  0.000272
 -0.000177
 -0.000101
 -0.000548
 -0.000287
  0.000068
  0.000264
 -0.000339
 -0.000261
  0.000119
 -0.000020
  0.000131
  0.000175
 -0.000429
  0.000163
 -0.000071
 -0.000193
 -0.000340
  0.000088
 -0.000440
  0.000209
  0.000029
 -0.000424
 -0.000203
 -0.000515
  0.000085
  0.000016
  0.000673
  0.000307
  0.000149
 -0.000236
 -0.000429
 -0.000081
  0.000044
  0.000207
  0.000203
  0.000534
 -0.000343
  0.000660
 -0.000392
 -0.000251
  0.000257
 -0.000663
 -0.000052
 -0.000523
 -0.000217
 -0.000433
  0.000518
 -0.000161
  0.000212
  0.000250
  0.000018
 -0.000365
 -0.000829
  0.000454
  0.000366
  0.000329
 -0.000025
 -0.000263
 -0.000586
  0.000087
 -0.000612
 -0.000397
  0.000405
 -0.000212
  0.000281
 -0.000376
  0.000530
 -0.000456
 -0.000231
 -0.000050
 -0.000372
  0.000675
 -0.000956
  0.000393
  0.000602
  0.000093
  0.000002
 -0.000561
  0.001194
 -0.000253
 -0.000125
 -0.000216
  0.000126
  0.000183
 -0.000470
  0.000372
  0.000445
 -0.000205
 -0.000142
  0.000121
  0.000521
 -0.000338
  0.000547
  0.000045
  0.000014
 -0.000123
 -0.000585
 -0.000270
 -0.000583
  0.000031
  0.000009
 -0.000276
 -0.000201
  0.000319
 -0.000004
  0.000090
  0.000147
  0.000021
 -0.000077
 -0.000208
  0.000257
  0.000109
  0.000208
  0.000059
  0.000355
 -0.000012
  0.000042
 -0.000038
 -0.000159
 -0.000130
  0.000084
  0.000419
 -0.000086
 -0.000331
 -0.000381
 -0.000255
  0.000379
  0.000276
  0.000245
  0.000008
  0.000217
  0.000292
 -0.000564
  0.000566
  0.000199
 -0.000067
 -0.000071
  0.000263
  0.000263
 -0.000106
  0.000040
  0.000028
 -0.000186
 -0.000276
 -0.000320
 -0.000215
  0.000140
  0.000182
  0.000099
  0.000282
 -0.000035
  0.000005
  0.000335
  0.000182
  0.000240
  0.000139
 -0.000500
  0.000087
  0.000127
  0.000050
 -0.000067
 -0.000184
  0.000031
 -0.000107
  0.000112
  0.000084
 -0.000188
  0.000066
 -0.000112
  0.000404
  0.000104
  0.000033
  0.000065
 -0.000164
  0.000033
  0.000099
 -0.000066
  0.000091
  0.000021
 -0.000194
  0.000002
  0.000084
  0.000169
 -0.000261
 -0.000127
 -0.000040
 -0.000081
 -0.000155
  0.000037
 -0.000069
  0.000422
 -0.000191
  0.000168
 -0.000220
  0.000038
 -0.000160
 -0.000305
 -0.000280
 -0.000381
  0.000219
  0.000160
 -0.000699
  0.000402
  0.000097
 -0.000403
 -0.000058
  0.000454
  0.000129
 -0.000273
  0.000026
 -0.000277
  0.000237
  0.000153
  0.000219
  0.000320
 -0.000156
 -0.000444
  0.000007
 -0.000131
  0.000197
  0.000614
  0.000230
  0.000094
  0.000161
 -0.000061
  0.000084
 -0.000695
 -0.000010
  0.000164
 -0.000821
 -0.000213
  0.000137
  0.000246
  0.000637
 -0.000031
  0.000036
 -0.000043
  0.000256
  0.000152
  0.000280
  0.000312
 -0.000070
  0.000029
  0.000176
 -0.000402
  0.000208
  0.000194
 -0.000067
  0.000445
 -0.000031
 -0.000097
  0.000132
 -0.000429
  0.000496
 -0.000722
  0.000824
 -0.000196
 -0.000040
 -0.000229
  0.000676
  0.000078
 -0.000166
 -0.000228
 -0.000021
 -0.000371
 -0.000138
  0.000041
  0.000459
 -0.000318
 -0.000129
  0.000029
  0.000287
 -0.000332
 -0.000651
  0.000226
  0.000262
  0.000499
 -0.000670
 -0.000615
  0.000509
  0.000702
  0.000329
  0.000330
  0.000160
 -0.000420
 -0.000449
  0.000108
 -0.000090
  0.000055
 -0.000160
  0.000603
  0.000173
 -0.000250
  0.000089
 -0.000169
 -0.000281
  0.000268
  0.000439
 -0.000189
 -0.000324
  0.000086
  0.000029
  0.000591
  0.000129
  0.000020
  0.000545
  0.000083
 -0.000066
  0.000184
 -0.000036
  0.000420
 -0.000355
 -0.000281
 -0.000144
  0.000200
  0.000187
 -0.000072
  0.000069
 -0.000142
 -0.000002
 -0.000142
  0.000227
 -0.000104
  0.000010
  0.000229
  0.000151
  0.000163
 -0.000152
  0.000473
 -0.000195
  0.000055
  0.000137
 -0.000338
  0.000090
  0.000131
  0.000256
  0.000198
  0.000218
  0.000033
 -0.000019
  0.000231
 -0.000151
 -0.000047
 -0.000001
  0.000020
 -0.000167
 -0.000023
 -0.000234
  0.000027
