 -0.048738
 -0.172499
  0.505542
  0.800720
 -0.128004
  0.065160
 -0.116289
  0.049651
 -0.022220
  0.035563
  0.042007
 -0.042384
  0.021701
  0.092000
  0.020468
 -0.012187
 -0.054509
 -0.025489
  0.040673
  0.037078
 -0.036982
 -0.004729
  0.054271
 -0.009773
 -0.001934
 -0.000626
 -0.004683
  0.012945
  0.018779
 -0.003253
  0.000546
 -0.040735
  0.007219
 -0.015669
  0.006203
 -0.000478
 -0.004661
 -0.009525
 -0.002616
  0.001938
  0.012451
 -0.016049
  0.004459
  0.001721
  0.006075
  0.017935
  0.005214
 -0.010853
  0.031084
 -0.011310
  0.004706
  0.010253
 -0.011680
 -0.006829
 -0.003801
 -0.007340
  0.002045
  0.004912
 -0.012592
  0.004616
  0.013964
 -0.006886
 -0.003514
 -0.001363
  0.003196
  0.003812
  0.001463
 -0.001158
 -0.006319
  0.001426
 -0.005042
 -0.002664
 -0.000568
  0.003374
  0.009689
 -0.001962
 -0.000099
 -0.006751
  0.007135
  0.001413
  0.007779
  0.000439
 -0.007652
  0.001189
 -0.002491
 -0.007515
  0.001531
 -0.003195
  0.014128
  0.003592
 -0.000309
  0.005815
 -0.006090
 -0.003052
  0.001231
  0.008344
  0.008845
 -0.009381
 -0.008135
  0.001147
  0.000904
 -0.000632
  0.001654
 -0.000557
  0.001261
  0.002122
  0.003343
 -0.010482
 -0.004534
 -0.001040
 -0.004171
  0.003638
 -0.000878
  0.003619
  0.003281
  0.010405
  0.002669
  0.000306
 -0.003378
  0.003344
  0.000474
 -0.002861
  0.000989
 -0.004221
 -0.006324
  0.004025
 -0.002368
 -0.001248
  0.003316
 -0.001272
  0.000400
  0.002350
  0.005193
  0.003428
  0.002291
 -0.001713
 -0.001452
  0.006266
 -0.002033
 -0.000688
  0.000461
 -0.000296
 -0.001466
  0.000311
  0.002255
  0.000147
  0.001787
 -0.003272
 -0.000855
 -0.000143
 -0.002266
 -0.000747
  0.001019
 -0.001111
  0.001271
 -0.001150
 -0.002061
 -0.001665
  0.001263
  0.001265
  0.000160
 -0.001877
  0.000167
 -0.003854
 -0.001282
  0.000296
  0.001377
  0.000174
  0.001039
 -0.001084
  0.001292
 -0.001892
  0.000379
  0.001365
 -0.001132
 -0.004779
 -0.001617
  0.003793
 -0.000303
 -0.001431
 -0.000904
 -0.000013
 -0.001915
  0.005915
 -0.002668
  0.001958
 -0.004775
  0.000073
  0.001065
  0.000537
 -0.004241
 -0.000006
 -0.002889
  0.000160
  0.002469
 -0.005849
  0.000167
 -0.006509
  0.002293
  0.004412
  0.000650
  0.002066
  0.003304
 -0.001446
  0.001794
  0.000165
 -0.000348
  0.002290
  0.000744
 -0.001742
  0.001259
 -0.003054
 -0.000150
  0.000991
  0.001525
 -0.001240
 -0.000504
  0.008085
 -0.000800
  0.000432
  0.002053
  0.000327
  0.000003
  0.002185
  0.002626
  0.003268
 -0.003633
 -0.000724
  0.002374
  0.005869
 -0.001844
 -0.000972
 -0.002399
 -0.002055
 -0.000341
 -0.000268
 -0.003540
 -0.000428
  0.001954
 -0.000106
  0.000151
 -0.001928
  0.000132
  0.003604
  0.000997
 -0.002839
  0.000998
  0.000807
  0.001406
  0.001375
  0.000439
  0.000362
 -0.000040
  0.001336
  0.000393
  0.000040
  0.001256
 -0.001807
 -0.000867
 -0.000684
  0.001013
 -0.002115
  0.000951
  0.000835
 -0.000877
 -0.000064
  0.000702
 -0.000018
 -0.001367
  0.000505
 -0.001574
 -0.000412
 -0.000176
  0.003463
 -0.001569
  0.000900
 -0.001772
 -0.000257
  0.001039
  0.000286
  0.001675
 -0.002087
  0.000132
  0.000211
  0.001100
  0.000113
 -0.000184
  0.000203
  0.002050
  0.001298
  0.000096
  0.000257
  0.000799
 -0.001221
  0.000408
  0.000991
  0.001202
  0.000132
  0.001072
  0.001410
 -0.000593
  0.001991
 -0.000405
 -0.000216
 -0.001138
  0.000066
  0.000131
 -0.000565
  0.000602
  0.000654
  0.000120
  0.004188
 -0.000056
  0.000573
  0.000835
  0.000830
  0.000022
 -0.001939
 -0.000629
 -0.000757
 -0.000467
  0.000002
  0.002549
 -0.000313
 -0.000673
 -0.001503
  0.002170
 -0.000098
 -0.000653
  0.002618
  0.000438
  0.000806
  0.001818
  0.001932
  0.003241
 -0.000096
  0.000491
  0.002370
 -0.000189
 -0.000216
 -0.000108
  0.000727
 -0.002903
  0.000676
 -0.001903
 -0.001513
 -0.001003
  0.001219
  0.000349
 -0.001005
  0.001840
  0.001257
  0.000718
 -0.000544
  0.000064
 -0.001997
 -0.001569
 -0.001212
  0.000765
  0.001925
  0.001272
  0.002101
  0.002990
 -0.000184
  0.001405
 -0.000778
  0.000434
 -0.000240
  0.001070
 -0.000599
 -0.000894
 -0.000655
 -0.000024
  0.000278
  0.002250
 -0.000373
 -0.000992
 -0.000392
 -0.003009
 -0.000756
  0.000245
 -0.001250
  0.001073
 -0.000356
 -0.000643
 -0.000418
 -0.000499
 -0.000205
 -0.000540
  0.000241
  0.000578
  0.000926
  0.000349
 -0.000124
 -0.000579
  0.001782
 -0.000767
  0.000194
  0.000418
 -0.003005
 -0.000855
 -0.000453
 -0.000258
 -0.000137
  0.000683
  0.000111
  0.001527
 -0.000485
  0.002335
  0.002184
  0.000622
 -0.000094
  0.000110
 -0.000585
  0.001954
  0.000056
  0.000181
 -0.000564
 -0.000899
  0.004305
  0.000589
 -0.000862
  0.000268
 -0.001150
  0.000030
 -0.000193
 -0.001528
 -0.000003
  0.001790
 -0.000129
  0.001478
 -0.000255
  0.001280
  0.000041
  0.000699
 -0.000066
  0.001713
 -0.001312
 -0.001429
 -0.000632
  0.000050
  0.000855
  0.000590
 -0.000376
  0.001543
 -0.000034
 -0.001507
 -0.000680
  0.000770
  0.000202
  0.001779
  0.001261
  0.002458
 -0.000343
  0.000190
 -0.001127
  0.001754
 -0.002643
 -0.000914
  0.000294
  0.000562
 -0.000727
  0.002389
  0.000295
  0.001721
  0.000130
  0.000534
  0.001178
  0.000203
 -0.002233
 -0.003919
 -0.002106
 -0.002667
 -0.001443
  0.000772
 -0.000859
 -0.002445
 -0.000715
 -0.002361
 -0.000226
 -0.000391
 -0.000082
 -0.001973
  0.003146
  0.002222
  0.002184
 -0.003655
  0.001851
  0.001427
 -0.000640
  0.003184
 -0.000849
  0.000237
  0.002531
  0.001655
 -0.000989
 -0.002714
  0.000372
  0.001369
  0.002654
  0.005240
  0.000646
  0.002343
 -0.001703
  0.000489
  0.001192
  0.000723
 -0.000403
  0.001285
  0.000649
  0.002112
  0.001276
  0.000770
  0.002413
  0.000809
 -0.001865
 -0.001587
  0.000189
  0.001275
 -0.000847
  0.000412
 -0.000001
 -0.000298
  0.000417
 -0.000194
 -0.000544
  0.000237
  0.000858
 -0.000465
  0.000607
 -0.001481
  0.000632
 -0.000311
  0.000502
  0.000519
  0.000127
  0.000360
  0.000091
 -0.000438
  0.000153
  0.000398
  0.000603
 -0.000058
 -0.000660
 -0.000134
  0.000285
  0.000122
 -0.000239
 -0.000444
 -0.000126
  0.000848
  0.000353
 -0.000621
  0.000298
 -0.000003
 -0.000274
  0.000105
  0.000438
 -0.000281
  0.000051
 -0.000269
 -0.000041
 -0.000129
  0.000597
  0.000440
 -0.000254
  0.000134
 -0.000748
  0.000143
 -0.000071
 -0.000765
  0.001292
  0.000629
  0.000088
 -0.000393
 -0.000007
  0.000039
  0.000003
  0.002724
 -0.000166
  0.000035
 -0.001541
  0.000333
 -0.000254
  0.001196
  0.001177
  0.000994
  0.000200
 -0.000336
  0.000694
 -0.000154
  0.000160
  0.000071
 -0.001041
  0.000278
  0.000243
  0.000312
  0.000092
  0.000562
  0.000215
  0.000676
  0.000146
 -0.001058
  0.002694
  0.002131
  0.000240
 -0.000844
  0.000980
 -0.000256
 -0.001632
 -0.000141
 -0.001780
 -0.002851
  0.001323
 -0.000590
  0.002169
 -0.000813
  0.000524
 -0.001307
 -0.000583
  0.000196
  0.000622
 -0.000075
  0.000512
  0.000611
 -0.000268
  0.000944
  0.001649
  0.000599
  0.000786
 -0.001285
 -0.000174
 -0.000435
  0.000094
  0.001661
 -0.001381
  0.001176
  0.001877
 -0.000029
 -0.000925
 -0.001394
  0.000922
  0.001206
  0.000795
  0.000211
  0.001054
  0.002248
  0.002195
 -0.000275
 -0.001029
 -0.001663
  0.000963
  0.000627
  0.001536
 -0.000786
 -0.001602
 -0.001067
 -0.002371
  0.000084
 -0.001229
  0.000452
  0.001357
  0.001417
 -0.003061
 -0.001467
 -0.001202
 -0.001134
 -0.000947
  0.000978
  0.001743
  0.001395
 -0.000948
 -0.000774
 -0.000890
  0.000036
  0.000470
 -0.000528
 -0.000200
 -0.000736
 -0.000273
  0.000517
  0.000972
  0.000001
  0.000966
 -0.000784
  0.000426
 -0.000309
  0.001503
 -0.001048
 -0.000249
  0.000186
 -0.000391
 -0.000883
 -0.000770
 -0.001308
  0.000099
  0.000434
  0.000398
 -0.000901
  0.001642
  0.000129
  0.001149
  0.001657
 -0.001204
 -0.000468
 -0.000765
 -0.000512
 -0.001088
  0.000806
  0.000312
 -0.000968
 -0.000161
  0.000356
  0.000082
 -0.000269
  0.000923
  0.002525
  0.000056
 -0.000983
  0.000528
  0.002731
  0.001980
  0.000232
  0.001208
 -0.001348
  0.000509
 -0.000903
  0.000493
 -0.000470
 -0.000949
  0.000145
  0.000328
 -0.000916
 -0.000340
  0.001039
 -0.000698
 -0.001272
  0.000347
 -0.000171
 -0.000694
 -0.001016
  0.000413
  0.000634
  0.000216
  0.002622
  0.000037
 -0.001342
 -0.001386
  0.000737
 -0.000715
 -0.000156
  0.000236
 -0.000880
 -0.001117
 -0.000851
  0.001092
 -0.002078
 -0.000333
 -0.000077
 -0.001623
 -0.001746
  0.001308
  0.002380
 -0.000995
  0.001060
  0.000442
 -0.000351
 -0.000502
 -0.001263
 -0.000047
 -0.000877
 -0.001386
 -0.000880
 -0.000363
  0.000504
  0.000196
  0.000507
 -0.000650
 -0.000867
 -0.000138
  0.001747
  0.000014
 -0.000759
  0.001275
 -0.000836
 -0.000263
 -0.001504
 -0.000387
 -0.000570
 -0.000718
 -0.000401
  0.000126
  0.000207
 -0.000005
  0.000206
 -0.000826
 -0.000216
 -0.000926
  0.000205
 -0.000184
 -0.001929
  0.000881
  0.000014
  0.002777
  0.000092
 -0.002158
  0.001930
  0.004179
 -0.001508
  0.000240
  0.002246
  0.001821
  0.001580
 -0.000322
 -0.000047
 -0.000486
  0.000245
  0.000586
  0.000449
  0.000145
 -0.000435
  0.000528
 -0.000095
  0.001219
 -0.000218
