 -0.470982
  0.867821
  0.013194
  0.070863
 -0.030332
  0.070088
  0.000320
 -0.017895
  0.017197
  0.042334
  0.037057
  0.006060
 -0.008727
  0.000059
  0.024316
 -0.020592
  0.067632
 -0.007996
 -0.011143
 -0.012316
  0.010291
  0.007863
  0.000572
  0.022145
 -0.032655
  0.010184
 -0.017116
 -0.007357
 -0.008143
 -0.006045
 -0.005864
  0.014305
  0.007272
  0.003797
  0.009167
 -0.008761
  0.004007
  0.010699
  0.004344
  0.000915
 -0.006367
 -0.001553
  0.001531
  0.001771
 -0.000526
  0.001459
  0.010712
  0.001085
 -0.002396
 -0.006337
  0.005335
  0.007913
 -0.002030
  0.001179
 -0.001272
 -0.005879
 -0.003487
  0.000681
  0.004967
 -0.002422
 -0.000378
  0.001039
 -0.000560
 -0.004258
 -0.002851
  0.000294
  0.000419
  0.003522
 -0.003710
 -0.002329
  0.001904
 -0.000415
  0.000955
 -0.001130
 -0.001636
  0.000355
  0.001744
 -0.002052
 -0.000625
 -0.002330
  0.000568
 -0.001924
  0.004679
  0.002651
  0.003633
 -0.008209
  0.002767
 -0.000786
 -0.001199
 -0.001301
  0.001712
  0.002306
  0.001265
 -0.002896
  0.000336
 -0.003817
 -0.003217
 -0.000727
  0.000750
  0.000107
  0.002128
  0.000753
 -0.001341
 -0.003573
  0.000155
  0.000242
 -0.001695
 -0.000794
 -0.000484
 -0.002505
  0.002504
 -0.002633
  0.001220
 -0.006969
  0.001306
 -0.001288
 -0.003076
 -0.001064
 -0.000859
 -0.000415
  0.002025
 -0.003848
  0.002222
  0.004163
 -0.001291
  0.000254
 -0.000612
  0.000249
  0.001419
  0.001485
 -0.001927
  0.000384
  0.001468
 -0.003690
 -0.000648
  0.000422
  0.001458
  0.001809
  0.000591
 -0.000490
  0.000715
  0.000787
  0.003011
 -0.002737
  0.001675
  0.001220
  0.000157
 -0.000872
  0.000564
  0.001385
  0.002987
 -0.001070
 -0.001219
  0.001984
  0.000611
  0.000509
  0.000107
  0.000628
 -0.003183
 -0.000156
  0.001232
 -0.000511
 -0.002114
  0.000058
  0.001670
  0.001119
 -0.001591
 -0.001215
 -0.000954
  0.001461
  0.001073
 -0.000667
 -0.003269
 -0.002732
 -0.000327
  0.000836
 -0.000584
 -0.001867
  0.001396
  0.000559
 -0.000222
  0.000668
  0.001688
  0.000635
 -0.002185
  0.001284
  0.000920
  0.001494
  0.000942
 -0.001375
 -0.000314
  0.002687
 -0.000858
 -0.001040
  0.001695
 -0.002845
  0.000620
 -0.001397
 -0.000562
  0.000453
  0.001011
  0.000223
  0.000295
 -0.000381
 -0.000639
  0.003303
  0.001170
 -0.001293
  0.000241
 -0.000027
  0.000325
  0.000725
 -0.001194
 -0.001085
 -0.001011
  0.000501
  0.000470
  0.000648
 -0.000363
  0.003413
 -0.001235
  0.001413
  0.000356
  0.001873
 -0.001263
 -0.000866
  0.001198
 -0.001791
 -0.001320
 -0.000591
 -0.000277
  0.002544
 -0.003521
  0.001616
  0.000229
  0.001664
 -0.002068
  0.000604
 -0.001716
 -0.000588
 -0.002391
  0.002653
  0.000363
 -0.000342
 -0.000880
 -0.000623
  0.002070
 -0.000070
 -0.000075
  0.000212
 -0.001135
  0.000938
 -0.000534
  0.000886
  0.000506
 -0.000214
 -0.001699
 -0.001548
 -0.002191
  0.001047
  0.000229
  0.000623
  0.000358
 -0.001292
  0.001067
  0.001413
  0.001271
  0.000237
 -0.000639
 -0.000388
 -0.000261
  0.000089
 -0.000143
  0.000443
  0.000233
 -0.000550
 -0.000209
  0.000617
 -0.001687
 -0.000037
  0.000150
 -0.000772
  0.000967
 -0.000086
  0.000748
  0.000465
  0.000736
 -0.001140
  0.002585
  0.000050
 -0.001017
 -0.000818
 -0.001591
  0.000243
  0.001461
  0.000114
  0.000326
  0.000471
  0.000974
  0.001594
 -0.000290
 -0.001080
 -0.000652
  0.001172
  0.001619
 -0.000437
  0.000679
 -0.000838
  0.000726
 -0.000387
  0.000610
 -0.001130
 -0.000823
  0.001123
 -0.000666
 -0.002506
 -0.000889
 -0.000814
 -0.000188
 -0.000078
  0.000402
 -0.001408
  0.000366
  0.000935
 -0.000045
 -0.000498
 -0.000851
 -0.000654
  0.001329
  0.001337
 -0.001308
 -0.000190
 -0.001847
 -0.000507
  0.001654
 -0.000338
  0.000626
 -0.001676
  0.000968
 -0.001261
 -0.000223
 -0.001715
 -0.000721
  0.000845
 -0.001439
 -0.000014
  0.000690
  0.001294
  0.000201
 -0.001784
  0.000294
 -0.000122
  0.000151
  0.000240
  0.001660
  0.000746
 -0.000138
 -0.000140
  0.001496
 -0.000387
  0.000310
 -0.000315
  0.002660
 -0.000562
 -0.000036
 -0.000711
  0.000019
  0.000571
 -0.000448
 -0.000910
 -0.001309
  0.001104
 -0.000325
  0.000498
 -0.001418
 -0.000383
 -0.000272
 -0.001078
  0.000508
  0.000116
 -0.002075
 -0.000009
  0.000221
  0.001236
 -0.000294
  0.001124
 -0.000077
  0.000094
  0.000396
 -0.000132
 -0.001278
 -0.000260
  0.000006
  0.001069
 -0.000514
  0.000536
  0.001110
  0.000410
 -0.000721
 -0.000708
 -0.000121
  0.000174
 -0.001107
 -0.001117
  0.002497
  0.000697
  0.000211
  0.001518
  0.000243
  0.000063
  0.000094
 -0.001316
 -0.000131
  0.000271
 -0.001446
  0.000366
 -0.000771
 -0.000559
 -0.000484
 -0.000039
 -0.000090
  0.000116
 -0.000641
  0.000252
 -0.000281
  0.000334
 -0.000151
  0.000205
 -0.000302
 -0.000536
  0.000197
  0.001307
 -0.000905
 -0.001932
 -0.001293
 -0.000200
 -0.000153
 -0.000938
 -0.000404
  0.000115
 -0.001386
 -0.000587
 -0.000860
  0.000362
  0.000495
  0.000915
 -0.000150
  0.000560
 -0.000623
 -0.000641
 -0.000874
  0.000016
  0.001124
  0.000289
  0.000362
  0.001016
 -0.000016
  0.000561
  0.000123
 -0.000767
  0.000325
  0.000690
  0.000089
  0.000061
 -0.000172
 -0.000244
 -0.000646
 -0.000119
 -0.000081
  0.000031
 -0.000192
  0.000417
  0.001007
 -0.000215
  0.001238
  0.000011
 -0.000245
 -0.001154
  0.000431
  0.000209
 -0.000771
  0.000106
 -0.000235
 -0.000038
  0.001223
 -0.001230
 -0.000392
 -0.001046
  0.000217
 -0.000027
 -0.000901
  0.000027
  0.000300
 -0.001696
  0.000152
 -0.000147
 -0.000367
  0.000051
 -0.000519
  0.001000
 -0.001419
 -0.000388
  0.000140
  0.000185
 -0.001128
  0.000198
 -0.000393
 -0.000793
  0.000439
 -0.001424
  0.000871
  0.000800
  0.000279
  0.000176
  0.001284
  0.000272
  0.001800
 -0.000195
  0.001220
  0.000067
  0.000600
 -0.000486
  0.000238
  0.001721
  0.000170
 -0.000139
 -0.000057
  0.001204
  0.000761
 -0.001390
  0.001550
  0.000435
  0.000355
 -0.000168
  0.001123
 -0.000671
  0.000702
 -0.000318
  0.000042
 -0.000793
 -0.000343
  0.000089
 -0.000479
 -0.000064
 -0.000096
  0.000297
  0.000952
 -0.000052
  0.001089
 -0.000013
  0.000450
  0.000028
 -0.000451
 -0.000137
  0.000371
 -0.000437
 -0.000109
  0.000025
  0.000416
 -0.000504
  0.000140
 -0.000404
 -0.000134
  0.000572
  0.000499
  0.000017
  0.001297
 -0.000172
  0.000006
  0.000044
 -0.000304
 -0.000096
 -0.000203
 -0.000046
 -0.000029
  0.000393
 -0.000427
  0.000393
  0.000418
  0.001377
  0.000205
 -0.000298
 -0.000200
 -0.000221
 -0.000080
  0.000605
 -0.000253
  0.000409
 -0.000184
 -0.000563
  0.000088
 -0.000255
 -0.000224
  0.000276
  0.000156
  0.000390
 -0.000377
  0.000065
  0.000003
 -0.000074
 -0.000481
 -0.000168
 -0.000579
  0.000423
 -0.000177
  0.000832
 -0.000422
  0.000109
 -0.000113
 -0.000038
 -0.000979
  0.000008
 -0.000676
 -0.000277
  0.000158
  0.000604
 -0.000746
  0.000183
 -0.000257
  0.000552
 -0.000113
  0.000161
  0.000067
 -0.000451
 -0.000847
  0.000331
 -0.000055
  0.000620
  0.000182
 -0.000268
  0.000171
  0.000339
  0.000076
  0.000059
 -0.000343
  0.000051
  0.001125
  0.000071
 -0.000463
 -0.000120
 -0.000631
  0.000631
 -0.000417
  0.000209
  0.000026
 -0.000026
 -0.000528
 -0.000068
 -0.000034
  0.000172
 -0.000193
  0.000335
  0.000360
 -0.000269
 -0.000271
  0.000217
  0.000035
 -0.000069
 -0.000570
 -0.000166
  0.000101
  0.000316
  0.000939
 -0.000112
  0.000160
  0.000178
  0.000450
 -0.000413
 -0.000153
  0.000768
 -0.000568
  0.000195
  0.000216
 -0.000030
  0.000228
  0.000385
  0.000062
  0.000431
  0.000413
  0.000095
  0.000426
  0.000579
 -0.000108
 -0.000110
  0.000556
 -0.000902
 -0.000288
  0.000090
  0.000280
 -0.000080
 -0.000206
  0.000758
  0.000063
  0.000049
  0.000076
  0.000064
 -0.000329
 -0.000005
 -0.000874
 -0.000115
 -0.000238
  0.000594
  0.000944
 -0.000420
  0.000137
 -0.000198
  0.000342
  0.000008
 -0.000115
 -0.000792
  0.000100
 -0.000151
  0.000004
 -0.000242
  0.000243
 -0.000491
  0.000031
  0.000317
  0.000329
 -0.000066
  0.000313
  0.000173
  0.000303
  0.000116
 -0.000084
 -0.000575
 -0.000187
 -0.000135
 -0.000288
  0.000387
 -0.000363
  0.000322
 -0.000200
  0.000108
  0.000230
 -0.000065
 -0.000069
  0.000422
 -0.000143
  0.000407
  0.000065
  0.000564
  0.000225
 -0.000052
 -0.000354
  0.000277
 -0.000453
 -0.000039
 -0.000162
 -0.000264
 -0.000382
  0.000910
 -0.000274
  0.000192
 -0.000489
 -0.000697
 -0.000018
 -0.000532
  0.000061
  0.000038
 -0.000365
 -0.000751
 -0.000342
  0.000659
  0.000157
  0.000478
 -0.000449
 -0.000109
  0.000235
  0.000745
 -0.000428
 -0.000401
  0.000565
  0.000169
 -0.000380
 -0.000068
 -0.000278
  0.000492
  0.000217
  0.000414
  0.000124
  0.000052
 -0.000238
  0.000563
  0.000399
  0.000121
  0.000387
 -0.000921
 -0.000362
 -0.000095
 -0.000452
 -0.000003
  0.000000
  0.000059
 -0.000174
 -0.000201
 -0.000933
 -0.000454
 -0.000220
 -0.000535
  0.000027
  0.000096
  0.000255
  0.000644
  0.000198
  0.000112
 -0.000203
 -0.000148
 -0.000078
 -0.000034
 -0.000178
  0.000248
  0.000454
  0.000212
 -0.000061
  0.000136
  0.000033
  0.000518
 -0.000090
  0.000152
  0.000142
  0.000144
  0.000300
  0.000095
  0.000566
