 -0.035504
  0.989034
 -0.007500
  0.029838
 -0.020738
 -0.025005
 -0.080524
  0.064882
 -0.019590
 -0.002385
 -0.008221
  0.003373
 -0.018814
  0.000858
 -0.040972
  0.018510
  0.027005
  0.009859
  0.029041
  0.005583
  0.006109
 -0.003925
 -0.023468
 -0.007641
 -0.000286
  0.000515
 -0.018445
 -0.001199
 -0.003257
  0.013211
 -0.000587
  0.000202
 -0.006613
  0.007283
 -0.004359
 -0.010029
  0.000287
  0.011000
 -0.007840
 -0.007510
 -0.001478
 -0.003649
 -0.001569
 -0.007392
 -0.013683
  0.001360
 -0.000344
 -0.004911
  0.003271
  0.002531
 -0.007605
 -0.001460
 -0.000914
  0.003122
 -0.005243
 -0.007159
 -0.001912
 -0.009088
 -0.001245
 -0.002320
 -0.003581
 -0.002190
  0.001169
 -0.003199
  0.003041
  0.000059
 -0.000273
  0.006801
 -0.002984
  0.008948
 -0.002462
  0.007105
 -0.005815
  0.001410
  0.000396
 -0.001575
 -0.005858
 -0.003481
  0.004794
  0.001092
 -0.006073
  0.003975
 -0.000513
  0.005129
  0.000011
 -0.000442
  0.004105
 -0.000635
  0.005683
 -0.003939
  0.003615
  0.000893
  0.002271
  0.000196
  0.001751
 -0.001199
  0.001179
 -0.003949
  0.002069
 -0.002873
  0.001503
  0.002608
  0.001457
  0.003457
 -0.000825
  0.001015
  0.001252
  0.000507
 -0.000967
 -0.000552
  0.000372
  0.001953
 -0.000560
  0.002133
  0.000946
 -0.000275
  0.000596
 -0.001852
 -0.000961
  0.002278
 -0.003512
 -0.000607
 -0.000537
  0.000450
 -0.000150
 -0.001435
  0.004478
  0.000566
  0.000059
 -0.001683
  0.001132
  0.000616
 -0.000592
 -0.000940
 -0.001677
 -0.000241
 -0.002769
  0.000581
  0.003870
  0.001739
 -0.001746
 -0.002109
 -0.000425
  0.000615
  0.001867
  0.000880
 -0.002315
 -0.000052
  0.000900
  0.001283
 -0.000548
 -0.001018
 -0.000374
 -0.000871
  0.001313
  0.001477
  0.000698
  0.000032
  0.001273
  0.001736
  0.001084
  0.002534
 -0.000153
 -0.001119
 -0.000910
 -0.000899
 -0.004424
  0.002982
 -0.001018
 -0.001443
  0.001621
 -0.000667
  0.000748
  0.000523
  0.001122
  0.001276
 -0.000490
  0.000025
 -0.000071
  0.000232
 -0.000360
  0.002088
 -0.001154
  0.000289
 -0.000699
 -0.000495
 -0.001155
 -0.000195
  0.001613
  0.002015
 -0.000356
 -0.000743
 -0.000099
 -0.001374
 -0.001798
  0.001047
 -0.000139
  0.000577
 -0.001042
  0.000669
 -0.001251
  0.000205
  0.000498
 -0.002118
  0.000430
  0.000212
 -0.001226
 -0.000350
  0.000925
 -0.000668
 -0.000799
  0.001499
 -0.000346
  0.000880
  0.001239
 -0.001880
 -0.002688
  0.000703
 -0.000333
 -0.000379
 -0.000481
 -0.000782
 -0.000710
 -0.000338
 -0.000654
 -0.000950
 -0.000302
 -0.001055
 -0.000471
 -0.000673
  0.000531
 -0.001709
  0.000200
 -0.001258
  0.000227
  0.000379
 -0.001332
 -0.000052
 -0.001025
 -0.000360
 -0.000121
 -0.001476
 -0.001347
 -0.000139
  0.000246
  0.001388
  0.001148
 -0.000215
  0.000698
 -0.000012
  0.000541
 -0.000257
 -0.002353
  0.000783
  0.001203
 -0.000667
  0.000978
  0.000008
 -0.000399
 -0.000490
  0.001838
  0.002933
  0.000099
  0.002250
  0.000117
 -0.001682
  0.001344
 -0.001768
  0.001193
  0.000806
  0.002006
 -0.000193
  0.000599
  0.000127
  0.001778
 -0.000553
  0.001358
  0.002757
 -0.001235
 -0.001991
 -0.000866
  0.000731
 -0.000729
 -0.001065
 -0.000791
 -0.000251
  0.001809
  0.003227
 -0.000662
  0.002688
 -0.000575
  0.000293
 -0.000053
  0.000866
  0.000890
 -0.000252
 -0.000182
  0.002342
  0.000904
 -0.000036
 -0.000048
 -0.000216
  0.002803
 -0.001821
 -0.000094
 -0.000036
  0.000764
  0.000711
 -0.000221
 -0.001414
 -0.000370
  0.000423
  0.000590
 -0.000047
 -0.000801
  0.000477
 -0.000614
 -0.000537
 -0.000694
  0.001518
  0.000030
 -0.000771
  0.001091
 -0.000604
 -0.000650
 -0.000694
  0.001429
 -0.000118
 -0.000597
 -0.000676
  0.000523
  0.001001
 -0.000242
  0.001216
  0.000178
  0.000436
  0.001108
 -0.000638
 -0.000891
  0.000069
  0.000151
  0.000079
  0.000339
 -0.000249
 -0.000035
 -0.000665
  0.000446
 -0.000486
 -0.000307
 -0.000390
  0.000021
  0.001537
  0.000808
  0.000021
  0.000337
  0.001504
 -0.000205
 -0.001267
 -0.001099
  0.000116
 -0.000616
 -0.000729
  0.000749
 -0.000250
  0.000186
 -0.001262
  0.000111
  0.000869
 -0.000364
 -0.001517
 -0.000109
 -0.000523
  0.000094
  0.001185
 -0.000914
  0.001210
 -0.000409
  0.000245
  0.000232
  0.000224
  0.000854
  0.000312
 -0.000647
  0.000639
  0.000981
 -0.000186
  0.000989
  0.000671
 -0.000748
  0.000443
 -0.000065
  0.001034
 -0.000301
 -0.000123
 -0.001850
 -0.000187
 -0.000238
 -0.000010
  0.000191
 -0.001415
  0.000877
  0.000328
  0.000432
  0.001655
 -0.000022
 -0.000035
 -0.001017
  0.000389
 -0.000162
  0.000084
 -0.000866
  0.000086
  0.000299
  0.000082
 -0.000142
 -0.000192
  0.000208
 -0.001007
  0.000243
  0.000061
 -0.001216
 -0.000635
 -0.000454
  0.000105
  0.000027
  0.000930
  0.000529
 -0.001270
  0.000589
  0.000117
  0.000895
  0.000893
 -0.000355
  0.000107
 -0.000017
 -0.001151
  0.000285
  0.000286
  0.000505
  0.000084
  0.000011
 -0.000122
 -0.000377
  0.000162
  0.000312
 -0.000463
 -0.000033
  0.000301
 -0.000370
  0.000107
  0.000009
 -0.000562
  0.000324
  0.001203
  0.000237
  0.000239
  0.000098
 -0.000649
 -0.001041
  0.000502
 -0.001643
 -0.000528
 -0.000818
 -0.001432
  0.000326
  0.001118
 -0.000546
  0.001413
 -0.000335
 -0.000027
  0.001381
 -0.001387
  0.000401
  0.000581
  0.000931
  0.000240
  0.000268
 -0.000417
  0.000121
 -0.000255
 -0.000717
 -0.000039
  0.000154
  0.000736
  0.000176
 -0.000121
 -0.000063
 -0.000298
  0.000159
  0.000068
  0.000419
  0.000846
  0.000152
 -0.001820
  0.000263
  0.000612
 -0.000969
  0.000311
  0.000790
 -0.000600
 -0.000368
 -0.001175
  0.000167
 -0.001109
 -0.000147
 -0.000344
  0.002281
 -0.001842
  0.000015
 -0.001236
  0.000133
 -0.001404
 -0.000652
 -0.000170
 -0.000731
 -0.000323
  0.000030
 -0.001674
 -0.001296
 -0.000942
 -0.000584
 -0.000474
 -0.000361
  0.000021
 -0.000630
 -0.001059
  0.000658
 -0.000441
 -0.000178
  0.001156
  0.000401
 -0.000423
 -0.000407
  0.000965
  0.000863
 -0.000141
  0.000024
  0.000009
  0.000314
 -0.000699
  0.001237
  0.000292
 -0.000370
  0.000145
  0.000154
  0.000726
 -0.000790
  0.000382
  0.000630
 -0.000252
 -0.000192
  0.000242
 -0.000175
 -0.000411
 -0.000127
  0.000295
 -0.000109
  0.001680
  0.000465
  0.000449
 -0.000732
 -0.000375
  0.000614
  0.000025
 -0.000393
 -0.000477
 -0.000278
  0.000367
 -0.000028
  0.000480
 -0.000168
  0.000138
  0.000884
  0.000264
  0.000864
  0.000363
  0.000356
  0.000291
  0.000545
  0.000855
 -0.000415
 -0.001021
  0.000251
 -0.000957
 -0.001011
  0.000225
  0.000070
  0.001220
 -0.000135
  0.001164
  0.000901
  0.000388
 -0.000252
 -0.000015
  0.000942
  0.000124
 -0.000656
  0.000044
 -0.000260
  0.000567
  0.000142
  0.000363
  0.000383
  0.000433
 -0.000051
 -0.000315
  0.000329
  0.000676
  0.000279
  0.000632
 -0.000445
 -0.000221
 -0.000716
  0.000453
 -0.000063
 -0.000175
  0.000396
 -0.000302
 -0.000322
 -0.000644
 -0.000366
  0.001136
 -0.000751
  0.000207
  0.000106
  0.000268
 -0.000408
  0.000393
 -0.000407
 -0.000406
 -0.001251
  0.000470
 -0.000794
  0.000014
  0.000775
  0.000188
 -0.000424
 -0.000884
 -0.000263
  0.000305
  0.000167
 -0.000424
 -0.001226
  0.000228
  0.000214
 -0.000114
  0.000619
  0.000352
  0.000111
 -0.000428
  0.000078
 -0.000591
 -0.000276
 -0.001445
 -0.000155
 -0.000015
 -0.000460
  0.000208
  0.000250
 -0.000262
  0.000062
 -0.000738
 -0.000081
 -0.000028
 -0.001218
 -0.000586
  0.000431
  0.001570
 -0.000492
 -0.000044
 -0.000163
 -0.000531
 -0.000653
  0.000118
 -0.000041
  0.000462
 -0.000515
 -0.000101
 -0.000241
  0.000152
  0.000343
  0.000001
  0.000678
 -0.000333
  0.000270
 -0.000142
  0.000278
  0.000005
 -0.000678
 -0.000061
  0.000278
  0.000660
 -0.000172
  0.000938
 -0.000073
  0.000260
 -0.000088
 -0.000084
 -0.000522
  0.000406
 -0.000299
 -0.000087
 -0.000939
 -0.001057
  0.000292
 -0.000161
  0.000180
  0.000264
 -0.000305
 -0.000110
 -0.000260
  0.000830
  0.000389
  0.000265
 -0.000044
  0.000666
 -0.000533
  0.000452
  0.000430
 -0.000687
 -0.000006
  0.000282
 -0.001244
  0.000573
  0.000212
  0.000223
 -0.000065
  0.001616
  0.000504
 -0.000526
 -0.000005
  0.000795
 -0.001586
  0.000230
 -0.001057
  0.000078
 -0.000242
  0.000536
 -0.000331
  0.000224
 -0.000293
 -0.000522
 -0.000649
  0.000972
 -0.000425
 -0.000864
  0.000040
 -0.000113
 -0.000051
  0.001254
 -0.000079
  0.000904
 -0.000166
 -0.000374
 -0.000068
 -0.000899
 -0.000192
  0.000045
  0.000136
 -0.000294
 -0.000716
  0.000113
  0.000269
  0.000542
 -0.000020
  0.000265
 -0.000010
 -0.000617
 -0.000173
  0.000468
 -0.000111
 -0.000564
  0.000541
  0.000153
 -0.000690
  0.000414
 -0.000062
 -0.000139
 -0.000079
  0.000304
 -0.000063
 -0.000437
  0.000133
  0.000064
  0.000301
 -0.000159
 -0.000647
 -0.001005
  0.000011
  0.000635
 -0.000625
 -0.000827
 -0.000138
 -0.000159
  0.000644
 -0.000418
 -0.001182
  0.000443
 -0.001028
  0.000515
  0.002282
  0.000857
 -0.000299
  0.000289
  0.000352
 -0.000148
  0.000056
 -0.000050
 -0.000093
 -0.000003
  0.000239
  0.000526
 -0.000041
  0.000465
  0.000432
 -0.000119
  0.000280
 -0.000116
 -0.000106
 -0.000905
 -0.000280
  0.000111
 -0.000846
 -0.000043
 -0.000084
