 -0.057639
  0.996905
 -0.017944
  0.035646
 -0.007986
 -0.009864
 -0.003014
 -0.006514
  0.000999
  0.014691
  0.004845
 -0.003318
 -0.003352
  0.005736
  0.004122
 -0.007627
 -0.000937
 -0.001896
 -0.004020
 -0.003125
 -0.004111
  0.004017
 -0.007298
  0.002603
  0.002425
  0.001597
  0.006664
  0.004239
  0.000583
  0.004254
  0.003181
 -0.000273
 -0.000444
 -0.002864
 -0.003846
  0.000366
  0.000599
 -0.001907
 -0.004910
 -0.001220
  0.003925
  0.006189
  0.002183
 -0.001025
  0.001450
 -0.001755
  0.002655
 -0.003373
 -0.000737
 -0.000278
 -0.002745
 -0.000622
  0.001171
 -0.000332
 -0.002190
 -0.002324
 -0.002845
  0.000377
 -0.002404
 -0.000662
 -0.001180
  0.000373
  0.003159
  0.001579
 -0.002490
  0.000384
 -0.000817
 -0.000207
  0.000514
  0.000558
 -0.004301
  0.001046
  0.001480
  0.002964
 -0.001748
  0.000414
 -0.000294
 -0.001788
 -0.002687
  0.000770
 -0.000351
  0.001643
  0.000071
  0.000160
 -0.000291
  0.000528
 -0.000337
  0.001063
 -0.000497
 -0.000067
  0.000335
 -0.003595
  0.000923
  0.001816
  0.001013
  0.002290
 -0.001060
  0.001617
 -0.000704
  0.000299
 -0.001752
 -0.001595
  0.000066
  0.000528
  0.000111
 -0.001170
 -0.000299
  0.000602
  0.000727
  0.000386
  0.000478
 -0.001672
 -0.000193
 -0.000327
  0.000855
 -0.000953
  0.001116
 -0.000154
  0.000049
 -0.000074
 -0.001168
  0.000009
 -0.000491
  0.000171
  0.000114
  0.000307
 -0.000971
 -0.000591
 -0.001877
  0.001106
  0.001523
 -0.000719
 -0.002897
  0.000004
  0.000169
  0.000417
  0.000888
  0.000603
 -0.001826
 -0.000462
 -0.000602
  0.000338
 -0.000324
 -0.000912
 -0.000788
  0.000023
 -0.000518
 -0.000272
  0.000692
  0.000690
 -0.000634
 -0.000523
  0.000234
 -0.000083
  0.000036
  0.000851
  0.001471
 -0.000220
  0.000156
 -0.000991
  0.000532
 -0.000101
  0.001082
 -0.000394
  0.000360
  0.000829
  0.000766
  0.000612
  0.000224
 -0.000947
  0.001161
  0.000015
  0.000259
 -0.000669
  0.000194
  0.000613
 -0.000925
  0.000053
 -0.000263
  0.001658
  0.001185
  0.000338
  0.000303
  0.000107
 -0.002223
  0.000031
  0.000446
 -0.000442
 -0.000494
  0.000735
 -0.000044
  0.001291
 -0.001060
  0.000334
 -0.000291
 -0.000990
  0.003831
  0.000465
  0.000875
  0.000326
  0.000146
 -0.001018
  0.000550
  0.000467
  0.001419
  0.000326
 -0.000395
  0.000163
  0.000055
 -0.000388
 -0.001249
 -0.000057
 -0.000798
  0.000641
  0.000066
 -0.000012
  0.000162
  0.000176
  0.000111
  0.001054
  0.000147
  0.001294
  0.000262
 -0.001221
  0.000073
  0.000184
  0.000399
 -0.000187
 -0.000332
  0.000192
  0.001356
  0.000566
  0.001267
  0.000722
 -0.000541
  0.000599
  0.001145
 -0.000659
  0.000930
  0.000182
  0.000512
  0.000615
 -0.000409
 -0.001519
 -0.000199
 -0.000437
  0.000250
 -0.000579
 -0.000188
  0.001381
  0.000539
 -0.000384
  0.000019
  0.000031
  0.000009
  0.000267
  0.000686
  0.000321
  0.000172
  0.000095
  0.000391
  0.000915
  0.000043
  0.000914
 -0.000041
  0.000510
  0.000176
  0.000195
  0.000162
 -0.000295
  0.000032
  0.000144
  0.000261
 -0.000197
 -0.000099
  0.000176
 -0.000303
  0.000036
 -0.000077
 -0.000059
  0.000023
  0.000084
 -0.000005
 -0.000356
 -0.000111
  0.000165
  0.000148
  0.000265
 -0.000033
 -0.000043
 -0.000324
  0.000578
 -0.000700
  0.000963
 -0.000228
 -0.000058
 -0.000372
 -0.000839
  0.000295
  0.000316
  0.000924
  0.000129
  0.000102
 -0.000122
  0.000208
 -0.000450
  0.000472
 -0.000208
  0.000256
 -0.000389
  0.000083
 -0.000169
 -0.000043
 -0.000096
  0.000282
 -0.000235
  0.000269
  0.000054
  0.000115
 -0.000009
 -0.000165
  0.000227
  0.000061
 -0.000148
 -0.000139
 -0.000313
  0.000056
 -0.000034
  0.000119
 -0.000217
 -0.000079
 -0.000173
  0.000094
 -0.000015
 -0.000201
 -0.000322
  0.000261
  0.000090
 -0.000287
  0.000028
 -0.000651
  0.000109
 -0.000374
 -0.000213
 -0.000180
  0.000174
 -0.000228
  0.000213
 -0.000301
  0.000325
  0.000299
 -0.000598
  0.000268
  0.000191
 -0.000222
  0.000513
 -0.000321
  0.000307
 -0.000930
  0.001159
  0.000203
  0.000242
  0.000538
  0.000265
 -0.000064
 -0.000141
  0.000066
  0.000054
 -0.000177
 -0.000281
  0.000139
 -0.000435
 -0.000004
 -0.000070
 -0.000138
 -0.000416
  0.000551
 -0.000500
 -0.000027
 -0.000408
  0.000500
 -0.000693
  0.000022
  0.000044
  0.000202
 -0.000491
  0.000352
 -0.000909
  0.000138
 -0.000348
 -0.000843
  0.000808
  0.000195
  0.000484
 -0.000326
  0.000158
  0.000300
  0.000856
 -0.000407
 -0.000360
 -0.000325
  0.000107
 -0.000091
 -0.000283
 -0.000372
 -0.000039
  0.000116
  0.000146
 -0.000727
  0.001008
  0.000284
  0.000554
  0.000738
  0.000670
  0.000237
  0.000561
  0.000584
  0.000978
 -0.000650
 -0.000771
 -0.000290
  0.001086
  0.000890
 -0.000147
  0.000299
  0.000573
  0.000954
  0.000208
  0.000424
 -0.000047
 -0.000294
  0.001494
  0.001013
  0.000903
  0.001072
 -0.000032
  0.000759
  0.001364
  0.000349
  0.000746
  0.000091
  0.001136
  0.000875
  0.000227
  0.000078
  0.000127
  0.001909
  0.001309
  0.000192
 -0.000698
  0.000031
  0.000402
 -0.000076
  0.000239
 -0.000796
 -0.000506
  0.000174
  0.000986
  0.000667
 -0.000128
 -0.000007
 -0.000713
  0.000798
  0.000109
  0.000378
 -0.000217
 -0.000424
 -0.000009
 -0.000773
  0.000148
  0.000590
  0.001126
 -0.000116
  0.000456
 -0.000394
 -0.000091
 -0.000029
 -0.000144
 -0.000429
 -0.000559
  0.000443
 -0.000717
  0.000502
 -0.000608
 -0.000126
 -0.000355
  0.000352
 -0.000275
  0.000052
  0.000367
 -0.001371
  0.000736
 -0.000607
 -0.000099
 -0.001026
 -0.000441
  0.001095
 -0.000961
 -0.000810
  0.000189
  0.000203
 -0.000641
 -0.000351
 -0.000394
 -0.000132
 -0.000336
  0.000137
 -0.000072
 -0.000358
  0.000333
  0.000150
  0.000063
  0.000732
 -0.000080
  0.000138
 -0.000785
 -0.000491
  0.000665
  0.000473
 -0.000013
  0.000378
 -0.000480
  0.000029
  0.000268
 -0.000444
  0.000303
 -0.000581
 -0.000093
  0.000092
 -0.000172
 -0.000073
  0.000043
  0.000040
  0.000063
 -0.000145
 -0.000061
 -0.000040
  0.000010
  0.000008
 -0.000313
  0.000108
 -0.000114
 -0.000168
 -0.000227
 -0.000138
 -0.000367
 -0.000151
 -0.000302
  0.000170
 -0.000424
  0.000216
  0.000474
  0.000044
 -0.000357
  0.000099
  0.000244
  0.000228
  0.000025
  0.000032
  0.000079
 -0.000124
  0.000192
 -0.000237
 -0.000203
 -0.000443
  0.000049
 -0.000040
 -0.000212
 -0.000201
  0.000295
  0.000062
  0.000110
  0.000067
  0.000016
  0.000322
 -0.000165
 -0.000049
 -0.000059
 -0.000203
 -0.000021
  0.000257
  0.000200
  0.000499
  0.000007
  0.000027
  0.000214
 -0.000352
  0.000318
  0.000601
 -0.000197
 -0.000760
 -0.000232
  0.000540
  0.000252
 -0.000292
 -0.000071
 -0.000229
 -0.000075
 -0.000054
 -0.000102
 -0.000213
  0.000090
 -0.000006
  0.000143
 -0.000094
  0.000095
  0.000090
 -0.000184
  0.000053
 -0.000001
  0.000027
  0.000061
  0.000013
  0.000048
  0.000061
 -0.000075
  0.000022
  0.000093
 -0.000209
  0.000078
  0.000137
 -0.000073
 -0.000165
 -0.000110
  0.000271
 -0.000127
  0.000259
 -0.000060
 -0.000003
  0.000161
 -0.000024
  0.000105
  0.000061
  0.000403
 -0.000034
 -0.000004
  0.000065
 -0.000019
  0.000204
  0.000113
  0.000173
 -0.000063
  0.000113
 -0.000104
 -0.000143
  0.000172
  0.000101
  0.000009
  0.000002
 -0.000140
  0.000173
 -0.000052
  0.000100
 -0.000025
  0.000035
  0.000418
 -0.000124
  0.000189
 -0.000345
 -0.000270
 -0.000060
 -0.000400
 -0.000147
 -0.000220
 -0.000128
  0.000334
  0.000082
 -0.000527
  0.000007
 -0.000111
  0.000180
  0.000025
 -0.000025
  0.000234
 -0.000008
 -0.000162
  0.000147
  0.000419
 -0.000217
 -0.000004
  0.000158
  0.000136
 -0.000632
 -0.000295
  0.000268
  0.000064
 -0.000147
  0.000006
  0.000184
 -0.000157
  0.000294
  0.000247
  0.000221
  0.000242
 -0.000239
  0.000003
  0.000321
  0.000138
  0.000160
 -0.000121
 -0.000158
  0.000058
 -0.000300
 -0.000725
  0.000258
 -0.000023
 -0.000075
 -0.000124
  0.000248
  0.000321
 -0.000119
 -0.000120
 -0.000147
  0.000036
 -0.000289
 -0.000515
  0.000566
 -0.000277
 -0.000169
 -0.000239
 -0.000631
  0.000149
 -0.000270
  0.000067
  0.000091
 -0.000323
  0.000006
 -0.000273
 -0.000064
  0.000214
 -0.000358
 -0.000225
  0.000531
 -0.000184
 -0.000032
 -0.000197
  0.000177
 -0.000103
  0.000371
 -0.000133
  0.000409
  0.000545
  0.000183
  0.000565
  0.000354
  0.000232
  0.000057
  0.000210
  0.000514
  0.000098
  0.000258
 -0.000259
  0.000021
  0.000242
  0.000433
 -0.000032
  0.000005
 -0.000182
 -0.000098
  0.000162
 -0.000105
 -0.000052
  0.000170
  0.000072
 -0.000128
 -0.000033
 -0.000122
 -0.000100
 -0.000109
  0.000223
 -0.000069
  0.000205
 -0.000083
  0.000251
 -0.000020
  0.000112
 -0.000092
 -0.000032
 -0.000022
  0.000109
 -0.000086
  0.000147
  0.000056
 -0.000110
  0.000026
  0.000097
 -0.000001
 -0.000017
 -0.000009
  0.000017
 -0.000046
  0.000128
 -0.000068
 -0.000107
  0.000009
 -0.000018
 -0.000016
 -0.000005
 -0.000045
  0.000027
 -0.000055
 -0.000015
 -0.000092
 -0.000017
  0.000013
 -0.000234
  0.000067
  0.000145
 -0.000068
 -0.000072
  0.000406
  0.000004
  0.000021
  0.000004
  0.000165
  0.000477
 -0.000108
  0.000162
  0.000116
  0.000473
  0.000009
 -0.000001
  0.000012
  0.000038
 -0.000028
