 -0.025331
  0.014846
 -0.314892
  0.122946
  0.188579
  0.769206
  0.030016
  0.415232
  0.196807
 -0.076668
 -0.001976
 -0.002093
  0.006570
 -0.113568
  0.048618
 -0.026531
  0.026553
 -0.068978
 -0.012349
 -0.019682
 -0.024282
 -0.014265
  0.058469
  0.000681
 -0.038386
 -0.024382
  0.029391
 -0.038787
 -0.039854
 -0.049977
 -0.001018
 -0.010324
 -0.011180
  0.005316
  0.009311
  0.000635
  0.012574
  0.005378
 -0.008936
  0.008189
  0.011964
 -0.006928
 -0.005550
  0.023665
  0.013986
 -0.015430
  0.011877
  0.023854
  0.007537
  0.001794
 -0.015250
  0.005888
  0.003326
 -0.001245
 -0.002077
  0.014267
 -0.000818
  0.000950
 -0.003969
 -0.004869
 -0.015154
 -0.007665
 -0.001414
  0.002605
 -0.001428
 -0.006635
  0.004388
  0.002941
 -0.001928
 -0.000529
  0.001987
  0.000587
  0.004796
  0.001158
  0.004849
  0.004073
  0.005158
 -0.004387
  0.000884
 -0.000444
  0.003253
 -0.001181
  0.001045
  0.002063
  0.004132
 -0.005868
 -0.001920
  0.003695
 -0.002456
  0.000709
  0.008588
 -0.005858
 -0.001886
  0.005646
  0.001008
 -0.003200
  0.000973
 -0.000918
 -0.000884
  0.005451
 -0.000620
 -0.004647
 -0.003534
  0.001060
 -0.004402
 -0.002432
 -0.000057
  0.002267
  0.000913
  0.005346
  0.002584
 -0.001321
  0.002069
 -0.002984
 -0.000019
  0.000215
  0.000995
 -0.001380
 -0.004059
  0.001339
  0.000514
 -0.000491
 -0.001078
  0.002251
 -0.001704
  0.000238
 -0.000231
 -0.001550
  0.000888
 -0.001243
  0.001507
  0.000508
 -0.000033
 -0.000124
  0.003383
 -0.004752
  0.004316
  0.000334
 -0.003046
 -0.000054
 -0.001020
 -0.000390
  0.001208
  0.000056
  0.000068
 -0.000374
  0.001952
  0.001226
 -0.002919
 -0.000736
  0.002643
 -0.000567
 -0.000215
  0.000116
 -0.000975
  0.000721
 -0.000899
 -0.001446
  0.000260
 -0.000388
  0.000737
 -0.001333
 -0.004545
 -0.000091
 -0.002292
  0.001613
 -0.000065
  0.001793
  0.001066
 -0.003271
  0.000707
 -0.002677
  0.001641
 -0.002111
 -0.000909
 -0.000162
  0.001119
 -0.000225
  0.001936
  0.000676
  0.002030
  0.001642
  0.000538
 -0.000088
  0.000372
 -0.002029
  0.000370
 -0.002129
 -0.003346
 -0.004158
  0.001508
 -0.001542
  0.001782
  0.000695
  0.004391
  0.001408
  0.000217
 -0.001432
  0.000253
 -0.000497
 -0.000755
 -0.000873
 -0.002153
 -0.000505
  0.000943
 -0.006628
 -0.002218
 -0.000139
 -0.002233
 -0.001511
 -0.001528
  0.002953
 -0.001857
 -0.003491
 -0.001169
  0.000472
  0.004215
 -0.000275
  0.001150
  0.001482
 -0.000232
 -0.004238
  0.000087
  0.002016
 -0.000875
 -0.001500
  0.000596
  0.002564
 -0.000238
 -0.001246
 -0.000214
 -0.000131
  0.000130
  0.001661
 -0.000839
 -0.000038
  0.001632
 -0.002234
  0.000235
  0.000473
  0.000323
 -0.000222
 -0.001406
  0.002377
 -0.001128
 -0.000228
 -0.001962
  0.000068
 -0.000388
  0.000546
  0.001407
  0.001884
  0.000704
  0.001451
  0.000366
  0.000459
  0.000483
 -0.000694
  0.001030
 -0.000632
 -0.000683
  0.000960
 -0.000443
  0.000677
  0.000192
 -0.000203
  0.003382
 -0.001207
 -0.001807
  0.001633
 -0.001584
 -0.002688
  0.001685
  0.000498
  0.001598
  0.003292
  0.000143
  0.000290
 -0.001077
  0.000297
  0.000541
 -0.000556
 -0.000577
 -0.000298
 -0.001320
  0.003534
 -0.000408
  0.000421
 -0.000709
 -0.001381
 -0.001755
  0.001422
 -0.001870
  0.001726
 -0.000218
 -0.002891
  0.001352
  0.001962
 -0.001335
 -0.000985
  0.000016
  0.000039
  0.001308
 -0.000546
  0.001953
  0.000464
 -0.001739
  0.000728
  0.001857
 -0.000288
 -0.001207
 -0.002801
  0.001293
  0.000246
  0.000106
 -0.000646
  0.001014
 -0.000473
 -0.000404
 -0.000323
  0.000746
  0.001314
 -0.000032
 -0.000335
 -0.000061
 -0.000506
  0.000307
 -0.000116
  0.000357
  0.000209
  0.000526
  0.001577
 -0.000018
 -0.001772
  0.000900
 -0.001652
 -0.001107
  0.000909
  0.000566
 -0.001057
 -0.000799
 -0.000678
 -0.001472
 -0.002298
 -0.001161
 -0.000344
  0.000354
 -0.001427
  0.000318
 -0.000642
 -0.003999
  0.001835
 -0.002013
 -0.001426
 -0.001488
 -0.000363
 -0.000705
  0.000515
  0.001487
 -0.000070
 -0.000139
  0.001058
 -0.001077
  0.000170
 -0.001715
 -0.000297
 -0.000776
  0.000301
  0.000133
 -0.001790
  0.000215
 -0.000697
 -0.000043
 -0.000964
  0.000325
  0.000063
  0.001478
 -0.000028
 -0.000248
 -0.000325
 -0.000299
 -0.000158
  0.000165
 -0.000237
 -0.000129
 -0.000561
  0.000544
 -0.000522
  0.000367
 -0.000370
  0.000680
 -0.000810
  0.000472
  0.000260
  0.000128
 -0.000482
  0.000436
 -0.000050
 -0.001685
 -0.001012
 -0.000260
  0.001172
 -0.000885
 -0.000718
  0.001687
  0.002072
 -0.001803
 -0.001519
  0.001253
 -0.000467
 -0.000616
  0.000098
  0.000978
  0.000462
 -0.000447
  0.001043
 -0.001068
  0.002949
 -0.000679
 -0.000409
  0.000332
 -0.000688
 -0.000353
  0.001232
  0.002018
 -0.001171
  0.002011
 -0.000994
  0.000023
 -0.000441
  0.001716
 -0.002429
  0.000041
 -0.000184
  0.001215
 -0.000764
 -0.001559
 -0.001438
  0.000219
  0.000007
  0.001343
 -0.001795
  0.000638
  0.003047
  0.000744
  0.000954
  0.000767
  0.001313
 -0.000624
  0.001390
  0.001021
 -0.000972
  0.001297
  0.000257
  0.000086
 -0.002282
 -0.002636
 -0.001190
  0.000629
 -0.001719
 -0.002634
 -0.000047
  0.000306
 -0.000223
 -0.000218
  0.000065
  0.001274
 -0.000354
 -0.000071
 -0.002041
  0.000027
  0.000113
  0.000350
  0.001252
  0.000044
  0.000427
  0.000097
 -0.000706
  0.000553
 -0.001212
  0.000605
 -0.000443
 -0.001235
 -0.000250
 -0.001454
  0.001341
 -0.000633
  0.000433
 -0.000014
  0.000642
 -0.000098
 -0.000662
  0.000292
 -0.000234
 -0.000694
  0.000890
  0.000167
  0.000430
  0.000281
  0.000387
  0.000461
 -0.000090
  0.000253
  0.001683
 -0.000224
  0.000401
 -0.000035
  0.001303
  0.000095
  0.000467
  0.001123
 -0.000060
  0.000500
  0.002293
 -0.000928
  0.001713
 -0.000719
 -0.000347
  0.000366
 -0.000402
  0.000163
 -0.000265
 -0.000052
 -0.000667
  0.000723
  0.000582
  0.000057
 -0.000017
  0.001411
 -0.000406
 -0.000363
 -0.000153
  0.001453
  0.000369
 -0.000692
  0.000655
  0.000356
 -0.000581
  0.000129
 -0.000083
  0.000076
  0.000794
  0.001098
  0.000715
 -0.001134
 -0.001067
  0.000355
  0.001082
 -0.000657
 -0.000799
 -0.000296
 -0.001122
  0.000259
  0.000316
 -0.000317
 -0.001298
 -0.000104
 -0.000900
  0.001080
  0.000014
  0.000535
 -0.000366
 -0.000441
 -0.000148
  0.000706
 -0.000739
 -0.000655
 -0.000367
 -0.000491
  0.000551
  0.000013
  0.000320
 -0.000137
  0.000836
 -0.000008
 -0.000264
  0.000035
 -0.000149
  0.000321
 -0.000338
  0.000133
  0.000152
  0.001477
  0.000020
  0.000076
  0.000094
  0.000107
 -0.000522
 -0.000118
  0.000284
  0.000464
 -0.000168
  0.000133
  0.000193
  0.000360
 -0.000607
  0.000334
 -0.000417
  0.000394
  0.000212
 -0.000375
 -0.000199
 -0.000088
 -0.000348
 -0.000031
 -0.000510
  0.000274
  0.000593
  0.000463
 -0.000283
 -0.000178
 -0.000172
 -0.000271
 -0.000002
 -0.000647
  0.000182
  0.000197
  0.000123
  0.000451
  0.000144
 -0.000869
  0.000322
  0.000076
 -0.000185
  0.000113
  0.000152
 -0.000059
 -0.000088
 -0.000228
  0.000360
  0.000365
 -0.000035
 -0.000210
  0.000252
 -0.000029
  0.001216
 -0.000293
  0.000142
 -0.000391
 -0.000077
 -0.001210
 -0.000346
  0.000179
  0.000171
  0.000089
  0.000023
 -0.000011
  0.000524
 -0.001040
  0.000110
 -0.000624
 -0.000563
 -0.000244
 -0.000070
 -0.000158
 -0.000277
  0.000003
  0.000041
  0.000249
 -0.000542
  0.001198
 -0.000754
 -0.000982
  0.000499
  0.000510
 -0.000099
 -0.000494
  0.000325
  0.000227
  0.000272
  0.000320
 -0.000159
 -0.000210
  0.000216
 -0.000002
  0.000251
 -0.000227
 -0.000129
  0.000305
  0.000708
 -0.000091
 -0.000002
 -0.000490
 -0.000109
  0.000228
 -0.000398
  0.000071
 -0.000576
  0.000214
 -0.000436
 -0.000232
  0.000603
 -0.000381
 -0.000066
  0.000422
 -0.000133
 -0.000493
 -0.000421
  0.001088
  0.000588
  0.000060
 -0.000939
  0.000275
  0.000259
  0.000455
 -0.000022
 -0.000146
  0.000331
 -0.000238
  0.000734
  0.000310
 -0.000036
 -0.000386
  0.000270
  0.000344
  0.000397
  0.000916
  0.000104
 -0.000184
  0.000038
 -0.000112
 -0.000239
  0.001147
 -0.000000
 -0.000707
 -0.001311
  0.000231
  0.000254
  0.000411
  0.000055
  0.000016
  0.000339
  0.000291
 -0.000056
  0.000114
 -0.000502
  0.000059
  0.000125
 -0.000135
 -0.000370
 -0.000301
 -0.000063
  0.000449
  0.000114
 -0.000140
 -0.000130
 -0.000296
  0.000378
  0.000265
  0.000438
  0.000010
  0.000091
 -0.000394
 -0.000163
 -0.000426
  0.000440
 -0.000011
  0.000195
  0.000232
 -0.000283
  0.000750
  0.000157
 -0.000278
  0.000133
 -0.000081
 -0.000003
 -0.000010
  0.000439
  0.000307
 -0.000003
 -0.000717
 -0.000153
 -0.000023
  0.000306
  0.000266
 -0.000156
  0.000198
  0.000295
  0.000276
  0.000086
 -0.000255
  0.000090
 -0.000354
  0.000378
 -0.000471
  0.000409
  0.000404
 -0.000197
  0.000321
  0.000171
 -0.000047
  0.000047
  0.000118
  0.000036
  0.000049
 -0.000412
 -0.000568
  0.000181
 -0.000241
  0.000044
 -0.000425
  0.000375
  0.000015
 -0.000023
  0.000058
  0.000004
 -0.000002
  0.000102
  0.000115
 -0.000015
  0.000066
 -0.000062
 -0.000076
  0.000038
  0.000009
 -0.000015
 -0.000087
  0.000153
 -0.000083
 -0.000161
  0.000080
  0.000114
 -0.000145
  0.000192
  0.000013
