 -0.997376
 -0.057840
 -0.019870
 -0.024128
 -0.000631
 -0.013849
 -0.014954
 -0.004382
  0.001338
 -0.001772
  0.005441
  0.002659
 -0.003053
 -0.001999
  0.003198
  0.004582
  0.002560
  0.002656
 -0.004465
  0.001600
  0.006918
 -0.008706
  0.000638
  0.003133
 -0.002506
 -0.004887
  0.001194
  0.001020
  0.001066
  0.004869
  0.001409
  0.003158
  0.002179
 -0.002081
 -0.002800
  0.000150
  0.003078
 -0.001860
 -0.002444
 -0.001097
 -0.001185
 -0.000347
  0.000918
  0.001761
 -0.001489
  0.001538
  0.002647
  0.000607
  0.002824
 -0.000559
 -0.001523
 -0.001423
 -0.000712
  0.000436
 -0.001036
 -0.000045
  0.000674
  0.001540
  0.000083
 -0.000868
 -0.000917
  0.000552
  0.000133
 -0.000259
 -0.002639
  0.000035
  0.000294
 -0.000785
  0.000185
  0.000655
  0.000088
  0.000394
 -0.001530
  0.000500
  0.000878
  0.000310
 -0.001004
  0.000210
  0.001764
 -0.000503
 -0.001491
 -0.000150
  0.001336
  0.000226
  0.001090
  0.000451
 -0.001654
 -0.000019
  0.000363
  0.000377
 -0.000041
 -0.000566
  0.001280
  0.001135
 -0.001277
  0.002079
 -0.000817
  0.000372
  0.000567
  0.000918
  0.001458
 -0.000418
 -0.000025
  0.001069
  0.000205
  0.000610
 -0.000677
  0.000438
 -0.000026
 -0.000112
  0.000054
  0.000675
 -0.000327
 -0.000325
  0.000179
  0.000016
 -0.000160
  0.000655
 -0.000269
  0.000344
  0.000600
  0.000083
  0.001697
  0.000188
 -0.000843
  0.000082
 -0.000126
 -0.000654
 -0.000443
  0.000379
  0.000069
 -0.000136
  0.000280
  0.000036
 -0.000016
  0.000279
  0.000107
 -0.000040
  0.000077
 -0.000252
  0.000294
 -0.000090
  0.000027
  0.000115
 -0.000168
  0.000243
  0.000163
 -0.000456
  0.000228
 -0.000287
 -0.000917
 -0.000542
 -0.000408
 -0.000162
 -0.000348
  0.000242
  0.000356
  0.000052
  0.000424
 -0.000001
 -0.000005
  0.000334
  0.000559
  0.000276
 -0.000561
  0.000603
 -0.000021
  0.000352
  0.000013
  0.000289
  0.000597
 -0.000613
  0.000675
  0.000761
 -0.000497
  0.000206
  0.000386
 -0.000832
  0.000106
 -0.000234
 -0.000187
  0.000474
 -0.000261
 -0.001221
  0.000217
  0.000146
  0.000026
 -0.000153
  0.000959
 -0.000181
  0.000243
 -0.000004
  0.000009
 -0.000376
  0.000031
 -0.000074
  0.000375
 -0.000104
 -0.000117
 -0.000068
  0.000121
 -0.000147
 -0.000049
 -0.000200
  0.000014
 -0.000203
  0.000126
  0.000012
 -0.000276
 -0.000125
  0.000256
 -0.000099
 -0.000017
 -0.000126
  0.000153
 -0.000603
 -0.000303
 -0.000196
  0.000140
  0.000247
 -0.000202
 -0.000379
  0.000154
 -0.000052
 -0.000179
  0.000529
 -0.000230
  0.000205
 -0.000676
  0.000120
  0.000044
 -0.000443
  0.000074
 -0.000248
  0.000416
 -0.000313
  0.000291
 -0.000102
  0.000040
  0.000066
 -0.000017
 -0.000418
  0.000236
 -0.000047
  0.000329
  0.000260
 -0.000305
  0.000082
  0.000222
  0.000662
  0.000013
 -0.000183
 -0.001081
 -0.000152
  0.000398
  0.000128
 -0.000173
  0.000062
  0.000267
 -0.000439
  0.000440
  0.000396
  0.000018
  0.000236
 -0.000089
  0.000007
  0.000310
  0.000004
 -0.000041
  0.000110
  0.000200
  0.000009
 -0.000414
 -0.000212
  0.000140
 -0.000442
 -0.000042
  0.000349
 -0.000276
 -0.000705
  0.000037
 -0.000403
  0.000475
  0.000372
  0.000169
  0.000420
  0.000286
  0.000487
  0.000213
 -0.000081
 -0.000281
 -0.000150
  0.000505
  0.000010
 -0.000077
  0.000517
  0.000580
  0.000229
  0.000241
 -0.000009
  0.000143
 -0.000134
 -0.000057
  0.000086
  0.000230
  0.000045
 -0.000130
 -0.000210
  0.000136
  0.000161
  0.000583
 -0.000207
  0.000225
  0.000513
 -0.000042
  0.000323
 -0.000722
  0.000800
  0.000221
 -0.000118
  0.000003
 -0.000242
  0.000325
 -0.000274
 -0.000310
 -0.000324
 -0.000175
  0.000049
  0.000092
  0.000181
 -0.000535
  0.000158
  0.000073
 -0.000228
  0.000147
 -0.000012
 -0.000080
  0.000157
  0.000343
 -0.000410
 -0.000464
 -0.000159
  0.000050
 -0.000065
  0.000089
  0.000317
 -0.000240
 -0.000086
 -0.000057
 -0.000046
  0.000171
  0.000098
 -0.000232
  0.000010
  0.000284
 -0.000437
 -0.000007
 -0.000172
 -0.000015
 -0.000072
 -0.000468
 -0.000029
  0.000244
  0.000162
 -0.000163
  0.000091
  0.000136
  0.000121
  0.000181
 -0.000118
  0.000020
 -0.000049
 -0.000305
  0.000222
 -0.000073
 -0.000259
  0.000085
  0.000081
  0.000169
 -0.000004
  0.000093
  0.000048
 -0.000380
  0.000179
  0.000376
  0.000138
  0.000045
 -0.000287
  0.000128
  0.000097
  0.000046
 -0.000025
 -0.000342
 -0.000281
  0.000110
 -0.000212
 -0.000305
 -0.000206
  0.000363
  0.000127
 -0.000089
  0.000170
 -0.000011
  0.000014
 -0.000103
  0.000204
 -0.000002
 -0.000393
  0.000090
 -0.000116
 -0.000143
 -0.000102
 -0.000149
  0.000336
  0.000167
  0.000093
 -0.000080
 -0.000068
 -0.000145
 -0.000049
  0.000053
 -0.000001
  0.000059
 -0.000059
  0.000277
  0.000210
  0.000500
 -0.000020
 -0.000174
  0.000448
  0.000102
  0.000037
 -0.000154
 -0.000086
  0.000029
 -0.000290
 -0.000281
 -0.000773
  0.000266
 -0.000049
  0.000244
 -0.000359
  0.000282
 -0.000297
  0.000363
 -0.000071
 -0.000516
 -0.000240
 -0.000051
  0.000256
 -0.000239
 -0.000344
 -0.000082
 -0.000113
  0.000180
 -0.000070
  0.000016
  0.000301
  0.000043
  0.000222
 -0.000419
  0.000002
  0.000380
 -0.000075
 -0.000031
 -0.000109
 -0.000520
 -0.000378
  0.000203
  0.000071
  0.000124
  0.000008
  0.000223
 -0.000292
 -0.000018
  0.000163
 -0.000082
 -0.000145
 -0.000013
 -0.000270
 -0.000218
  0.000306
 -0.000117
 -0.000147
  0.000050
  0.000420
 -0.000142
 -0.000223
 -0.000001
  0.000188
 -0.000074
 -0.000205
 -0.000141
  0.000066
  0.000036
  0.000129
  0.000143
 -0.000048
 -0.000096
 -0.000072
 -0.000051
 -0.000211
 -0.000026
  0.000066
 -0.000050
  0.000222
  0.000209
  0.000328
 -0.000026
  0.000089
  0.000174
  0.000693
 -0.000097
  0.000282
  0.000068
 -0.000125
 -0.000380
  0.000212
  0.000255
  0.000067
  0.000183
  0.000089
  0.000190
  0.000045
 -0.000116
 -0.000052
 -0.000071
 -0.000029
  0.000193
 -0.000112
 -0.000113
  0.000106
 -0.000105
  0.000095
 -0.000020
  0.000177
  0.000315
 -0.000147
 -0.000142
 -0.000044
 -0.000106
 -0.000003
  0.000024
 -0.000062
  0.000023
  0.000141
 -0.000076
  0.000129
  0.000059
 -0.000107
 -0.000188
 -0.000025
 -0.000121
  0.000075
 -0.000106
 -0.000121
 -0.000004
 -0.000090
  0.000166
  0.000209
  0.000269
 -0.000009
  0.000068
  0.000046
  0.000068
  0.000013
  0.000095
 -0.000248
 -0.000246
  0.000268
 -0.000241
  0.000032
  0.000230
 -0.000159
 -0.000039
  0.000003
 -0.000018
  0.000116
  0.000258
  0.000102
 -0.000197
  0.000230
  0.000201
 -0.000057
 -0.000169
 -0.000081
 -0.000012
 -0.000399
 -0.000025
 -0.000120
  0.000217
  0.000069
  0.000297
  0.000367
 -0.000064
 -0.000073
  0.000367
 -0.000090
  0.000460
 -0.000231
 -0.000118
 -0.000293
 -0.000054
 -0.000001
 -0.000025
 -0.000077
  0.000141
  0.000325
 -0.000231
  0.000212
  0.000081
 -0.000192
  0.000114
  0.000103
 -0.000049
 -0.000090
  0.000092
 -0.000088
  0.000234
 -0.000151
 -0.000126
  0.000072
 -0.000113
  0.000067
 -0.000135
  0.000100
  0.000008
  0.000010
  0.000256
 -0.000260
  0.000147
  0.000041
 -0.000012
  0.000053
 -0.000011
  0.000029
  0.000139
 -0.000014
 -0.000210
  0.000093
  0.000015
 -0.000126
  0.000067
  0.000040
 -0.000022
  0.000122
 -0.000021
 -0.000264
 -0.000138
 -0.000053
  0.000050
  0.000044
 -0.000374
  0.000025
 -0.000152
  0.000258
  0.000152
 -0.000043
  0.000189
  0.000018
 -0.000084
 -0.000015
 -0.000082
 -0.000485
  0.000059
 -0.000072
  0.000038
  0.000158
  0.000024
 -0.000043
 -0.000182
 -0.000036
 -0.000254
  0.000084
 -0.000306
  0.000001
  0.000080
  0.000008
 -0.000060
 -0.000127
 -0.000050
  0.000000
 -0.000122
 -0.000041
  0.000271
  0.000139
 -0.000034
 -0.000066
  0.000166
  0.000137
 -0.000204
 -0.000182
 -0.000020
 -0.000111
  0.000108
 -0.000064
  0.000344
  0.000117
 -0.000167
  0.000008
 -0.000122
  0.000194
 -0.000069
  0.000051
 -0.000263
 -0.000100
  0.000100
  0.000223
  0.000164
 -0.000653
 -0.000101
  0.000056
 -0.000171
  0.000621
 -0.000271
 -0.000201
  0.000271
 -0.000156
  0.000088
  0.000345
 -0.000058
  0.000529
 -0.000490
 -0.000169
  0.000060
 -0.000041
 -0.000190
  0.000092
  0.000023
  0.000064
 -0.000064
  0.000021
 -0.000041
 -0.000085
 -0.000012
  0.000079
  0.000122
  0.000142
  0.000210
 -0.000001
 -0.000106
 -0.000014
 -0.000038
  0.000351
  0.000043
 -0.000083
  0.000005
 -0.000155
  0.000050
  0.000062
  0.000046
 -0.000099
  0.000132
 -0.000002
  0.000025
  0.000039
 -0.000021
  0.000034
  0.000039
 -0.000238
 -0.000107
  0.000015
 -0.000048
  0.000024
 -0.000086
 -0.000116
  0.000206
 -0.000009
  0.000056
  0.000132
 -0.000032
 -0.000021
 -0.000024
 -0.000083
 -0.000077
 -0.000090
 -0.000035
  0.000003
 -0.000040
 -0.000031
  0.000057
 -0.000068
  0.000047
 -0.000083
  0.000025
  0.000005
 -0.000159
  0.000048
  0.000308
 -0.000059
  0.000065
 -0.000082
 -0.000149
 -0.000185
  0.000130
  0.000019
 -0.000173
 -0.000054
  0.000083
  0.000094
  0.000001
  0.000087
  0.000004
  0.000012
 -0.000084
 -0.000034
  0.000024
 -0.000048
  0.000023
  0.000081
  0.000129
  0.000010
  0.000007
 -0.000116
  0.000019
 -0.000035
  0.000014
  0.000003
 -0.000053
 -0.000058
  0.000042
  0.000058
 -0.000009
 -0.000022
  0.000024
