  1    0.095616
  2    0.056808
  3    0.065724
  4    0.018936
  5    0.022230
  6    0.026944
  7    0.013529
  8    0.020018
  9    0.020145
 10    0.011372
 11    0.019196
 12    0.005160
 13    0.001517
 14    0.008719
 15    0.005346
 16    0.007527
 17    0.002973
 18    0.005906
 19    0.004523
 20    0.005349
 21    0.005014
 22    0.007548
 23    0.012180
 24    0.011528
 25    0.007429
 26    0.006653
 27    0.004467
 28    0.007416
 29    0.003450
 30    0.002941
 31    0.006275
 32    0.002319
 33    0.002794
 34    0.004058
 35    0.004064
 36    0.001572
 37    0.001755
 38    0.003458
 39    0.002529
 40    0.002928
 41    0.005125
 42    0.005748
 43    0.005290
 44    0.004294
 45    0.002787
 46    0.004093
 47    0.004590
 48    0.003008
 49    0.003704
 50    0.002887
 51    0.002700
 52    0.002891
 53    0.001202
 54    0.002333
 55    0.001470
 56    0.001821
 57    0.000967
 58    0.002525
 59    0.001930
 60    0.004857
 61    0.001876
 62    0.001195
 63    0.000981
 64    0.001914
 65    0.001504
 66    0.001815
 67    0.001726
 68    0.000976
 69    0.001258
 70    0.001244
 71    0.001307
 72    0.000700
 73    0.003734
 74    0.002005
 75    0.001353
 76    0.002027
 77    0.004788
 78    0.004132
 79    0.001011
 80    0.000517
 81    0.000912
 82    0.002743
 83    0.001202
 84    0.002371
 85    0.001368
 86    0.001335
 87    0.000639
 88    0.000388
 89    0.001110
 90    0.000912
 91    0.001494
 92    0.001487
 93    0.001042
 94    0.003367
 95    0.001015
 96    0.003089
 97    0.001783
 98    0.001248
 99    0.004770
100    0.001245
101    0.000947
102    0.001669
103    0.001170
104    0.001314
105    0.002648
106    0.002064
107    0.001058
108    0.000948
109    0.001195
110    0.001885
111    0.000806
112    0.000451
113    0.000588
114    0.000594
115    0.000386
116    0.001329
117    0.000783
118    0.000405
119    0.002499
120    0.001106
121    0.003169
122    0.000971
123    0.001466
124    0.000649
125    0.001049
126    0.001541
127    0.001015
128    0.001482
129    0.002086
130    0.001301
131    0.001159
132    0.001613
133    0.001324
134    0.001047
135    0.001013
136    0.001197
137    0.001461
138    0.000980
139    0.000765
140    0.001898
141    0.001286
142    0.000890
143    0.001065
144    0.000458
145    0.001017
146    0.000317
147    0.001159
148    0.001435
149    0.001152
150    0.000791
151    0.000612
152    0.000824
153    0.000683
154    0.000701
155    0.002648
156    0.001488
157    0.001748
158    0.000967
159    0.002204
160    0.000711
161    0.000682
162    0.001031
163    0.000514
164    0.001257
165    0.000903
166    0.001321
167    0.001774
168    0.001037
169    0.001086
170    0.000313
171    0.000745
172    0.001094
173    0.001355
174    0.000943
175    0.000938
176    0.001454
177    0.001284
178    0.000530
179    0.001984
180    0.000292
181    0.000524
182    0.000419
183    0.001100
184    0.000584
185    0.000502
186    0.000711
187    0.001136
188    0.000386
189    0.000275
190    0.000994
191    0.000559
192    0.000792
193    0.000840
194    0.000953
195    0.000887
196    0.000968
197    0.000781
198    0.000685
199    0.000392
200    0.000571
201    0.000507
202    0.000539
203    0.000717
204    0.000896
205    0.001196
206    0.000463
207    0.000679
208    0.000826
209    0.000803
210    0.000884
211    0.000183
212    0.000861
213    0.000888
214    0.000926
215    0.000845
216    0.000914
217    0.000979
218    0.000548
219    0.000581
220    0.000566
221    0.001219
222    0.000562
223    0.000415
224    0.000623
225    0.000796
226    0.000671
227    0.000679
228    0.000730
229    0.001841
230    0.000517
231    0.000637
232    0.000631
233    0.000775
234    0.000912
235    0.000395
236    0.000714
237    0.000547
238    0.000886
239    0.000428
240    0.000460
241    0.000784
242    0.000663
243    0.000736
244    0.000543
245    0.000685
246    0.000723
247    0.000501
248    0.000945
249    0.000921
250    0.000588
251    0.000901
252    0.000767
253    0.000438
254    0.000381
255    0.001116
256    0.000859
257    0.000425
258    0.000350
259    0.000438
260    0.000743
261    0.000879
262    0.000554
263    0.000322
264    0.000724
265    0.000866
266    0.001543
267    0.000426
268    0.001219
269    0.000594
270    0.000264
271    0.000626
272    0.000989
273    0.000687
274    0.000462
275    0.000689
276    0.000371
277    0.000366
278    0.000693
279    0.000662
280    0.000586
281    0.000400
282    0.000731
283    0.000447
284    0.000347
285    0.000428
286    0.000552
287    0.000565
288    0.000340
289    0.000348
290    0.000604
291    0.000441
292    0.000603
293    0.000927
294    0.000197
295    0.000552
296    0.000970
297    0.001379
298    0.000523
299    0.000628
300    0.000326
301    0.000891
302    0.000561
303    0.000578
304    0.000528
305    0.000386
306    0.000374
307    0.000336
308    0.000431
309    0.000375
310    0.000911
311    0.000704
312    0.000325
313    0.000361
314    0.000715
315    0.000384
316    0.000689
317    0.000437
318    0.000312
319    0.000789
320    0.000303
321    0.000751
322    0.000243
323    0.000830
324    0.000555
325    0.000536
326    0.000212
327    0.000462
328    0.000479
329    0.000605
330    0.000336
331    0.000705
332    0.000479
333    0.000263
334    0.000740
335    0.000243
336    0.000449
337    0.000704
338    0.000832
339    0.000649
340    0.000458
341    0.000484
342    0.000317
343    0.000432
344    0.000482
345    0.000323
346    0.000505
347    0.000399
348    0.000595
349    0.000718
350    0.000961
351    0.000486
352    0.000395
353    0.000621
354    0.000509
355    0.000320
356    0.000444
357    0.000516
358    0.000635
359    0.000385
360    0.000332
361    0.000754
362    0.000605
363    0.000381
364    0.000330
365    0.000963
366    0.000401
367    0.000795
368    0.000563
369    0.000656
370    0.000667
371    0.000657
372    0.000368
373    0.000926
374    0.000434
375    0.000366
376    0.000318
377    0.000498
378    0.000439
379    0.000399
380    0.000858
381    0.000395
382    0.000920
383    0.000715
384    0.000439
385    0.000501
386    0.000372
387    0.000551
388    0.000714
389    0.000248
390    0.000518
391    0.000345
392    0.000353
393    0.000442
394    0.000352
395    0.000375
396    0.000490
397    0.000447
398    0.000752
399    0.000560
400    0.000612
401    0.000425
402    0.000662
403    0.000563
404    0.000699
405    0.000644
406    0.000608
407    0.000457
408    0.000679
409    0.000289
410    0.000407
411    0.000269
412    0.000295
413    0.000618
414    0.000441
415    0.000375
416    0.000403
417    0.000312
418    0.000510
419    0.000293
420    0.000222
421    0.000375
422    0.000232
423    0.000315
424    0.000624
425    0.000562
426    0.000339
427    0.000374
428    0.000334
429    0.000266
430    0.000340
431    0.000279
432    0.000257
433    0.000199
434    0.000651
435    0.000624
436    0.000268
437    0.000289
438    0.000335
439    0.000449
440    0.000389
441    0.000255
442    0.000284
443    0.000262
444    0.000447
445    0.000194
446    0.000477
447    0.000353
448    0.000428
449    0.000416
450    0.000572
451    0.000328
452    0.000689
453    0.000317
454    0.000403
455    0.000442
456    0.000318
457    0.000513
458    0.000474
459    0.000437
460    0.000186
461    0.000222
462    0.000303
463    0.000398
464    0.000370
465    0.000651
466    0.000293
467    0.000374
468    0.000400
469    0.000336
470    0.000363
471    0.000383
472    0.000232
473    0.000283
474    0.000282
475    0.000264
476    0.000274
477    0.000334
478    0.000219
479    0.000323
480    0.000340
481    0.000718
482    0.000343
483    0.000261
484    0.000228
485    0.000738
486    0.000186
487    0.000158
488    0.000313
489    0.000307
490    0.000302
491    0.000218
492    0.000262
493    0.000250
494    0.000309
495    0.000344
496    0.000279
497    0.000265
498    0.000561
499    0.000236
500    0.000461
501    0.000265
502    0.000381
503    0.000257
504    0.000411
505    0.000582
506    0.000306
507    0.000218
508    0.000285
509    0.000384
510    0.000310
511    0.000392
512    0.000367
513    0.000436
514    0.000471
515    0.000645
516    0.000312
517    0.000123
518    0.000479
519    0.000251
520    0.000420
521    0.000236
522    0.000277
523    0.000296
524    0.000411
525    0.000250
526    0.000240
527    0.000272
528    0.000397
529    0.000566
530    0.000245
531    0.000086
532    0.000585
533    0.000296
534    0.000398
535    0.000134
536    0.000354
537    0.000375
538    0.000225
539    0.000152
540    0.000471
541    0.000554
542    0.000358
543    0.000566
544    0.000085
545    0.000320
546    0.000076
547    0.000514
548    0.000311
549    0.000686
550    0.000401
551    0.000319
552    0.000275
553    0.000269
554    0.000284
555    0.000348
556    0.000200
557    0.000294
558    0.000253
559    0.000343
560    0.000247
561    0.000321
562    0.000152
563    0.000252
564    0.000283
565    0.000168
566    0.000036
567    0.000261
568    0.000266
569    0.000242
570    0.000393
571    0.000092
572    0.000425
573    0.000217
574    0.000140
575    0.000234
576    0.000326
577    0.000317
578    0.000184
579    0.000078
580    0.000244
581    0.000136
582    0.000477
583    0.000259
584    0.000365
585    0.000248
586    0.000291
587    0.000274
588    0.000239
589    0.000175
590    0.000242
591    0.000238
592    0.000282
593    0.000343
594    0.000344
595    0.000263
596    0.000174
597    0.000193
598    0.000287
599    0.000213
600    0.000296
601    0.000189
602    0.000186
603    0.000302
604    0.000419
605    0.000192
606    0.000528
607    0.000248
608    0.000237
609    0.000494
610    0.000101
611    0.000341
612    0.000300
613    0.000257
614    0.000347
615    0.000108
616    0.000263
617    0.000277
618    0.000527
619    0.000239
620    0.000565
621    0.000404
622    0.000104
623    0.000305
624    0.000295
625    0.000215
626    0.000325
627    0.000297
628    0.000337
629    0.000094
630    0.000291
631    0.000318
632    0.000171
633    0.000344
634    0.000315
635    0.000148
636    0.000288
637    0.000214
638    0.000330
639    0.000210
640    0.000255
641    0.000296
642    0.000320
643    0.000235
644    0.000209
645    0.000281
646    0.000263
647    0.000366
648    0.000229
649    0.000211
650    0.000199
651    0.000183
652    0.000127
653    0.000397
654    0.000162
655    0.000351
656    0.000151
657    0.000138
658    0.000176
659    0.000113
660    0.000196
661    0.000105
662    0.000209
663    0.000200
664    0.000413
665    0.000287
666    0.000391
667    0.000363
668    0.000178
669    0.000095
670    0.000278
671    0.000206
672    0.000160
673    0.000352
674    0.000257
675    0.000201
676    0.000154
677    0.000149
678    0.000223
679    0.000340
680    0.000448
681    0.000353
682    0.000249
683    0.000253
684    0.000299
685    0.000347
686    0.000312
687    0.000253
688    0.000171
689    0.000292
690    0.000467
691    0.000342
692    0.000160
693    0.000153
694    0.000308
695    0.000281
696    0.000239
697    0.000261
698    0.000300
699    0.000120
700    0.000175
701    0.000126
702    0.000386
703    0.000151
704    0.000153
705    0.000337
706    0.000143
707    0.000245
708    0.000316
709    0.000105
710    0.000357
711    0.000302
712    0.000182
713    0.000294
714    0.000256
715    0.000181
716    0.000331
717    0.000194
718    0.000249
719    0.000290
720    0.000369
721    0.000155
722    0.000099
723    0.000116
724    0.000256
725    0.000172
726    0.000094
727    0.000114
728    0.000306
729    0.000604
730    0.000107
731    0.000277
732    0.000393
733    0.000204
734    0.000311
735    0.000286
736    0.000281
737    0.000174
738    0.000259
739    0.000195
740    0.000516
741    0.000218
742    0.000205
743    0.000263
744    0.000172
745    0.000125
746    0.000260
747    0.000080
748    0.000278
749    0.000423
750    0.000112
751    0.000195
752    0.000124
753    0.000217
754    0.000162
755    0.000228
756    0.000139
757    0.000220
758    0.000303
759    0.000364
760    0.000145
761    0.000128
762    0.000141
763    0.000346
764    0.000187
765    0.000083
766    0.000188
767    0.000105
768    0.000119
769    0.000116
770    0.000260
771    0.000163
772    0.000095
773    0.000277
774    0.000214
775    0.000175
776    0.000262
777    0.000081
778    0.000080
779    0.000066
780    0.000148
781    0.000165
782    0.000123
783    0.000159
784    0.000101
785    0.000095
786    0.000300
787    0.000139
788    0.000156
789    0.000396
790    0.000347
791    0.000169
792    0.000189
793    0.000097
794    0.000300
795    0.000310
796    0.000154
797    0.000242
798    0.000220
799    0.000425
800    0.000154
801    0.000082
802    0.000114
803    0.000131
804    0.000268
805    0.000113
806    0.000073
807    0.000187
808    0.000054
809    0.000089
810    0.000132
811    0.000298
812    0.000145
813    0.000083
814    0.000159
815    0.000595
816    0.000067
817    0.000192
818    0.000247
819    0.000190
820    0.000096
821    0.000189
822    0.000280
823    0.000191
824    0.000147
825    0.000539
