           7  0.41333109874017626        1.3247930826284848E-004
           8  0.38382634861788745        2.3224822674312924E-004
           9   6.7566853522294565E-002   3.9584425502958340E-004
          10   8.4456362717693079E-002   4.6905462479181670E-004
          11  0.34745784160532445        7.6539670520008886E-004
          12  0.54585273938331269        7.9534246705273480E-004
          13   7.5979474009602727E-003   9.9851891283589747E-004
          14   8.2553980203546429E-002   1.2370543106487214E-003
          15  0.30305185176703936        1.2678814240880019E-003
          16  0.13985173451926750        1.3200987182569314E-003
          17  0.27504411766002612        1.4369001641705670E-003
          18  0.37278605678271332        1.5652173052075782E-003
          19  0.29767546166027692        1.7616376814319854E-003
          20  0.20152536142608221        1.8627685402534979E-003
          21  0.23899284576906910        2.0261916574982781E-003
          22  0.27786597921300760        2.1231428651745632E-003
          23  0.31895676708841258        2.2281746915581322E-003
          24  0.21817287427450466        2.2834592479492604E-003
          25  0.15301893459612156        2.5127880645890773E-003
          26  0.15261401798884819        2.8257510504329751E-003
          27  0.37325672821908157        2.9221349766045705E-003
          28  0.30894589554019158        3.0059544698233143E-003
          29  0.32199360610636918        3.1581135963850366E-003
          30  0.40890012730632436        3.3404929838077996E-003
          31  0.38834715925278629        3.4808780085769297E-003
          32  0.43013052433862009        3.6023073828575841E-003
          33   8.4504724719125152E-002   3.6370559672948533E-003
          34  0.25883229880664632        3.7221395986719919E-003
          35  0.16771588798593945        3.8924834323569029E-003
          36  0.31099808426226705        4.1480027290625686E-003
          37   9.0785928144995268E-002   4.2945784294131911E-003
          38  0.22804081131231524        4.3760491479707423E-003
          39  0.31681942799287255        4.7274182835106166E-003
          40  0.37191053809246610        4.8552262704202815E-003
          41  0.35064221701718085        4.8604558215844312E-003
          42  0.33112706993921842        4.9386562550734151E-003
          43  0.30334710408928711        5.1574085210416235E-003
          44  0.20717625275047521        5.2818316625848523E-003
          45  0.35011391721058849        5.4452762849795024E-003
          46  0.56414445990159212        5.5925724360740914E-003
          47  0.36530523103959295        5.7733416631466821E-003
          48  0.51820424993672620        5.9023699361509235E-003
          49  0.35246892387299783        6.1112778626051696E-003
          50  0.45660363455051511        6.3104781982614884E-003
          51  0.32649168372165055        6.4986695142337896E-003
          52  0.36580596251641984        6.6114741205996795E-003
          53  0.33215144121652385        6.7863144203123699E-003
          54  0.21434610108302360        6.8669243786264799E-003
          55  0.38964178525581761        6.9232802278829872E-003
          56  0.46682738254596645        7.0132607499368317E-003
          57  0.57667601403104096        7.1771588362790524E-003
          58  0.55069579332983531        7.5485940772731658E-003
          59  0.23596781521981716        7.7391862466347902E-003
          60  0.40656696492406108        7.8156987403063486E-003
          61  0.26170372100322181        7.8760601722118254E-003
          62  0.45618697056871893        8.1257840197048181E-003
          63  0.26979102409483141        8.2904429979327558E-003
          64  0.35411107372909900        8.5411458514394172E-003
          65  0.58919104543323608        8.6077728344343407E-003
          66  0.50252539837070942        8.7467589199476184E-003
          67  0.46071674705713217        8.9140643566767916E-003
          68  0.46716448555143436        8.9809309344648543E-003
          69  0.39176737966035130        9.0684080883858664E-003
          70  0.44932992799826466        9.2286925721838733E-003
          71  0.40970652702895399        9.3539322009682565E-003
          72  0.37606503722474122        9.6007576435066643E-003
          73  0.47558178759022507        9.9203089569398148E-003
          74  0.27945768903040946        1.0029653459839768E-002
          75  0.32809659046520029        1.0106057940349583E-002
          76  0.14189608696844797        1.0278971171706132E-002
          77  0.42743374818522595        1.0376475534866361E-002
          78  0.43514365641092662        1.0500343849208303E-002
          79  0.51427128573130165        1.0593719338721766E-002
          80  0.34792854962226016        1.0847748779045005E-002
          81  0.41131743207094845        1.0958198991789153E-002
          82  0.32042684940614180        1.1010451802516774E-002
          83  0.49472747975503911        1.1079091526583658E-002
          84  0.39518928521538993        1.1160860703564974E-002
          85  0.46766171894698061        1.1360267669786140E-002
          86  0.51336648014567765        1.1663784496888274E-002
          87  0.39162215025008340        1.1781717689634224E-002
          88  0.42933145547414270        1.2037409600336221E-002
          89  0.45350449825098932        1.2238143188218392E-002
          90  0.31135327239029481        1.2373669332643347E-002
          91  0.35960890387197958        1.2512588809666462E-002
          92  0.46700703487405926        1.2767861689991469E-002
          93  0.37158691849778575        1.2874635608087879E-002
          94  0.33203033514708991        1.3094220282288335E-002
          95  0.38255850949927173        1.3295416476814793E-002
          96  0.43437311100714593        1.3375741832741235E-002
          97  0.34726985915162162        1.3654174608330041E-002
          98  0.50682254724695674        1.3723558362963888E-002
          99  0.48138298749293706        1.3790573323714493E-002
         100  0.39546366916714104        1.3815076382445437E-002
         101  0.44665909536402809        1.4093140267405699E-002
         102  0.38322533660029434        1.4207254588181763E-002
         103  0.41772191075450499        1.4292780527350609E-002
         104  0.30959593551110137        1.4481820538848151E-002
         105  0.37610922698823146        1.4607510160642375E-002
         106  0.23850641039612050        1.4763186089460272E-002
         107  0.22032295122456710        1.5006727686603660E-002
         108  0.32702446129983082        1.5152220707833543E-002
         109  0.34981530465498673        1.5188416767605411E-002
         110  0.36120918527024276        1.5253733149335376E-002
         111  0.43018700039235130        1.5369120396738741E-002
         112  0.49782149825883543        1.5598410653553175E-002
         113  0.45061609487308424        1.5831168684015982E-002
         114  0.31784629976326378        1.5983857078962958E-002
         115  0.36456054344335753        1.6149874249514820E-002
         116  0.39210245491046652        1.6269450586145782E-002
         117  0.45366914872830527        1.6468743339506979E-002
         118  0.41438542482549862        1.6672551367227891E-002
         119  0.42391266580789150        1.6771878765485845E-002
         120  0.33653097104397234        1.6910025614112936E-002
         121  0.31154159229419792        1.7255784236226077E-002
         122  0.43607435117867843        1.7327683325909751E-002
         123  0.36862365410811820        1.7383080372324448E-002
         124  0.38388269277465442        1.7485826771672552E-002
         125  0.41162860601887302        1.7583209578436943E-002
         126  0.35506584487566983        1.7891569004261365E-002
         127  0.47973757182689192        1.7965787333078471E-002
         128  0.48909225028737263        1.8345600278353552E-002
         129  0.33101751779627087        1.8493558621582997E-002
         130  0.42179804969644075        1.8529947798305264E-002
         131  0.36698644876568726        1.8720217972558535E-002
         132  0.43697516154982585        1.8888684304757375E-002
         133  0.42182555894587920        1.9007647207148273E-002
         134  0.26230751369322675        1.9278832123504543E-002
         135  0.37042599664008108        1.9362223740179707E-002
         136  0.47420281202608083        1.9547515218921264E-002
         137  0.49384342208806020        1.9697947539727235E-002
         138  0.46384483129576415        1.9762104639403200E-002
         139  0.37861990357158110        1.9933110991875908E-002
         140  0.29990443177006448        2.0285403628892747E-002
         141  0.31968080142263355        2.0365985315923225E-002
         142  0.36776695112911939        2.0587752343325702E-002
         143  0.38560236620475619        2.0762078423500589E-002
         144  0.49417735543556485        2.0866915814654805E-002
         145  0.42163880758169953        2.1042685967374630E-002
         146  0.49989300539794401        2.1186237261920145E-002
         147  0.34474902887797831        2.1254374938997570E-002
         148  0.36557061618524467        2.1433998518675109E-002
         149  0.51902116982790703        2.1515062394438230E-002
         150  0.43065309159507048        2.1553488395627422E-002
         151  0.30084632628264374        2.1836401547618206E-002
         152  0.49589267248879504        2.1880119487612641E-002
         153  0.37882465109621422        2.1963940714220125E-002
         154  0.33829755865493361        2.2173135086804199E-002
         155  0.48760078694298442        2.2265070690366841E-002
         156  0.42624197954080523        2.2401998318380918E-002
         157  0.37845033561390878        2.2545699995988201E-002
         158  0.41475294777963018        2.2759569735867027E-002
         159  0.25646304280217896        2.2899778480348184E-002
         160  0.40430630447160815        2.2945499719061749E-002
         161  0.41379725801768202        2.3066230531059696E-002
         162  0.31214552441523130        2.3215128972061846E-002
         163  0.47260315985849616        2.3280116060295467E-002
         164  0.43321919309197998        2.3345694447985548E-002
         165  0.35811892493260156        2.3567021161767648E-002
         166  0.39720050420337805        2.3823886328757073E-002
         167  0.44024090830474200        2.3929804620128732E-002
         168  0.40488834874861129        2.4160155454777583E-002
         169  0.39749498034405051        2.4249586228883138E-002
         170  0.43179590829460102        2.4274365391333756E-002
         171  0.41958562040984793        2.4547949552657142E-002
         172  0.51285808788106491        2.4696185577514389E-002
         173  0.46261754750037465        2.4833551907010514E-002
         174  0.54439833108668700        2.4897307808348926E-002
         175  0.44009121615048430        2.5045896041067123E-002
         176  0.53761146945220395        2.5151770266602803E-002
         177  0.45344511769993873        2.5363509473039100E-002
         178  0.43560398751997070        2.5579872525090221E-002
         179  0.48406370165487916        2.5690646833574138E-002
         180  0.51787361931104081        2.5834283741356556E-002
         181  0.42274409333220836        2.5879488818102786E-002
         182  0.45298150474554411        2.6070351136617272E-002
         183  0.38234802944811302        2.6178987950973051E-002
         184  0.39581679855911583        2.6259196691870421E-002
         185  0.45528049227694273        2.6379761385133808E-002
         186  0.50074499504610726        2.6517475801376061E-002
         187  0.52794108046142374        2.6732507703245166E-002
         188  0.40358015124332131        2.6784589056244566E-002
         189  0.47152950102842789        2.6827085149704669E-002
         190  0.41501358051495546        2.7055247933285884E-002
         191  0.43317717112505350        2.7282386098176115E-002
         192  0.50978684142839403        2.7347487638005978E-002
         193  0.44080982991065543        2.7491331365175342E-002
         194  0.50078975558267780        2.7558114931407324E-002
         195  0.48939658074701026        2.7686483618220802E-002
         196  0.39850786899164986        2.7992502686938071E-002
         197  0.44645858029007740        2.8143019368860288E-002
         198  0.51111155482834691        2.8165616088963653E-002
         199  0.33502322915354110        2.8300094990180474E-002
         200  0.39770172912596596        2.8423916132965538E-002
         201  0.44810754228745192        2.8460255456516471E-002
         202  0.41217172354138265        2.8656364480949419E-002
         203  0.39864556799505307        2.8692934346663587E-002
         204  0.30936324938782606        2.8814293739811914E-002
         205  0.38168952466346634        2.8937917852208807E-002
         206  0.39661362598584016        2.9031770448597772E-002
         207  0.30724707748607061        2.9161991919627046E-002
         208  0.54550631388001836        2.9247507401566737E-002
         209  0.50037029558105883        2.9446654895828948E-002
         210  0.46085398413157463        2.9551558724634771E-002
         211  0.48951743898429462        2.9655502344460887E-002
         212  0.48019084988300187        2.9787146898174226E-002
         213  0.39541238204456103        2.9959015785861000E-002
         214  0.43686023370755739        3.0018715850172024E-002
         215  0.44298321086201548        3.0221264745779838E-002
         216  0.42981787039077485        3.0404580709801374E-002
         217  0.49418958877218899        3.0658725062229591E-002
         218  0.25994960340363005        3.0763219926029362E-002
         219  0.50734704231401784        3.0900705946883045E-002
         220  0.30744011015178624        3.1069782577221348E-002
         221  0.44573102620604016        3.1117673999457949E-002
         222  0.46005425948684031        3.1290326609329379E-002
         223  0.40545293900675899        3.1377463827928373E-002
         224  0.46674226887173842        3.1528518151225593E-002
         225  0.41155022160410898        3.1581278000609045E-002
         226  0.48937460210935679        3.1634471852124514E-002
         227  0.21524961210263829        3.1768469356817972E-002
         228  0.48781758532320812        3.1843261484599324E-002
         229  0.50012563853258729        3.1916266921858720E-002
         230  0.35692901232013236        3.2043600842470814E-002
         231  0.38602045410476160        3.2134279623356743E-002
         232  0.47469440906896543        3.2322322001478838E-002
         233  0.42008634385924981        3.2366358880422837E-002
         234  0.41643236027353925        3.2486186829023538E-002
         235  0.45830140323141266        3.2564372978371108E-002
         236  0.38142972919903206        3.2654584391782329E-002
         237  0.38623783754690633        3.2815821369216298E-002
         238  0.41037998438514173        3.2959174101658953E-002
         239  0.40929966632199299        3.2975027631720361E-002
         240  0.49361664595390647        3.3103597632242909E-002
         241  0.44778750408758072        3.3143152478828465E-002
         242  0.52346248118052841        3.3323353935473830E-002
         243  0.40643058166862966        3.3445349704256132E-002
         244  0.55212240229502108        3.3594338031383418E-002
         245  0.45744907619834785        3.3740870464747996E-002
         246  0.44404292041374716        3.3864888352129453E-002
         247  0.49324347078401920        3.3974240169047057E-002
         248  0.47341815459366121        3.4096755424183833E-002
         249  0.45922593181573179        3.4156589775144235E-002
         250  0.43286394785559462        3.4210240529937798E-002
         251  0.49420193738341023        3.4504437112093014E-002
         252  0.43779146223637749        3.4589766649925198E-002
         253  0.41402693296713533        3.4766027743671123E-002
         254  0.39960470891872385        3.4879786345345644E-002
         255  0.28070566684730480        3.4952117905851406E-002
         256  0.48852886549358926        3.5057926087657822E-002
         257  0.50561991153837915        3.5142649801124970E-002
         258  0.28245509552280113        3.5223130416376640E-002
         259  0.45950158492156490        3.5325185092537299E-002
         260  0.37825143689290697        3.5440862725816272E-002
         261  0.34822402123010671        3.5660387118353377E-002
         262  0.48109928332559854        3.5722161239765703E-002
         263  0.30126111932947724        3.5853287379563663E-002
         264  0.56241374017361068        3.5989680435926083E-002
         265  0.44191544384204784        3.6124300651116423E-002
         266  0.34088774350207390        3.6262647381508105E-002
         267  0.50336733379889587        3.6307465197738024E-002
         268  0.46031224647398394        3.6337645000846491E-002
         269  0.35386115980392485        3.6452384285263664E-002
         270  0.41705458911199794        3.6578302247445446E-002
         271  0.47237463013844172        3.6760722557709888E-002
         272  0.43700941366096768        3.6877110586788359E-002
         273  0.46582222211363566        3.6936751785995633E-002
         274  0.46673868640716265        3.7073594836367525E-002
         275  0.49222149058285281        3.7117662753510881E-002
         276  0.46616595500439689        3.7381311269605901E-002
         277  0.53827497225823295        3.7408768339767445E-002
         278  0.44526494441729669        3.7561024559211634E-002
         279  0.45446875643853873        3.7611942819198343E-002
         280  0.38665076180476710        3.7703616959378038E-002
         281  0.40467754385662080        3.7754029866990967E-002
         282  0.40244618062565946        3.7979933882420637E-002
         283  0.43471535316071636        3.8079817954334322E-002
         284  0.41562687728281322        3.8101220641153760E-002
         285  0.44063205892033808        3.8200943755485786E-002
         286  0.46569480678080122        3.8356866436227370E-002
         287  0.40054376937783454        3.8504476824935067E-002
         288  0.38830870979622811        3.8646386754047309E-002
         289  0.40326227545221782        3.8714755394350382E-002
         290  0.51479314083734151        3.8898417487524192E-002
         291  0.36352040114463674        3.8942571880439307E-002
         292  0.50173446536852573        3.9014715157038686E-002
         293  0.49994782884292105        3.9187960327427579E-002
         294  0.35895147208037947        3.9227015211532386E-002
         295  0.33428088504008641        3.9319613641651478E-002
         296  0.48029646206465887        3.9359892151649041E-002
         297  0.47282686946044478        3.9596557491362247E-002
         298  0.42207086848296499        3.9794640418898346E-002
         299  0.51097834911889051        3.9870973898706162E-002
         300  0.51270635371111928        4.0030878483002755E-002
         301  0.15111906415655987        4.0121785932431431E-002
         302  0.47475730276793893        4.0272216641719094E-002
         303  0.47315793506807657        4.0329721508226196E-002
         304  0.47995811304348429        4.0449399812968655E-002
         305  0.37381221436159590        4.0597288062671585E-002
         306  0.44249993613042260        4.0664830192458798E-002
         307  0.49566713907690035        4.0944832341546736E-002
         308  0.42551516898597985        4.1004908118176774E-002
         309  0.22352152543185955        4.1151333308314747E-002
         310  0.43856705214281433        4.1238062849977976E-002
         311  0.42101544844002969        4.1280387758127986E-002
         312  0.48012479772740146        4.1402271862096399E-002
         313  0.46925149090797796        4.1507381425927081E-002
         314  0.43476730601147401        4.1590149405251499E-002
         315  0.48640912508133533        4.1707958402673884E-002
         316  0.43814259130599309        4.1856511520042286E-002
         317  0.48060489983243065        4.1936123724156976E-002
         318  0.43873910762352114        4.2115164161152775E-002
         319  0.41942914434761508        4.2371023786058913E-002
         320  0.50735492067301535        4.2401130662252803E-002
         321  0.44550061870127711        4.2509611175414720E-002
         322  0.49281713341370076        4.2627869817093163E-002
         323  0.50394368665701250        4.2738746480642797E-002
         324  0.42210605223712461        4.2878974260992075E-002
         325  0.32757350939259688        4.2958586679813247E-002
         326  0.52598062887431629        4.3231227941981323E-002
         327  0.35113513953698738        4.3287491724821901E-002
         328  0.43437032372649170        4.3411854994506907E-002
         329  0.40113565351912528        4.3582557499881970E-002
         330  0.53953619849048817        4.3665316719395109E-002
         331  0.50084829874708137        4.3834675037702379E-002
         332  0.21775235199492696        4.3930704593126139E-002
         333  0.46706985765459985        4.4004331089500255E-002
         334  0.53436007019355536        4.4233622300162825E-002
         335  0.47045870312704985        4.4284676332146132E-002
         336  0.39810382261569366        4.4410454737946171E-002
         337  0.42839288181646457        4.4466531059304197E-002
         338  0.41222504724081038        4.4560615425829453E-002
         339  0.41484053245990965        4.4716437116100974E-002
         340  0.45871661381193107        4.4734892389168258E-002
         341  0.51181826319178936        4.5073010280526953E-002
         342  0.31850380075323703        4.5110196862951479E-002
         343  0.45344550500934100        4.5258528109018238E-002
         344  0.35942562061054001        4.5307930843752890E-002
         345  0.39890092308544700        4.5406799747829574E-002
         346  0.43581376718175613        4.5489534666963101E-002
         347  0.37237476921431084        4.5615276086191002E-002
         348  0.42375323919404057        4.5684069436500933E-002
         349  0.49012397534315738        4.5891651845838502E-002
         350  0.49916501835382637        4.5998877994196385E-002
         351  0.50469946157624845        4.6142083293152218E-002
         352  0.53094000409078801        4.6199538195269577E-002
         353  0.36164133339438564        4.6379352656538211E-002
         354  0.47995624906516532        4.6400857285339381E-002
         355  0.49969225416270674        4.6554745807218294E-002
         356  0.48485383603191551        4.6573048486922793E-002
         357  0.54400526543631700        4.6683190180668813E-002
         358  0.31406033264387384        4.6834247568789338E-002
         359  0.47609115841938704        4.6934976900288194E-002
         360  0.31821311976445527        4.7049443617390926E-002
         361  0.44603504123669124        4.7123604577827459E-002
         362  0.48097726040702660        4.7143687413531088E-002
         363  0.52778232807083914        4.7347201918944565E-002
         364  0.50268062813991565        4.7398461295427713E-002
         365  0.50171455067281900        4.7546355410881792E-002
         366  0.43199909852198592        4.7644495111519990E-002
         367  0.49515732590337325        4.7915967254398548E-002
         368  0.38065010976679792        4.8019695109278809E-002
         369  0.44587971420338329        4.8060506803110720E-002
         370  0.46547607771437355        4.8075632886155906E-002
         371  0.50267457297665119        4.8188972675847846E-002
         372  0.52490600227225970        4.8441018833848375E-002
         373  0.54621224703045024        4.8538360602989314E-002
         374  0.55127899365607591        4.8689420639846541E-002
         375  0.48354073135785652        4.8881132002836475E-002
         376  0.49958676594488000        4.8895123485841095E-002
         377  0.53362471436815517        4.9046740749919673E-002
         378  0.44083843300858416        4.9240704568372637E-002
         379  0.53454134744692994        4.9335475647790089E-002
         380  0.26410155482854247        4.9384122382484782E-002
         381  0.43160412218421557        4.9655206027247240E-002
         382  0.57774337679523002        4.9790162319374373E-002
         383  0.51098457973129385        4.9926821109159407E-002
         384  0.27182925825829202        4.9976398062308025E-002
         385  0.46113953879059888        5.0101968659389567E-002
         386  0.46627204580713721        5.0251440020699152E-002
         387  0.50929737251327845        5.0278046789047313E-002
         388  0.50545246975964286        5.0379140280589284E-002
         389  0.50690035689423385        5.0530218347952974E-002
         390  0.54523129455832275        5.0572663747937799E-002
         391  0.47840859036794769        5.0748533201050820E-002
         392  0.48337198980387214        5.0910442151922822E-002
         393  0.49333802466278764        5.0987541229110367E-002
         394  0.40336748480827611        5.1040922228744422E-002
         395  0.50554516782136161        5.1198938155015881E-002
         396  0.48569811705136384        5.1216350673651441E-002
         397  0.46295348935692077        5.1450828513275017E-002
         398  0.46528084666819391        5.1585409024780725E-002
         399  0.42318082945992069        5.1663796948251822E-002
         400  0.48946233310376031        5.1810866018195706E-002
         401  0.38756344834686224        5.1848041681892852E-002
         402  0.46661630088763129        5.1969987731563784E-002
         403  0.42545794230251960        5.2003101942150361E-002
         404  0.52082159503948366        5.2078696704842775E-002
         405  0.39305212736411221        5.2297949270259991E-002
         406  0.41727016738334338        5.2366579126909646E-002
         407  0.54695969578972981        5.2487029604707247E-002
         408  0.31499712611291319        5.2573149225116043E-002
         409  0.46521012864161188        5.2715458098258297E-002
         410  0.35473622967588192        5.2885528584594506E-002
         411  0.54324630590589684        5.3027581200965880E-002
         412  0.55671269766781994        5.3288575157565243E-002
         413  0.41707302666821272        5.3359594376927548E-002
         414  0.50771162065352737        5.3468932431774058E-002
         415  0.40349242751078163        5.3557897723779418E-002
         416  0.40149772849692578        5.3678596213436125E-002
         417  0.39562080855490728        5.3866965089145361E-002
         418  0.55277711921873141        5.4015631768566032E-002
         419  0.47846442320262061        5.4075812916307753E-002
         420  0.37437711410303165        5.4127595387026876E-002
         421  0.47217738212617610        5.4238295791533865E-002
         422  0.41778917162394180        5.4371262843507552E-002
         423  0.48096107114533937        5.4556932193733282E-002
         424  0.41071502057878728        5.4700364980297921E-002
         425  0.56416031800705946        5.4831204797058282E-002
         426  0.41741186503488403        5.4893672664629176E-002
         427  0.55761909109956775        5.5027963309451269E-002
         428  0.47386050256367107        5.5199299216491977E-002
         429  0.52015423860786558        5.5289383592783251E-002
         430  0.42626542923575023        5.5493842707100650E-002
         431  0.43558479772506098        5.5553418808654609E-002
         432  0.53318128562752853        5.5569185565092126E-002
         433  0.49483741094885991        5.5658649939252486E-002
         434  0.54580998546729953        5.5805256353622136E-002
         435  0.47282233113084932        5.5839815840803018E-002
         436  0.50825148931676023        5.6133718392672081E-002
         437  0.33051748919786744        5.6194349645111483E-002
         438  0.42661139229533734        5.6435364591570489E-002
         439  0.46971535306298184        5.6650706413490667E-002
         440  0.30056356502298032        5.6724599134332324E-002
         441  0.47964297016612006        5.6798493316855381E-002
         442  0.47704539447737659        5.6815202318257270E-002
         443  0.52749824921448507        5.6937625663949776E-002
         444  0.51853540430353429        5.7134110585396275E-002
         445  0.49998176139778205        5.7220408116593187E-002
         446  0.51012485421869325        5.7340634021789537E-002
         447  0.53159353775675122        5.7564582076354509E-002
         448  0.43601776877526882        5.7704467027289742E-002
         449  0.43604351873639752        5.7760179689627780E-002
         450  0.48988292273724660        5.7815178622122231E-002
         451  0.51789521113604087        5.7961952861790074E-002
         452  0.54670217742419724        5.8308806105206279E-002
         453  0.52986963479802218        5.8360499791977258E-002
         454  0.55518121270713794        5.8368277412482447E-002
         455  0.44853634274544030        5.8486602298606021E-002
         456  0.47696600853843851        5.8670837435436857E-002
         457  0.48601276520314646        5.8868660636506247E-002
         458  0.39828776725813458        5.8953513213999470E-002
         459  0.42837602072283471        5.9130425217734782E-002
         460  0.39660137310097915        5.9236991984307381E-002
         461  0.49329996900044137        5.9282800467955844E-002
         462  0.47159405926194031        5.9541535532380029E-002
         463  0.51298531432606465        5.9929374783157255E-002
         464  0.46983485229008570        6.0017557797900231E-002
         465  0.51428006140004912        6.0053148834968567E-002
         466  0.57721416437005946        6.0298281189430737E-002
         467  0.45349377557705817        6.0307482416096882E-002
         468  0.47048908245884702        6.0385104955189631E-002
         469  0.43082412973198053        6.0550104283470026E-002
         470  0.50633571395794907        6.0703873333189239E-002
         471  0.49126926363848550        6.0866741517027902E-002
         472  0.48784155787817507        6.0900326954189524E-002
         473  0.56219729572236032        6.1007751718443956E-002
         474  0.46642191401516958        6.1197395865841095E-002
         475  0.49565790260022496        6.1263683185777504E-002
         476  0.43568964369248148        6.1346456527825818E-002
         477  0.48418072798060691        6.1527286338440165E-002
         478  0.54384588978192772        6.1639735246680732E-002
         479  0.39449891771495266        6.1806341701279202E-002
         480  0.42586379424104470        6.1849801816099968E-002
         481  0.52249350771218461        6.1886162842875611E-002
         482  0.48758186755518618        6.2027436814725917E-002
         483  0.45221273719969796        6.2159866506342802E-002
         484  0.50129748301324084        6.2295919244535265E-002
         485  0.45189021851329564        6.2350747141632308E-002
         486  0.52461076589746503        6.2749318316163802E-002
         487  0.53633634023958587        6.2786553683307211E-002
         488  0.52404211955060109        6.2918371004412693E-002
         489  0.53599512087148571        6.3143929314826222E-002
         490  0.48033375626964314        6.3160162571436515E-002
         491  0.47285891528285040        6.3362122761620038E-002
         492  0.44755721695168948        6.3578973120415883E-002
         493  0.39634734305090208        6.3653938019795589E-002
         494  0.26332268650194351        6.3835088793862210E-002
         495  0.54550977265993916        6.4108663245777200E-002
         496  0.48597512794230002        6.4259218443976446E-002
         497  0.48720011750510145        6.4419098831306046E-002
         498  0.54574638558723187        6.4548129098999860E-002
         499  0.42649723821324914        6.4745778435674251E-002
         500  0.56638135110255217        6.4844321221532525E-002
         501  0.42165598456887704        6.4980477088692798E-002
         502  0.39652364750473934        6.5064707973358990E-002
         503  0.56206772845338959        6.5106381473239619E-002
         504  0.50889383404576316        6.5196336107502029E-002
         505  0.51274630589995451        6.5398116072454382E-002
         506  0.39848782623257206        6.5543134954405363E-002
         507  0.52406775053779442        6.5910422938176991E-002
         508  0.51606740981356458        6.5934753828102002E-002
         509  0.51469109424283477        6.6023635417096979E-002
         510  0.51999667706482133        6.6091987987196010E-002
         511  0.48955936398718797        6.6282696909872860E-002
         512  0.57104027711397154        6.6431568291012794E-002
         513  0.44044603031137153        6.7003020745610181E-002
         514  0.40440195910793020        6.7091407376856926E-002
         515  0.53518647123757490        6.7147309599144306E-002
         516  0.43180640646934937        6.7312587270804705E-002
         517  0.34690120605844671        6.7435577416102968E-002
         518  0.48800992304421204        6.7515641205158045E-002
         519  0.51466606458000075        6.7690539767233257E-002
         520  0.32401415499064634        6.7777855927770678E-002
         521  0.51538390883818741        6.7860576368120470E-002
         522  0.56626251881145395        6.8121078084374329E-002
         523  0.37922650659218937        6.8222395973426081E-002
         524  0.51547411468075666        6.8275707539329281E-002
         525  0.50022397362156090        6.8350429091293408E-002
         526  0.52366311916843489        6.8524148355791306E-002
         527  0.49646567184183932        6.8703451852037800E-002
         528  0.54196031347475748        6.8945968749925493E-002
         529  0.51956028740585725        6.9006912081953364E-002
         530  0.43351861328908858        6.9109699152386336E-002
         531  0.50895514641846729        6.9301723370294346E-002
         532  0.50222460412123138        6.9606343881874630E-002
         533  0.42224165956409787        6.9837857852514215E-002
         534  0.46694680492589352        6.9894249878566683E-002
         535  0.51269015023839404        7.0051855562360890E-002
         536  0.51266721347949651        7.0183649661997485E-002
         537  0.53445870971712728        7.0425694160727623E-002
         538  0.53911475457286095        7.0582447674279611E-002
         539  0.50189391464822553        7.0705121436494753E-002
         540  0.46850830658262510        7.0767838976544220E-002
         541  0.56507016835631285        7.1044785150865181E-002
         542  0.49945575396583791        7.1109224435341581E-002
         543  0.49323577464009244        7.1145419798797266E-002
         544  0.53725410177339561        7.1322612237100930E-002
         545  0.34875374411465371        7.1507123210875712E-002
         546  0.47204328088607805        7.1795066457137402E-002
         547  0.44593951764353307        7.1896129144893045E-002
         548  0.41788983911422389        7.2019700332797448E-002
         549  0.54953124806384457        7.2264950605492220E-002
         550  0.53541002291456630        7.2310216218519172E-002
         551  0.39717078463243377        7.2481374918631006E-002
         552  0.47391365837770222        7.2573466072048801E-002
         553  0.48172622910521407        7.2841126790017155E-002
         554  0.40240701244679944        7.2971484448536766E-002
         555  0.49717567169872823        7.3079433583964293E-002
         556  0.50585939135246716        7.3128732952448247E-002
         557  0.53302012367286988        7.3236381795996328E-002
         558  0.56363743525472165        7.3417708595243852E-002
         559  0.50876416665954516        7.3494367395386589E-002
         560  0.48917549509419611        7.3795390136809899E-002
         561  0.48282094239682660        7.3916045502606484E-002
         562  0.52698314930822310        7.4122394648195353E-002
         563  0.53617624907178585        7.4161049320343564E-002
         564  0.52456519803720736        7.4291894809487016E-002
         565  0.48861272916157039        7.4510727632270235E-002
         566  0.50625616292615494        7.4684460307738787E-002
         567  0.47214713546104831        7.4989719617758591E-002
         568  0.44829892913541747        7.5157425148022775E-002
         569  0.30839846146023453        7.5306780944939256E-002
         570  0.55493779552591138        7.5347091194933880E-002
         571  0.47826758073092229        7.5506191528565247E-002
         572  0.53885125651448695        7.5732984653227309E-002
         573  0.38765227427865678        7.5788366027473422E-002
         574  0.45711458131602734        7.5834912407699170E-002
         575  0.45955339614131141        7.6050906689493589E-002
         576  0.52160227831811401        7.6185513726341567E-002
         577  0.36559678163344006        7.6377322550656560E-002
         578  0.47123543480353192        7.6494875068471330E-002
         579  0.46747904749173813        7.6540545773036733E-002
         580  0.49156874988482357        7.6872196299959880E-002
         581  0.50269388252545644        7.6942220218655710E-002
         582  0.44806365212620852        7.7173357762202799E-002
         583  0.50183724109592198        7.7304787604638131E-002
         584  0.36668724233553401        7.7473154779545986E-002
         585  0.48631078081565976        7.7637574978852389E-002
         586  0.53299561721091127        7.7880975866109689E-002
         587  0.52892567718749883        7.8082409425429281E-002
         588  0.53183400228052680        7.8187883451365528E-002
         589  0.37605213762234668        7.8309047116406974E-002
         590  0.47769592197430277        7.8398741302642433E-002
         591  0.52392637649986329        7.8720899037617503E-002
         592  0.49519914464149306        7.8885814654783851E-002
         593  0.49826356913100023        7.9070247379595893E-002
         594  0.48625012104203574        7.9253850900555062E-002
         595  0.44220131331937490        7.9369068862980036E-002
         596  0.49942291952794488        7.9751280770289215E-002
         597  0.52312330580514244        7.9790588363430462E-002
         598  0.44427468302301476        8.0029902585924406E-002
         599  0.52258491942724039        8.0099095248772373E-002
         600  0.42758303581607304        8.0207182265773877E-002
         601  0.47758872840070621        8.0434593506465812E-002
         602  0.40181335595198853        8.0705657921597840E-002
         603  0.52339725719561381        8.0771687707478584E-002
         604  0.49319877645496540        8.0913607305547294E-002
         605  0.47181124671598246        8.1216429522356554E-002
         606  0.42550224052155483        8.1385139237708098E-002
         607  0.54600533824551545        8.1682768338621786E-002
         608  0.47273817965069115        8.1700711048772467E-002
         609  0.55745113903029864        8.2048570801411702E-002
         610  0.48212219505131987        8.2154407841384933E-002
         611  0.48327405357444614        8.2383237895224726E-002
         612  0.44057847254964244        8.2541286692436128E-002
         613  0.40111251981588703        8.2617415536755556E-002
         614  0.39049255145161527        8.2732704497525650E-002
         615  0.37607143876637061        8.3093065261098706E-002
         616  0.43030480344266858        8.3145218654186129E-002
         617  0.46730825239705376        8.3299246717927003E-002
         618  0.48131442099204114        8.3554078483793759E-002
         619  0.43732407463737510        8.3789630648710797E-002
         620  0.43796563865708177        8.3932834044685378E-002
         621  0.42958232004442026        8.4048383174925731E-002
         622  0.50720450308610565        8.4266672915879734E-002
         623  0.46882843940317503        8.4425358630132119E-002
         624  0.48017340749076098        8.4665457113240555E-002
         625  0.49115913463591787        8.4864177406996574E-002
         626  0.49946243583492572        8.5035227939336086E-002
         627  0.54596226415901772        8.5201253490385750E-002
         628  0.48113117247872156        8.5537697663469775E-002
         629  0.44179625878610246        8.5604928985736073E-002
         630  0.43921639286260150        8.5726450807816143E-002
         631  0.46624070064185619        8.5828061541669678E-002
         632  0.38385177993000896        8.6126406624596252E-002
         633  0.43675645195668350        8.6383097283795909E-002
         634  0.43056924593277524        8.6521739017933641E-002
         635  0.27671757321798557        8.6619175952076466E-002
         636  0.50318094676697511        8.6783608713134411E-002
         637  0.47944537613978289        8.6875681428713367E-002
         638  0.47860418688813217        8.6945506186659902E-002
         639  0.49128437966240557        8.7121536573543698E-002
         640  0.49886742268853418        8.7268141782595329E-002
         641  0.43258302203100274        8.7416306942159377E-002
         642  0.45092316774885671        8.7619902206516748E-002
         643  0.39959859937271808        8.7973043045557392E-002
         644  0.48150426209997282        8.8073861119315838E-002
         645  0.46937802292455527        8.8351024908267614E-002
         646  0.43535474072215408        8.8467210192097551E-002
         647  0.45909850849029149        8.8664883381632198E-002
         648  0.44727846144458377        8.8903055659759547E-002
         649  0.49048311137601830        8.9078983677645149E-002
         650  0.45433562929510818        8.9294226015519049E-002
         651  0.37485464535481267        8.9390107771664257E-002
         652  0.40043173888518180        8.9613836724900781E-002
         653  0.38823472652076196        8.9808902203261862E-002
         654  0.50255138454475901        9.0141011549487920E-002
         655  0.47329039365315478        9.0164853534645262E-002
         656  0.44460209466269657        9.0260996391694090E-002
         657  0.49208711759353396        9.0419875868753483E-002
         658  0.41852576288876397        9.0820534473124728E-002
         659  0.47856921334620850        9.0920490178617280E-002
         660  0.49441198743339737        9.1164498600548344E-002
         661  0.50142475840826362        9.1450622189392677E-002
         662  0.52410146594228568        9.1599953739643941E-002
         663  0.40494645444866689        9.1784574625351056E-002
         664  0.49539485752610407        9.1973456568262918E-002
         665  0.47387501903155860        9.2243025692375732E-002
         666  0.45094686970095771        9.2345815261208691E-002
         667  0.46150524893274647        9.2422746688923585E-002
         668  0.51463702499073805        9.2636099515279541E-002
         669  0.46689473493784606        9.2973535259930365E-002
         670  0.42057148367129260        9.3109966102053673E-002
         671  0.51047032196306596        9.3328711408314960E-002
         672  0.20812032745866205        9.3458700289386548E-002
         673  0.46176981653011795        9.3497840366333865E-002
         674  0.47034386301314146        9.3758050133663492E-002
         675  0.40982370314028033        9.3991222722878173E-002
         676  0.47689081904832542        9.4099738998549565E-002
         677  0.44848283380789283        9.4216008205773985E-002
         678  0.47906962026373362        9.4440258111846628E-002
         679  0.41464178169562294        9.4723618473585972E-002
         680  0.36578928623127477        9.4890957886181723E-002
         681  0.48125773630309482        9.5011472119137894E-002
         682  0.45132621264864764        9.5070468630088459E-002
         683  0.46676098312817149        9.5306354700110188E-002
         684  0.35866818523019439        9.5502157675443886E-002
         685  0.45646577120430898        9.5550183594980534E-002
         686  0.47698030352783682        9.5782800188343106E-002
         687  0.45000841733325642        9.5974407155086899E-002
         688  0.44500692213629539        9.6105584670979446E-002
         689  0.40720084635815573        9.6343993468716707E-002
         690  0.50067686171944958        9.6477167414208212E-002
         691  0.51295600809767339        9.6649906514805470E-002
         692  0.41024968671879369        9.7053265352871371E-002
         693  0.51500195788902758        9.7211863460448078E-002
         694  0.51856857697083325        9.7449455267538135E-002
         695  0.35738569645029722        9.7572303219751272E-002
         696  0.44661538302455916        9.7804526625178953E-002
         697  0.43335114573025701        9.8186161752559065E-002
         698  0.45836770071870991        9.8364677591044405E-002
         699  0.37682003096233219        9.8554585722420734E-002
         700  0.28088413466490048        9.8807852417058001E-002
         701  0.44867308147835339        9.9031339691762296E-002
         702  0.47301558138792643        9.9169008960706628E-002
         703  0.46217777341821747        9.9441391100366150E-002
         704  0.45023590130454522        9.9516330547288367E-002
         705  0.37400095934170002       0.10002106380862380     
         706  0.49113034563385027       0.10009036281538861     
         707  0.50215386712170429       0.10022711681846354     
         708  0.39755173966329355       0.10055089417127090     
         709  0.42245834940754168       0.10059663474546508     
         710  0.42818901121742997       0.10082261124409961     
         711  0.48085141163461370       0.10094131532079977     
         712  0.29568975119670277       0.10136826039255722     
         713  0.34538526270600894       0.10141598555793248     
         714  0.43090768611384433       0.10185581012263617     
         715  0.41275229418343767       0.10219885638266907     
         716  0.41322427376417131       0.10226573417463972     
         717  0.46817397707851849       0.10277636833602274     
         718  0.47782892793428200       0.10287141072809597     
         719  0.38655863439885046       0.10315599532126085     
         720  0.39685936622449119       0.10323225659154446     
         721  0.43200762669143405       0.10367707822936131     
         722  0.43217824994685511       0.10374511910594975     
         723  0.39311185966608864       0.10427406482879681     
         724  0.44334402623582764       0.10447325512693016     
         725  0.43220232838155648       0.10462545348407871     
         726  0.35751049835722049       0.10465876854659976     
         727  0.43024436987350412       0.10484573772411726     
         728  0.44283510591847969       0.10508529268819666     
         729  0.46988773487213420       0.10520765754583532     
         730  0.42647451552741072       0.10543469756148550     
         731  0.43670947688576389       0.10582706150428506     
         732  0.43345480560751531       0.10611893662859377     
         733  0.44792887081211324       0.10653648535294852     
         734  0.34760283905292938       0.10694126981174945     
         735  0.43362806098060708       0.10729944812879212     
         736  0.39959506255747035       0.10754937547122904     
         737  0.41584669508283717       0.10761649115441219     
         738  0.41699017242225556       0.10771060736010984     
         739  0.41216242898108441       0.10788734991113777     
         740  0.37158373122048316       0.10833084292896683     
         741  0.44245887852456822       0.10839838419984828     
         742  0.41586001404126494       0.10866261848857597     
         743  0.39852790214105011       0.10893943638136627     
         744  0.42024583875278754       0.10938682359920385     
         745  0.41818578810309137       0.10945137364868793     
         746  0.38899433874312073       0.10963517502639906     
         747  0.45918723582846022       0.10987100070733254     
         748  0.45267440142066412       0.11015181110315647     
         749  0.43307555035076439       0.11053010557524320     
         750  0.43721747210704226       0.11084935122947172     
         751  0.42236512384557034       0.11120941919703978     
         752  0.38893996456512492       0.11153528799112657     
         753  0.41407698666900117       0.11171706423764774     
         754  0.35198851859635377       0.11181269245332312     
         755  0.38973558704244843       0.11231364719679413     
         756  0.37230158676272063       0.11242069585457719     
         757  0.34030098103972578       0.11311708653245818     
         758  0.43679658881389644       0.11350069828014474     
         759  0.42578093474200523       0.11370133119372121     
         760  0.36420845196280777       0.11405239910394407     
         761  0.44122506036701681       0.11427469731169521     
         762  0.30770847492608955       0.11473600186970928     
         763  0.31333010958103269       0.11526672824696348     
         764  0.34401818163431869       0.11563467839665965     
         765  0.39087171090129391       0.11573153112941557     
         766  0.34808595913619711       0.11610451235075042     
         767  0.35422762351688752       0.11677763213009389     
         768  0.43490702804848380       0.11698791439526643     
         769  0.41824400034842096       0.11765052776966682     
         770  0.39797042371079422       0.11829855319126312     
         771  0.39802677947675291       0.11854189049902930     
         772  0.37130387939319986       0.11885426408387308     
         773  0.36990600321347339       0.11931783321694189     
         774  0.31180628968608798       0.11976844039674883     
         775  0.37363779944810760       0.11990511591714166     
         776  0.37245995648129787       0.12016229210213926     
         777  0.39538600923206224       0.12035207660040743     
         778  0.31348170632921307       0.12081013243430973     
         779  0.30535879736340882       0.12101584395360102     
         780  0.38614976707923254       0.12137342111344071     
         781  0.35369342557143379       0.12147473801646017     
         782  0.35188946202883059       0.12248474572661530     
         783  0.35321559283914616       0.12296645790017056     
         784  0.39982792350331614       0.12361763898617636     
         785  0.34980864287274438       0.12395909519967720     
         786  0.40795780864336201       0.12439436513098599     
         787  0.35543569045549794       0.12447987917623499     
         788  0.35092125979790406       0.12476690108923788     
         789  0.33176365640356525       0.12585319813467785     
         790  0.28635550223254813       0.12650525126320131     
         791  0.37696279385587744       0.12660032262724910     
         792  0.37178784981189650       0.12729401611930366     
         793  0.34138356862404767       0.12777738050458101     
         794  0.33015482184526856       0.12851498863081579     
         795  0.27130560851968494       0.12872942079977365     
         796  0.34392444162997432       0.12973692383200275     
         797  0.30517079890527105       0.13026743445424058     
         798  0.25022407726672152       0.13107945251353928     
         799  0.35152371884200045       0.13179037883570807     
         800  0.27934648588337413       0.13234075103776494     
         801  0.25624047279443768       0.13285707735129926     
         802  0.27689974678833867       0.13355626865369863     
         803  0.37455554271358993       0.13429318149781930     
         804  0.37906059336751541       0.13508217122191729     
         805  0.29300135654064074       0.13521656151177330     
         806  0.17848743585076360       0.13650001562371383     
         807  0.33412531165680093       0.13742172693751251     
         808  0.34377782951119829       0.13785952451815439     
         809  0.38126067311939982       0.13839741086148885     
         810  0.35199511756060531       0.13899541108454797     
         811  0.32396390611193465       0.13959703614544156     
         812  0.33774465169288703       0.13994378124515855     
         813  0.31438414657100006       0.14045158382648038     
         814  0.27604505181903577       0.14184955647324388     
         815  0.31665562350898591       0.14234745209921135     
         816  0.18834903412056608       0.14289438880644889     
         817  0.19538158076089868       0.14332678183572756     
         818  0.24839841633255097       0.14520769633806810     
         819  0.15534926271720279       0.14650384678631873     
         820  0.29991133739473474       0.14690871515749074     
         821  0.25847763265894019       0.14759806494596225     
         822  0.18981533523342162       0.14833701327167739     
         823  0.24420955002088485       0.14988923966381720     
         824  0.22658863624284026       0.15185042105317878     
         825  0.18040243521834023       0.15404903342285123     
         826  0.11362784272570528       0.15463088941196601     
         827  0.12541385177021097       0.15644770651163609     
         828  0.18600118885139830       0.15655779750589055     
         829  0.15521421304607552       0.16073002972519124     
         830   9.2349661152431706E-002  0.16323594554991325     
         831   8.7008291226928408E-002  0.17025108579287349     
