  1    0.158283
  2    0.007266
  3    0.074604
  4    0.021553
  5    0.033817
  6    0.012761
  7    0.025780
  8    0.024334
  9    0.006454
 10    0.007844
 11    0.014445
 12    0.008324
 13    0.012111
 14    0.005705
 15    0.007778
 16    0.009114
 17    0.011997
 18    0.007425
 19    0.004606
 20    0.007590
 21    0.008091
 22    0.009798
 23    0.007136
 24    0.007972
 25    0.009870
 26    0.003870
 27    0.006088
 28    0.006755
 29    0.006664
 30    0.004031
 31    0.005712
 32    0.007993
 33    0.005103
 34    0.003518
 35    0.004292
 36    0.003488
 37    0.004212
 38    0.003928
 39    0.003816
 40    0.004528
 41    0.006628
 42    0.003357
 43    0.004544
 44    0.003406
 45    0.004928
 46    0.005471
 47    0.004301
 48    0.004392
 49    0.002936
 50    0.003349
 51    0.003458
 52    0.002470
 53    0.003784
 54    0.002209
 55    0.002577
 56    0.002645
 57    0.001521
 58    0.003310
 59    0.002547
 60    0.002345
 61    0.001763
 62    0.001952
 63    0.001500
 64    0.002589
 65    0.001944
 66    0.002584
 67    0.001848
 68    0.001964
 69    0.002193
 70    0.002634
 71    0.002017
 72    0.001281
 73    0.002079
 74    0.002086
 75    0.001957
 76    0.002057
 77    0.001656
 78    0.001969
 79    0.001633
 80    0.002001
 81    0.001699
 82    0.001729
 83    0.002261
 84    0.002329
 85    0.002360
 86    0.001415
 87    0.001272
 88    0.001336
 89    0.001463
 90    0.000984
 91    0.001485
 92    0.000649
 93    0.001669
 94    0.001305
 95    0.001475
 96    0.001172
 97    0.002108
 98    0.002483
 99    0.001851
100    0.002973
101    0.001573
102    0.001344
103    0.001852
104    0.001402
105    0.001292
106    0.001353
107    0.001856
108    0.001317
109    0.001113
110    0.000862
111    0.001890
112    0.001627
113    0.001756
114    0.001767
115    0.001457
116    0.000898
117    0.001086
118    0.001383
119    0.001349
120    0.001141
121    0.001226
122    0.001664
123    0.001106
124    0.001268
125    0.001154
126    0.001800
127    0.001080
128    0.000907
129    0.001418
130    0.001010
131    0.001011
132    0.000883
133    0.001309
134    0.001675
135    0.001176
136    0.001102
137    0.001133
138    0.000717
139    0.000898
140    0.000881
141    0.001988
142    0.001217
143    0.001764
144    0.001512
145    0.001745
146    0.001028
147    0.001177
148    0.000861
149    0.001359
150    0.001035
151    0.001159
152    0.001198
153    0.001084
154    0.001434
155    0.001295
156    0.001311
157    0.001653
158    0.001758
159    0.001298
160    0.001168
161    0.001620
162    0.001437
163    0.001499
164    0.000844
165    0.002239
166    0.000887
167    0.001067
168    0.001133
169    0.000851
170    0.001068
171    0.001586
172    0.000911
173    0.000912
174    0.001187
175    0.001200
176    0.001004
177    0.001217
178    0.001476
179    0.000899
180    0.001135
181    0.001006
182    0.001125
183    0.001131
184    0.001038
185    0.000713
186    0.001401
187    0.000783
188    0.000708
189    0.000956
190    0.000622
191    0.001367
192    0.000900
193    0.000567
194    0.001046
195    0.000721
196    0.001520
197    0.001249
198    0.001036
199    0.000909
200    0.001179
201    0.001383
202    0.001357
203    0.001709
204    0.000855
205    0.001307
206    0.001419
207    0.000839
208    0.001019
209    0.001081
210    0.000957
211    0.001133
212    0.000456
213    0.001104
214    0.001038
215    0.000704
216    0.000905
217    0.000933
218    0.000796
219    0.000684
220    0.001092
221    0.001068
222    0.000626
223    0.001006
224    0.000672
225    0.000596
226    0.000655
227    0.000863
228    0.000758
229    0.000743
230    0.000848
231    0.000535
232    0.000888
233    0.000940
234    0.000972
235    0.001249
236    0.000853
237    0.000745
238    0.000735
239    0.000483
240    0.000555
241    0.000673
242    0.000926
243    0.000907
244    0.000709
245    0.000698
246    0.000731
247    0.000964
248    0.000766
249    0.000558
250    0.001025
251    0.001127
252    0.000840
253    0.000813
254    0.000600
255    0.000922
256    0.000651
257    0.000974
258    0.001199
259    0.000699
260    0.000687
261    0.001164
262    0.000974
263    0.000866
264    0.000973
265    0.001157
266    0.001103
267    0.000718
268    0.000927
269    0.000555
270    0.000552
271    0.000685
272    0.000633
273    0.000731
274    0.000985
275    0.000757
276    0.000726
277    0.000693
278    0.000460
279    0.000735
280    0.000678
281    0.000913
282    0.000767
283    0.000583
284    0.000540
285    0.000504
286    0.000799
287    0.000536
288    0.000679
289    0.000979
290    0.000573
291    0.000470
292    0.000575
293    0.000578
294    0.000708
295    0.000771
296    0.000456
297    0.000720
298    0.000593
299    0.000611
300    0.000610
301    0.000295
302    0.000887
303    0.000515
304    0.000701
305    0.000871
306    0.000524
307    0.000638
308    0.000728
309    0.000757
310    0.000604
311    0.000666
312    0.000510
313    0.000753
314    0.000581
315    0.000484
316    0.000937
317    0.000540
318    0.000618
319    0.000666
320    0.000488
321    0.000814
322    0.000399
323    0.000534
324    0.000805
325    0.000221
326    0.000540
327    0.000180
328    0.000381
329    0.000708
330    0.000431
331    0.000695
332    0.000679
333    0.000276
334    0.000488
335    0.000415
336    0.000423
337    0.000435
338    0.000632
339    0.000378
340    0.000396
341    0.000455
342    0.000537
343    0.000396
344    0.000343
345    0.000422
346    0.000531
347    0.000667
348    0.000494
349    0.000494
350    0.000612
351    0.000378
352    0.000713
353    0.000432
354    0.000523
355    0.000261
356    0.000340
357    0.000309
358    0.000406
359    0.000274
360    0.000340
361    0.000257
362    0.000505
363    0.000473
364    0.000297
365    0.000257
366    0.000371
367    0.000293
368    0.000453
369    0.000440
370    0.000590
371    0.000531
372    0.000491
373    0.000414
374    0.000529
375    0.000349
376    0.000495
377    0.000370
378    0.000546
379    0.000469
380    0.000358
381    0.000427
382    0.000494
383    0.000397
384    0.000346
385    0.000556
386    0.000411
387    0.000475
388    0.000495
389    0.000269
390    0.000347
391    0.000250
392    0.000441
393    0.000358
394    0.000196
395    0.000197
396    0.000299
397    0.000377
398    0.000298
399    0.000277
400    0.000238
401    0.000188
402    0.000150
403    0.000278
404    0.000216
405    0.000211
406    0.000320
407    0.000262
408    0.000325
409    0.000190
410    0.000405
411    0.000285
412    0.000181
413    0.000252
414    0.000332
415    0.000250
416    0.000225
417    0.000211
418    0.000196
419    0.000178
420    0.000119
421    0.000232
422    0.000257
423    0.000183
424    0.000268
425    0.000225
426    0.000220
427    0.000221
428    0.000146
429    0.000183
430    0.000182
431    0.000234
432    0.000175
433    0.000188
434    0.000161
435    0.000282
436    0.000222
437    0.000206
438    0.000368
439    0.000113
440    0.000292
441    0.000190
442    0.000282
443    0.000178
444    0.000176
445    0.000239
446    0.000235
447    0.000162
448    0.000250
449    0.000163
450    0.000241
451    0.000214
452    0.000105
453    0.000146
454    0.000118
455    0.000123
456    0.000187
457    0.000119
458    0.000159
459    0.000207
460    0.000102
461    0.000251
462    0.000129
463    0.000214
464    0.000224
465    0.000158
466    0.000143
467    0.000165
468    0.000121
469    0.000123
470    0.000162
471    0.000184
472    0.000199
473    0.000256
474    0.000154
475    0.000123
476    0.000116
477    0.000192
478    0.000155
479    0.000126
480    0.000121
481    0.000092
482    0.000166
483    0.000185
484    0.000134
485    0.000182
486    0.000134
487    0.000198
488    0.000141
489    0.000152
490    0.000117
491    0.000122
492    0.000150
493    0.000114
494    0.000102
495    0.000237
496    0.000121
497    0.000218
498    0.000100
499    0.000128
500    0.000194
501    0.000118
502    0.000086
503    0.000125
504    0.000100
505    0.000144
506    0.000141
507    0.000136
508    0.000072
509    0.000072
510    0.000172
511    0.000133
512    0.000144
513    0.000109
514    0.000121
515    0.000103
516    0.000141
517    0.000128
518    0.000089
519    0.000113
520    0.000140
521    0.000173
522    0.000130
523    0.000076
524    0.000125
525    0.000125
526    0.000124
527    0.000094
528    0.000133
529    0.000115
530    0.000100
531    0.000087
532    0.000132
533    0.000122
534    0.000138
535    0.000156
536    0.000094
537    0.000108
538    0.000159
539    0.000074
540    0.000086
541    0.000118
542    0.000073
543    0.000090
544    0.000106
545    0.000117
546    0.000072
547    0.000089
548    0.000079
549    0.000089
550    0.000095
551    0.000076
552    0.000004
553    0.000003
554    0.000003
555    0.000003
556    0.000005
557    0.000004
558    0.000003
559    0.000003
560    0.000004
561    0.000002
562    0.000004
563    0.000003
564    0.000004
565    0.000003
566    0.000002
567    0.000002
568    0.000003
569    0.000002
570    0.000002
571    0.000002
572    0.000002
573    0.000002
574    0.000002
575    0.000002
576    0.000002
577    0.000001
578    0.000004
579    0.000002
580    0.000002
581    0.000003
582    0.000002
583    0.000003
584    0.000003
585    0.000002
586    0.000002
587    0.000001
588    0.000003
589    0.000002
590    0.000001
591    0.000003
592    0.000002
593    0.000003
594    0.000002
595    0.000001
596    0.000002
597    0.000001
598    0.000002
599    0.000002
600    0.000002
601    0.000002
602    0.000002
603    0.000003
604    0.000003
605    0.000002
606    0.000001
607    0.000002
608    0.000002
609    0.000002
610    0.000002
611    0.000002
612    0.000002
613    0.000002
614    0.000002
615    0.000002
616    0.000002
617    0.000002
618    0.000002
619    0.000001
620    0.000001
621    0.000003
622    0.000002
623    0.000002
624    0.000002
625    0.000003
626    0.000002
627    0.000002
628    0.000003
629    0.000002
630    0.000002
631    0.000002
632    0.000002
633    0.000002
634    0.000002
635    0.000002
636    0.000002
637    0.000001
638    0.000001
639    0.000002
640    0.000001
641    0.000002
642    0.000001
643    0.000002
644    0.000001
645    0.000002
646    0.000003
647    0.000001
648    0.000001
649    0.000002
650    0.000001
651    0.000002
652    0.000002
653    0.000001
654    0.000001
655    0.000003
656    0.000002
657    0.000001
658    0.000002
659    0.000002
660    0.000001
661    0.000002
662    0.000002
663    0.000002
664    0.000002
665    0.000002
666    0.000002
667    0.000003
668    0.000001
669    0.000002
670    0.000002
671    0.000002
672    0.000002
673    0.000001
674    0.000002
675    0.000002
676    0.000003
677    0.000002
678    0.000001
679    0.000002
680    0.000001
681    0.000002
682    0.000003
683    0.000002
684    0.000002
685    0.000001
686    0.000002
687    0.000001
688    0.000002
689    0.000002
690    0.000002
691    0.000001
692    0.000001
693    0.000002
694    0.000002
695    0.000002
696    0.000002
697    0.000002
698    0.000002
699    0.000002
700    0.000001
701    0.000002
702    0.000002
703    0.000001
704    0.000002
705    0.000002
706    0.000002
707    0.000002
708    0.000002
709    0.000002
710    0.000002
711    0.000001
712    0.000001
713    0.000002
714    0.000002
715    0.000001
716    0.000001
717    0.000002
718    0.000002
719    0.000002
720    0.000002
721    0.000002
722    0.000001
723    0.000002
724    0.000002
725    0.000002
726    0.000002
727    0.000001
728    0.000002
729    0.000001
730    0.000002
731    0.000002
732    0.000002
733    0.000002
734    0.000002
735    0.000002
736    0.000002
737    0.000001
738    0.000002
739    0.000003
740    0.000001
741    0.000003
742    0.000002
743    0.000002
744    0.000003
745    0.000002
746    0.000002
747    0.000001
748    0.000002
749    0.000002
750    0.000001
751    0.000002
752    0.000002
753    0.000002
754    0.000001
755    0.000002
756    0.000002
757    0.000001
758    0.000001
759    0.000001
760    0.000001
761    0.000002
762    0.000002
763    0.000003
764    0.000002
765    0.000001
766    0.000001
767    0.000001
768    0.000001
769    0.000002
770    0.000001
771    0.000002
772    0.000002
773    0.000002
774    0.000003
775    0.000002
776    0.000002
777    0.000002
778    0.000002
779    0.000001
780    0.000001
781    0.000001
782    0.000002
783    0.000001
784    0.000002
785    0.000001
786    0.000002
787    0.000001
788    0.000001
789    0.000001
790    0.000002
791    0.000002
792    0.000002
793    0.000002
794    0.000001
795    0.000002
796    0.000001
797    0.000002
798    0.000001
799    0.000001
800    0.000002
801    0.000002
802    0.000001
803    0.000001
804    0.000002
805    0.000002
806    0.000001
807    0.000002
808    0.000001
809    0.000002
810    0.000001
811    0.000002
812    0.000001
813    0.000003
814    0.000001
815    0.000001
816    0.000003
817    0.000001
818    0.000001
819    0.000001
820    0.000001
821    0.000002
822    0.000001
823    0.000002
824    0.000004
825    0.000004
