  0.139237
 -0.156526
 -0.361019
  0.522153
  0.700069
  0.080084
  0.021793
  0.080099
 -0.022890
  0.000825
 -0.170538
  0.021832
  0.034675
  0.008019
  0.011513
 -0.095048
 -0.001384
  0.052554
 -0.001812
 -0.012987
 -0.034132
 -0.004033
  0.019400
 -0.008764
 -0.001955
 -0.001604
  0.005641
 -0.009207
  0.011547
  0.011553
  0.012978
 -0.005308
  0.008054
  0.000831
  0.000030
 -0.007798
 -0.015612
  0.000140
  0.008857
  0.000362
 -0.016977
 -0.021144
  0.000849
  0.002358
 -0.000558
 -0.016142
  0.002894
  0.012152
  0.007702
  0.002037
  0.011065
 -0.006859
  0.005260
 -0.002465
  0.007075
 -0.001463
  0.005742
  0.006465
 -0.000438
  0.004190
  0.002187
 -0.000515
  0.000728
  0.001756
  0.001760
  0.000014
 -0.003328
 -0.001530
 -0.005407
 -0.001261
 -0.004025
  0.002109
  0.000078
  0.003651
  0.001649
 -0.002585
 -0.000629
 -0.001655
 -0.000527
  0.006792
  0.004284
 -0.011181
 -0.000995
 -0.000295
  0.004083
  0.009505
 -0.002404
 -0.005745
  0.003060
 -0.000046
 -0.002431
 -0.000424
 -0.004603
  0.005566
 -0.002219
  0.008151
  0.006218
  0.001718
 -0.005400
 -0.012731
  0.000336
  0.008439
  0.005590
  0.000968
 -0.004767
  0.002456
 -0.015049
  0.001551
  0.003154
  0.007171
  0.001292
  0.002326
 -0.004939
 -0.006210
 -0.003303
 -0.001783
 -0.004516
  0.001293
  0.002911
 -0.001147
 -0.000926
 -0.005211
 -0.000832
 -0.002847
  0.001683
  0.002869
 -0.001373
 -0.000226
  0.002135
  0.002641
 -0.000144
  0.001067
  0.000205
  0.001228
 -0.002703
 -0.001007
 -0.000381
 -0.001459
 -0.000174
  0.000859
  0.001342
  0.000503
 -0.000045
 -0.000201
 -0.000567
  0.001023
  0.000922
 -0.001262
  0.000071
 -0.000157
  0.001025
  0.001227
 -0.000472
 -0.000348
 -0.003173
  0.000936
  0.002639
 -0.003918
  0.001907
 -0.002419
  0.003471
  0.001563
  0.007959
 -0.000786
 -0.001843
 -0.004248
 -0.001319
 -0.001172
 -0.001856
  0.000185
 -0.000816
 -0.002532
  0.002116
 -0.002050
 -0.000329
 -0.002498
 -0.000038
  0.000343
 -0.002808
  0.003492
 -0.001058
  0.002060
 -0.000070
  0.000094
  0.003623
  0.000178
  0.001971
 -0.000442
  0.000412
  0.000287
 -0.000189
 -0.000979
 -0.000056
  0.002101
 -0.000421
 -0.000432
 -0.000414
 -0.001491
 -0.000060
  0.000175
 -0.001057
 -0.000551
  0.001083
 -0.000780
 -0.000187
 -0.000681
 -0.000670
  0.000516
 -0.001022
  0.000491
  0.000739
  0.000587
 -0.000309
  0.000709
 -0.000446
  0.000606
 -0.000194
 -0.000059
 -0.000644
 -0.000848
  0.000432
  0.000874
  0.000317
  0.001099
  0.000613
  0.000041
 -0.000063
 -0.002896
 -0.000653
  0.000270
  0.001210
  0.000320
 -0.000583
  0.001419
  0.000688
 -0.001336
  0.000921
  0.003106
 -0.000001
  0.000976
  0.001990
 -0.001449
 -0.002541
  0.001365
 -0.000140
 -0.000946
  0.000593
 -0.000791
 -0.000009
  0.000991
  0.001655
 -0.000066
  0.000995
 -0.000976
 -0.001466
 -0.000949
  0.000043
 -0.000890
  0.000427
 -0.001052
  0.000292
 -0.000358
 -0.000962
  0.000574
 -0.000234
 -0.000232
 -0.000559
  0.000746
  0.000779
 -0.000070
 -0.000172
 -0.000628
 -0.000448
 -0.000005
 -0.000512
  0.000612
 -0.000906
  0.000865
  0.000523
 -0.002084
  0.000963
 -0.002520
 -0.001234
  0.000629
  0.000794
  0.000719
  0.001198
 -0.000047
 -0.000088
 -0.000482
  0.000208
  0.000574
  0.000839
 -0.001292
 -0.000205
 -0.001595
  0.000895
  0.000747
 -0.000266
  0.000019
  0.001350
  0.001260
 -0.001069
 -0.001332
 -0.000673
  0.000473
 -0.000374
  0.002329
 -0.001645
 -0.000554
  0.000424
 -0.000074
  0.000972
 -0.000124
  0.000386
 -0.001930
  0.000583
  0.000904
  0.000250
  0.001480
  0.000397
  0.001151
 -0.000022
 -0.001431
  0.001004
  0.000480
 -0.001524
  0.000097
 -0.000619
 -0.001206
 -0.000339
  0.001552
 -0.000214
 -0.000465
 -0.000358
  0.000148
 -0.000180
  0.000554
  0.001931
 -0.000137
 -0.002240
  0.001123
 -0.000275
  0.000416
 -0.000173
  0.000157
 -0.000850
  0.001065
  0.000292
  0.000992
 -0.000628
 -0.001119
  0.000072
 -0.000789
 -0.000190
 -0.001616
 -0.000106
 -0.000225
 -0.000071
  0.001136
  0.000919
 -0.000466
  0.000558
  0.000522
 -0.000195
 -0.000455
 -0.000573
  0.000589
  0.000795
 -0.000334
  0.000875
  0.000166
 -0.000350
 -0.000242
 -0.000228
  0.001726
 -0.001130
 -0.001196
  0.000614
  0.001638
 -0.000265
  0.005524
 -0.002051
  0.001123
 -0.000777
 -0.000366
  0.002511
 -0.000554
  0.001032
  0.001974
 -0.002470
  0.000877
  0.000418
 -0.005946
 -0.002135
  0.000747
  0.000081
 -0.003713
 -0.001633
  0.000028
  0.000339
 -0.000795
  0.000238
 -0.000599
  0.000595
  0.000046
  0.000256
  0.001043
  0.000429
 -0.000399
 -0.000212
 -0.000640
 -0.000516
 -0.000534
 -0.000842
 -0.000011
 -0.000962
 -0.000758
  0.000755
 -0.000842
 -0.000102
 -0.000585
 -0.001072
  0.000913
 -0.000006
 -0.000604
 -0.000310
 -0.000466
  0.000482
 -0.000034
 -0.000794
 -0.000002
  0.000503
  0.001147
 -0.000816
  0.000013
  0.000270
 -0.000448
  0.000077
  0.000047
 -0.000960
  0.000222
  0.000879
  0.000502
 -0.000066
 -0.000293
 -0.000459
 -0.000456
 -0.000644
  0.000707
 -0.001087
  0.000960
 -0.000077
 -0.000513
 -0.000446
 -0.000393
 -0.000436
 -0.000094
  0.000526
 -0.000204
 -0.000809
  0.000276
 -0.000109
  0.000019
  0.000069
 -0.000125
 -0.000356
 -0.000530
 -0.000175
 -0.000233
 -0.000236
 -0.000068
  0.000961
 -0.000464
  0.000055
  0.000504
  0.000168
 -0.000374
  0.000335
  0.000489
  0.000486
 -0.000060
 -0.000773
  0.000732
  0.000902
 -0.000249
  0.000773
  0.000563
 -0.000576
  0.000132
 -0.000499
 -0.000244
 -0.000629
  0.002276
 -0.000309
  0.000231
 -0.000721
 -0.000298
 -0.000351
 -0.000431
 -0.000098
  0.000108
  0.000474
  0.000733
  0.001949
  0.000157
  0.000074
 -0.001510
 -0.000091
  0.000397
 -0.000408
  0.000419
 -0.000114
 -0.000550
  0.000817
 -0.000655
  0.000221
  0.000018
  0.000204
 -0.000046
  0.001172
 -0.000738
 -0.000106
  0.000692
  0.000732
  0.000832
 -0.001354
  0.001179
 -0.000263
  0.000697
  0.000566
 -0.000268
  0.000097
  0.000012
  0.000215
  0.000665
 -0.000749
  0.000760
 -0.000013
 -0.001106
 -0.000374
  0.001272
  0.000433
 -0.000128
 -0.000392
  0.000905
 -0.000079
 -0.000027
  0.000078
  0.000195
  0.000292
  0.000540
 -0.000237
 -0.000173
  0.000200
  0.000495
 -0.000313
 -0.000024
  0.000078
 -0.000147
 -0.000122
 -0.000330
  0.000287
 -0.000314
  0.000069
 -0.000138
 -0.000287
 -0.000108
  0.000381
  0.000343
 -0.000158
  0.000434
 -0.000015
  0.000122
 -0.000087
 -0.000192
 -0.000967
 -0.000136
  0.000003
  0.000226
  0.000522
 -0.000660
  0.000882
  0.000503
 -0.000741
 -0.000147
 -0.000043
  0.000601
  0.000540
  0.000538
 -0.000321
 -0.000081
 -0.000410
 -0.000487
  0.000001
 -0.000508
 -0.000032
 -0.000244
  0.000495
  0.000551
 -0.000590
  0.000937
 -0.000420
  0.000134
  0.000435
  0.000299
  0.000583
 -0.000563
 -0.000482
  0.000396
 -0.000153
  0.000642
  0.000314
 -0.000060
 -0.000047
  0.000144
 -0.000054
 -0.000708
  0.000716
 -0.000406
 -0.000613
  0.000287
  0.000352
 -0.000256
  0.000250
 -0.000100
 -0.000642
 -0.000635
  0.000251
 -0.000025
 -0.000037
  0.000166
  0.000259
 -0.000267
 -0.000048
 -0.000064
  0.000137
 -0.000363
 -0.000136
 -0.000154
  0.000431
 -0.000123
  0.000280
  0.000141
 -0.000852
 -0.000171
  0.000012
  0.000759
  0.000406
 -0.000474
  0.000203
 -0.000132
 -0.000091
  0.000113
  0.000169
 -0.000078
 -0.000104
 -0.000213
  0.000520
  0.000245
  0.000179
 -0.000592
  0.000294
 -0.000179
 -0.000640
 -0.001033
  0.000302
 -0.000031
  0.000056
 -0.000327
 -0.000368
 -0.000858
  0.000245
 -0.000013
  0.000670
  0.000373
  0.000477
 -0.000143
 -0.000028
 -0.000027
 -0.000541
 -0.000224
  0.000074
  0.000246
 -0.000661
 -0.000232
  0.000241
 -0.000657
 -0.001227
  0.000026
  0.001016
  0.000050
 -0.000023
 -0.000812
  0.000053
 -0.000155
 -0.000143
  0.000150
 -0.000079
  0.000566
  0.000175
  0.000656
 -0.000977
  0.000001
 -0.000232
 -0.000033
  0.000288
 -0.000347
  0.000436
  0.000324
 -0.000248
 -0.000094
 -0.000534
 -0.000057
 -0.000101
  0.000538
 -0.000087
 -0.000720
  0.000148
  0.000415
 -0.000135
  0.000410
  0.000057
 -0.000755
  0.000941
  0.000283
 -0.000511
 -0.000038
 -0.000763
 -0.000165
  0.000311
  0.000630
 -0.001262
 -0.000922
  0.000886
 -0.000051
 -0.000913
  0.001373
  0.000267
 -0.001020
  0.000756
 -0.000003
 -0.000751
  0.000704
 -0.000387
 -0.000739
  0.000227
 -0.000201
  0.000289
 -0.000286
 -0.000104
 -0.001377
  0.000023
  0.000292
 -0.000163
 -0.000107
  0.000541
 -0.001079
 -0.000274
  0.000404
 -0.000346
  0.000404
  0.000246
  0.000146
  0.000366
 -0.000206
  0.000129
 -0.000034
  0.000189
  0.000244
 -0.000138
  0.000310
  0.000567
 -0.000028
  0.000264
 -0.000518
 -0.000093
 -0.000035
  0.000088
 -0.000015
 -0.000047
 -0.000384
  0.000398
 -0.000703
 -0.000450
  0.000011
 -0.000568
 -0.000872
 -0.000242
  0.000521
  0.000235
  0.000264
  0.000404
 -0.000487
 -0.000626
  0.000055
  0.000179
  0.000172
 -0.000346
  0.000151
 -0.000229
  0.000637
  0.000413
  0.000158
  0.000352
  0.000353
 -0.000088
 -0.000367
  0.000247
 -0.000001
  0.000286
  0.000289
 -0.000363
 -0.000180
 -0.000135
 -0.000090
 -0.000059
  0.000050
 -0.000023
 -0.000015
  0.000030
  0.000012
 -0.000087
 -0.000056
 -0.000023
