 -0.022250
  0.053490
  0.089932
 -0.987063
  0.021683
  0.034005
 -0.060440
 -0.027530
  0.005306
  0.056160
  0.017778
 -0.023826
 -0.008333
 -0.007971
 -0.015012
 -0.002381
 -0.002850
  0.025707
  0.008418
  0.021544
  0.001844
 -0.018791
  0.007345
  0.009993
 -0.020802
 -0.006618
  0.004974
 -0.006592
 -0.010094
  0.009893
 -0.000959
  0.002360
  0.000853
 -0.005700
  0.001649
 -0.010914
  0.000775
  0.005219
  0.002962
 -0.000630
  0.001449
 -0.006785
  0.003278
 -0.003649
 -0.003272
 -0.007268
  0.009474
  0.003976
  0.004340
  0.002877
 -0.002857
  0.008095
  0.000348
 -0.005548
  0.005933
  0.001023
 -0.000223
  0.000630
 -0.005635
  0.001922
  0.000854
  0.001211
 -0.001391
 -0.000699
 -0.004459
  0.004019
 -0.004242
 -0.004298
 -0.000670
 -0.000961
  0.000533
 -0.001128
 -0.003788
  0.001638
  0.003229
  0.003681
 -0.001527
  0.003755
  0.000956
 -0.001829
  0.000460
 -0.001240
 -0.002905
  0.000969
  0.000089
 -0.002893
  0.003654
 -0.000454
 -0.001816
 -0.000027
 -0.001114
  0.000441
  0.001354
 -0.003315
  0.000369
  0.000685
  0.000404
  0.000109
 -0.000807
 -0.000141
  0.000263
  0.001099
 -0.002740
  0.000009
 -0.000667
 -0.000144
 -0.000499
 -0.001765
  0.000547
 -0.002111
  0.000232
 -0.004009
  0.001745
  0.000457
 -0.002035
  0.000553
 -0.002136
 -0.001132
  0.000838
 -0.001398
 -0.000757
  0.004482
  0.000089
 -0.001207
 -0.003670
 -0.001246
 -0.002794
  0.001645
  0.000172
  0.002082
  0.002598
  0.001718
 -0.001500
  0.000375
  0.000310
 -0.000699
 -0.000474
  0.000733
 -0.000722
 -0.001207
 -0.000586
 -0.001536
 -0.000612
 -0.001754
  0.001362
 -0.002433
  0.000394
  0.002274
 -0.000720
 -0.002250
 -0.000156
  0.000703
 -0.000024
 -0.000110
  0.000591
  0.000279
 -0.001435
 -0.002834
  0.000490
 -0.000730
  0.000119
  0.001045
  0.000578
  0.000067
 -0.000109
  0.000707
 -0.000694
 -0.001125
  0.001177
 -0.001264
  0.001543
  0.000458
 -0.000100
 -0.000110
  0.000803
  0.000794
 -0.000615
  0.000681
 -0.000352
 -0.000869
  0.001523
  0.000727
  0.000815
  0.000988
  0.000587
  0.001593
 -0.000041
 -0.001711
 -0.000923
 -0.000531
  0.000501
  0.000449
  0.000154
 -0.000227
  0.000683
 -0.000671
 -0.000900
  0.000739
  0.001049
  0.000497
  0.000678
 -0.000408
  0.001980
 -0.000339
 -0.001381
 -0.001490
 -0.001415
  0.000166
  0.000883
  0.000082
 -0.000487
  0.001123
  0.000358
  0.000444
 -0.001098
  0.000048
  0.001468
 -0.001075
 -0.000987
 -0.000220
  0.000653
  0.000104
 -0.001165
 -0.000197
  0.000564
  0.000240
 -0.001126
  0.000689
 -0.002109
  0.000298
 -0.000805
  0.000408
  0.000172
 -0.000495
 -0.000397
  0.000440
  0.000319
  0.001668
  0.000899
  0.000448
  0.001344
 -0.000482
 -0.000091
  0.000115
  0.000052
 -0.001369
 -0.000658
  0.000207
  0.000548
 -0.000546
  0.000652
  0.002006
  0.000436
  0.000115
  0.000443
  0.000075
 -0.000968
 -0.000173
 -0.000745
 -0.000465
 -0.000374
  0.000441
 -0.000197
  0.001308
  0.001694
  0.001368
  0.000544
 -0.002852
 -0.000276
 -0.001104
 -0.000739
 -0.001762
  0.000236
 -0.003764
 -0.000101
  0.000278
  0.000054
  0.000701
  0.000233
  0.000338
 -0.001504
  0.000012
 -0.000012
  0.000893
  0.000502
  0.000423
  0.000476
  0.000580
 -0.000594
  0.001272
  0.000944
  0.000909
 -0.001811
 -0.000719
 -0.000933
  0.000091
 -0.002626
 -0.001757
 -0.001037
  0.003318
 -0.000550
  0.001642
  0.000371
 -0.000548
  0.000771
 -0.001538
 -0.001195
  0.001206
  0.000354
  0.000972
  0.000491
 -0.001367
  0.000414
  0.001519
 -0.000322
  0.000391
 -0.000109
 -0.000968
  0.000168
  0.000159
 -0.000379
 -0.000029
  0.000908
  0.000173
 -0.000306
  0.000358
 -0.000470
  0.001475
  0.000965
 -0.000626
  0.001093
 -0.000183
  0.000479
 -0.000183
 -0.000098
  0.000594
 -0.000469
  0.000084
  0.001958
  0.001254
 -0.000001
 -0.000350
  0.000124
 -0.000713
  0.000383
 -0.000757
  0.001072
 -0.000700
 -0.002074
  0.000726
  0.000436
 -0.000800
 -0.000789
 -0.000191
  0.000728
 -0.000286
  0.000442
 -0.000875
 -0.001027
 -0.001254
 -0.001281
  0.000460
 -0.000093
  0.000956
 -0.000276
  0.000769
  0.000290
 -0.000454
  0.000539
  0.001606
  0.000001
 -0.000087
  0.000271
 -0.000210
 -0.000447
  0.000597
  0.000002
  0.000854
 -0.000416
 -0.000097
 -0.001369
 -0.000418
 -0.001270
  0.000434
 -0.000903
 -0.000397
  0.000085
 -0.000501
  0.001174
  0.000870
 -0.000149
  0.000062
  0.001635
 -0.000198
 -0.000229
  0.000499
 -0.001726
 -0.001543
  0.000263
  0.000395
 -0.000280
  0.000040
 -0.000002
  0.000840
 -0.000451
 -0.000083
 -0.000865
 -0.000484
  0.000261
  0.000177
 -0.000534
 -0.000086
 -0.001380
 -0.000523
 -0.000691
  0.000899
  0.000295
  0.000846
 -0.000723
 -0.000419
 -0.000038
  0.000428
  0.000437
 -0.000539
 -0.000381
 -0.000040
 -0.000551
 -0.000923
  0.000308
  0.000523
 -0.000131
  0.001491
 -0.001876
 -0.000232
  0.000661
 -0.000860
 -0.000702
 -0.000815
 -0.000068
  0.001388
  0.001406
 -0.000298
  0.000701
  0.001360
  0.000394
  0.000216
 -0.000036
 -0.000065
 -0.001977
 -0.000174
  0.000505
  0.000072
 -0.000220
 -0.000719
 -0.000313
  0.000847
  0.000398
 -0.000799
  0.000980
 -0.000237
 -0.000199
 -0.000356
  0.000230
  0.000081
  0.001139
 -0.000344
  0.000318
 -0.000376
  0.000094
  0.000092
 -0.000403
 -0.000253
  0.000385
 -0.001083
 -0.001125
  0.000643
  0.000321
 -0.000109
  0.000660
 -0.000228
 -0.000091
  0.000068
 -0.000412
 -0.000675
  0.000563
 -0.000777
 -0.000498
  0.000777
  0.000300
  0.000415
  0.000194
 -0.000260
  0.000793
 -0.000065
 -0.000611
  0.000254
  0.000415
  0.000989
  0.000229
 -0.000203
 -0.000613
  0.000442
 -0.000046
 -0.000115
  0.001238
 -0.000304
  0.000649
 -0.000014
  0.000133
 -0.000029
  0.000174
  0.000364
 -0.000236
 -0.000123
 -0.000785
 -0.000413
 -0.000580
 -0.000963
 -0.000413
 -0.000449
 -0.001170
  0.000624
 -0.000177
 -0.000145
 -0.000089
  0.000440
 -0.000276
 -0.000811
  0.000169
 -0.000500
 -0.000203
 -0.000117
  0.000122
  0.000161
 -0.000269
  0.000997
  0.000005
 -0.000537
  0.000688
 -0.000247
 -0.000193
  0.000144
 -0.000376
  0.000376
  0.000371
 -0.000347
 -0.000316
  0.000069
  0.001023
  0.000992
  0.000736
 -0.000211
  0.000912
  0.001527
 -0.000091
  0.000617
  0.000475
 -0.000108
 -0.000790
 -0.001139
  0.000190
  0.000104
  0.000021
  0.000294
 -0.000211
  0.000320
  0.000236
  0.000447
 -0.000322
 -0.000347
  0.000584
 -0.000278
 -0.000373
  0.000114
  0.000045
 -0.000366
 -0.000463
  0.000044
 -0.000122
  0.000505
 -0.000694
  0.000112
 -0.000675
 -0.001608
  0.000503
  0.000929
 -0.000535
 -0.000058
  0.000745
 -0.000003
  0.000323
 -0.000321
  0.000305
 -0.001566
 -0.000516
  0.000222
  0.000653
 -0.000015
  0.000442
  0.000285
 -0.000199
  0.000731
  0.000120
  0.000378
  0.000177
 -0.000592
 -0.000145
 -0.000369
 -0.000108
 -0.000415
  0.000017
  0.000208
 -0.000224
 -0.000164
 -0.000159
 -0.000248
 -0.000026
  0.000263
 -0.000061
  0.000199
 -0.000397
 -0.000321
 -0.000185
 -0.000276
  0.000155
 -0.000130
 -0.000129
 -0.000214
  0.000277
 -0.000103
 -0.000042
 -0.000292
 -0.000117
  0.000247
 -0.000097
 -0.000188
 -0.000231
  0.000124
 -0.000181
 -0.000345
 -0.000529
  0.000098
 -0.000100
  0.000193
  0.000814
 -0.000093
 -0.000127
 -0.000556
  0.000172
  0.000604
  0.000152
 -0.000023
  0.000045
 -0.000190
  0.000163
  0.000626
  0.000336
 -0.000622
  0.000353
 -0.000077
 -0.000455
  0.000061
 -0.000596
 -0.000761
 -0.000420
  0.000257
  0.000750
 -0.000026
  0.000421
 -0.000216
 -0.000122
  0.000849
  0.000587
  0.000029
 -0.000394
  0.000144
 -0.000483
  0.000564
  0.000098
  0.000621
  0.001077
  0.001037
 -0.000283
  0.000239
  0.000585
 -0.000798
 -0.000103
  0.000639
  0.000130
  0.000142
  0.000824
  0.000152
 -0.001003
 -0.000692
  0.001051
 -0.000454
  0.000520
 -0.000550
 -0.000190
 -0.000517
 -0.001009
 -0.000747
 -0.000021
 -0.000062
  0.002656
  0.000338
 -0.000219
  0.000504
 -0.000278
  0.000444
 -0.000663
  0.000528
 -0.000380
  0.001085
 -0.000928
  0.001187
 -0.000346
 -0.001829
 -0.000900
 -0.001070
  0.000242
 -0.000272
  0.000834
  0.001038
 -0.000595
 -0.000147
  0.000334
  0.000162
 -0.000357
 -0.000767
  0.000374
  0.000165
  0.000506
 -0.000261
 -0.000371
  0.000251
 -0.001078
 -0.000030
  0.000212
  0.000735
 -0.001145
 -0.000004
 -0.000752
 -0.000706
 -0.000122
  0.001074
  0.000104
 -0.000331
 -0.000375
  0.001274
  0.001163
 -0.000873
  0.000565
 -0.000413
 -0.000869
 -0.000006
 -0.000382
 -0.001042
  0.001080
  0.000425
 -0.000372
  0.000087
 -0.000072
 -0.000392
  0.000163
  0.000812
 -0.000590
 -0.000099
 -0.000261
  0.000182
  0.000012
  0.000485
  0.000484
  0.000259
  0.000179
 -0.000554
 -0.000062
  0.000616
 -0.000092
  0.000116
  0.000433
 -0.000198
 -0.000436
  0.000109
  0.000306
  0.000058
  0.000071
 -0.000350
  0.000048
 -0.000796
 -0.000236
  0.000775
  0.000205
 -0.000487
  0.000004
  0.000032
 -0.000420
  0.000019
  0.000466
 -0.000172
  0.000322
 -0.000506
 -0.000084
 -0.000092
 -0.000196
 -0.001108
 -0.000068
 -0.000045
 -0.000837
 -0.000384
  0.000458
 -0.000590
  0.000385
 -0.000188
  0.000736
  0.000257
 -0.000022
  0.000147
 -0.000727
 -0.000006
  0.000081
  0.000055
  0.000005
  0.000035
  0.000004
