  0.083576
  0.563866
 -0.063897
 -0.761852
  0.126222
 -0.196896
 -0.061417
  0.080453
 -0.079363
  0.011169
 -0.111880
 -0.017210
  0.029232
 -0.004257
  0.001390
 -0.000197
  0.020021
  0.001441
  0.002781
  0.017194
 -0.048138
  0.019997
  0.007256
 -0.036016
 -0.008477
  0.007148
  0.003644
  0.003285
 -0.007018
  0.002765
 -0.000736
 -0.001677
  0.000240
  0.001388
 -0.006406
  0.002264
 -0.001944
  0.007992
  0.005036
 -0.000792
  0.007360
  0.004525
 -0.003028
  0.002186
  0.001526
 -0.001888
 -0.009414
  0.004649
  0.002656
 -0.005033
 -0.006015
  0.002138
  0.001709
 -0.003207
 -0.002294
 -0.000015
 -0.000083
  0.000240
 -0.000620
 -0.000157
 -0.000393
 -0.001050
 -0.000547
  0.001253
 -0.000317
  0.001596
  0.001385
  0.002057
  0.001304
 -0.001407
  0.000464
 -0.000383
  0.002398
 -0.000239
  0.000589
 -0.000235
  0.000029
 -0.001050
 -0.000068
 -0.000091
  0.000840
 -0.000307
 -0.000402
  0.001089
 -0.000122
 -0.000278
  0.000292
  0.000232
 -0.000843
  0.000553
  0.002305
 -0.000987
  0.000393
 -0.000382
  0.000513
 -0.000531
 -0.000876
 -0.000823
  0.000222
  0.000135
  0.000638
 -0.000730
 -0.000384
 -0.000133
  0.000685
  0.000448
  0.000690
  0.000842
  0.000057
  0.000240
  0.000187
  0.000097
 -0.000673
  0.000361
  0.000077
 -0.000531
  0.000035
  0.000159
  0.000221
  0.000419
 -0.000076
 -0.000882
  0.001111
  0.000341
  0.001797
  0.000176
  0.000470
 -0.000169
  0.000377
  0.000559
  0.000000
  0.000012
 -0.001387
 -0.000338
 -0.000475
 -0.000259
 -0.001424
  0.000557
 -0.000732
 -0.000326
  0.000088
 -0.000122
  0.000119
  0.000004
 -0.000067
  0.000112
 -0.000540
  0.000014
  0.000215
  0.000166
  0.000380
  0.000466
 -0.000269
 -0.000092
  0.000143
 -0.000150
  0.000015
  0.000445
  0.000282
  0.000213
  0.000119
  0.000173
  0.002156
  0.001091
  0.000286
 -0.000611
  0.000690
  0.000213
  0.000572
  0.000054
  0.000108
 -0.000039
 -0.000585
 -0.000060
 -0.000632
 -0.000274
 -0.000132
  0.000269
 -0.000261
  0.000426
 -0.000695
 -0.000569
  0.000172
 -0.000888
 -0.000076
  0.000544
  0.000240
 -0.000540
  0.001144
  0.001178
 -0.000924
  0.000464
 -0.000417
 -0.000476
 -0.000191
 -0.000363
 -0.000098
  0.000147
 -0.000220
 -0.000524
  0.000104
  0.000596
 -0.001134
  0.000031
 -0.000353
 -0.000462
  0.000101
  0.000125
  0.000082
  0.000088
 -0.000098
 -0.000244
  0.000279
  0.000566
 -0.000032
 -0.000641
 -0.000013
 -0.000623
 -0.000147
 -0.000383
 -0.000177
 -0.000650
 -0.000215
  0.000423
  0.000396
  0.000186
 -0.000306
 -0.000031
 -0.000192
 -0.000119
  0.000049
  0.000196
 -0.000468
  0.000135
  0.000048
  0.000222
 -0.000081
  0.000326
 -0.000003
 -0.000259
  0.000315
 -0.000297
  0.000194
 -0.000191
  0.000185
 -0.000099
  0.000107
  0.000339
 -0.000607
 -0.000212
 -0.000004
  0.000277
 -0.000016
  0.000032
 -0.000122
 -0.000204
 -0.000343
  0.000031
  0.000142
 -0.000065
  0.000202
 -0.000169
  0.000010
  0.000121
  0.000097
  0.000041
 -0.000239
  0.000624
  0.000073
 -0.000275
  0.000428
 -0.000034
 -0.000340
  0.000205
  0.000502
  0.000115
 -0.000278
  0.000025
  0.000307
 -0.000158
  0.000139
 -0.000317
  0.000132
 -0.000286
  0.000048
 -0.000398
  0.000355
 -0.000136
  0.000103
  0.000144
  0.000143
  0.000234
 -0.000031
  0.000080
 -0.000085
 -0.000160
 -0.000085
  0.000078
  0.000408
  0.000180
  0.000099
 -0.000613
  0.000078
 -0.000031
  0.000336
  0.000105
  0.000042
 -0.000304
 -0.000301
 -0.000195
 -0.000187
  0.000110
  0.000439
 -0.000364
  0.000613
  0.000087
  0.000235
 -0.000120
 -0.000169
  0.000054
  0.000009
 -0.000286
 -0.000205
 -0.000176
  0.000064
  0.000023
 -0.000236
 -0.000389
  0.000340
  0.000172
  0.000021
 -0.000048
  0.000095
 -0.000287
 -0.000260
  0.000238
  0.000037
  0.000318
  0.000207
 -0.000510
 -0.000125
 -0.000086
 -0.000357
  0.000323
  0.000286
 -0.000187
  0.000132
 -0.000247
 -0.000715
  0.000082
 -0.000223
 -0.000225
  0.000259
  0.000131
 -0.000184
  0.000237
  0.000072
 -0.000607
  0.000271
  0.000351
  0.000067
 -0.000277
 -0.000023
  0.000039
  0.000063
  0.000096
 -0.000115
 -0.000081
  0.000271
  0.000372
  0.000280
 -0.000060
 -0.000002
  0.000040
 -0.000162
 -0.000011
 -0.000213
 -0.000460
  0.000431
  0.000026
  0.000271
 -0.000240
 -0.000342
  0.000281
 -0.000165
 -0.000275
 -0.000169
  0.000096
 -0.000556
  0.000052
 -0.000340
  0.000635
  0.000017
 -0.000077
  0.000067
 -0.000163
  0.000215
 -0.000160
 -0.000111
 -0.000074
 -0.000544
  0.000363
  0.000013
 -0.000054
 -0.000414
 -0.000219
  0.000286
  0.000045
  0.000136
  0.000054
 -0.000188
 -0.000002
 -0.000255
  0.000542
  0.000421
 -0.000129
 -0.000163
  0.000092
  0.000200
  0.000084
  0.000497
  0.000097
  0.000126
  0.000164
 -0.000105
 -0.000126
  0.000030
 -0.000388
 -0.000188
  0.000103
  0.000513
 -0.000501
  0.000328
  0.000028
  0.000157
 -0.000166
  0.001038
 -0.000007
 -0.000640
 -0.000272
  0.000141
  0.000843
 -0.001131
  0.000218
  0.000102
  0.000160
 -0.000139
 -0.000426
 -0.000109
  0.000093
 -0.000288
  0.000272
 -0.000335
  0.000142
  0.000503
 -0.000071
 -0.000146
  0.000071
  0.000095
  0.000048
  0.000111
 -0.000343
 -0.000054
  0.000315
 -0.000321
  0.000242
 -0.000241
 -0.000233
  0.000004
  0.000395
 -0.000075
 -0.000230
  0.000148
  0.000067
 -0.000191
  0.000124
  0.000072
 -0.000105
 -0.000438
 -0.000205
  0.000037
  0.000152
 -0.000172
  0.000118
 -0.000003
 -0.000043
  0.000200
 -0.000009
 -0.000128
  0.000145
  0.000001
  0.000082
  0.000090
 -0.000035
 -0.000027
 -0.000008
  0.000257
  0.000211
  0.000017
  0.000087
  0.000275
 -0.000008
 -0.000108
  0.000143
  0.000039
 -0.000052
  0.000049
 -0.000104
 -0.000027
  0.000069
  0.000391
  0.000034
 -0.000065
  0.000082
  0.000113
  0.000038
  0.000119
 -0.000136
  0.000065
 -0.000084
 -0.000013
 -0.000162
 -0.000038
 -0.000016
 -0.000142
 -0.000051
 -0.000192
  0.000132
  0.000024
  0.000091
  0.000130
  0.000062
  0.000100
 -0.000083
 -0.000082
 -0.000048
 -0.000080
 -0.000075
 -0.000023
 -0.000018
  0.000108
 -0.000037
  0.000058
 -0.000033
 -0.000021
 -0.000146
  0.000110
  0.000187
 -0.000178
  0.000249
 -0.000032
 -0.000135
 -0.000033
  0.000042
 -0.000404
 -0.000084
 -0.000070
 -0.000028
  0.000012
  0.000100
  0.000097
 -0.000065
  0.000022
  0.000094
  0.000177
  0.000005
  0.000098
  0.000033
 -0.000264
  0.000004
 -0.000091
 -0.000130
  0.000038
  0.000125
  0.000097
 -0.000085
 -0.000039
 -0.000171
  0.000131
  0.000004
 -0.000039
  0.000012
 -0.000083
 -0.000062
  0.000195
  0.000252
 -0.000006
  0.000044
  0.000027
 -0.000045
  0.000092
 -0.000147
  0.000133
  0.000079
  0.000042
 -0.000064
  0.000021
  0.000096
  0.000308
 -0.000117
  0.000015
  0.000147
  0.000102
 -0.000099
  0.000038
  0.000014
  0.000030
 -0.000101
 -0.000076
 -0.000221
 -0.000021
 -0.000287
  0.000017
 -0.000032
  0.000052
 -0.000190
  0.000250
  0.000267
 -0.000144
  0.000112
  0.000150
  0.000055
  0.000157
  0.000009
 -0.000083
  0.000050
 -0.000086
 -0.000167
  0.000092
 -0.000175
 -0.000025
 -0.000333
  0.000018
 -0.000076
  0.000028
 -0.000136
  0.000142
 -0.000056
 -0.000023
  0.000116
  0.000005
  0.000090
  0.000029
  0.000106
 -0.000060
 -0.000189
 -0.000077
 -0.000054
 -0.000074
  0.000087
  0.000400
 -0.000167
  0.000093
 -0.000102
  0.000044
  0.000044
  0.000056
  0.000026
  0.000080
  0.000068
 -0.000052
 -0.000003
 -0.000023
  0.000028
 -0.000205
 -0.000015
  0.000296
  0.000168
  0.000063
  0.000139
  0.000170
  0.000015
  0.000043
 -0.000054
 -0.000056
  0.000114
  0.000024
 -0.000120
 -0.000085
  0.000056
 -0.000119
  0.000109
  0.000031
 -0.000064
  0.000097
 -0.000148
 -0.000071
  0.000100
 -0.000018
 -0.000009
  0.000104
  0.000006
 -0.000047
  0.000080
 -0.000139
 -0.000021
 -0.000047
  0.000098
 -0.000044
 -0.000078
  0.000013
  0.000033
 -0.000005
 -0.000027
  0.000016
  0.000154
  0.000039
 -0.000005
  0.000032
  0.000094
  0.000039
  0.000043
  0.000004
  0.000022
 -0.000066
 -0.000094
  0.000066
  0.000023
 -0.000046
  0.000013
  0.000217
 -0.000004
 -0.000098
 -0.000070
  0.000089
  0.000027
  0.000020
 -0.000111
  0.000196
 -0.000023
 -0.000021
  0.000055
 -0.000090
  0.000060
  0.000043
 -0.000059
  0.000028
  0.000028
 -0.000041
 -0.000039
 -0.000005
  0.000050
  0.000010
  0.000034
  0.000021
 -0.000036
 -0.000079
  0.000078
  0.000011
 -0.000003
  0.000023
 -0.000019
  0.000078
  0.000024
  0.000059
  0.000001
 -0.000012
 -0.000006
 -0.000045
  0.000009
 -0.000006
 -0.000015
 -0.000019
 -0.000192
 -0.000058
 -0.000064
 -0.000057
 -0.000000
  0.000055
 -0.000076
 -0.000082
  0.000017
  0.000039
 -0.000056
  0.000001
  0.000029
 -0.000053
  0.000044
 -0.000020
 -0.000035
  0.000002
  0.000082
  0.000084
  0.000094
  0.000036
  0.000035
 -0.000186
 -0.000099
  0.000021
  0.000058
  0.000065
  0.000064
  0.000045
  0.000093
  0.000035
  0.000012
  0.000044
 -0.000028
  0.000059
  0.000199
 -0.000012
 -0.000015
  0.000008
 -0.000000
  0.000017
 -0.000052
  0.000018
  0.000052
 -0.000077
  0.000005
 -0.000007
  0.000068
 -0.000033
  0.000002
  0.000078
  0.000006
 -0.000049
  0.000008
  0.000009
  0.000020
 -0.000003
 -0.000010
 -0.000028
  0.000017
  0.000026
