 -0.996813
 -0.010152
 -0.000248
 -0.070555
 -0.007973
  0.000598
  0.015976
  0.002278
  0.014449
 -0.001883
 -0.002934
  0.012946
  0.011016
  0.008053
 -0.000562
 -0.005882
 -0.007772
 -0.004713
  0.003524
  0.000675
  0.005033
  0.000349
  0.003770
  0.004892
 -0.001301
 -0.004166
 -0.005775
  0.000912
  0.000449
 -0.000013
 -0.005636
  0.001771
 -0.000727
 -0.001240
 -0.000469
  0.000462
  0.000722
 -0.001103
 -0.001632
 -0.002113
 -0.000737
  0.001046
  0.001662
 -0.000602
 -0.001089
  0.002620
 -0.000437
  0.000783
  0.000284
 -0.000721
  0.000653
 -0.000956
  0.000298
  0.000597
 -0.000630
  0.000576
 -0.000633
 -0.001362
  0.000145
 -0.000180
 -0.000248
  0.002947
 -0.000408
  0.001303
 -0.000056
 -0.000217
  0.001999
  0.000688
 -0.002411
 -0.000392
  0.000519
  0.000113
  0.000730
 -0.000745
 -0.000122
  0.000863
 -0.000035
 -0.000305
  0.000480
 -0.000573
  0.000113
 -0.000831
  0.001008
  0.000220
  0.000030
 -0.000010
 -0.000414
  0.000055
 -0.000008
  0.000044
  0.000549
 -0.000901
  0.001224
  0.000352
  0.000104
  0.001232
 -0.002522
  0.000474
 -0.000050
  0.000447
  0.000220
 -0.000661
  0.000645
 -0.000337
 -0.000176
  0.000233
  0.000122
  0.000221
 -0.000543
 -0.000516
  0.000160
  0.000009
  0.000492
  0.000571
 -0.000344
  0.000163
  0.000298
 -0.000013
 -0.001055
  0.000056
 -0.000131
  0.000201
 -0.000068
  0.000671
  0.000237
 -0.000395
 -0.000027
  0.000593
  0.000360
 -0.000286
 -0.000161
 -0.000160
  0.000016
 -0.000381
  0.000215
  0.000307
  0.000023
 -0.000132
 -0.000069
  0.000545
 -0.000221
 -0.000065
  0.000135
 -0.000211
  0.000093
 -0.000232
 -0.000409
  0.001014
  0.000713
 -0.000160
  0.000258
 -0.000787
  0.000132
  0.000274
  0.000699
 -0.000978
 -0.000063
 -0.000318
 -0.000080
 -0.000556
 -0.000072
 -0.000013
  0.000362
 -0.000353
  0.000412
  0.000107
 -0.000496
 -0.000031
 -0.000255
  0.000269
 -0.000465
  0.000813
  0.000101
 -0.000650
 -0.000222
  0.000179
 -0.000211
  0.000047
  0.000262
 -0.000250
  0.000097
  0.000217
 -0.000094
 -0.000446
  0.000168
  0.000391
  0.000211
  0.000081
  0.000097
  0.000226
 -0.000296
  0.000462
  0.000055
 -0.000306
  0.000174
  0.000268
 -0.000159
  0.000249
 -0.000010
 -0.000723
  0.000283
 -0.000502
  0.000020
 -0.000206
 -0.000391
  0.000364
  0.000100
  0.000280
  0.000059
 -0.000465
 -0.000040
  0.000180
 -0.000102
  0.000340
  0.000017
 -0.000603
  0.000313
  0.000011
  0.000385
 -0.000024
 -0.000076
  0.000354
 -0.000223
 -0.000265
 -0.000243
  0.000195
  0.000054
 -0.000458
 -0.000084
 -0.000016
  0.000314
 -0.000080
 -0.000196
  0.000179
  0.000046
 -0.000246
 -0.000057
 -0.000029
 -0.000050
  0.000179
 -0.000179
  0.000116
  0.000184
 -0.000112
 -0.000236
  0.000259
 -0.000146
 -0.000051
  0.000209
 -0.000376
  0.000006
 -0.000204
  0.000036
  0.000288
 -0.000405
  0.000100
  0.000071
  0.000126
 -0.000340
 -0.000301
  0.000015
  0.000269
  0.000281
  0.000036
 -0.000035
 -0.000248
 -0.000317
 -0.000077
  0.000158
 -0.000442
 -0.000063
 -0.000427
 -0.000673
 -0.000369
  0.000047
 -0.000202
  0.000430
 -0.000058
 -0.000035
  0.000239
  0.000001
 -0.000077
 -0.000136
  0.000036
  0.000009
 -0.000236
  0.000444
  0.000475
  0.000082
 -0.000232
  0.000366
  0.000045
 -0.000201
 -0.000116
 -0.000100
  0.000360
 -0.000173
  0.000105
 -0.000214
  0.000088
 -0.000318
  0.000027
 -0.000195
  0.000200
  0.000190
 -0.000150
  0.000065
 -0.000384
 -0.000008
 -0.000201
  0.000163
 -0.000061
  0.000303
  0.000239
  0.000140
  0.000088
  0.000046
  0.000259
  0.000243
  0.000352
 -0.000149
 -0.000141
 -0.000046
 -0.000014
 -0.000195
 -0.000015
  0.000011
 -0.000289
  0.000059
 -0.000132
  0.000136
 -0.000033
 -0.000052
 -0.000145
 -0.000072
 -0.000192
  0.000257
 -0.000155
  0.000239
  0.000267
 -0.000157
 -0.000250
  0.000105
 -0.000246
 -0.000252
  0.000005
 -0.000063
  0.000622
  0.000678
  0.000201
 -0.000140
  0.000051
  0.000478
 -0.000275
 -0.000118
  0.000197
 -0.001450
 -0.000205
 -0.000145
  0.000260
  0.000180
  0.000444
 -0.000035
 -0.000218
  0.000049
  0.000130
  0.000329
 -0.000192
 -0.000526
 -0.000390
  0.000370
 -0.000123
  0.000159
  0.000152
 -0.000051
 -0.000012
  0.000174
  0.000203
 -0.000110
 -0.000255
  0.000111
 -0.000087
  0.000048
 -0.000232
 -0.000163
 -0.000208
 -0.000000
  0.000064
  0.000046
 -0.000166
  0.000335
 -0.000121
 -0.000180
  0.000070
  0.000225
  0.000051
  0.000038
  0.000318
  0.000039
 -0.000296
 -0.000216
 -0.000265
 -0.000336
  0.000004
  0.000064
 -0.000008
 -0.000227
 -0.000333
  0.000156
 -0.000256
  0.000190
 -0.000409
 -0.000088
 -0.000314
  0.000086
  0.000022
 -0.000119
  0.000064
 -0.000031
 -0.000132
 -0.000025
 -0.000116
 -0.000126
 -0.000065
  0.000065
  0.000083
  0.000005
 -0.000065
 -0.000106
  0.000218
 -0.000072
 -0.000080
  0.000105
  0.000031
  0.000133
 -0.000233
 -0.000033
 -0.000022
  0.000388
  0.000110
 -0.000173
  0.000209
 -0.000225
  0.000064
  0.000144
 -0.000137
  0.000014
  0.000241
 -0.000046
  0.000006
 -0.000126
  0.000164
 -0.000002
 -0.000186
 -0.000069
 -0.000047
  0.000020
  0.000173
 -0.000313
 -0.000018
 -0.000104
  0.000023
 -0.000049
  0.000162
 -0.000020
  0.000077
  0.000196
  0.000047
 -0.000117
 -0.000152
  0.000064
 -0.000009
 -0.000075
  0.000059
 -0.000043
  0.000085
 -0.000020
 -0.000086
  0.000016
 -0.000067
  0.000018
  0.000097
 -0.000065
  0.000052
 -0.000009
  0.000031
  0.000029
 -0.000127
 -0.000261
  0.000062
 -0.000115
  0.000149
  0.000315
  0.000116
  0.000118
  0.000055
  0.000130
 -0.000295
 -0.000111
 -0.000302
 -0.000039
  0.000115
 -0.000084
 -0.000045
 -0.000117
  0.000055
  0.000477
  0.000149
  0.000213
  0.000072
  0.000105
 -0.000155
 -0.000018
 -0.000111
  0.000079
 -0.000001
  0.000270
  0.000123
 -0.000094
  0.000014
  0.000100
 -0.000012
 -0.000109
  0.000045
 -0.000092
  0.000173
 -0.000094
 -0.000138
  0.000062
 -0.000030
 -0.000065
 -0.000013
  0.000278
 -0.000157
  0.000210
 -0.000195
  0.000058
  0.000009
  0.000071
  0.000078
  0.000013
  0.000190
  0.000003
 -0.000012
  0.000113
  0.000220
  0.000058
 -0.000039
  0.000207
  0.000016
 -0.000000
 -0.000021
 -0.000007
  0.000013
  0.000075
  0.000190
 -0.000058
 -0.000141
 -0.000035
  0.000042
 -0.000045
 -0.000050
  0.000053
 -0.000017
  0.000028
  0.000084
  0.000000
  0.000032
 -0.000052
  0.000090
 -0.000032
 -0.000339
 -0.000017
  0.000332
  0.000001
  0.000038
 -0.000092
  0.000079
  0.000046
  0.000028
  0.000128
 -0.000255
 -0.000010
 -0.000023
 -0.000037
 -0.000007
  0.000036
 -0.000181
 -0.000013
 -0.000067
  0.000106
 -0.000036
 -0.000113
  0.000118
 -0.000055
 -0.000095
  0.000034
  0.000077
  0.000006
  0.000025
  0.000009
 -0.000144
  0.000025
  0.000006
 -0.000037
 -0.000032
  0.000142
 -0.000083
  0.000091
 -0.000087
 -0.000074
  0.000157
 -0.000075
  0.000047
 -0.000127
  0.000077
  0.000034
 -0.000007
  0.000045
 -0.000071
 -0.000022
 -0.000020
  0.000238
 -0.000114
  0.000023
  0.000083
 -0.000046
 -0.000136
  0.000118
  0.000039
 -0.000013
  0.000090
 -0.000071
  0.000040
 -0.000098
  0.000144
  0.000089
 -0.000119
 -0.000071
 -0.000080
  0.000266
  0.000028
 -0.000001
 -0.000036
 -0.000140
 -0.000241
 -0.000068
 -0.000066
 -0.000052
 -0.000050
 -0.000015
  0.000016
  0.000004
  0.000100
  0.000009
  0.000037
  0.000167
 -0.000005
  0.000018
  0.000103
  0.000031
 -0.000115
 -0.000063
 -0.000081
  0.000014
  0.000044
  0.000233
  0.000148
  0.000249
 -0.000064
  0.000432
  0.000086
  0.000062
 -0.000072
 -0.000036
 -0.000012
 -0.000048
 -0.000139
 -0.000210
  0.000084
 -0.000112
  0.000029
  0.000074
 -0.000019
 -0.000064
 -0.000369
  0.000177
 -0.000064
  0.000113
  0.000028
 -0.000080
  0.000100
 -0.000225
  0.000018
 -0.000098
  0.000050
 -0.000002
 -0.000072
 -0.000024
  0.000029
 -0.000052
 -0.000113
 -0.000170
 -0.000304
 -0.000133
  0.000116
 -0.000082
  0.000048
  0.000010
  0.000011
 -0.000051
 -0.000276
  0.000066
 -0.000095
  0.000165
 -0.000063
 -0.000144
 -0.000023
  0.000040
 -0.000081
 -0.000033
 -0.000057
  0.000054
  0.000027
  0.000141
 -0.000006
 -0.000009
  0.000053
  0.000027
 -0.000122
  0.000028
  0.000013
  0.000124
  0.000085
  0.000009
 -0.000090
 -0.000086
  0.000029
 -0.000003
  0.000172
  0.000001
  0.000016
 -0.000055
 -0.000013
  0.000071
 -0.000126
  0.000026
 -0.000052
 -0.000008
 -0.000005
 -0.000007
  0.000036
  0.000068
  0.000010
  0.000069
  0.000091
 -0.000016
 -0.000013
  0.000043
 -0.000060
 -0.000376
 -0.000028
 -0.000052
 -0.000012
 -0.000201
  0.000138
  0.000015
  0.000018
 -0.000086
 -0.000192
  0.000234
  0.000058
  0.000013
 -0.000151
  0.000061
  0.000000
 -0.000011
  0.000053
  0.000010
 -0.000031
  0.000045
  0.000011
 -0.000095
 -0.000151
  0.000010
  0.000020
 -0.000030
 -0.000016
 -0.000047
  0.000105
 -0.000029
 -0.000316
  0.000075
 -0.000010
  0.000155
  0.000227
  0.000064
  0.000270
  0.000163
  0.000193
 -0.000151
 -0.000092
  0.000110
  0.000083
  0.000139
  0.000058
  0.000041
  0.000128
 -0.000022
  0.000021
  0.000021
 -0.000025
 -0.000213
 -0.000020
  0.000010
  0.000042
 -0.000018
 -0.000002
 -0.000017
  0.000005
  0.000063
 -0.000002
  0.000013
  0.000026
  0.000015
