  1    0.092742
  2    0.056724
  3    0.085551
  4    0.026118
  5    0.023355
  6    0.025197
  7    0.023191
  8    0.017500
  9    0.019513
 10    0.017496
 11    0.014524
 12    0.007071
 13    0.016131
 14    0.009106
 15    0.006141
 16    0.004100
 17    0.006052
 18    0.004452
 19    0.002400
 20    0.005120
 21    0.004284
 22    0.010279
 23    0.001382
 24    0.007303
 25    0.002587
 26    0.004463
 27    0.003850
 28    0.005543
 29    0.006119
 30    0.006207
 31    0.005664
 32    0.005627
 33    0.003573
 34    0.003140
 35    0.005122
 36    0.005405
 37    0.002498
 38    0.002808
 39    0.003210
 40    0.003295
 41    0.004001
 42    0.003831
 43    0.004063
 44    0.005309
 45    0.003568
 46    0.002140
 47    0.002380
 48    0.001932
 49    0.003890
 50    0.002176
 51    0.003133
 52    0.001357
 53    0.003751
 54    0.002824
 55    0.001832
 56    0.003089
 57    0.002711
 58    0.002182
 59    0.003226
 60    0.002448
 61    0.001911
 62    0.003096
 63    0.002591
 64    0.002147
 65    0.002167
 66    0.001722
 67    0.001738
 68    0.001394
 69    0.001684
 70    0.001739
 71    0.001049
 72    0.001408
 73    0.001782
 74    0.002186
 75    0.001308
 76    0.001222
 77    0.001229
 78    0.001175
 79    0.001399
 80    0.000961
 81    0.001336
 82    0.002358
 83    0.002098
 84    0.001222
 85    0.001938
 86    0.001723
 87    0.001282
 88    0.001387
 89    0.001212
 90    0.001641
 91    0.001313
 92    0.001310
 93    0.000958
 94    0.001506
 95    0.001319
 96    0.001195
 97    0.001649
 98    0.001070
 99    0.000617
100    0.001924
101    0.001341
102    0.001584
103    0.001538
104    0.001450
105    0.000947
106    0.002698
107    0.002048
108    0.002237
109    0.000879
110    0.000978
111    0.001820
112    0.000990
113    0.001225
114    0.002433
115    0.001219
116    0.001539
117    0.001122
118    0.000902
119    0.000448
120    0.000766
121    0.001398
122    0.000856
123    0.001097
124    0.000761
125    0.000646
126    0.002144
127    0.000872
128    0.001320
129    0.001468
130    0.000977
131    0.001203
132    0.001205
133    0.001237
134    0.000856
135    0.000614
136    0.000834
137    0.000614
138    0.000889
139    0.001106
140    0.001016
141    0.000808
142    0.001264
143    0.001391
144    0.000752
145    0.001051
146    0.001153
147    0.000812
148    0.001039
149    0.001174
150    0.000895
151    0.000730
152    0.001237
153    0.001085
154    0.001077
155    0.001025
156    0.000836
157    0.001125
158    0.000981
159    0.001050
160    0.001005
161    0.001517
162    0.000714
163    0.000759
164    0.001075
165    0.001007
166    0.000555
167    0.000941
168    0.001393
169    0.000811
170    0.000610
171    0.001139
172    0.000937
173    0.001238
174    0.000838
175    0.000762
176    0.000964
177    0.001065
178    0.001090
179    0.000702
180    0.000850
181    0.001082
182    0.000749
183    0.001493
184    0.000639
185    0.000699
186    0.000563
187    0.000688
188    0.000509
189    0.000958
190    0.000668
191    0.000785
192    0.000530
193    0.000972
194    0.000701
195    0.001186
196    0.000962
197    0.000720
198    0.001272
199    0.001265
200    0.001022
201    0.000822
202    0.001099
203    0.000740
204    0.000866
205    0.000651
206    0.000581
207    0.000615
208    0.000873
209    0.000678
210    0.000684
211    0.000687
212    0.000806
213    0.000853
214    0.000651
215    0.000661
216    0.000969
217    0.001018
218    0.000811
219    0.000621
220    0.000722
221    0.000452
222    0.000837
223    0.000487
224    0.000658
225    0.000471
226    0.000680
227    0.000582
228    0.000549
229    0.000573
230    0.000659
231    0.000863
232    0.000423
233    0.000534
234    0.000551
235    0.000546
236    0.000512
237    0.000362
238    0.000837
239    0.000636
240    0.000371
241    0.000536
242    0.000464
243    0.000282
244    0.000546
245    0.000503
246    0.000585
247    0.000595
248    0.000543
249    0.000690
250    0.000450
251    0.000694
252    0.000527
253    0.000743
254    0.000698
255    0.000797
256    0.000870
257    0.000475
258    0.000652
259    0.000625
260    0.000510
261    0.000696
262    0.000518
263    0.000813
264    0.000520
265    0.000514
266    0.000530
267    0.000474
268    0.000406
269    0.000799
270    0.000834
271    0.000607
272    0.000601
273    0.000660
274    0.000591
275    0.000439
276    0.000793
277    0.000873
278    0.000793
279    0.000544
280    0.000720
281    0.000864
282    0.000365
283    0.000540
284    0.000589
285    0.000281
286    0.000705
287    0.000888
288    0.000629
289    0.000612
290    0.000280
291    0.000406
292    0.000553
293    0.000709
294    0.000566
295    0.000493
296    0.000430
297    0.000720
298    0.000503
299    0.000494
300    0.000550
301    0.000458
302    0.000297
303    0.000473
304    0.000484
305    0.000223
306    0.000388
307    0.000448
308    0.000637
309    0.000442
310    0.000318
311    0.000411
312    0.000729
313    0.000334
314    0.000562
315    0.000479
316    0.000541
317    0.000351
318    0.000438
319    0.000576
320    0.000568
321    0.000303
322    0.000621
323    0.000417
324    0.000391
325    0.000316
326    0.000538
327    0.000628
328    0.000445
329    0.000485
330    0.000278
331    0.000936
332    0.000522
333    0.000494
334    0.000286
335    0.000473
336    0.000459
337    0.000448
338    0.000327
339    0.000509
340    0.000476
341    0.000507
342    0.000379
343    0.000511
344    0.000519
345    0.000360
346    0.000644
347    0.000383
348    0.000370
349    0.000398
350    0.000589
351    0.000364
352    0.000336
353    0.000643
354    0.000699
355    0.000633
356    0.000450
357    0.000765
358    0.000390
359    0.000516
360    0.000327
361    0.000325
362    0.000654
363    0.000310
364    0.000253
365    0.000620
366    0.000448
367    0.000331
368    0.000484
369    0.000304
370    0.000482
371    0.000409
372    0.000432
373    0.000459
374    0.000219
375    0.000409
376    0.000251
377    0.000445
378    0.000455
379    0.000417
380    0.000523
381    0.000315
382    0.000312
383    0.000339
384    0.000459
385    0.000468
386    0.000355
387    0.000345
388    0.000583
389    0.000737
390    0.000538
391    0.000379
392    0.000403
393    0.000361
394    0.000554
395    0.000336
396    0.000302
397    0.000390
398    0.000338
399    0.000458
400    0.000266
401    0.000322
402    0.000271
403    0.000487
404    0.000190
405    0.000355
406    0.000416
407    0.000366
408    0.000345
409    0.000349
410    0.000333
411    0.000495
412    0.000256
413    0.000364
414    0.000330
415    0.000368
416    0.000500
417    0.000584
418    0.000415
419    0.000379
420    0.000233
421    0.000135
422    0.000360
423    0.000411
424    0.000460
425    0.000257
426    0.000356
427    0.000293
428    0.000361
429    0.000511
430    0.000332
431    0.000260
432    0.000309
433    0.000269
434    0.000450
435    0.000373
436    0.000232
437    0.000314
438    0.000302
439    0.000406
440    0.000336
441    0.000335
442    0.000220
443    0.000255
444    0.000287
445    0.000327
446    0.000350
447    0.000470
448    0.000494
449    0.000263
450    0.000472
451    0.000251
452    0.000310
453    0.000223
454    0.000290
455    0.000236
456    0.000327
457    0.000144
458    0.000348
459    0.000342
460    0.000330
461    0.000450
462    0.000350
463    0.000253
464    0.000243
465    0.000337
466    0.000235
467    0.000210
468    0.000149
469    0.000242
470    0.000288
471    0.000269
472    0.000529
473    0.000253
474    0.000254
475    0.000312
476    0.000251
477    0.000178
478    0.000377
479    0.000288
480    0.000278
481    0.000218
482    0.000245
483    0.000203
484    0.000259
485    0.000293
486    0.000338
487    0.000354
488    0.000311
489    0.000232
490    0.000244
491    0.000331
492    0.000425
493    0.000351
494    0.000283
495    0.000387
496    0.000296
497    0.000406
498    0.000344
499    0.000343
500    0.000363
501    0.000346
502    0.000347
503    0.000355
504    0.000534
505    0.000399
506    0.000195
507    0.000198
508    0.000410
509    0.000246
510    0.000387
511    0.000279
512    0.000388
513    0.000346
514    0.000233
515    0.000309
516    0.000169
517    0.000307
518    0.000320
519    0.000185
520    0.000323
521    0.000468
522    0.000313
523    0.000237
524    0.000358
525    0.000334
526    0.000250
527    0.000419
528    0.000291
529    0.000253
530    0.000328
531    0.000368
532    0.000305
533    0.000246
534    0.000321
535    0.000343
536    0.000216
537    0.000400
538    0.000198
539    0.000234
540    0.000221
541    0.000388
542    0.000321
543    0.000272
544    0.000232
545    0.000322
546    0.000255
547    0.000210
548    0.000299
549    0.000223
550    0.000392
551    0.000330
552    0.000242
553    0.000272
554    0.000362
555    0.000239
556    0.000343
557    0.000194
558    0.000188
559    0.000355
560    0.000201
561    0.000241
562    0.000239
563    0.000211
564    0.000250
565    0.000209
566    0.000184
567    0.000327
568    0.000328
569    0.000348
570    0.000227
571    0.000489
572    0.000327
573    0.000287
574    0.000334
575    0.000201
576    0.000376
577    0.000112
578    0.000245
579    0.000290
580    0.000339
581    0.000184
582    0.000362
583    0.000292
584    0.000161
585    0.000202
586    0.000216
587    0.000211
588    0.000277
589    0.000240
590    0.000261
591    0.000301
592    0.000248
593    0.000297
594    0.000310
595    0.000144
596    0.000229
597    0.000253
598    0.000278
599    0.000322
600    0.000232
601    0.000203
602    0.000253
603    0.000223
604    0.000201
605    0.000256
606    0.000294
607    0.000238
608    0.000292
609    0.000268
610    0.000331
611    0.000196
612    0.000243
613    0.000227
614    0.000269
615    0.000374
616    0.000204
617    0.000241
618    0.000284
619    0.000172
620    0.000157
621    0.000249
622    0.000243
623    0.000194
624    0.000305
625    0.000244
626    0.000252
627    0.000345
628    0.000174
629    0.000276
630    0.000193
631    0.000327
632    0.000190
633    0.000266
634    0.000258
635    0.000236
636    0.000302
637    0.000244
638    0.000132
639    0.000246
640    0.000291
641    0.000269
642    0.000234
643    0.000233
644    0.000234
645    0.000361
646    0.000166
647    0.000221
648    0.000293
649    0.000259
650    0.000252
651    0.000209
652    0.000350
653    0.000290
654    0.000188
655    0.000185
656    0.000206
657    0.000207
658    0.000244
659    0.000362
660    0.000162
661    0.000189
662    0.000199
663    0.000221
664    0.000237
665    0.000233
666    0.000296
667    0.000200
668    0.000198
669    0.000154
670    0.000317
671    0.000187
672    0.000281
673    0.000279
674    0.000193
675    0.000303
676    0.000197
677    0.000180
678    0.000222
679    0.000414
680    0.000267
681    0.000192
682    0.000179
683    0.000259
684    0.000209
685    0.000268
686    0.000184
687    0.000422
688    0.000136
689    0.000204
690    0.000171
691    0.000287
692    0.000220
693    0.000144
694    0.000228
695    0.000133
696    0.000273
697    0.000178
698    0.000170
699    0.000212
700    0.000187
701    0.000206
702    0.000198
703    0.000243
704    0.000255
705    0.000166
706    0.000306
707    0.000309
708    0.000236
709    0.000158
710    0.000131
711    0.000189
712    0.000195
713    0.000216
714    0.000113
715    0.000148
716    0.000170
717    0.000164
718    0.000246
719    0.000145
720    0.000250
721    0.000187
722    0.000202
723    0.000126
724    0.000115
725    0.000279
726    0.000187
727    0.000295
728    0.000223
729    0.000167
730    0.000212
731    0.000281
732    0.000220
733    0.000208
734    0.000223
735    0.000156
736    0.000140
737    0.000241
738    0.000249
739    0.000288
740    0.000219
741    0.000130
742    0.000220
743    0.000228
744    0.000153
745    0.000173
746    0.000201
747    0.000164
748    0.000361
749    0.000185
750    0.000199
751    0.000210
752    0.000208
753    0.000286
754    0.000165
755    0.000197
756    0.000189
757    0.000173
758    0.000251
759    0.000148
760    0.000116
761    0.000110
762    0.000285
763    0.000191
764    0.000151
765    0.000128
766    0.000195
767    0.000208
768    0.000131
769    0.000218
770    0.000157
771    0.000181
772    0.000142
773    0.000212
774    0.000161
775    0.000159
776    0.000209
777    0.000106
778    0.000227
779    0.000098
780    0.000208
781    0.000158
782    0.000176
783    0.000294
784    0.000166
785    0.000113
786    0.000162
787    0.000205
788    0.000181
789    0.000196
790    0.000187
791    0.000186
792    0.000349
793    0.000157
794    0.000126
795    0.000185
796    0.000145
797    0.000190
798    0.000098
799    0.000199
800    0.000257
801    0.000182
802    0.000120
803    0.000139
804    0.000178
805    0.000221
806    0.000177
807    0.000274
808    0.000091
809    0.000151
810    0.000104
811    0.000138
812    0.000115
813    0.000174
814    0.000137
815    0.000273
816    0.000141
817    0.000150
818    0.000317
819    0.000344
820    0.000166
821    0.000094
822    0.000106
823    0.000062
824    0.000220
825    0.000432
