  1    0.125895
  2    0.072744
  3    0.023416
  4    0.004616
  5    0.017513
  6    0.023687
  7    0.006724
  8    0.020207
  9    0.015784
 10    0.005587
 11    0.018590
 12    0.009746
 13    0.006737
 14    0.015940
 15    0.011397
 16    0.008036
 17    0.003799
 18    0.002171
 19    0.007428
 20    0.007054
 21    0.002723
 22    0.006759
 23    0.005107
 24    0.005284
 25    0.011826
 26    0.009671
 27    0.005276
 28    0.004777
 29    0.007039
 30    0.005870
 31    0.003052
 32    0.005354
 33    0.005598
 34    0.005778
 35    0.005923
 36    0.004828
 37    0.003238
 38    0.002400
 39    0.002994
 40    0.005823
 41    0.004359
 42    0.002058
 43    0.003456
 44    0.001482
 45    0.003256
 46    0.003659
 47    0.002975
 48    0.002840
 49    0.004853
 50    0.002388
 51    0.001998
 52    0.003023
 53    0.002823
 54    0.004455
 55    0.003080
 56    0.001723
 57    0.001855
 58    0.004048
 59    0.002136
 60    0.002438
 61    0.002298
 62    0.001780
 63    0.001929
 64    0.002394
 65    0.001786
 66    0.001397
 67    0.001930
 68    0.001985
 69    0.002373
 70    0.002008
 71    0.002339
 72    0.001556
 73    0.001818
 74    0.002038
 75    0.001990
 76    0.004282
 77    0.002673
 78    0.001772
 79    0.002654
 80    0.001661
 81    0.001531
 82    0.002119
 83    0.003642
 84    0.002436
 85    0.001212
 86    0.002364
 87    0.001072
 88    0.001830
 89    0.001319
 90    0.001472
 91    0.001267
 92    0.001779
 93    0.000914
 94    0.001319
 95    0.001200
 96    0.001900
 97    0.001731
 98    0.000789
 99    0.001136
100    0.001913
101    0.001459
102    0.001500
103    0.001154
104    0.001288
105    0.001203
106    0.001529
107    0.001718
108    0.003014
109    0.000925
110    0.002493
111    0.001484
112    0.000986
113    0.001294
114    0.001083
115    0.001071
116    0.001866
117    0.000796
118    0.001081
119    0.000914
120    0.001137
121    0.000811
122    0.001175
123    0.001465
124    0.001153
125    0.000831
126    0.001047
127    0.000932
128    0.000894
129    0.001070
130    0.000417
131    0.001860
132    0.001008
133    0.001133
134    0.001568
135    0.001690
136    0.001522
137    0.001142
138    0.000951
139    0.001208
140    0.001459
141    0.001260
142    0.001212
143    0.001055
144    0.000712
145    0.001217
146    0.000841
147    0.001375
148    0.001087
149    0.001188
150    0.000897
151    0.001592
152    0.001243
153    0.001066
154    0.001279
155    0.001260
156    0.001120
157    0.000589
158    0.001037
159    0.001285
160    0.000879
161    0.000792
162    0.000904
163    0.000795
164    0.001145
165    0.001762
166    0.001022
167    0.001053
168    0.001383
169    0.001279
170    0.000786
171    0.001025
172    0.000935
173    0.000936
174    0.001027
175    0.000447
176    0.001347
177    0.000655
178    0.001000
179    0.000865
180    0.001220
181    0.000984
182    0.001045
183    0.001515
184    0.000881
185    0.000820
186    0.000852
187    0.000636
188    0.000786
189    0.000870
190    0.000722
191    0.001410
192    0.000672
193    0.000876
194    0.000709
195    0.000602
196    0.000756
197    0.000918
198    0.000650
199    0.000923
200    0.001172
201    0.000981
202    0.000461
203    0.001005
204    0.000624
205    0.000794
206    0.000887
207    0.000810
208    0.000614
209    0.000783
210    0.000807
211    0.000751
212    0.000674
213    0.000556
214    0.000903
215    0.000527
216    0.000693
217    0.000708
218    0.000834
219    0.000527
220    0.000499
221    0.001133
222    0.000705
223    0.000637
224    0.000917
225    0.000622
226    0.000565
227    0.000768
228    0.000742
229    0.001021
230    0.000701
231    0.000686
232    0.000952
233    0.001086
234    0.001375
235    0.000859
236    0.000627
237    0.000565
238    0.000597
239    0.000577
240    0.000767
241    0.000724
242    0.000631
243    0.000606
244    0.000762
245    0.000962
246    0.000636
247    0.000570
248    0.000570
249    0.000481
250    0.000733
251    0.001067
252    0.000655
253    0.000912
254    0.000837
255    0.000635
256    0.000566
257    0.000406
258    0.000531
259    0.000471
260    0.000679
261    0.000587
262    0.000677
263    0.000495
264    0.000718
265    0.000378
266    0.000501
267    0.000639
268    0.000527
269    0.000384
270    0.000603
271    0.000586
272    0.000673
273    0.000671
274    0.000531
275    0.000718
276    0.000574
277    0.000600
278    0.000841
279    0.000367
280    0.000579
281    0.000593
282    0.000303
283    0.000669
284    0.000469
285    0.000545
286    0.000534
287    0.000324
288    0.000606
289    0.000557
290    0.000336
291    0.000589
292    0.000808
293    0.000642
294    0.000651
295    0.000648
296    0.000400
297    0.000584
298    0.000411
299    0.000663
300    0.000610
301    0.000441
302    0.000520
303    0.000470
304    0.000563
305    0.000687
306    0.000585
307    0.000466
308    0.000469
309    0.000301
310    0.000389
311    0.000474
312    0.000363
313    0.000771
314    0.000439
315    0.000535
316    0.000371
317    0.000564
318    0.000252
319    0.000586
320    0.000441
321    0.000668
322    0.000609
323    0.000510
324    0.000316
325    0.000436
326    0.000571
327    0.000611
328    0.000320
329    0.000716
330    0.000628
331    0.000820
332    0.000479
333    0.000539
334    0.000530
335    0.000574
336    0.000318
337    0.000312
338    0.000475
339    0.000512
340    0.000570
341    0.000369
342    0.000426
343    0.000833
344    0.000310
345    0.000488
346    0.000447
347    0.000395
348    0.000521
349    0.000362
350    0.000511
351    0.000496
352    0.000442
353    0.000577
354    0.000511
355    0.000501
356    0.000442
357    0.000285
358    0.000479
359    0.000406
360    0.000526
361    0.000670
362    0.000295
363    0.000325
364    0.000470
365    0.000512
366    0.000360
367    0.000341
368    0.000592
369    0.000270
370    0.000435
371    0.000577
372    0.000543
373    0.000521
374    0.000427
375    0.000388
376    0.000414
377    0.000683
378    0.000389
379    0.000386
380    0.000486
381    0.000390
382    0.000527
383    0.000362
384    0.000849
385    0.000408
386    0.000472
387    0.000523
388    0.000479
389    0.000376
390    0.000560
391    0.000385
392    0.000245
393    0.000272
394    0.000528
395    0.000469
396    0.000308
397    0.000408
398    0.000733
399    0.000556
400    0.000361
401    0.000390
402    0.000474
403    0.000232
404    0.000537
405    0.000344
406    0.000642
407    0.000619
408    0.000371
409    0.000802
410    0.000459
411    0.000440
412    0.000538
413    0.000497
414    0.000271
415    0.000458
416    0.000278
417    0.000401
418    0.000309
419    0.000381
420    0.000504
421    0.000396
422    0.000414
423    0.000526
424    0.000388
425    0.000343
426    0.000319
427    0.000248
428    0.000372
429    0.000284
430    0.000275
431    0.000248
432    0.000318
433    0.000398
434    0.000285
435    0.000357
436    0.000327
437    0.000307
438    0.000204
439    0.000308
440    0.000292
441    0.000292
442    0.000364
443    0.000332
444    0.000384
445    0.000590
446    0.000430
447    0.000325
448    0.000427
449    0.000337
450    0.000744
451    0.000391
452    0.000409
453    0.000373
454    0.000353
455    0.000522
456    0.000280
457    0.000346
458    0.000427
459    0.000354
460    0.000457
461    0.000511
462    0.000372
463    0.000274
464    0.000405
465    0.000424
466    0.000479
467    0.000228
468    0.000428
469    0.000466
470    0.000448
471    0.000316
472    0.000287
473    0.000356
474    0.000266
475    0.000291
476    0.000390
477    0.000285
478    0.000490
479    0.000120
480    0.000407
481    0.000271
482    0.000348
483    0.000281
484    0.000232
485    0.000330
486    0.000339
487    0.000429
488    0.000260
489    0.000407
490    0.000347
491    0.000389
492    0.000272
493    0.000448
494    0.000505
495    0.000328
496    0.000210
497    0.000433
498    0.000230
499    0.000408
500    0.000321
501    0.000230
502    0.000357
503    0.000204
504    0.000475
505    0.000377
506    0.000328
507    0.000319
508    0.000302
509    0.000386
510    0.000378
511    0.000344
512    0.000446
513    0.000611
514    0.000282
515    0.000327
516    0.000218
517    0.000458
518    0.000348
519    0.000440
520    0.000363
521    0.000600
522    0.000255
523    0.000366
524    0.000351
525    0.000274
526    0.000396
527    0.000240
528    0.000301
529    0.000406
530    0.000287
531    0.000287
532    0.000447
533    0.000328
534    0.000343
535    0.000275
536    0.000286
537    0.000342
538    0.000364
539    0.000380
540    0.000237
541    0.000248
542    0.000354
543    0.000424
544    0.000198
545    0.000313
546    0.000380
547    0.000275
548    0.000328
549    0.000216
550    0.000281
551    0.000317
552    0.000413
553    0.000306
554    0.000295
555    0.000254
556    0.000298
557    0.000288
558    0.000303
559    0.000344
560    0.000388
561    0.000349
562    0.000278
563    0.000258
564    0.000242
565    0.000263
566    0.000389
567    0.000304
568    0.000354
569    0.000317
570    0.000319
571    0.000329
572    0.000249
573    0.000356
574    0.000261
575    0.000249
576    0.000363
577    0.000307
578    0.000342
579    0.000311
580    0.000289
581    0.000311
582    0.000224
583    0.000242
584    0.000278
585    0.000296
586    0.000313
587    0.000390
588    0.000199
589    0.000378
590    0.000348
591    0.000272
592    0.000253
593    0.000375
594    0.000206
595    0.000279
596    0.000303
597    0.000229
598    0.000274
599    0.000349
600    0.000278
601    0.000126
602    0.000241
603    0.000457
604    0.000389
605    0.000300
606    0.000266
607    0.000259
608    0.000225
609    0.000433
610    0.000302
611    0.000266
612    0.000330
613    0.000231
614    0.000375
615    0.000288
616    0.000245
617    0.000237
618    0.000304
619    0.000328
620    0.000345
621    0.000185
622    0.000252
623    0.000136
624    0.000325
625    0.000223
626    0.000247
627    0.000252
628    0.000344
629    0.000266
630    0.000390
631    0.000181
632    0.000261
633    0.000340
634    0.000141
635    0.000239
636    0.000313
637    0.000392
638    0.000332
639    0.000287
640    0.000188
641    0.000205
642    0.000253
643    0.000257
644    0.000228
645    0.000287
646    0.000383
647    0.000146
648    0.000241
649    0.000190
650    0.000221
651    0.000375
652    0.000216
653    0.000169
654    0.000242
655    0.000183
656    0.000283
657    0.000165
658    0.000256
659    0.000231
660    0.000178
661    0.000346
662    0.000262
663    0.000272
664    0.000294
665    0.000344
666    0.000278
667    0.000283
668    0.000221
669    0.000276
670    0.000150
671    0.000225
672    0.000214
673    0.000262
674    0.000230
675    0.000249
676    0.000188
677    0.000265
678    0.000255
679    0.000334
680    0.000204
681    0.000348
682    0.000281
683    0.000425
684    0.000186
685    0.000149
686    0.000214
687    0.000136
688    0.000236
689    0.000313
690    0.000180
691    0.000173
692    0.000268
693    0.000137
694    0.000178
695    0.000193
696    0.000314
697    0.000255
698    0.000243
699    0.000230
700    0.000328
701    0.000217
702    0.000128
703    0.000164
704    0.000377
705    0.000248
706    0.000185
707    0.000230
708    0.000311
709    0.000196
710    0.000216
711    0.000254
712    0.000182
713    0.000240
714    0.000250
715    0.000207
716    0.000149
717    0.000195
718    0.000246
719    0.000174
720    0.000201
721    0.000254
722    0.000214
723    0.000264
724    0.000175
725    0.000176
726    0.000257
727    0.000281
728    0.000260
729    0.000172
730    0.000407
731    0.000189
732    0.000247
733    0.000209
734    0.000397
735    0.000298
736    0.000281
737    0.000149
738    0.000190
739    0.000292
740    0.000226
741    0.000272
742    0.000273
743    0.000221
744    0.000227
745    0.000197
746    0.000311
747    0.000231
748    0.000217
749    0.000129
750    0.000206
751    0.000234
752    0.000283
753    0.000277
754    0.000102
755    0.000192
756    0.000259
757    0.000295
758    0.000232
759    0.000236
760    0.000217
761    0.000194
762    0.000222
763    0.000228
764    0.000197
765    0.000255
766    0.000307
767    0.000134
768    0.000178
769    0.000234
770    0.000131
771    0.000198
772    0.000150
773    0.000214
774    0.000139
775    0.000107
776    0.000259
777    0.000109
778    0.000258
779    0.000139
780    0.000197
781    0.000175
782    0.000243
783    0.000133
784    0.000161
785    0.000211
786    0.000200
787    0.000203
788    0.000293
789    0.000284
790    0.000249
791    0.000156
792    0.000373
793    0.000264
794    0.000331
795    0.000168
796    0.000344
797    0.000292
798    0.000108
799    0.000230
800    0.000276
801    0.000139
802    0.000090
803    0.000200
804    0.000272
805    0.000128
806    0.000106
807    0.000241
808    0.000164
809    0.000221
810    0.000132
811    0.000301
812    0.000198
813    0.000095
814    0.000202
815    0.000146
816    0.000112
817    0.000176
818    0.000326
819    0.000158
820    0.000361
821    0.000240
822    0.000209
823    0.000267
824    0.000039
825    0.000509
