  1    0.058739
  2    0.020110
  3    0.063490
  4    0.036919
  5    0.019939
  6    0.025137
  7    0.011491
  8    0.020648
  9    0.009507
 10    0.005701
 11    0.008151
 12    0.006521
 13    0.006265
 14    0.006683
 15    0.008180
 16    0.004248
 17    0.007948
 18    0.009235
 19    0.009865
 20    0.007632
 21    0.003586
 22    0.009487
 23    0.006129
 24    0.005739
 25    0.008258
 26    0.007568
 27    0.006999
 28    0.005956
 29    0.008685
 30    0.005487
 31    0.004880
 32    0.001784
 33    0.003487
 34    0.005948
 35    0.002928
 36    0.004897
 37    0.004914
 38    0.002334
 39    0.003458
 40    0.006114
 41    0.005034
 42    0.005052
 43    0.005532
 44    0.004053
 45    0.005738
 46    0.002439
 47    0.002183
 48    0.002449
 49    0.003662
 50    0.002911
 51    0.004077
 52    0.001612
 53    0.001921
 54    0.001936
 55    0.003116
 56    0.002400
 57    0.002792
 58    0.001624
 59    0.001711
 60    0.001497
 61    0.004726
 62    0.002215
 63    0.001166
 64    0.001022
 65    0.003474
 66    0.002358
 67    0.002000
 68    0.001692
 69    0.002291
 70    0.001210
 71    0.001135
 72    0.001017
 73    0.002958
 74    0.002848
 75    0.002219
 76    0.000840
 77    0.000902
 78    0.001609
 79    0.002821
 80    0.001951
 81    0.002278
 82    0.001242
 83    0.001910
 84    0.001983
 85    0.002092
 86    0.002342
 87    0.002405
 88    0.001392
 89    0.001627
 90    0.001876
 91    0.001208
 92    0.003016
 93    0.001399
 94    0.003164
 95    0.000913
 96    0.001520
 97    0.001036
 98    0.001643
 99    0.000978
100    0.001100
101    0.001303
102    0.000959
103    0.003384
104    0.003220
105    0.001167
106    0.002726
107    0.001727
108    0.000631
109    0.001299
110    0.002246
111    0.000811
112    0.002427
113    0.001459
114    0.000745
115    0.001371
116    0.000509
117    0.001251
118    0.001238
119    0.003583
120    0.001543
121    0.001281
122    0.001275
123    0.001657
124    0.000766
125    0.000724
126    0.001432
127    0.001355
128    0.000436
129    0.001808
130    0.001071
131    0.001153
132    0.001345
133    0.001103
134    0.001854
135    0.000922
136    0.001630
137    0.000483
138    0.000668
139    0.000897
140    0.001376
141    0.000713
142    0.001297
143    0.001636
144    0.001054
145    0.001901
146    0.001165
147    0.001085
148    0.001283
149    0.001609
150    0.000765
151    0.001485
152    0.001478
153    0.001683
154    0.001221
155    0.001198
156    0.000454
157    0.000626
158    0.000350
159    0.000677
160    0.000508
161    0.000287
162    0.001190
163    0.000549
164    0.000868
165    0.001072
166    0.001794
167    0.001208
168    0.001500
169    0.001144
170    0.000989
171    0.001020
172    0.001199
173    0.001712
174    0.001107
175    0.000808
176    0.001948
177    0.001451
178    0.000700
179    0.000652
180    0.001856
181    0.000964
182    0.001075
183    0.000869
184    0.000442
185    0.000589
186    0.001417
187    0.001243
188    0.001134
189    0.001288
190    0.001455
191    0.000687
192    0.001148
193    0.000760
194    0.001014
195    0.001140
196    0.000710
197    0.001084
198    0.001322
199    0.002520
200    0.001384
201    0.000923
202    0.000903
203    0.001258
204    0.000621
205    0.001099
206    0.000917
207    0.001011
208    0.000877
209    0.000743
210    0.001042
211    0.001030
212    0.000425
213    0.000568
214    0.001245
215    0.000861
216    0.000955
217    0.002408
218    0.000499
219    0.000620
220    0.001022
221    0.000659
222    0.000457
223    0.001014
224    0.000572
225    0.000638
226    0.001218
227    0.000801
228    0.001176
229    0.000451
230    0.001230
231    0.001257
232    0.001113
233    0.001770
234    0.000628
235    0.001150
236    0.000864
237    0.000434
238    0.001021
239    0.001138
240    0.000903
241    0.000512
242    0.001248
243    0.000754
244    0.000378
245    0.000722
246    0.001235
247    0.000810
248    0.001344
249    0.000567
250    0.000162
251    0.001099
252    0.000406
253    0.000660
254    0.000983
255    0.001084
256    0.000770
257    0.000400
258    0.000606
259    0.000683
260    0.000825
261    0.000608
262    0.001410
263    0.000879
264    0.000295
265    0.000676
266    0.000971
267    0.000769
268    0.000702
269    0.000488
270    0.000896
271    0.000670
272    0.000676
273    0.000502
274    0.000453
275    0.000692
276    0.000634
277    0.000406
278    0.000506
279    0.000911
280    0.000485
281    0.000178
282    0.000286
283    0.001139
284    0.000638
285    0.000737
286    0.000517
287    0.000662
288    0.000385
289    0.000581
290    0.000374
291    0.000307
292    0.000591
293    0.000426
294    0.000542
295    0.000749
296    0.000377
297    0.000491
298    0.000562
299    0.000730
300    0.000507
301    0.000643
302    0.000290
303    0.000754
304    0.000473
305    0.000827
306    0.000480
307    0.000506
308    0.000583
309    0.000695
310    0.000480
311    0.000365
312    0.000634
313    0.000420
314    0.000888
315    0.000623
316    0.000621
317    0.000714
318    0.000640
319    0.000791
320    0.000784
321    0.000641
322    0.001023
323    0.000708
324    0.001321
325    0.000304
326    0.000422
327    0.000508
328    0.000536
329    0.000689
330    0.000501
331    0.000630
332    0.000473
333    0.000660
334    0.000692
335    0.000806
336    0.000934
337    0.000436
338    0.000704
339    0.000611
340    0.000597
341    0.000441
342    0.000581
343    0.001392
344    0.000529
345    0.000344
346    0.000969
347    0.000541
348    0.000662
349    0.000419
350    0.000995
351    0.001097
352    0.000746
353    0.000685
354    0.000392
355    0.000410
356    0.000642
357    0.000246
358    0.000367
359    0.000601
360    0.000477
361    0.000963
362    0.000575
363    0.001063
364    0.000767
365    0.000306
366    0.000718
367    0.000476
368    0.000348
369    0.000739
370    0.000592
371    0.000812
372    0.000377
373    0.000669
374    0.000659
375    0.000383
376    0.000303
377    0.000680
378    0.000381
379    0.000824
380    0.000603
381    0.000357
382    0.000938
383    0.000559
384    0.000593
385    0.000636
386    0.000654
387    0.000768
388    0.000433
389    0.001029
390    0.000644
391    0.000757
392    0.000461
393    0.000227
394    0.000473
395    0.000626
396    0.000562
397    0.000640
398    0.000920
399    0.000375
400    0.000115
401    0.000404
402    0.001020
403    0.000867
404    0.000669
405    0.000341
406    0.000723
407    0.000572
408    0.000334
409    0.000349
410    0.000729
411    0.000282
412    0.000397
413    0.000698
414    0.000610
415    0.000700
416    0.000574
417    0.000734
418    0.000648
419    0.000560
420    0.000454
421    0.000596
422    0.000257
423    0.000748
424    0.000841
425    0.000600
426    0.000378
427    0.000555
428    0.000668
429    0.000358
430    0.000353
431    0.000266
432    0.000293
433    0.000350
434    0.000440
435    0.000482
436    0.000378
437    0.000618
438    0.000680
439    0.000570
440    0.000805
441    0.000599
442    0.000536
443    0.000898
444    0.000571
445    0.000244
446    0.000634
447    0.000151
448    0.000425
449    0.000412
450    0.000580
451    0.000552
452    0.000875
453    0.000298
454    0.000627
455    0.000489
456    0.000441
457    0.000270
458    0.000189
459    0.000217
460    0.000593
461    0.000375
462    0.000191
463    0.000744
464    0.000348
465    0.000495
466    0.000497
467    0.000471
468    0.000496
469    0.000629
470    0.000334
471    0.000577
472    0.000304
473    0.000459
474    0.000535
475    0.000250
476    0.000304
477    0.000341
478    0.000452
479    0.000200
480    0.000617
481    0.000508
482    0.000669
483    0.000486
484    0.000476
485    0.000759
486    0.000626
487    0.000441
488    0.000331
489    0.000408
490    0.000681
491    0.000356
492    0.000296
493    0.000182
494    0.000521
495    0.000208
496    0.000483
497    0.000614
498    0.000480
499    0.000305
500    0.000448
501    0.000382
502    0.000457
503    0.000410
504    0.000565
505    0.000511
506    0.000264
507    0.000350
508    0.000414
509    0.000375
510    0.000498
511    0.000489
512    0.000509
513    0.000368
514    0.000314
515    0.000710
516    0.000476
517    0.000426
518    0.000443
519    0.000251
520    0.000462
521    0.000437
522    0.000475
523    0.000347
524    0.000370
525    0.000291
526    0.000263
527    0.000430
528    0.000637
529    0.000627
530    0.000625
531    0.000379
532    0.000467
533    0.000832
534    0.000679
535    0.000333
536    0.000465
537    0.000556
538    0.000189
539    0.000245
540    0.000220
541    0.000250
542    0.000525
543    0.000546
544    0.000380
545    0.000386
546    0.000437
547    0.000375
548    0.000416
549    0.000193
550    0.000714
551    0.000463
552    0.000264
553    0.000589
554    0.000696
555    0.000318
556    0.000304
557    0.000488
558    0.000317
559    0.000295
560    0.000419
561    0.000275
562    0.000287
563    0.000144
564    0.000184
565    0.000335
566    0.000330
567    0.000294
568    0.000562
569    0.000300
570    0.000219
571    0.000139
572    0.000255
573    0.000208
574    0.000254
575    0.000226
576    0.000205
577    0.000195
578    0.000267
579    0.000256
580    0.000177
581    0.000204
582    0.000260
583    0.000219
584    0.000403
585    0.000320
586    0.000127
587    0.000300
588    0.000309
589    0.000231
590    0.000311
591    0.000248
592    0.000321
593    0.000142
594    0.000312
595    0.000282
596    0.000162
597    0.000247
598    0.000359
599    0.000219
600    0.000368
601    0.000376
602    0.000260
603    0.000173
604    0.000161
605    0.000347
606    0.000152
607    0.000347
608    0.000305
609    0.000227
610    0.000231
611    0.000441
612    0.000443
613    0.000332
614    0.000325
615    0.000363
616    0.000282
617    0.000308
618    0.000276
619    0.000277
620    0.000140
621    0.000494
622    0.000240
623    0.000331
624    0.000188
625    0.000329
626    0.000259
627    0.000267
628    0.000343
629    0.000277
630    0.000306
631    0.000400
632    0.000271
633    0.000229
634    0.000473
635    0.000149
636    0.000304
637    0.000137
638    0.000266
639    0.000378
640    0.000224
641    0.000548
642    0.000239
643    0.000178
644    0.000218
645    0.000268
646    0.000282
647    0.000325
648    0.000191
649    0.000370
650    0.000335
651    0.000113
652    0.000383
653    0.000400
654    0.000287
655    0.000241
656    0.000325
657    0.000447
658    0.000271
659    0.000289
660    0.000138
661    0.000375
662    0.000272
663    0.000432
664    0.000132
665    0.000391
666    0.000181
667    0.000322
668    0.000275
669    0.000253
670    0.000231
671    0.000336
672    0.000128
673    0.000258
674    0.000346
675    0.000187
676    0.000173
677    0.000289
678    0.000165
679    0.000271
680    0.000302
681    0.000283
682    0.000238
683    0.000189
684    0.000222
685    0.000274
686    0.000080
687    0.000260
688    0.000323
689    0.000067
690    0.000263
691    0.000060
692    0.000270
693    0.000278
694    0.000100
695    0.000308
696    0.000171
697    0.000223
698    0.000401
699    0.000202
700    0.000224
701    0.000218
702    0.000229
703    0.000214
704    0.000320
705    0.000360
706    0.000367
707    0.000292
708    0.000262
709    0.000141
710    0.000124
711    0.000234
712    0.000142
713    0.000240
714    0.000214
715    0.000162
716    0.000162
717    0.000252
718    0.000254
719    0.000222
720    0.000258
721    0.000311
722    0.000277
723    0.000303
724    0.000210
725    0.000224
726    0.000336
727    0.000593
728    0.000321
729    0.000218
730    0.000437
731    0.000427
732    0.000211
733    0.000329
734    0.000239
735    0.000186
736    0.000253
737    0.000275
738    0.000073
739    0.000353
740    0.000289
741    0.000441
742    0.000187
743    0.000352
744    0.000395
745    0.000335
746    0.000280
747    0.000344
748    0.000351
749    0.000357
750    0.000247
751    0.000241
752    0.000213
753    0.000347
754    0.000273
755    0.000273
756    0.000167
757    0.000194
758    0.000186
759    0.000238
760    0.000247
761    0.000216
762    0.000405
763    0.000418
764    0.000124
765    0.000402
766    0.000185
767    0.000151
768    0.000175
769    0.000229
770    0.000197
771    0.000233
772    0.000144
773    0.000365
774    0.000310
775    0.000160
776    0.000110
777    0.000309
778    0.000135
779    0.000328
780    0.000321
781    0.000224
782    0.000134
783    0.000150
784    0.000113
785    0.000307
786    0.000077
787    0.000161
788    0.000344
789    0.000215
790    0.000230
791    0.000164
792    0.000467
793    0.000317
794    0.000321
795    0.000303
796    0.000141
797    0.000417
798    0.000156
799    0.000112
800    0.000083
801    0.000181
802    0.000076
803    0.000051
804    0.000137
805    0.000187
806    0.000165
807    0.000116
808    0.000158
809    0.000238
810    0.000379
811    0.000189
812    0.000176
813    0.000260
814    0.000110
815    0.000085
816    0.000064
817    0.000037
818    0.000181
819    0.000215
820    0.000248
821    0.000716
822    0.000287
823    0.000388
824    0.000312
825    0.000680
