  1    0.123298
  2    0.063094
  3    0.036948
  4    0.027537
  5    0.030467
  6    0.031966
  7    0.012995
  8    0.012011
  9    0.004821
 10    0.013010
 11    0.012416
 12    0.005547
 13    0.003984
 14    0.009148
 15    0.007523
 16    0.007949
 17    0.004617
 18    0.003418
 19    0.009190
 20    0.013380
 21    0.008444
 22    0.003085
 23    0.004790
 24    0.010288
 25    0.006103
 26    0.008739
 27    0.006431
 28    0.003687
 29    0.005617
 30    0.001864
 31    0.005085
 32    0.002797
 33    0.002180
 34    0.007478
 35    0.003904
 36    0.001936
 37    0.003132
 38    0.006134
 39    0.003203
 40    0.002491
 41    0.003584
 42    0.002660
 43    0.003655
 44    0.001110
 45    0.003602
 46    0.001855
 47    0.004122
 48    0.003146
 49    0.002801
 50    0.002581
 51    0.002719
 52    0.002884
 53    0.002362
 54    0.002421
 55    0.001894
 56    0.000902
 57    0.003933
 58    0.002898
 59    0.002567
 60    0.000863
 61    0.004215
 62    0.003896
 63    0.002228
 64    0.002927
 65    0.000741
 66    0.001482
 67    0.002217
 68    0.000967
 69    0.001427
 70    0.001832
 71    0.000661
 72    0.001481
 73    0.001523
 74    0.001802
 75    0.000887
 76    0.001551
 77    0.001186
 78    0.001160
 79    0.000869
 80    0.001334
 81    0.001794
 82    0.000708
 83    0.001539
 84    0.002722
 85    0.001764
 86    0.002043
 87    0.001341
 88    0.001830
 89    0.001617
 90    0.001006
 91    0.001417
 92    0.001536
 93    0.001860
 94    0.001952
 95    0.000652
 96    0.001131
 97    0.001004
 98    0.001316
 99    0.002261
100    0.001323
101    0.001086
102    0.003924
103    0.002421
104    0.001282
105    0.001528
106    0.001363
107    0.001127
108    0.001090
109    0.001509
110    0.001607
111    0.000553
112    0.000858
113    0.002255
114    0.001708
115    0.001775
116    0.000324
117    0.000805
118    0.000917
119    0.000770
120    0.000910
121    0.002067
122    0.002088
123    0.001239
124    0.001750
125    0.002088
126    0.001145
127    0.001191
128    0.002010
129    0.000978
130    0.000685
131    0.001978
132    0.001330
133    0.002256
134    0.000827
135    0.001212
136    0.001311
137    0.001743
138    0.000777
139    0.000912
140    0.001363
141    0.001045
142    0.001483
143    0.001232
144    0.000907
145    0.001159
146    0.000735
147    0.002653
148    0.001592
149    0.001196
150    0.001406
151    0.000947
152    0.001578
153    0.000687
154    0.000899
155    0.000540
156    0.001417
157    0.000669
158    0.001041
159    0.001829
160    0.000559
161    0.001041
162    0.000850
163    0.000535
164    0.001854
165    0.000656
166    0.000934
167    0.001332
168    0.001270
169    0.000531
170    0.000555
171    0.001088
172    0.000802
173    0.000376
174    0.000942
175    0.000679
176    0.001214
177    0.000731
178    0.000563
179    0.000552
180    0.001100
181    0.000458
182    0.000474
183    0.000661
184    0.000630
185    0.001448
186    0.000261
187    0.000899
188    0.000530
189    0.000565
190    0.001041
191    0.000422
192    0.000461
193    0.000523
194    0.000639
195    0.000828
196    0.000506
197    0.000979
198    0.000717
199    0.000680
200    0.001015
201    0.000780
202    0.001303
203    0.001115
204    0.000665
205    0.000946
206    0.001174
207    0.000559
208    0.000589
209    0.000465
210    0.000611
211    0.000810
212    0.001061
213    0.000622
214    0.000821
215    0.000873
216    0.000472
217    0.000249
218    0.000552
219    0.000801
220    0.000874
221    0.000506
222    0.000391
223    0.000835
224    0.000571
225    0.001324
226    0.000729
227    0.000908
228    0.000651
229    0.000445
230    0.000444
231    0.001484
232    0.000616
233    0.001212
234    0.000572
235    0.001100
236    0.000721
237    0.000625
238    0.000918
239    0.001181
240    0.000909
241    0.001108
242    0.000741
243    0.000937
244    0.000407
245    0.001536
246    0.000341
247    0.000946
248    0.000806
249    0.001005
250    0.000669
251    0.000270
252    0.000402
253    0.000554
254    0.000812
255    0.000494
256    0.000474
257    0.001218
258    0.000698
259    0.000524
260    0.000358
261    0.000593
262    0.000381
263    0.000462
264    0.000470
265    0.000594
266    0.000433
267    0.000343
268    0.000477
269    0.000268
270    0.000395
271    0.000590
272    0.000582
273    0.000505
274    0.000507
275    0.000286
276    0.000193
277    0.000323
278    0.000840
279    0.000451
280    0.000690
281    0.000394
282    0.000374
283    0.000291
284    0.000416
285    0.000511
286    0.000308
287    0.000502
288    0.000625
289    0.000647
290    0.000600
291    0.000616
292    0.000454
293    0.000779
294    0.000292
295    0.000278
296    0.000592
297    0.000634
298    0.000368
299    0.000387
300    0.000290
301    0.000423
302    0.000320
303    0.000352
304    0.000278
305    0.000445
306    0.000242
307    0.000630
308    0.000268
309    0.000843
310    0.000467
311    0.000454
312    0.000201
313    0.000595
314    0.000870
315    0.000426
316    0.000560
317    0.000600
318    0.000227
319    0.000347
320    0.000329
321    0.000217
322    0.000658
323    0.000301
324    0.000950
325    0.000190
326    0.000339
327    0.000588
328    0.000418
329    0.000518
330    0.000675
331    0.000556
332    0.000815
333    0.000482
334    0.000261
335    0.000346
336    0.000438
337    0.000328
338    0.000359
339    0.000334
340    0.000129
341    0.000543
342    0.000650
343    0.000683
344    0.000415
345    0.000681
346    0.000423
347    0.000693
348    0.000734
349    0.000372
350    0.000524
351    0.000278
352    0.000805
353    0.000299
354    0.000631
355    0.000667
356    0.000252
357    0.000875
358    0.000761
359    0.000520
360    0.000321
361    0.000459
362    0.000685
363    0.000495
364    0.000258
365    0.000859
366    0.000483
367    0.000537
368    0.000533
369    0.000580
370    0.000782
371    0.000341
372    0.000657
373    0.000628
374    0.000330
375    0.000554
376    0.000736
377    0.000678
378    0.000378
379    0.000276
380    0.000647
381    0.000213
382    0.000531
383    0.000498
384    0.000522
385    0.000246
386    0.000585
387    0.000768
388    0.000823
389    0.000213
390    0.000710
391    0.000703
392    0.000296
393    0.001218
394    0.000588
395    0.000320
396    0.000376
397    0.000424
398    0.000741
399    0.000443
400    0.000520
401    0.000724
402    0.000484
403    0.000298
404    0.000364
405    0.000505
406    0.000685
407    0.000484
408    0.000323
409    0.000142
410    0.000279
411    0.000823
412    0.000342
413    0.000240
414    0.000358
415    0.000882
416    0.000621
417    0.000197
418    0.000507
419    0.000489
420    0.000484
421    0.001433
422    0.000241
423    0.000322
424    0.000350
425    0.000294
426    0.000719
427    0.000735
428    0.000171
429    0.000278
430    0.000552
431    0.000372
432    0.000856
433    0.000391
434    0.000616
435    0.000519
436    0.000437
437    0.000365
438    0.000837
439    0.000380
440    0.000618
441    0.000492
442    0.000222
443    0.000311
444    0.000350
445    0.000324
446    0.000442
447    0.000596
448    0.000452
449    0.000254
450    0.000800
451    0.000264
452    0.000292
453    0.000466
454    0.000561
455    0.000449
456    0.000299
457    0.000391
458    0.000355
459    0.000291
460    0.000319
461    0.000454
462    0.000514
463    0.000292
464    0.000340
465    0.000320
466    0.000377
467    0.000320
468    0.000313
469    0.000242
470    0.000257
471    0.000407
472    0.000301
473    0.000489
474    0.000126
475    0.000343
476    0.000817
477    0.000226
478    0.000305
479    0.000462
480    0.000479
481    0.000145
482    0.000691
483    0.000148
484    0.000260
485    0.000530
486    0.000336
487    0.000388
488    0.000711
489    0.000351
490    0.000429
491    0.000335
492    0.000533
493    0.000509
494    0.000467
495    0.000297
496    0.000175
497    0.000400
498    0.000389
499    0.000390
500    0.000795
501    0.000272
502    0.000555
503    0.000217
504    0.000188
505    0.000434
506    0.000448
507    0.000185
508    0.000626
509    0.000321
510    0.000281
511    0.000580
512    0.000448
513    0.000255
514    0.000225
515    0.000190
516    0.000377
517    0.000145
518    0.000343
519    0.000354
520    0.000210
521    0.000364
522    0.000255
523    0.000523
524    0.000513
525    0.000464
526    0.000308
527    0.000249
528    0.000167
529    0.000474
530    0.000299
531    0.000515
532    0.000193
533    0.000242
534    0.000209
535    0.000256
536    0.000244
537    0.000319
538    0.000272
539    0.000583
540    0.000293
541    0.000341
542    0.000309
543    0.000305
544    0.000261
545    0.000246
546    0.000292
547    0.000240
548    0.000149
549    0.000201
550    0.000167
551    0.000429
552    0.000174
553    0.000247
554    0.000324
555    0.000233
556    0.000609
557    0.000229
558    0.000240
559    0.000222
560    0.000222
561    0.000348
562    0.000225
563    0.000330
564    0.000173
565    0.000173
566    0.000274
567    0.000200
568    0.000123
569    0.000277
570    0.000244
571    0.000211
572    0.000289
573    0.000276
574    0.000205
575    0.000341
576    0.000236
577    0.000251
578    0.000115
579    0.000219
580    0.000217
581    0.000189
582    0.000211
583    0.000297
584    0.000158
585    0.000316
586    0.000157
587    0.000160
588    0.000330
589    0.000182
590    0.000259
591    0.000138
592    0.000325
593    0.000333
594    0.000143
595    0.000528
596    0.000169
597    0.000285
598    0.000274
599    0.000123
600    0.000373
601    0.000225
602    0.000371
603    0.000351
604    0.000207
605    0.000242
606    0.000286
607    0.000403
608    0.000298
609    0.000437
610    0.000356
611    0.000246
612    0.000324
613    0.000175
614    0.000306
615    0.000168
616    0.000241
617    0.000334
618    0.000179
619    0.000317
620    0.000077
621    0.000334
622    0.000204
623    0.000315
624    0.000267
625    0.000348
626    0.000192
627    0.000238
628    0.000392
629    0.000188
630    0.000277
631    0.000216
632    0.000279
633    0.000401
634    0.000190
635    0.000204
636    0.000397
637    0.000143
638    0.000376
639    0.000413
640    0.000225
641    0.000101
642    0.000295
643    0.000273
644    0.000101
645    0.000193
646    0.000236
647    0.000226
648    0.000324
649    0.000167
650    0.000121
651    0.000209
652    0.000197
653    0.000186
654    0.000224
655    0.000182
656    0.000241
657    0.000242
658    0.000172
659    0.000236
660    0.000277
661    0.000180
662    0.000315
663    0.000269
664    0.000121
665    0.000201
666    0.000103
667    0.000366
668    0.000256
669    0.000193
670    0.000222
671    0.000277
672    0.000283
673    0.000217
674    0.000302
675    0.000291
676    0.000216
677    0.000416
678    0.000476
679    0.000335
680    0.000223
681    0.000314
682    0.000086
683    0.000265
684    0.000790
685    0.000280
686    0.000313
687    0.000237
688    0.000254
689    0.000349
690    0.000279
691    0.000345
692    0.000236
693    0.000410
694    0.000171
695    0.000223
696    0.000419
697    0.000139
698    0.000365
699    0.000342
700    0.000169
701    0.000161
702    0.000212
703    0.000291
704    0.000182
705    0.000256
706    0.000162
707    0.000225
708    0.000139
709    0.000160
710    0.000239
711    0.000248
712    0.000202
713    0.000130
714    0.000278
715    0.000172
716    0.000285
717    0.000242
718    0.000341
719    0.000272
720    0.000210
721    0.000316
722    0.000345
723    0.000371
724    0.000155
725    0.000136
726    0.000475
727    0.000162
728    0.000215
729    0.000295
730    0.000150
731    0.000203
732    0.000063
733    0.000272
734    0.000216
735    0.000285
736    0.000332
737    0.000288
738    0.000210
739    0.000281
740    0.000191
741    0.000186
742    0.000189
743    0.000132
744    0.000309
745    0.000265
746    0.000286
747    0.000433
748    0.000169
749    0.000313
750    0.000157
751    0.000226
752    0.000188
753    0.000160
754    0.000131
755    0.000086
756    0.000186
757    0.000245
758    0.000162
759    0.000202
760    0.000402
761    0.000163
762    0.000224
763    0.000099
764    0.000126
765    0.000178
766    0.000205
767    0.000115
768    0.000264
769    0.000122
770    0.000077
771    0.000366
772    0.000094
773    0.000311
774    0.000198
775    0.000306
776    0.000130
777    0.000259
778    0.000260
779    0.000250
780    0.000255
781    0.000106
782    0.000227
783    0.000134
784    0.000128
785    0.000476
786    0.000276
787    0.000150
788    0.000155
789    0.000281
790    0.000022
791    0.000156
792    0.000260
793    0.000173
794    0.000276
795    0.000171
796    0.000127
797    0.000135
798    0.000206
799    0.000121
800    0.000077
801    0.000159
802    0.000039
803    0.000125
804    0.000143
805    0.000101
806    0.000118
807    0.000155
808    0.000043
809    0.000138
810    0.000133
811    0.000197
812    0.000271
813    0.000147
814    0.000036
815    0.000363
816    0.000131
817    0.000385
818    0.000262
819    0.000215
820    0.000245
821    0.000279
822    0.000199
823    0.000384
824    0.000088
825    0.000551
