  0.145939
  0.402378
  0.186709
 -0.030213
 -0.558604
 -0.247676
 -0.031747
 -0.127139
 -0.031484
  0.464414
 -0.034162
  0.011994
  0.002620
  0.239340
 -0.081860
 -0.090423
  0.194296
 -0.165924
 -0.044843
 -0.016118
  0.024527
 -0.020639
  0.094912
  0.054892
  0.052999
  0.006758
 -0.002772
 -0.012414
 -0.013872
 -0.006766
  0.006041
 -0.044259
  0.020624
 -0.008717
 -0.005218
  0.002204
 -0.007108
 -0.012454
  0.024028
  0.001313
  0.023464
  0.001629
  0.009795
 -0.006027
 -0.005124
  0.027064
  0.003362
  0.040830
  0.001056
  0.008915
  0.014967
  0.014605
 -0.004917
  0.000373
  0.016665
  0.003149
 -0.022460
  0.009727
 -0.014666
  0.012124
  0.001410
  0.007993
 -0.037598
 -0.016998
 -0.009669
 -0.010200
  0.011090
  0.011519
  0.016073
  0.003320
 -0.008574
  0.003170
 -0.003471
 -0.000118
  0.000541
 -0.003864
 -0.003259
 -0.000734
  0.012998
  0.005881
 -0.015573
  0.007002
  0.006079
 -0.009263
 -0.001435
  0.000390
 -0.004202
 -0.000267
  0.005277
  0.002655
 -0.010609
 -0.005291
 -0.001303
  0.012677
 -0.007322
 -0.000484
 -0.000040
  0.000097
 -0.001388
  0.000049
  0.000137
 -0.001384
 -0.008486
  0.006768
 -0.003229
 -0.003039
 -0.004445
 -0.000858
 -0.001160
  0.000467
  0.008247
 -0.002167
  0.007951
 -0.000278
 -0.001587
 -0.004464
 -0.004385
 -0.001980
 -0.002751
 -0.008494
 -0.001443
 -0.011237
  0.004299
 -0.001229
 -0.004708
  0.001704
 -0.000874
  0.000488
 -0.003221
 -0.003004
 -0.001715
 -0.000675
  0.000471
 -0.005136
 -0.010186
 -0.004120
 -0.003084
  0.008306
  0.001567
  0.000596
  0.001049
 -0.002199
  0.007429
 -0.000499
 -0.008353
 -0.001017
 -0.008774
  0.020008
 -0.003808
  0.014783
 -0.000476
  0.004457
 -0.001295
  0.002305
 -0.001298
  0.007694
 -0.000957
 -0.003707
 -0.003350
 -0.004715
 -0.002368
 -0.001786
 -0.000571
 -0.002144
 -0.002619
 -0.001357
 -0.000507
  0.004571
  0.003018
  0.002546
  0.005375
 -0.002538
  0.000541
  0.003826
  0.001657
 -0.004794
 -0.000347
  0.000938
 -0.001114
  0.005071
 -0.007600
 -0.006611
  0.002795
 -0.000131
 -0.003223
 -0.008025
  0.001375
 -0.002191
  0.002972
 -0.006817
  0.000783
 -0.000447
  0.004177
  0.001459
  0.004069
 -0.006477
  0.002082
 -0.001511
 -0.005207
 -0.003116
  0.001059
 -0.000135
  0.003980
 -0.010631
  0.000414
 -0.005224
 -0.009153
 -0.002007
  0.001654
  0.000296
 -0.000395
 -0.005168
 -0.002762
 -0.002840
 -0.000572
 -0.002514
 -0.001443
  0.003891
  0.002608
 -0.000154
 -0.004927
  0.008617
  0.000255
 -0.001163
 -0.002666
  0.002051
 -0.000246
  0.001121
  0.011269
  0.012493
  0.005317
 -0.001358
  0.002912
  0.003321
 -0.002387
  0.003298
  0.001678
  0.001086
  0.002930
  0.002021
  0.000135
 -0.003717
  0.000786
  0.002403
 -0.001827
 -0.000362
 -0.000267
  0.002877
  0.002417
  0.002664
  0.001259
  0.003053
 -0.000869
  0.002873
 -0.000574
 -0.003856
 -0.001744
  0.003223
  0.000538
 -0.002458
 -0.000489
  0.001679
  0.001736
 -0.000053
  0.001658
 -0.000047
  0.002083
  0.002565
 -0.000066
  0.004190
 -0.000090
 -0.001628
  0.002121
  0.003575
  0.004125
  0.002030
  0.002030
 -0.001173
 -0.000958
  0.002437
  0.002879
  0.003715
 -0.002447
  0.000762
  0.005465
 -0.001419
  0.002822
  0.001523
  0.002798
 -0.006342
  0.000775
 -0.003306
  0.003603
  0.001758
 -0.003935
 -0.001222
  0.000376
  0.001869
 -0.002804
 -0.005389
  0.002592
 -0.001284
 -0.002791
  0.001129
 -0.000995
  0.003285
 -0.002877
  0.002131
 -0.000366
 -0.000626
  0.000153
 -0.001150
  0.000593
 -0.001436
  0.002966
 -0.000215
  0.001811
  0.003592
 -0.008417
  0.001608
  0.005501
 -0.000536
  0.003676
 -0.005952
  0.000177
 -0.000046
 -0.003613
  0.002076
  0.000875
 -0.001421
 -0.000637
 -0.000875
 -0.003854
  0.001650
 -0.000845
 -0.000001
 -0.001230
  0.000087
  0.000612
  0.001180
 -0.002934
  0.000040
 -0.002877
  0.001018
  0.000678
 -0.001390
  0.002812
 -0.004031
 -0.001855
  0.001371
 -0.000171
 -0.000459
 -0.003844
  0.000882
  0.004447
  0.002629
  0.000252
 -0.003110
  0.001249
 -0.001768
 -0.000142
 -0.000300
 -0.000024
 -0.002180
  0.001294
 -0.001547
 -0.002835
 -0.000600
 -0.000698
 -0.001294
 -0.000787
  0.000041
  0.000292
 -0.001231
 -0.000099
 -0.001183
  0.000933
  0.000603
  0.001344
 -0.001306
  0.000225
  0.000051
 -0.000270
 -0.000456
  0.002263
 -0.000041
  0.001904
  0.000431
 -0.002105
 -0.000278
 -0.001424
  0.000624
  0.002996
  0.000864
  0.001441
 -0.000897
  0.000193
  0.000911
 -0.000610
  0.000856
 -0.000391
  0.001767
 -0.000243
  0.000123
  0.002648
  0.000678
  0.002548
 -0.001531
 -0.000869
  0.002499
 -0.000884
  0.000129
 -0.000573
 -0.000229
 -0.001033
 -0.001209
 -0.001310
  0.000198
  0.000604
 -0.001130
 -0.001541
  0.001314
  0.001206
 -0.000442
  0.000646
 -0.000111
 -0.001177
 -0.000931
  0.000968
 -0.001583
 -0.001215
 -0.001449
  0.000395
  0.000113
 -0.000726
  0.001682
  0.001532
 -0.001081
  0.000568
  0.000730
  0.001980
  0.000151
 -0.001571
 -0.000238
 -0.000182
 -0.002289
  0.001003
  0.000739
 -0.002916
 -0.000990
  0.000983
 -0.001747
  0.000963
  0.002548
  0.001508
 -0.000226
 -0.000502
 -0.000487
  0.001218
  0.000072
  0.000024
  0.000289
 -0.000291
  0.000836
 -0.000468
  0.001709
  0.002279
  0.000425
 -0.001207
  0.000593
 -0.000632
 -0.000728
  0.002017
  0.000849
 -0.000080
 -0.000117
  0.000007
  0.000331
  0.000095
  0.000120
 -0.001402
 -0.001051
 -0.000961
  0.000652
  0.001044
 -0.001239
 -0.000438
 -0.000536
 -0.000488
  0.000173
 -0.000026
 -0.000788
  0.000066
 -0.000867
 -0.000454
  0.000883
  0.004127
  0.000699
  0.001122
  0.000630
 -0.000045
  0.006051
  0.000848
  0.001553
 -0.001910
  0.000120
  0.002777
 -0.002179
  0.000075
  0.001283
  0.001205
 -0.003469
  0.000015
  0.001111
  0.000363
 -0.000337
  0.000292
  0.000445
  0.000053
  0.000332
 -0.001196
  0.000662
  0.001475
 -0.000810
  0.001212
 -0.002737
 -0.001633
  0.000412
 -0.001769
 -0.000415
  0.000279
  0.001680
  0.007649
  0.002321
 -0.003107
 -0.002164
 -0.000489
 -0.005217
  0.000421
  0.001242
  0.003901
 -0.000893
  0.000626
  0.001126
  0.002137
 -0.000764
 -0.000003
 -0.001246
 -0.002027
  0.001537
 -0.000235
 -0.001332
 -0.001100
 -0.000935
 -0.000646
  0.003343
 -0.000021
  0.000511
 -0.000079
  0.000897
 -0.001671
  0.000429
 -0.000491
  0.000706
 -0.001685
  0.002035
 -0.001298
  0.000979
  0.000359
  0.000333
 -0.003236
  0.002745
 -0.001035
  0.000280
  0.001102
  0.000891
 -0.000603
  0.000442
  0.000746
 -0.000844
  0.000846
  0.000375
 -0.000055
  0.000191
  0.001589
 -0.001993
 -0.001378
 -0.001553
  0.001122
  0.000741
 -0.001008
 -0.000545
 -0.000591
 -0.000944
  0.000788
 -0.001078
 -0.000007
  0.000383
  0.000186
 -0.000136
  0.000025
 -0.000337
  0.000572
  0.000356
  0.000423
 -0.000705
  0.000223
 -0.000593
 -0.000556
  0.001173
  0.000441
  0.000039
  0.000492
  0.000771
 -0.000621
  0.000937
  0.001553
  0.000669
  0.001944
 -0.001072
  0.002131
  0.001084
 -0.001751
  0.001308
  0.000339
  0.000103
 -0.000276
 -0.000588
  0.001024
  0.000284
 -0.000238
 -0.000010
 -0.000162
  0.001687
  0.000167
 -0.001347
  0.000274
 -0.000159
  0.000546
 -0.000252
  0.000506
 -0.000045
  0.000172
  0.000444
 -0.001454
  0.000225
  0.000435
 -0.000068
 -0.001423
  0.000579
 -0.000415
 -0.000122
  0.000190
 -0.000768
 -0.000271
 -0.000700
  0.000166
  0.000946
  0.000467
 -0.000296
 -0.000014
  0.000676
 -0.002646
 -0.001115
  0.001669
  0.000321
 -0.001270
  0.000766
  0.000365
  0.000082
 -0.000427
 -0.000331
  0.000521
 -0.001106
 -0.000063
 -0.000104
  0.002045
 -0.001366
  0.000896
 -0.000581
  0.000803
  0.000668
  0.001118
  0.000141
  0.000213
  0.000260
 -0.000363
  0.001817
 -0.000941
  0.000649
  0.000294
  0.000320
 -0.001658
 -0.000214
  0.000416
  0.000033
  0.000282
  0.000569
 -0.000185
 -0.001154
 -0.001091
  0.000131
 -0.000956
  0.000230
  0.000341
  0.000321
  0.000187
 -0.000271
  0.000177
  0.001118
  0.000076
 -0.000654
 -0.000474
 -0.000252
 -0.000742
  0.000203
  0.000221
  0.000770
 -0.000656
 -0.000043
  0.000900
  0.000339
 -0.000051
 -0.000061
 -0.000991
 -0.000532
  0.000470
  0.000030
 -0.000120
  0.000649
 -0.000253
 -0.000008
 -0.000252
  0.000255
 -0.000351
  0.000445
 -0.000878
 -0.002045
 -0.001632
 -0.000662
 -0.000016
 -0.000765
  0.000712
 -0.000422
 -0.000810
  0.000251
 -0.000223
  0.002074
 -0.000551
  0.000198
  0.000646
  0.000259
  0.000041
 -0.000419
  0.000144
  0.001000
 -0.001659
  0.002497
  0.001223
  0.000661
 -0.000708
  0.000280
  0.002911
  0.003312
  0.001961
  0.000134
 -0.002513
 -0.000376
  0.000156
  0.000231
 -0.000399
  0.001096
 -0.000513
 -0.000398
 -0.000030
  0.000218
 -0.000253
 -0.000177
  0.000773
  0.000768
 -0.001600
 -0.000191
 -0.000550
  0.001026
 -0.000416
 -0.000849
  0.000041
 -0.000852
  0.000727
  0.000167
 -0.000817
  0.000647
 -0.000379
 -0.000032
 -0.001255
  0.000739
  0.000687
 -0.000308
  0.000802
  0.000355
 -0.000150
  0.000028
 -0.000052
 -0.000043
 -0.000090
  0.000709
  0.000370
 -0.000052
 -0.000090
 -0.000052
 -0.000025
 -0.000318
  0.000043
  0.000354
  0.000069
  0.000183
 -0.000056
 -0.000015
 -0.000331
  0.000119
  0.000256
 -0.000114
 -0.000185
 -0.000037
 -0.000315
