  0.116128
 -0.466294
 -0.710999
  0.219078
 -0.073622
 -0.361550
 -0.070788
  0.026757
 -0.028971
  0.226359
 -0.061040
 -0.062368
  0.019883
  0.064994
  0.030960
 -0.004307
  0.008724
 -0.024667
 -0.017938
  0.002712
  0.007694
 -0.021134
  0.005299
  0.013234
  0.021143
 -0.002574
 -0.024757
 -0.003111
 -0.006724
  0.006987
 -0.003054
  0.012797
 -0.015671
 -0.027986
 -0.003099
  0.004846
  0.014439
  0.011610
 -0.004808
 -0.008910
  0.002147
  0.011823
  0.005845
 -0.004594
  0.001599
 -0.004081
  0.016753
 -0.009910
 -0.005764
  0.018647
 -0.001760
 -0.000961
  0.002826
  0.008242
  0.006212
  0.014920
  0.010641
 -0.007164
 -0.000607
 -0.005917
 -0.007063
 -0.002045
  0.005426
  0.001927
 -0.005388
 -0.002251
  0.006256
  0.006613
 -0.002538
 -0.000436
  0.006256
 -0.006275
  0.000366
 -0.000159
 -0.003278
  0.010520
  0.000629
 -0.006066
 -0.008011
  0.006455
  0.000344
 -0.001198
 -0.001019
 -0.004853
 -0.008771
 -0.001699
 -0.004445
  0.006015
 -0.001518
 -0.003401
  0.001518
 -0.008190
 -0.003530
  0.002065
 -0.000576
 -0.003342
 -0.001438
  0.001403
  0.000443
  0.001187
  0.001504
 -0.000820
  0.001325
 -0.000261
  0.002887
  0.008356
  0.000082
 -0.004433
 -0.007082
 -0.004432
 -0.003924
  0.000891
  0.003960
 -0.000876
  0.000577
 -0.001774
 -0.001422
 -0.009657
 -0.001708
 -0.003893
 -0.001757
  0.003350
  0.004568
  0.003649
  0.001022
 -0.000905
  0.001634
 -0.001083
  0.000597
  0.002003
 -0.004559
 -0.002676
 -0.000122
 -0.002391
 -0.003111
 -0.003401
  0.006788
  0.000079
  0.000179
  0.002373
  0.000346
  0.008811
 -0.000464
  0.003938
  0.000122
  0.001453
 -0.000019
  0.004081
 -0.001015
  0.004780
  0.000683
  0.000746
  0.002801
  0.004663
 -0.003046
 -0.000768
 -0.004752
 -0.002303
 -0.000150
 -0.002327
  0.002373
  0.000923
  0.001574
  0.002300
  0.001907
 -0.000830
  0.003670
 -0.002163
  0.000065
 -0.001479
 -0.001579
 -0.001060
  0.001761
 -0.000457
  0.001056
 -0.002295
 -0.001046
 -0.001614
 -0.003491
 -0.001911
  0.003801
  0.001217
  0.001340
  0.000961
 -0.000791
 -0.000354
  0.000683
  0.002698
 -0.000604
 -0.001938
  0.000132
  0.001793
 -0.002488
 -0.001196
 -0.001012
  0.000126
  0.000288
 -0.004168
  0.002634
  0.000024
  0.001507
 -0.006313
  0.001460
 -0.005023
  0.002528
 -0.001037
 -0.000698
 -0.001663
 -0.004302
 -0.000193
  0.001134
  0.000178
  0.002783
 -0.000405
 -0.000469
 -0.002232
 -0.002020
 -0.001148
 -0.000351
  0.000754
 -0.000491
 -0.001910
 -0.001322
  0.006104
  0.000031
  0.002324
 -0.001415
 -0.001305
  0.000188
  0.000658
  0.000855
 -0.000438
 -0.000244
  0.001820
 -0.001544
  0.000011
  0.001397
 -0.002083
 -0.000659
 -0.001868
 -0.001203
  0.000898
 -0.001395
  0.000547
  0.001334
 -0.000522
 -0.000407
  0.001275
 -0.000857
  0.005136
 -0.001218
  0.001565
  0.000543
  0.000585
  0.001453
  0.000897
 -0.000212
 -0.000338
 -0.000240
  0.000989
 -0.001865
 -0.001176
  0.001288
 -0.000013
 -0.000052
  0.000826
 -0.000203
 -0.001338
  0.000152
 -0.000646
  0.003090
  0.002486
  0.000434
  0.000000
 -0.001172
  0.000261
  0.001273
  0.001625
  0.000402
  0.000064
  0.000230
  0.000600
 -0.000679
  0.001995
 -0.001093
 -0.002166
  0.000668
  0.000774
 -0.001001
  0.000654
 -0.000177
 -0.002160
  0.000910
 -0.000950
  0.000765
  0.000197
  0.001042
  0.000453
  0.001608
  0.001155
  0.000727
 -0.000055
 -0.000386
 -0.002268
 -0.000345
 -0.002298
 -0.000951
 -0.000834
 -0.002769
  0.001690
  0.000403
 -0.001333
 -0.002493
  0.001126
  0.000797
 -0.001288
 -0.000370
 -0.000925
  0.001483
 -0.001988
  0.000151
  0.000917
 -0.001127
 -0.000952
  0.000916
  0.000164
  0.000318
  0.000236
  0.000309
  0.000306
  0.001249
  0.001424
 -0.000787
 -0.000347
  0.001753
  0.000229
 -0.000205
  0.000451
  0.001130
  0.000426
  0.000612
  0.000439
  0.000044
  0.000379
 -0.001142
 -0.000098
 -0.001096
  0.000029
  0.000786
  0.000632
  0.001014
 -0.000930
 -0.001238
 -0.001149
 -0.000507
 -0.000202
 -0.000722
 -0.000133
  0.000476
 -0.000326
  0.001221
 -0.000083
  0.002600
 -0.000567
 -0.000251
 -0.000819
  0.000084
 -0.000550
 -0.000352
  0.001640
  0.002416
  0.000596
  0.002084
  0.000679
  0.000867
  0.000288
 -0.001647
 -0.000831
  0.000759
 -0.000928
 -0.000110
 -0.000733
  0.000048
  0.000045
  0.002495
  0.002417
  0.001620
 -0.002042
 -0.000035
 -0.000316
  0.000731
 -0.000579
  0.000086
  0.001222
  0.000429
 -0.000073
 -0.000682
 -0.000978
 -0.000267
 -0.000380
  0.000212
 -0.001026
  0.000280
 -0.001201
 -0.001428
  0.000874
 -0.000470
  0.000248
  0.000193
 -0.000290
 -0.000446
 -0.000670
 -0.001037
 -0.001277
 -0.001501
  0.001649
  0.001517
 -0.000834
 -0.000260
  0.001100
  0.001251
 -0.000702
 -0.000876
  0.000537
 -0.000815
  0.000094
 -0.000416
  0.000672
  0.001002
 -0.000893
 -0.000325
 -0.001078
 -0.000648
  0.000417
 -0.003676
  0.000306
 -0.000618
  0.000892
  0.000366
  0.001061
 -0.001352
  0.000279
 -0.000516
  0.000658
 -0.000473
 -0.001030
  0.000555
 -0.000066
 -0.000483
  0.000452
 -0.000768
 -0.001368
 -0.000947
  0.000329
 -0.000595
  0.000522
  0.000444
 -0.001371
  0.000767
 -0.000388
 -0.000032
 -0.001692
  0.000123
  0.000594
  0.000785
  0.000375
 -0.000804
 -0.000177
  0.000222
  0.000505
 -0.000598
  0.000069
 -0.000279
  0.001007
 -0.000418
  0.000156
  0.000080
 -0.001183
  0.000067
 -0.001368
  0.001140
 -0.000472
  0.000809
 -0.000831
 -0.000744
 -0.000004
 -0.000325
 -0.000223
 -0.000798
  0.000216
 -0.001625
 -0.001023
 -0.001270
 -0.000125
 -0.000362
 -0.001356
  0.000802
 -0.001153
 -0.001090
  0.000736
 -0.001464
  0.000998
 -0.001263
  0.000011
  0.000132
  0.000423
  0.000576
  0.000296
 -0.000306
  0.000052
 -0.000419
 -0.000371
 -0.000233
 -0.000389
  0.000019
  0.000306
  0.000214
 -0.000321
  0.000081
 -0.000116
 -0.000182
 -0.000301
 -0.000673
  0.000998
 -0.000067
 -0.000581
 -0.002180
  0.000477
  0.001613
  0.000216
  0.002327
  0.000406
 -0.000653
  0.001145
 -0.000033
  0.000757
 -0.000981
  0.000288
  0.000192
 -0.001410
 -0.001136
  0.000556
  0.000487
  0.001043
 -0.001392
  0.001373
 -0.000055
 -0.001933
  0.001980
  0.001120
 -0.001162
 -0.000102
  0.000551
 -0.002325
 -0.000374
  0.001093
  0.001723
  0.000598
  0.001172
 -0.001683
  0.000415
 -0.000260
  0.000480
 -0.000712
  0.000431
  0.001051
  0.000018
  0.000267
 -0.000017
 -0.001294
  0.000047
  0.000619
  0.000064
 -0.000480
  0.000102
  0.001030
 -0.000310
  0.000782
  0.000924
  0.000172
  0.001121
  0.000239
 -0.001936
  0.000185
  0.000054
 -0.000131
  0.000507
 -0.000222
  0.000818
  0.000834
 -0.000801
 -0.000123
  0.000760
  0.000231
  0.000605
  0.000036
  0.000908
  0.001257
 -0.000286
  0.001313
 -0.000076
 -0.000239
 -0.001583
 -0.000839
 -0.002452
  0.000575
 -0.001597
 -0.000528
  0.000631
 -0.000656
  0.000281
 -0.001198
 -0.000219
  0.000825
  0.000337
 -0.000685
  0.000902
 -0.001910
  0.000341
 -0.000673
  0.000230
 -0.000613
 -0.000654
 -0.000390
  0.000705
  0.000498
 -0.000962
 -0.000576
  0.000265
  0.000535
 -0.000596
  0.001151
  0.000858
 -0.000181
  0.000095
 -0.000555
 -0.000902
  0.000398
 -0.000989
 -0.000824
 -0.000159
 -0.000045
 -0.000257
 -0.000169
 -0.000399
 -0.000150
 -0.000526
  0.000533
 -0.000890
 -0.000075
 -0.000259
 -0.001247
 -0.000661
 -0.000400
 -0.000375
 -0.000046
  0.000020
  0.000033
 -0.000289
  0.000483
 -0.000221
  0.000118
  0.000845
  0.000539
  0.000063
  0.000804
 -0.000031
 -0.000764
  0.000567
  0.000276
 -0.000820
  0.000195
  0.000963
  0.000745
  0.000155
  0.001186
 -0.000077
 -0.001433
 -0.000368
  0.000491
 -0.000330
 -0.000550
 -0.000502
  0.000576
 -0.000490
  0.000308
  0.000534
 -0.000183
  0.000273
 -0.000152
 -0.000033
 -0.000327
 -0.000097
  0.000025
  0.000677
  0.000383
  0.000318
  0.000754
 -0.000167
 -0.000502
 -0.000889
 -0.000094
  0.000346
 -0.000003
 -0.001631
  0.000654
  0.000267
  0.000225
 -0.000364
  0.000359
  0.000197
 -0.000082
  0.000741
  0.000568
 -0.000362
  0.001923
  0.000399
 -0.000401
 -0.000622
  0.000318
  0.000217
  0.000010
  0.000410
 -0.000457
  0.002063
  0.000850
 -0.000273
 -0.001158
 -0.000629
 -0.000101
 -0.001106
  0.000913
 -0.000063
 -0.000252
  0.000815
 -0.000520
 -0.000239
  0.000929
  0.000386
  0.000803
 -0.000076
 -0.000037
 -0.000272
 -0.000077
  0.000007
 -0.001705
 -0.001433
  0.000452
 -0.001132
  0.001080
 -0.000226
 -0.000092
  0.000350
 -0.000651
 -0.000983
  0.000091
 -0.001276
  0.000018
  0.000350
  0.000836
  0.000152
 -0.000875
 -0.000073
  0.000033
 -0.000016
 -0.000401
  0.000105
  0.000320
 -0.000314
  0.000025
 -0.000045
  0.000160
  0.000149
 -0.000066
  0.000548
  0.000201
 -0.000072
  0.000339
  0.000267
 -0.000026
 -0.000161
  0.000082
  0.000025
  0.000454
 -0.000212
  0.000028
  0.000373
 -0.000042
  0.000010
 -0.000051
  0.000170
  0.000333
 -0.000196
 -0.000150
 -0.000324
 -0.000004
  0.001093
  0.000042
  0.000240
  0.000008
  0.000101
 -0.000051
 -0.000116
  0.000357
 -0.000127
  0.000652
 -0.000130
 -0.000071
 -0.000131
 -0.000112
  0.000244
 -0.000091
 -0.000523
 -0.000105
 -0.000359
  0.000313
  0.000078
  0.000044
  0.000314
 -0.000273
 -0.000054
 -0.000009
  0.000055
 -0.000133
 -0.000036
