 -0.264778
 -0.195517
 -0.811528
  0.354200
  0.181884
  0.020268
  0.007670
  0.006091
 -0.178839
  0.043134
  0.007617
 -0.021238
 -0.129537
  0.086549
 -0.045352
  0.007658
 -0.007295
  0.002191
  0.025093
 -0.005512
 -0.022143
 -0.029488
 -0.052541
 -0.032003
 -0.003476
 -0.002882
  0.019763
 -0.019716
 -0.001195
  0.018377
  0.012709
  0.002070
  0.027720
 -0.004307
  0.004477
 -0.010886
  0.004116
  0.013435
  0.000300
  0.003543
  0.001715
 -0.003250
  0.012571
  0.002298
 -0.017137
  0.018566
  0.000543
  0.003430
 -0.002617
 -0.015632
 -0.005886
  0.014400
 -0.012149
 -0.002524
 -0.007555
 -0.013029
 -0.000847
  0.006731
 -0.005678
  0.000285
  0.006187
  0.004951
 -0.008373
 -0.004899
  0.002732
  0.009155
  0.005667
 -0.009839
  0.010615
  0.012305
  0.002132
 -0.005500
 -0.004724
 -0.009821
  0.001922
  0.008956
  0.001049
  0.001517
  0.010852
 -0.000256
 -0.000259
 -0.003717
 -0.006590
 -0.001348
  0.000134
  0.007586
  0.004515
 -0.002032
  0.007268
  0.000247
  0.002534
 -0.001415
 -0.002925
 -0.004038
 -0.012506
 -0.000664
  0.003904
 -0.004222
 -0.000820
  0.006882
  0.015411
  0.000114
  0.001715
  0.005192
  0.008921
  0.000162
 -0.003577
 -0.004694
 -0.005081
  0.010132
  0.004532
 -0.000205
 -0.000705
 -0.003522
 -0.000250
 -0.002172
  0.003672
 -0.008011
 -0.001968
  0.002204
 -0.002098
 -0.000060
  0.002258
 -0.004148
  0.000410
  0.002344
  0.007521
  0.003185
  0.000009
 -0.002156
  0.000075
 -0.000412
 -0.001551
  0.000298
  0.002921
 -0.000689
 -0.002024
  0.000029
  0.001984
  0.000862
 -0.001171
  0.000570
  0.000787
 -0.003009
 -0.000872
  0.000459
  0.000180
 -0.000148
 -0.001915
  0.000054
 -0.004437
  0.002502
 -0.001012
 -0.000008
 -0.004718
 -0.005392
  0.001207
 -0.002560
  0.007343
  0.001274
  0.003112
 -0.007028
  0.001812
 -0.002142
 -0.001333
 -0.003458
 -0.001486
 -0.002763
  0.001349
 -0.000486
 -0.000487
 -0.000365
 -0.001173
 -0.002941
 -0.001872
 -0.003242
 -0.002877
 -0.004540
 -0.002480
  0.003301
 -0.003427
 -0.004464
 -0.001557
 -0.003447
 -0.004162
  0.001772
 -0.000629
  0.001933
 -0.001464
 -0.001757
 -0.004071
  0.004805
 -0.000997
  0.000976
 -0.003442
 -0.002293
 -0.000358
  0.001615
  0.001482
  0.008801
 -0.001804
  0.002051
 -0.000096
  0.002945
  0.002863
 -0.000782
 -0.002956
 -0.001407
 -0.000901
 -0.001132
  0.000652
  0.000499
  0.000750
  0.000766
 -0.002445
  0.001815
 -0.000540
  0.002515
 -0.003461
  0.000885
 -0.000069
  0.001307
 -0.000254
  0.001175
  0.001919
  0.002359
  0.000127
  0.000830
  0.000319
  0.000786
 -0.001288
  0.001343
  0.002004
  0.001069
 -0.000378
  0.000791
 -0.001121
 -0.000923
 -0.000655
  0.000355
  0.000854
  0.000989
 -0.002063
  0.000881
  0.002252
 -0.000701
 -0.000605
 -0.000927
 -0.002630
  0.001134
  0.001085
 -0.001858
 -0.000839
 -0.002146
  0.001416
 -0.000498
 -0.000463
 -0.002289
 -0.002028
  0.001217
  0.000219
  0.002360
 -0.000519
  0.000360
 -0.000147
 -0.002948
  0.000970
 -0.000481
  0.002610
  0.000487
 -0.001125
 -0.001867
  0.001142
  0.000367
  0.002392
 -0.000975
  0.000877
  0.000457
  0.002217
  0.001039
  0.002632
 -0.000728
 -0.000016
 -0.000279
  0.003242
 -0.001132
 -0.001162
 -0.001544
 -0.000698
 -0.000818
 -0.000530
 -0.000832
  0.000872
  0.001479
 -0.000595
 -0.000936
 -0.000682
 -0.000524
  0.000167
  0.000046
 -0.000410
 -0.001036
  0.000403
 -0.000154
 -0.001835
  0.001093
  0.000375
  0.000750
 -0.001055
 -0.001405
  0.000623
  0.001275
  0.000135
  0.000243
  0.000197
 -0.000586
  0.001311
  0.000850
 -0.001078
 -0.000082
 -0.000967
  0.000261
  0.000366
 -0.000603
  0.000813
 -0.001235
 -0.000479
  0.000006
  0.000509
  0.000033
 -0.000815
 -0.000301
  0.000797
  0.000026
  0.000043
 -0.000300
 -0.000023
 -0.000703
  0.000347
  0.000460
 -0.000298
  0.000801
 -0.000368
  0.000457
 -0.000162
  0.000538
  0.000048
 -0.001148
  0.000806
 -0.000497
 -0.000023
  0.000615
  0.000088
  0.000107
  0.001105
 -0.000316
 -0.000455
  0.000403
  0.000203
 -0.000251
 -0.000633
  0.000595
  0.000590
 -0.000072
  0.000854
  0.000301
  0.001082
 -0.000427
  0.000674
  0.002605
  0.001088
 -0.001056
  0.000044
 -0.000257
  0.001787
 -0.001015
  0.001008
  0.000162
  0.000625
 -0.000435
 -0.001041
 -0.000994
  0.000846
  0.000040
  0.001349
  0.001790
 -0.002306
  0.000996
 -0.000869
  0.000381
  0.000710
 -0.001063
 -0.000820
 -0.001110
  0.001307
 -0.001116
 -0.000302
 -0.000666
 -0.000600
 -0.001269
 -0.001117
  0.000374
 -0.000277
 -0.001938
 -0.001656
  0.000226
 -0.000144
 -0.000041
 -0.000170
 -0.000867
  0.001196
  0.000590
  0.001741
 -0.000212
 -0.000652
 -0.001137
 -0.000932
  0.000231
 -0.000146
  0.000348
 -0.001577
 -0.001842
  0.000098
 -0.000539
  0.000506
 -0.000521
  0.000023
  0.000880
 -0.002318
  0.001314
  0.000235
 -0.000468
 -0.000318
 -0.001768
  0.002341
 -0.000644
  0.000738
  0.001063
  0.000168
 -0.000771
  0.000570
 -0.000334
 -0.000116
 -0.000517
  0.001251
  0.000737
  0.001137
  0.001003
 -0.000122
 -0.000535
 -0.000559
  0.000256
 -0.000201
  0.000017
  0.000573
 -0.000890
  0.001565
 -0.000490
  0.000803
  0.000682
  0.001022
 -0.001487
 -0.000392
  0.000574
  0.001680
  0.000132
 -0.000170
 -0.000219
  0.000623
  0.000595
  0.000564
 -0.000760
 -0.000494
 -0.000675
  0.001171
  0.000415
 -0.000461
  0.000333
 -0.000818
  0.000255
 -0.000486
 -0.001105
  0.000392
  0.000618
  0.000903
 -0.001043
  0.000253
  0.000136
 -0.000598
  0.000107
  0.000776
  0.000057
 -0.000175
 -0.001156
 -0.000546
 -0.000356
  0.000678
  0.000338
 -0.000639
  0.000057
 -0.000352
 -0.000037
 -0.000875
  0.000138
 -0.000514
  0.000521
 -0.000323
 -0.000806
  0.000114
  0.000425
  0.000259
  0.001410
  0.000275
 -0.000354
 -0.000379
  0.000967
 -0.000009
 -0.000251
 -0.001324
  0.000188
  0.000771
  0.000198
  0.000858
 -0.000278
 -0.000361
 -0.000596
 -0.000157
  0.000560
 -0.000206
  0.001128
 -0.000106
  0.000963
 -0.000270
 -0.000484
 -0.000101
 -0.000098
  0.000458
 -0.000067
  0.000186
 -0.000455
  0.000030
 -0.000527
  0.000580
 -0.000469
  0.000868
 -0.000982
 -0.000202
  0.000432
 -0.000211
 -0.001173
  0.001085
 -0.000466
  0.001509
  0.000099
 -0.000973
 -0.000871
  0.001122
 -0.000252
  0.000138
 -0.000827
  0.000494
  0.001026
  0.000154
 -0.000035
 -0.000568
  0.001820
 -0.000371
  0.000008
 -0.000412
  0.000830
 -0.000974
 -0.001195
 -0.000452
  0.000118
 -0.000156
 -0.000194
 -0.000373
 -0.000719
  0.000128
  0.000232
  0.000388
 -0.001300
  0.000380
  0.000921
 -0.000336
 -0.000288
 -0.000217
  0.001010
 -0.000581
 -0.000325
 -0.000202
 -0.000373
  0.000157
  0.000161
 -0.000061
  0.000519
 -0.000397
  0.000746
 -0.000490
  0.001057
  0.000198
  0.001186
 -0.000099
 -0.000538
 -0.000338
  0.000226
  0.001104
 -0.000430
 -0.000529
  0.000575
 -0.000492
  0.000058
 -0.001015
 -0.000512
 -0.001041
 -0.000607
 -0.000376
 -0.000848
  0.000683
 -0.000706
  0.000292
 -0.000538
 -0.000962
  0.000158
 -0.000002
  0.000700
  0.001344
 -0.000431
  0.000573
 -0.001070
  0.001701
  0.000484
  0.000161
  0.000615
 -0.000323
 -0.000302
  0.000881
  0.000650
 -0.000784
 -0.000440
  0.000244
 -0.000754
 -0.000092
 -0.000119
 -0.000201
 -0.000027
  0.000422
  0.000887
 -0.000408
 -0.000315
  0.000062
  0.000175
 -0.000541
 -0.000911
  0.000242
 -0.000163
 -0.000341
  0.000138
  0.000172
  0.000059
 -0.000706
  0.000536
  0.000459
 -0.000034
 -0.000246
  0.000159
  0.000153
 -0.000357
  0.000145
  0.000580
 -0.000538
  0.000044
 -0.000220
 -0.000192
  0.000070
 -0.000110
  0.000131
  0.000148
  0.000003
 -0.000037
  0.000326
 -0.000163
  0.000528
  0.000137
 -0.000007
  0.000065
  0.000460
  0.000407
  0.000678
  0.000000
 -0.000508
 -0.000061
  0.000383
 -0.000106
 -0.000498
 -0.000060
 -0.000012
 -0.000237
 -0.001556
  0.000120
  0.000054
  0.001522
  0.000345
 -0.000358
  0.000285
  0.000802
 -0.000304
 -0.000084
  0.000526
 -0.000250
 -0.000306
  0.001152
 -0.000815
 -0.000058
  0.001017
  0.000716
  0.000403
  0.000356
 -0.000085
 -0.000297
  0.000042
 -0.000433
  0.000328
 -0.000488
  0.000434
 -0.000081
 -0.000627
  0.000412
  0.000176
 -0.000184
  0.000193
 -0.000752
 -0.000415
 -0.000017
 -0.000776
  0.000081
  0.000688
 -0.000304
 -0.000229
 -0.000217
  0.000334
 -0.000405
  0.000791
 -0.000676
 -0.000532
  0.001030
  0.000176
  0.000062
  0.000158
 -0.000070
 -0.000460
  0.000392
 -0.000750
  0.000033
  0.001438
 -0.000228
 -0.000609
 -0.000481
 -0.000196
  0.000445
 -0.000428
 -0.000182
  0.000356
 -0.000857
  0.000322
  0.000351
 -0.000781
 -0.000421
  0.000165
  0.000502
  0.000025
  0.000152
 -0.000499
 -0.000613
  0.000588
  0.000603
  0.000230
 -0.000059
 -0.000669
  0.000437
 -0.000152
 -0.000473
 -0.000254
  0.000094
 -0.000340
  0.000821
 -0.000222
  0.000063
  0.000419
 -0.000683
  0.000035
  0.000271
  0.000023
 -0.000353
 -0.000320
  0.000473
 -0.000240
 -0.000044
  0.000581
 -0.000535
 -0.000431
 -0.000167
 -0.000071
  0.000152
 -0.000819
 -0.001065
 -0.000093
  0.000317
 -0.000718
  0.000199
  0.000340
 -0.000147
 -0.000377
 -0.000659
  0.000477
 -0.000213
  0.000086
  0.000607
  0.000527
  0.000050
 -0.000404
  0.000387
  0.000153
  0.001283
  0.000080
