 -0.255943
  0.464815
  0.831384
 -0.052039
 -0.008248
 -0.080104
  0.035996
  0.003179
 -0.009980
 -0.024313
 -0.026314
 -0.082240
 -0.002077
 -0.024420
 -0.012636
  0.045560
  0.004907
  0.018295
  0.022082
  0.013879
 -0.015941
 -0.020350
 -0.021754
 -0.019525
 -0.000900
  0.000078
  0.009964
  0.029200
  0.002162
 -0.005133
 -0.007431
 -0.002305
  0.006766
 -0.000019
  0.003684
  0.008089
 -0.001644
 -0.006580
  0.009042
 -0.000587
  0.004347
  0.003025
 -0.004026
 -0.002439
 -0.004428
  0.006281
  0.004623
  0.011481
 -0.003764
 -0.017006
  0.003436
  0.003410
  0.000876
  0.000443
  0.002702
  0.003697
 -0.009660
 -0.002104
 -0.002819
 -0.003361
 -0.006010
 -0.006116
 -0.002368
 -0.004035
 -0.000424
 -0.002752
  0.001193
 -0.003015
 -0.000968
  0.005585
 -0.005642
  0.002539
  0.007268
  0.003001
  0.006521
  0.000516
  0.006497
 -0.002079
 -0.000717
  0.000271
  0.004161
 -0.004090
 -0.001710
  0.004625
  0.006810
 -0.002382
 -0.000571
  0.001148
 -0.003740
 -0.000993
  0.004923
 -0.001343
  0.000710
 -0.000058
 -0.004169
 -0.000413
  0.003656
 -0.000220
  0.002588
  0.002239
  0.001145
 -0.000854
  0.004486
 -0.000440
  0.000486
 -0.003974
 -0.001305
  0.002469
 -0.003407
 -0.000830
  0.002092
  0.003071
  0.000268
 -0.000832
  0.002854
  0.000273
 -0.000072
  0.001326
 -0.000697
 -0.002175
  0.000558
  0.003518
 -0.001143
 -0.000035
  0.001542
  0.001862
  0.000495
  0.001094
 -0.000191
 -0.001310
 -0.001474
  0.000517
 -0.000478
 -0.000778
  0.001429
 -0.000383
  0.000673
  0.001378
 -0.000597
  0.000185
 -0.001806
  0.002566
 -0.000538
 -0.000333
 -0.000185
 -0.001011
 -0.002862
  0.003933
 -0.000079
 -0.001568
 -0.000580
 -0.001040
 -0.001743
 -0.001230
 -0.002675
 -0.000101
 -0.001834
 -0.000963
  0.001602
  0.003767
 -0.002124
  0.000077
  0.002431
 -0.000087
  0.003070
 -0.000734
 -0.000639
  0.001610
  0.000082
 -0.000718
 -0.000318
  0.001009
  0.002301
  0.001412
  0.002483
 -0.001821
 -0.002774
 -0.000242
 -0.003070
 -0.000318
 -0.000162
 -0.001172
  0.000375
  0.000300
 -0.000440
  0.003173
  0.001201
 -0.000927
  0.001692
 -0.001263
  0.002142
  0.002189
  0.000999
  0.001498
 -0.004038
 -0.002567
 -0.000675
  0.000332
 -0.000761
 -0.001654
 -0.003051
 -0.001151
 -0.002515
  0.002361
  0.001274
  0.001123
 -0.001968
  0.000198
  0.001305
 -0.002039
 -0.003163
 -0.001139
  0.001097
  0.000479
 -0.003066
  0.000309
 -0.001814
  0.000772
  0.000601
  0.001393
 -0.001025
  0.000231
 -0.000575
 -0.000713
  0.000792
  0.000605
  0.001395
  0.000486
  0.001425
  0.002039
 -0.000415
  0.000611
 -0.001139
  0.002284
  0.000357
  0.000901
 -0.001755
  0.001030
 -0.000111
  0.000610
  0.000205
 -0.002111
  0.001242
  0.001030
  0.000943
  0.002756
 -0.000478
 -0.000869
 -0.000383
  0.000524
 -0.000331
  0.000789
  0.000515
 -0.000405
 -0.000037
 -0.001423
  0.000310
 -0.002081
 -0.002509
  0.000428
  0.000929
 -0.000458
  0.000143
  0.000011
 -0.001815
 -0.001642
 -0.001249
 -0.000612
 -0.000844
 -0.000385
  0.000545
 -0.001296
  0.002770
  0.000324
  0.001259
 -0.000924
  0.000839
  0.002074
 -0.000576
 -0.000143
  0.000188
 -0.000515
 -0.000022
  0.000043
 -0.000864
  0.001461
  0.001566
  0.003847
  0.000951
  0.000771
 -0.000453
 -0.000527
  0.001802
 -0.000913
 -0.000996
 -0.000349
  0.000611
 -0.000795
  0.000897
  0.000150
 -0.000407
 -0.000358
 -0.001313
  0.000612
  0.000538
  0.000808
  0.000997
 -0.000345
 -0.002132
 -0.000847
  0.001393
  0.000950
  0.000205
 -0.000416
 -0.000558
  0.001199
 -0.000493
 -0.000758
 -0.001031
  0.000119
 -0.000107
 -0.000213
 -0.000507
 -0.000663
  0.000809
 -0.000112
 -0.000617
 -0.000314
 -0.000018
  0.000071
 -0.000087
 -0.000651
 -0.000239
 -0.000618
  0.001322
 -0.000772
 -0.000982
 -0.000320
  0.000191
 -0.000245
  0.001012
 -0.000570
  0.000222
 -0.000027
 -0.001112
 -0.001407
  0.000370
 -0.000595
  0.000048
 -0.000007
 -0.000169
 -0.000586
  0.001608
  0.001088
 -0.001007
  0.000266
 -0.000313
 -0.000191
 -0.002041
 -0.000694
  0.000102
  0.000319
 -0.000390
 -0.001039
  0.000750
 -0.000355
  0.000521
 -0.000793
  0.001296
 -0.000791
 -0.001092
 -0.000233
 -0.000151
  0.000732
 -0.000433
  0.000166
  0.000273
  0.000234
 -0.000325
  0.000334
  0.000072
 -0.000154
 -0.000355
 -0.000366
  0.000714
 -0.000168
  0.000189
  0.000163
  0.001201
 -0.000979
 -0.000421
 -0.000645
  0.000217
  0.000300
  0.000461
  0.000684
  0.000170
  0.000235
 -0.000418
  0.000141
  0.000261
  0.000159
 -0.000186
  0.000124
  0.000108
  0.000061
  0.000886
  0.000303
 -0.000516
 -0.000210
  0.000870
  0.001287
  0.000062
  0.000490
  0.000257
 -0.000288
 -0.000429
 -0.000730
  0.000122
 -0.000797
  0.000780
  0.000307
 -0.000500
 -0.000671
 -0.000569
 -0.000170
 -0.000002
  0.001247
 -0.000818
 -0.000690
 -0.001246
 -0.000460
 -0.000067
  0.000009
  0.000274
  0.000157
  0.001005
 -0.000479
  0.000062
  0.000252
  0.000383
 -0.000296
 -0.000344
 -0.000046
 -0.000143
 -0.000372
 -0.000285
  0.000489
 -0.000479
  0.000277
  0.000113
 -0.000100
  0.000209
 -0.000396
 -0.000188
  0.000647
 -0.000387
 -0.000406
 -0.001165
 -0.000136
 -0.000033
 -0.000522
  0.000051
  0.000361
 -0.000123
 -0.000381
 -0.000994
 -0.000335
 -0.000434
 -0.000501
 -0.000304
 -0.001535
 -0.000134
 -0.000021
  0.000941
  0.000639
 -0.000733
  0.000022
  0.000402
  0.000052
  0.000121
 -0.000686
  0.000639
  0.000789
 -0.000648
 -0.000293
 -0.000809
  0.000102
  0.000120
  0.000164
  0.000108
 -0.000481
 -0.001081
 -0.000153
 -0.000253
  0.001123
 -0.000076
  0.000325
 -0.000689
  0.000264
  0.000942
  0.000934
 -0.001297
  0.000995
  0.000101
 -0.000147
  0.000024
 -0.000024
  0.000925
  0.000514
  0.000661
  0.000633
  0.000106
 -0.000977
 -0.000441
 -0.000712
 -0.000541
  0.000770
 -0.000301
 -0.000046
  0.000152
 -0.000114
 -0.000193
  0.000427
 -0.000251
  0.001133
  0.000405
  0.000020
 -0.000320
  0.000017
  0.000089
  0.000701
  0.000494
  0.000108
 -0.000533
 -0.000710
 -0.000296
  0.000023
 -0.001043
 -0.000702
 -0.000793
 -0.000648
  0.000512
  0.001472
  0.000374
  0.000820
 -0.000339
  0.001451
 -0.000792
 -0.000272
 -0.000296
  0.001500
 -0.001408
  0.000924
 -0.000597
  0.000526
  0.000553
 -0.000869
 -0.000676
 -0.000048
  0.000136
 -0.000940
 -0.000695
  0.000299
 -0.000920
 -0.000766
  0.000527
  0.000437
  0.000084
 -0.000222
 -0.000186
  0.000519
 -0.000574
 -0.000568
  0.000735
  0.001148
  0.001066
 -0.001666
  0.000073
  0.000171
  0.000894
  0.000477
  0.000791
 -0.001279
  0.000098
  0.000216
 -0.000476
  0.000297
 -0.000076
 -0.000264
  0.000695
  0.000231
 -0.000122
  0.000552
 -0.000703
  0.000776
  0.000049
 -0.000408
 -0.000308
 -0.001037
 -0.000292
  0.000335
  0.000660
  0.000407
  0.000647
  0.000122
  0.000059
 -0.000662
  0.000395
 -0.000183
  0.000883
 -0.000291
  0.000217
 -0.000575
  0.000114
 -0.000002
  0.000238
 -0.000688
 -0.000016
 -0.000165
  0.000109
  0.000334
 -0.000144
 -0.000823
  0.000170
 -0.000406
  0.000135
 -0.000054
 -0.000140
  0.000067
  0.000117
 -0.000289
  0.000016
 -0.000599
  0.000466
 -0.000144
  0.000308
 -0.000336
 -0.000235
  0.000102
 -0.000336
 -0.000270
 -0.000405
  0.000070
 -0.000644
 -0.000317
  0.000527
  0.000401
 -0.000244
  0.000527
 -0.000871
 -0.000010
  0.000548
  0.000517
 -0.000639
  0.000770
  0.000682
  0.000699
 -0.000306
  0.000058
 -0.000462
 -0.000109
 -0.000001
 -0.000300
 -0.000070
  0.000137
  0.000548
  0.000383
  0.000207
 -0.000607
 -0.000172
  0.000311
 -0.000001
  0.000187
  0.000733
  0.000060
  0.000203
 -0.000060
  0.000042
  0.000543
 -0.000438
 -0.000395
 -0.000087
 -0.000401
 -0.000308
  0.000265
  0.000075
  0.000485
 -0.000215
  0.000030
 -0.000181
 -0.000135
 -0.000265
  0.000452
  0.000279
 -0.000734
  0.000144
  0.000553
  0.000193
 -0.000315
  0.000264
  0.000201
 -0.000208
 -0.000106
  0.000042
 -0.000516
  0.000407
 -0.000847
 -0.000439
  0.000023
 -0.000027
  0.000660
  0.000329
  0.001165
 -0.000259
  0.000186
 -0.000261
  0.000709
 -0.000379
 -0.000095
  0.000030
  0.000232
 -0.000098
  0.000057
  0.000327
  0.000213
 -0.000480
 -0.000043
  0.000127
 -0.000175
 -0.000830
 -0.000104
  0.000178
  0.000006
 -0.000076
 -0.000293
 -0.000139
  0.000154
 -0.000434
  0.000824
  0.000160
  0.000430
  0.000724
 -0.000207
 -0.000680
 -0.000573
  0.000103
  0.000340
  0.000216
 -0.000099
 -0.000468
  0.000839
 -0.000861
  0.000600
  0.000385
 -0.000242
  0.001171
 -0.000203
  0.000228
 -0.000235
 -0.000177
 -0.000296
  0.001088
 -0.000151
 -0.000019
  0.000065
  0.000052
 -0.000017
 -0.000638
  0.000353
  0.000515
  0.000301
 -0.000192
  0.000478
  0.000085
  0.000361
 -0.000278
 -0.000006
  0.000057
 -0.000295
 -0.000343
  0.000159
  0.000011
 -0.000177
  0.000157
 -0.000092
 -0.000012
  0.000060
  0.000221
  0.000684
 -0.000100
 -0.000238
  0.000148
 -0.000062
  0.000208
 -0.000046
  0.000092
  0.000001
 -0.000110
  0.000074
 -0.000053
  0.000122
 -0.000064
 -0.000250
 -0.000173
  0.000275
 -0.000024
 -0.000068
  0.000336
  0.000135
 -0.000062
  0.000024
  0.000017
  0.000184
  0.000036
  0.000067
  0.000062
  0.000136
  0.000196
 -0.000022
  0.000110
  0.000123
 -0.000227
  0.000248
 -0.000103
