  0.230584
  0.846259
 -0.392192
  0.140382
  0.001178
 -0.058044
 -0.095763
 -0.039918
  0.031823
 -0.024414
 -0.171606
  0.081724
  0.019745
  0.013693
 -0.008609
  0.008203
 -0.002306
 -0.012261
  0.002557
  0.016731
 -0.018848
 -0.000137
  0.007404
 -0.005299
 -0.010153
  0.003497
  0.007758
 -0.023071
  0.008141
  0.002714
 -0.013430
 -0.008254
 -0.000869
 -0.005391
 -0.008344
 -0.006552
  0.009608
 -0.012120
 -0.004867
 -0.008039
  0.001196
  0.003095
  0.011614
 -0.004061
 -0.009985
  0.001500
 -0.002299
 -0.006609
 -0.005318
  0.007130
 -0.001511
 -0.009322
 -0.007912
  0.007489
  0.002203
  0.007288
 -0.012349
  0.004056
  0.000994
  0.011676
  0.011405
  0.002755
  0.001580
 -0.008071
  0.002709
  0.001603
  0.001776
  0.001154
 -0.003508
  0.002097
 -0.003785
 -0.001096
  0.004745
 -0.006000
 -0.007840
 -0.003475
  0.001199
 -0.007863
 -0.004335
  0.000294
  0.005296
  0.000678
 -0.000274
  0.000677
  0.004487
  0.001015
 -0.000838
  0.000194
  0.002103
 -0.001502
  0.002826
 -0.002139
 -0.001279
  0.000554
 -0.002879
  0.001340
  0.000915
  0.005224
  0.001332
 -0.002044
 -0.000667
 -0.002008
  0.005939
  0.001960
 -0.003186
 -0.002952
  0.005822
 -0.002306
 -0.002118
  0.000716
 -0.001796
  0.002819
  0.002990
 -0.001693
  0.000840
 -0.002313
  0.000479
 -0.006670
 -0.002071
 -0.001227
  0.003562
  0.004178
 -0.002472
 -0.002162
 -0.000798
 -0.003188
  0.000461
  0.000171
  0.001345
  0.002422
  0.000332
 -0.002939
 -0.001387
 -0.000144
  0.003160
  0.000068
 -0.002015
 -0.000581
  0.000804
  0.002470
 -0.002880
 -0.002769
 -0.000072
  0.001283
  0.000881
  0.000078
  0.001310
 -0.000444
 -0.001516
  0.000340
  0.003102
 -0.000762
  0.000544
  0.001157
  0.001828
  0.001178
 -0.001019
  0.000356
 -0.000556
 -0.002619
 -0.000741
 -0.002213
  0.000090
  0.000937
  0.000600
  0.000505
 -0.001558
 -0.000072
  0.002150
 -0.002393
 -0.002151
  0.002123
 -0.001919
  0.000963
  0.001869
  0.003005
 -0.002206
 -0.000766
 -0.002295
  0.000689
  0.000834
 -0.001326
 -0.002238
  0.000386
  0.000652
  0.000975
  0.001238
  0.000184
  0.001044
  0.001432
  0.001626
  0.001628
  0.000310
  0.000953
 -0.000207
  0.001969
  0.000586
 -0.000596
  0.000586
  0.001048
  0.002597
 -0.000379
 -0.001331
  0.000364
  0.001977
  0.000270
 -0.000124
  0.000688
 -0.001991
 -0.000180
  0.001819
  0.000697
 -0.002001
  0.001848
 -0.000161
  0.000250
 -0.001032
  0.000141
  0.001037
  0.001196
  0.000004
 -0.000264
  0.000307
 -0.001326
  0.000534
  0.000460
  0.000118
 -0.000215
  0.000264
  0.001370
 -0.000108
 -0.001147
 -0.001520
  0.000759
 -0.001000
 -0.001233
 -0.000504
  0.000992
 -0.002317
  0.000186
  0.000742
  0.000441
  0.001264
  0.000479
  0.001491
  0.000398
  0.000369
 -0.001137
  0.002578
  0.000906
 -0.000585
  0.000281
 -0.001658
 -0.000750
 -0.001802
 -0.000615
  0.001353
  0.001023
  0.000570
  0.000339
  0.000368
  0.004168
  0.000601
  0.000890
  0.000907
  0.000779
  0.000886
  0.000630
  0.000823
  0.000061
 -0.001018
 -0.000702
  0.000750
 -0.001972
  0.001831
  0.000470
  0.000982
 -0.000978
 -0.001391
 -0.000226
 -0.001350
 -0.001048
  0.000113
 -0.000747
  0.000302
  0.000384
 -0.001053
  0.001985
  0.000030
  0.000551
 -0.000288
  0.000291
  0.000413
  0.000152
 -0.000914
  0.000795
 -0.000163
  0.000065
  0.000588
 -0.000045
 -0.000135
  0.000547
  0.000184
 -0.000443
 -0.000480
  0.000190
  0.000365
 -0.000431
 -0.000414
  0.000166
 -0.000484
 -0.000824
  0.000169
  0.000638
  0.000829
  0.000307
 -0.000201
 -0.000577
  0.000334
 -0.000046
 -0.000337
  0.000094
  0.000761
 -0.000029
  0.000754
  0.001061
  0.000703
  0.000525
 -0.000180
  0.001406
  0.000174
 -0.000661
 -0.000638
 -0.000788
 -0.000141
 -0.000492
 -0.000167
 -0.000376
  0.000152
  0.000516
  0.000161
 -0.000787
 -0.000067
 -0.000217
 -0.000234
 -0.000765
  0.000112
 -0.000840
 -0.000379
 -0.000060
  0.000116
 -0.000390
  0.000136
  0.000713
 -0.001861
 -0.000559
 -0.000807
  0.000108
 -0.001707
 -0.000917
  0.000153
  0.000247
 -0.000135
 -0.000708
 -0.000537
 -0.000312
  0.000035
  0.000262
  0.001708
 -0.000487
 -0.000609
 -0.000718
  0.000492
 -0.000480
  0.000798
 -0.000284
 -0.000081
  0.001546
  0.001122
  0.000408
  0.000742
  0.000532
 -0.000414
 -0.000568
 -0.001181
  0.001963
 -0.000792
  0.000512
  0.000288
 -0.000289
 -0.000112
 -0.001032
  0.000279
  0.000988
  0.000851
  0.000558
  0.001009
 -0.000250
 -0.000947
 -0.000552
  0.001083
 -0.000528
 -0.000213
  0.000844
 -0.000250
 -0.000386
  0.000266
  0.000106
  0.000155
 -0.000154
  0.000283
  0.001393
  0.000055
  0.000537
 -0.000798
 -0.000186
 -0.000723
 -0.000260
  0.000494
 -0.000607
  0.000262
 -0.000635
  0.000050
 -0.000226
  0.000167
  0.000126
 -0.000454
  0.000663
 -0.000086
 -0.000258
 -0.000565
 -0.000496
 -0.000274
 -0.000030
  0.000658
  0.000407
 -0.000172
  0.000240
  0.000153
  0.000062
  0.000468
  0.000315
 -0.000467
  0.000409
 -0.000275
 -0.000116
  0.000003
 -0.000249
  0.000325
  0.000128
  0.000031
  0.000261
  0.000094
  0.000226
  0.000175
  0.000203
  0.000201
 -0.000018
  0.000692
  0.000554
 -0.000598
  0.000302
  0.000058
  0.001498
 -0.000840
  0.000442
  0.000401
  0.000797
  0.000906
 -0.000369
 -0.000129
  0.000016
  0.000876
 -0.000219
 -0.000326
  0.000116
  0.000310
 -0.000668
 -0.000082
  0.000561
  0.000330
  0.000372
  0.000146
 -0.000536
  0.000383
 -0.000673
  0.000290
 -0.000196
  0.000002
  0.000235
 -0.000421
  0.000623
 -0.000347
  0.000546
 -0.000123
  0.000236
  0.000375
 -0.000099
  0.000225
  0.000900
  0.000310
  0.000113
 -0.000476
  0.000419
  0.000068
  0.000146
  0.000724
  0.000358
  0.000534
 -0.000642
  0.000154
  0.000018
  0.000452
  0.001413
 -0.000575
  0.000307
 -0.000091
  0.000113
  0.000114
  0.000023
 -0.000076
 -0.000305
 -0.000510
 -0.000663
 -0.000073
 -0.000112
  0.000544
  0.000667
 -0.000262
 -0.000016
  0.000670
  0.000795
 -0.000485
 -0.000264
 -0.000193
 -0.000830
 -0.000261
 -0.000179
 -0.000312
 -0.000403
  0.000035
  0.000181
  0.000001
 -0.000339
  0.000160
 -0.000772
 -0.000357
  0.000306
  0.000377
 -0.000609
  0.000148
  0.000651
  0.000040
  0.000681
  0.000246
  0.000112
 -0.000052
  0.000189
  0.000016
  0.000305
  0.000054
 -0.000134
  0.000123
  0.000157
 -0.000463
  0.000295
  0.000541
  0.000641
  0.000065
  0.000275
 -0.000302
  0.000048
 -0.000308
 -0.000398
  0.000018
  0.000316
 -0.000156
  0.000212
 -0.000251
  0.000267
  0.000150
  0.000159
 -0.000142
  0.000149
 -0.000122
  0.000074
 -0.000047
 -0.000163
 -0.000144
 -0.000237
 -0.000348
  0.000036
  0.000057
  0.000052
  0.000120
  0.000712
 -0.000139
 -0.000103
 -0.000091
 -0.000366
 -0.000423
  0.000093
  0.000085
 -0.000501
 -0.000119
  0.000154
 -0.000328
 -0.000767
  0.000166
 -0.000123
 -0.000180
  0.000005
 -0.000860
 -0.000080
 -0.000403
  0.000114
 -0.000083
 -0.000376
 -0.000236
 -0.000451
  0.000270
 -0.000276
 -0.000273
 -0.000275
  0.000490
  0.000347
  0.000274
  0.000836
  0.000002
  0.000217
 -0.000429
 -0.000258
  0.000354
 -0.000037
 -0.000078
  0.000336
  0.000173
  0.000201
 -0.000238
 -0.000108
 -0.000792
  0.000374
 -0.000015
  0.000083
 -0.000614
 -0.000573
 -0.000277
 -0.000077
  0.000054
 -0.000136
 -0.000776
  0.000536
  0.000432
  0.000283
 -0.000455
  0.000170
 -0.000172
  0.000332
 -0.000374
 -0.000233
 -0.000277
 -0.000137
 -0.000099
  0.000113
  0.000128
  0.000795
 -0.000777
 -0.000750
  0.000047
  0.001209
 -0.000417
  0.000319
 -0.000317
 -0.000987
  0.000099
 -0.000215
  0.000704
  0.000299
 -0.000083
 -0.000067
  0.000474
 -0.000140
  0.000114
 -0.000171
  0.000089
  0.000048
  0.000108
 -0.000150
 -0.000051
  0.000488
  0.000112
 -0.000928
  0.000716
 -0.000338
  0.001093
  0.000326
 -0.000478
 -0.000054
  0.000033
  0.000280
  0.000650
  0.000596
  0.000037
 -0.000030
 -0.000131
 -0.000678
 -0.000169
  0.000059
 -0.000347
 -0.000311
 -0.000167
 -0.000673
 -0.000454
  0.000619
  0.000127
  0.000809
  0.000636
 -0.000008
  0.000264
  0.000403
 -0.000616
 -0.000080
 -0.000017
  0.000460
 -0.000548
 -0.000417
 -0.000620
 -0.000107
  0.000469
  0.000008
 -0.000084
  0.000099
 -0.000213
  0.000044
 -0.000269
 -0.000339
 -0.000246
  0.000025
  0.000211
  0.000098
  0.000051
 -0.000280
  0.000107
 -0.000297
  0.000504
 -0.000392
  0.000333
 -0.000006
 -0.000252
 -0.000468
 -0.000539
  0.000568
 -0.000048
 -0.000058
 -0.000062
 -0.000066
 -0.000345
 -0.000014
  0.000074
 -0.000111
 -0.000017
  0.000195
 -0.000292
  0.000171
  0.000123
 -0.000094
 -0.000208
  0.000121
 -0.000200
 -0.000324
 -0.000227
  0.000137
  0.000039
 -0.000305
 -0.000161
 -0.000118
 -0.000096
  0.000085
  0.000165
 -0.000012
  0.000264
 -0.000339
  0.000171
  0.000061
  0.000157
 -0.000117
  0.000269
  0.000080
 -0.000055
  0.000195
  0.000037
  0.000079
 -0.000033
 -0.000160
  0.000118
 -0.000130
 -0.000027
 -0.000004
  0.000190
 -0.000041
  0.000016
  0.000101
 -0.000023
  0.000258
  0.000042
  0.000272
 -0.000071
 -0.000034
 -0.000039
 -0.000150
  0.000027
  0.000021
 -0.000013
 -0.000049
  0.000066
 -0.000052
 -0.000014
 -0.000094
 -0.000321
 -0.000034
  0.000020
 -0.000128
  0.000122
 -0.000074
 -0.000078
