  0.014110
  0.016001
 -0.090315
  0.972399
 -0.033313
  0.102613
  0.055081
 -0.024891
 -0.041068
 -0.004588
 -0.140597
  0.030605
  0.005474
 -0.012813
  0.043833
  0.000643
 -0.021743
 -0.012830
  0.003527
 -0.012428
 -0.002490
  0.012656
 -0.036118
 -0.000549
  0.003321
 -0.007196
 -0.006533
 -0.006145
 -0.004952
  0.002781
  0.002315
 -0.009010
  0.007970
  0.016693
  0.007767
 -0.002933
 -0.023308
 -0.002011
 -0.004128
  0.008143
  0.005296
  0.009467
 -0.001626
 -0.012785
 -0.002146
  0.000122
  0.000939
  0.000206
 -0.011228
 -0.002269
 -0.003055
  0.004337
 -0.003144
  0.005679
 -0.003029
 -0.011207
  0.014143
  0.002698
 -0.003607
 -0.012067
  0.000262
  0.004147
 -0.008418
 -0.003620
 -0.003917
 -0.000650
 -0.006049
  0.001348
  0.000448
  0.017665
  0.002396
 -0.000413
  0.002350
  0.002471
 -0.002603
 -0.000278
  0.004939
  0.000620
 -0.002264
  0.000467
  0.000811
  0.000081
 -0.000773
 -0.002279
  0.001647
 -0.002753
 -0.000800
  0.002848
 -0.002028
 -0.001764
 -0.001532
 -0.001647
 -0.001106
  0.001177
  0.002398
  0.000234
  0.001080
  0.001980
 -0.001135
 -0.003534
 -0.004245
  0.000252
  0.000452
 -0.001185
 -0.001632
 -0.004190
 -0.004757
 -0.001160
  0.000596
 -0.002224
 -0.002025
  0.001076
  0.000928
 -0.000615
  0.000582
 -0.000102
 -0.003117
 -0.000837
 -0.000843
  0.001985
  0.001422
  0.000172
  0.001689
 -0.000705
  0.001408
  0.004298
  0.000597
  0.002627
 -0.000291
  0.000555
  0.000095
 -0.000278
  0.000816
  0.000475
  0.001157
  0.001144
 -0.000751
 -0.001806
 -0.001126
 -0.000889
  0.002051
  0.000825
  0.001775
  0.001285
  0.001751
  0.001166
 -0.001019
 -0.007180
  0.002858
 -0.001256
 -0.000585
  0.004224
  0.004748
  0.002190
 -0.002259
 -0.000353
 -0.001143
 -0.001002
 -0.002979
 -0.003402
  0.001852
  0.001840
  0.005232
 -0.002414
 -0.003650
 -0.001421
 -0.001479
  0.001981
  0.003581
 -0.000855
  0.000155
 -0.001917
  0.003807
 -0.002962
 -0.000201
 -0.000775
  0.000103
  0.000344
  0.000307
  0.000619
 -0.001073
  0.003606
  0.001077
  0.001228
 -0.000656
 -0.001103
  0.000508
  0.004365
 -0.001075
 -0.001126
  0.003252
  0.004062
 -0.002148
 -0.003637
  0.002824
 -0.005074
 -0.001506
 -0.002615
 -0.005654
 -0.002639
 -0.003210
 -0.002220
  0.000228
  0.001062
 -0.002427
 -0.000062
  0.002364
 -0.002127
 -0.000931
  0.001524
  0.000806
 -0.001967
 -0.000408
 -0.000533
  0.000004
  0.000136
  0.002898
 -0.000342
 -0.001106
 -0.000054
  0.001242
  0.001206
  0.000803
  0.000720
 -0.000108
 -0.000166
  0.000172
  0.000748
  0.001045
 -0.001479
 -0.001470
 -0.001450
 -0.000061
  0.000141
 -0.001076
 -0.001516
  0.000627
 -0.001497
  0.000108
  0.000876
  0.000758
  0.000549
  0.000183
  0.001379
  0.000279
 -0.000491
 -0.000985
 -0.000260
  0.000301
  0.001494
  0.000349
  0.000178
 -0.000318
 -0.001024
 -0.000646
  0.000061
 -0.000295
  0.000194
  0.000876
 -0.000298
 -0.000325
  0.000037
 -0.000498
 -0.000002
 -0.000340
 -0.000035
 -0.000021
  0.000891
 -0.000996
  0.001191
  0.000269
  0.000242
 -0.001054
 -0.001006
  0.000503
  0.000608
  0.000644
 -0.001797
  0.001148
  0.000724
 -0.001032
  0.001066
  0.002376
  0.000724
 -0.000035
 -0.000363
  0.000489
 -0.000136
 -0.000263
 -0.000422
 -0.000170
 -0.000214
 -0.000445
 -0.000517
 -0.000388
  0.001209
  0.001229
 -0.000184
  0.000545
  0.001273
 -0.001180
 -0.001252
 -0.000189
 -0.000551
  0.000423
 -0.000337
  0.000092
 -0.000351
  0.001381
  0.000221
 -0.000061
 -0.000951
  0.000141
  0.000186
  0.000472
  0.000035
 -0.000042
  0.000162
 -0.000352
 -0.000354
  0.000430
 -0.000538
  0.000460
  0.000849
 -0.000570
 -0.000565
  0.000988
  0.000661
  0.000741
  0.000497
  0.001519
 -0.000066
 -0.000458
 -0.000640
  0.000347
 -0.000086
 -0.000847
 -0.001009
  0.000455
 -0.001892
  0.000370
 -0.000193
  0.001053
  0.000079
  0.000762
 -0.000636
 -0.000004
 -0.000566
 -0.000147
 -0.000747
  0.000438
  0.000432
  0.000124
 -0.000078
  0.000240
 -0.000164
  0.000703
  0.000025
  0.000089
  0.000410
  0.000349
 -0.001123
  0.002034
  0.000390
  0.000456
 -0.000146
 -0.001451
 -0.000275
 -0.000887
  0.000810
 -0.001110
  0.001414
  0.000038
 -0.000178
 -0.000602
 -0.000225
  0.000266
  0.002464
 -0.000116
  0.000679
  0.002042
  0.000016
 -0.000998
  0.002635
  0.000037
  0.002288
 -0.000221
 -0.001819
  0.000377
  0.000742
 -0.001871
  0.000292
 -0.000341
 -0.001215
  0.000890
 -0.001398
 -0.000267
  0.000661
 -0.000111
  0.001292
 -0.000533
 -0.000124
  0.000989
  0.000590
  0.000354
 -0.000221
  0.000544
  0.000491
  0.000775
  0.001441
 -0.000375
  0.000446
  0.000011
 -0.000231
  0.000447
 -0.000490
  0.000002
 -0.000688
 -0.000753
 -0.000499
  0.000443
  0.000527
 -0.000458
 -0.000089
 -0.000299
 -0.000738
 -0.000716
  0.000150
 -0.000055
  0.000104
  0.000191
  0.000614
 -0.000871
  0.001188
 -0.000935
 -0.001199
 -0.000193
 -0.001086
 -0.000037
 -0.000324
  0.000262
  0.000007
 -0.000177
 -0.000261
  0.000222
  0.000641
  0.000560
 -0.000455
  0.000136
 -0.000443
 -0.000608
 -0.001366
  0.001554
  0.000476
  0.000475
  0.000039
  0.001255
 -0.000498
  0.000283
 -0.000725
  0.001065
  0.000123
  0.000220
  0.000337
 -0.002308
 -0.000102
 -0.000015
 -0.001004
  0.000747
 -0.001951
 -0.000102
  0.000414
 -0.000394
 -0.000244
  0.001781
 -0.000892
  0.000390
  0.000501
  0.000188
  0.000802
 -0.000556
  0.000387
  0.000262
 -0.000894
  0.000621
 -0.001061
 -0.000257
 -0.000281
  0.000205
 -0.000119
  0.000032
 -0.000161
  0.000468
 -0.000550
  0.000786
  0.000420
  0.000771
 -0.000264
 -0.000110
  0.000149
  0.000654
  0.001260
  0.000097
 -0.000162
  0.000522
  0.000123
  0.001230
 -0.000212
  0.000308
 -0.001191
  0.000429
 -0.000394
 -0.000287
 -0.000420
 -0.000581
 -0.000003
 -0.000044
  0.000619
  0.000125
  0.000509
 -0.000663
 -0.000330
  0.000058
  0.000751
  0.000555
 -0.000724
 -0.000770
 -0.000081
 -0.000051
 -0.000013
  0.000410
  0.000910
  0.001207
 -0.000462
  0.000847
 -0.001347
 -0.000179
  0.000834
  0.000361
  0.000145
  0.000071
 -0.000474
 -0.000684
  0.000242
  0.000156
 -0.000918
  0.000416
  0.000684
  0.000583
 -0.000641
 -0.001660
  0.001079
 -0.000371
 -0.001006
 -0.000094
  0.000556
 -0.000607
 -0.001029
  0.000046
 -0.000291
  0.000514
  0.000165
  0.000463
  0.000123
 -0.000103
 -0.000299
 -0.000424
  0.000452
  0.000032
  0.000441
  0.000464
  0.000212
 -0.000631
  0.000000
 -0.000499
 -0.000049
 -0.000134
 -0.000084
  0.000222
 -0.000382
 -0.000107
 -0.000415
  0.000368
  0.000296
  0.000192
 -0.000538
 -0.001337
 -0.000487
 -0.000460
  0.000569
  0.000907
 -0.000840
  0.000867
  0.000181
  0.000050
  0.000301
 -0.000010
  0.000002
  0.000298
  0.000148
 -0.000233
 -0.000287
 -0.000283
 -0.000507
 -0.000932
 -0.000231
  0.001005
  0.000089
  0.000011
 -0.000256
 -0.000171
 -0.000249
  0.000085
 -0.000984
 -0.000090
  0.000330
 -0.000088
 -0.001657
 -0.000495
  0.000862
  0.000340
  0.000557
  0.000929
 -0.000566
 -0.000068
 -0.000977
  0.000009
 -0.000093
  0.000339
  0.000922
 -0.000556
 -0.001031
  0.000320
 -0.000579
 -0.000558
 -0.000039
  0.000053
 -0.001307
  0.000287
 -0.000095
 -0.000522
 -0.000133
  0.000230
  0.000216
  0.000106
  0.000577
  0.000219
  0.000227
  0.000098
 -0.000733
 -0.000170
  0.000138
  0.000240
 -0.000576
  0.000162
 -0.000189
 -0.000271
  0.000088
 -0.000158
 -0.000135
  0.000418
  0.000177
 -0.000373
  0.000648
 -0.000815
 -0.000020
 -0.000665
 -0.000600
 -0.000124
 -0.000413
 -0.000400
  0.000255
 -0.000001
  0.000402
  0.000407
 -0.000173
  0.000230
  0.000003
 -0.000380
 -0.000242
  0.000595
  0.000263
  0.000321
 -0.000076
 -0.000409
 -0.000204
 -0.000271
  0.000208
  0.000036
 -0.000035
 -0.000051
 -0.000277
 -0.000031
 -0.000104
  0.000453
 -0.000353
  0.000213
  0.000226
  0.000223
 -0.000170
  0.000001
  0.000480
 -0.000267
 -0.000109
 -0.000133
 -0.000044
  0.000053
 -0.000385
  0.000659
 -0.000527
  0.000356
 -0.000120
  0.000116
 -0.000519
  0.000057
  0.000222
  0.000148
  0.000042
  0.000033
 -0.000406
 -0.000703
 -0.000900
 -0.000392
 -0.000280
 -0.000320
 -0.000328
  0.000241
  0.000212
  0.000221
  0.000711
 -0.000251
 -0.000035
  0.000473
 -0.000162
 -0.000142
 -0.000025
  0.000198
 -0.000352
  0.000412
  0.000061
  0.000294
 -0.000103
  0.000030
  0.000398
 -0.000359
  0.000017
 -0.000466
  0.000125
 -0.000471
  0.000548
 -0.000273
  0.000012
 -0.000365
  0.000581
 -0.000654
  0.000854
 -0.000241
 -0.000007
 -0.000167
  0.000028
  0.000081
 -0.000298
 -0.000185
  0.000073
  0.000012
  0.000087
 -0.000172
 -0.000102
 -0.000009
 -0.000093
  0.000217
  0.000374
 -0.000026
 -0.000119
 -0.000010
 -0.000013
  0.000350
 -0.000069
 -0.000136
 -0.000106
 -0.000920
 -0.000976
  0.000634
 -0.000400
 -0.000188
 -0.000350
  0.000287
 -0.000041
  0.000195
  0.000894
  0.000694
  0.000247
  0.000529
 -0.000011
  0.000307
  0.000385
  0.000001
 -0.000161
  0.000306
 -0.000062
  0.000190
 -0.000146
  0.000006
 -0.000133
  0.000110
 -0.000078
  0.000009
 -0.000153
 -0.000298
  0.000015
  0.000009
  0.000009
  0.000014
 -0.000239
  0.000002
  0.000041
 -0.000008
  0.000022
 -0.000004
  0.000087
  0.000012
  0.000001
 -0.000032
  0.000012
  0.000005
