 -0.009222
  0.284605
  0.814672
 -0.003746
  0.125376
  0.393239
  0.137398
  0.019172
 -0.228088
 -0.015563
  0.016774
 -0.018412
  0.068951
 -0.010825
  0.026609
 -0.012442
  0.024542
  0.010018
  0.023954
 -0.019121
 -0.000315
  0.005029
 -0.012643
  0.009919
 -0.017974
 -0.004570
  0.016370
 -0.011732
  0.002117
  0.000357
 -0.006745
 -0.003607
 -0.025862
  0.007758
 -0.001436
 -0.002712
 -0.010697
 -0.019470
  0.004107
 -0.014130
 -0.004892
  0.002400
  0.006765
 -0.008457
 -0.008984
  0.004147
  0.019369
 -0.004521
 -0.004495
 -0.012723
  0.003711
  0.002510
 -0.000652
 -0.005961
 -0.003522
  0.002772
 -0.002147
  0.003668
 -0.016766
  0.001631
 -0.004613
 -0.000569
 -0.004483
  0.005465
 -0.008691
 -0.002780
 -0.005380
 -0.004699
 -0.003494
  0.006381
 -0.003511
 -0.000180
  0.003649
  0.000598
 -0.008589
  0.002245
 -0.002008
 -0.004056
  0.001542
 -0.001061
  0.000822
  0.002762
  0.002015
 -0.003341
  0.008921
 -0.003629
 -0.000646
  0.005342
 -0.001277
 -0.002866
 -0.009917
 -0.000422
 -0.007934
 -0.002014
  0.003631
 -0.004996
  0.001623
 -0.001848
 -0.000260
 -0.007185
 -0.007047
 -0.002329
  0.000724
  0.000992
 -0.002323
  0.003286
  0.000859
 -0.002902
  0.001248
 -0.003180
 -0.004053
 -0.003090
  0.002196
  0.002771
 -0.000567
 -0.002979
 -0.002166
  0.000257
  0.005452
 -0.002450
  0.002714
  0.001450
  0.001090
  0.000778
  0.001147
  0.001061
 -0.000996
 -0.001754
  0.002040
  0.004985
  0.003566
  0.002716
  0.003558
 -0.004090
  0.000150
  0.001786
  0.002686
  0.000186
 -0.003896
  0.001610
 -0.002320
  0.001045
  0.007423
  0.000804
 -0.003183
  0.001169
  0.001167
  0.000270
 -0.000340
 -0.001566
 -0.003607
  0.000657
  0.001246
 -0.002322
  0.001630
  0.000787
  0.001546
 -0.000619
 -0.002063
  0.001894
 -0.005367
 -0.001661
  0.006928
 -0.003467
 -0.000312
  0.000141
  0.000530
 -0.000820
 -0.000652
  0.000614
  0.001753
 -0.000558
  0.001049
 -0.000315
  0.000880
  0.000119
 -0.001009
 -0.000748
  0.001694
 -0.000622
 -0.002388
  0.000176
  0.000220
  0.000585
  0.000166
  0.000428
 -0.000971
 -0.000233
  0.001831
 -0.001901
 -0.000211
 -0.001961
 -0.002821
  0.001248
  0.001118
 -0.000510
 -0.000356
  0.001099
 -0.001208
  0.000353
  0.000189
  0.001308
 -0.001603
 -0.002194
 -0.000003
  0.001259
 -0.000637
  0.000319
 -0.001826
 -0.000158
 -0.000322
  0.001030
  0.000961
  0.000410
  0.001022
  0.000241
  0.002153
  0.000124
 -0.001036
  0.000521
  0.000152
 -0.002319
  0.000272
  0.000270
 -0.001319
  0.000352
 -0.000183
  0.000174
 -0.001077
 -0.000502
  0.000215
  0.000766
 -0.000103
 -0.000886
  0.001560
 -0.002029
 -0.000231
  0.000309
 -0.001337
 -0.002562
  0.002080
  0.002092
  0.002119
 -0.000710
  0.001272
  0.000464
 -0.000670
 -0.000884
 -0.000226
  0.001318
 -0.000819
 -0.000471
  0.000449
 -0.000428
  0.000670
  0.000288
  0.000123
 -0.000741
  0.000749
  0.000489
 -0.001268
  0.002556
  0.000743
  0.000643
  0.001603
 -0.000586
 -0.000424
 -0.000450
 -0.000577
  0.001161
 -0.000852
  0.001915
  0.000271
  0.001305
  0.001121
  0.000895
  0.000348
  0.000152
  0.001892
 -0.001031
 -0.000319
 -0.000220
 -0.000106
 -0.000208
  0.000773
  0.000408
  0.001728
  0.000229
  0.001523
  0.000103
 -0.000259
  0.001681
  0.000047
 -0.000331
 -0.001262
  0.001458
  0.000602
 -0.000362
 -0.001250
  0.000233
 -0.000419
 -0.000500
 -0.000171
 -0.000556
 -0.000005
 -0.001001
 -0.000792
 -0.000130
  0.000599
 -0.000209
 -0.000210
  0.000174
 -0.000053
  0.000159
  0.000293
  0.000199
  0.000822
  0.000072
  0.000144
  0.000349
 -0.000243
 -0.000069
 -0.000486
 -0.000344
 -0.000113
  0.000340
 -0.000105
 -0.000182
  0.000681
  0.000344
  0.000288
  0.000164
  0.000530
  0.000865
 -0.000161
  0.000831
 -0.000204
 -0.000976
 -0.000077
  0.000271
 -0.000321
  0.000112
  0.000336
  0.000367
  0.001122
 -0.000543
 -0.002011
 -0.000889
  0.000504
 -0.000243
 -0.000296
  0.000483
 -0.000183
  0.000470
  0.000437
  0.000153
  0.000884
 -0.000169
 -0.000370
 -0.000319
 -0.000334
 -0.000190
  0.000752
  0.001431
 -0.000686
  0.001133
 -0.000414
  0.000712
  0.000334
 -0.000247
 -0.000876
 -0.000126
 -0.000109
  0.000623
  0.000929
 -0.000713
  0.000672
 -0.000464
  0.000319
  0.000079
 -0.000885
 -0.000712
  0.001529
 -0.001354
  0.000138
  0.000063
  0.000121
  0.001585
  0.000020
 -0.000560
 -0.000345
 -0.000381
 -0.001448
 -0.002569
 -0.000371
 -0.000978
 -0.000904
  0.000927
 -0.000062
  0.000638
  0.000597
 -0.000487
  0.000545
 -0.000984
 -0.000421
 -0.000120
 -0.000937
  0.000543
 -0.001307
  0.000487
 -0.000907
 -0.000417
  0.000584
 -0.000581
 -0.000041
  0.000327
  0.000078
 -0.000529
  0.000021
 -0.000252
  0.000392
  0.000109
  0.000712
 -0.000189
 -0.000178
 -0.000218
  0.000112
  0.000312
  0.000103
  0.000167
  0.000074
  0.000067
 -0.000426
  0.000235
 -0.000172
 -0.000498
 -0.000417
 -0.000109
 -0.000732
 -0.000096
  0.000959
 -0.000722
  0.001192
 -0.000385
 -0.000821
  0.000832
  0.000290
 -0.000967
 -0.000777
 -0.000217
  0.000074
 -0.000151
 -0.000836
 -0.000261
 -0.000746
  0.001088
 -0.000189
  0.000230
  0.000105
  0.000380
 -0.000457
 -0.000278
  0.001735
  0.000307
  0.000189
 -0.001587
  0.000268
 -0.000480
  0.000015
  0.000440
  0.000325
 -0.000891
  0.000301
 -0.000546
  0.000711
 -0.000086
  0.000286
  0.000638
 -0.000530
 -0.000477
  0.000056
 -0.000045
 -0.000259
 -0.000263
 -0.000155
  0.000268
  0.000432
  0.000186
  0.000371
  0.000078
 -0.000535
 -0.000054
 -0.001133
 -0.000131
 -0.000016
  0.000156
  0.000721
 -0.000921
  0.000012
  0.000723
  0.000594
 -0.000120
  0.000393
  0.000813
  0.000940
  0.000484
  0.000349
  0.000449
 -0.000420
 -0.000570
  0.000781
 -0.000197
  0.000280
 -0.000003
  0.000664
 -0.001000
 -0.000142
 -0.000391
 -0.000252
  0.000220
  0.000669
 -0.000031
 -0.000281
 -0.001147
 -0.000516
  0.001301
 -0.000600
 -0.000266
  0.000776
  0.000304
  0.000183
  0.000038
 -0.000709
 -0.000575
 -0.000163
 -0.000337
  0.000383
 -0.000016
  0.000117
 -0.000327
  0.000816
  0.000366
 -0.000046
  0.000095
  0.000392
 -0.000198
 -0.000589
  0.000050
  0.000270
  0.000231
 -0.000213
 -0.000092
  0.000195
  0.000333
  0.000538
 -0.000096
  0.000317
  0.000760
 -0.000088
  0.000103
 -0.000167
  0.000355
 -0.000014
  0.000008
 -0.000241
 -0.000200
 -0.000260
 -0.000088
 -0.000769
  0.000366
 -0.000501
  0.000015
 -0.000362
 -0.000558
  0.000976
 -0.000798
  0.000286
 -0.000365
 -0.000397
  0.000181
  0.000290
 -0.000202
 -0.000523
  0.000017
  0.000473
 -0.000136
 -0.000555
  0.000000
  0.000240
 -0.000184
 -0.000157
 -0.000161
  0.000014
  0.000070
 -0.000640
  0.000053
 -0.000196
 -0.000365
 -0.000037
  0.000046
 -0.000119
 -0.000257
 -0.000055
 -0.000660
  0.000511
 -0.000506
  0.000436
 -0.000173
 -0.000650
 -0.000056
  0.000163
 -0.000186
  0.000259
  0.000015
 -0.000077
  0.000344
  0.000167
  0.000149
 -0.000223
 -0.000430
  0.000265
 -0.000530
  0.000407
 -0.000265
 -0.000357
 -0.000150
 -0.001004
 -0.000252
 -0.001094
 -0.000108
  0.000833
 -0.000065
 -0.000371
 -0.000314
  0.000758
 -0.000495
  0.000039
 -0.000045
 -0.000025
  0.000431
  0.000234
 -0.000133
 -0.000276
  0.000073
  0.000852
  0.000128
  0.000076
 -0.000047
  0.000491
 -0.000378
 -0.000217
 -0.000264
  0.000694
 -0.000072
  0.000778
  0.000032
  0.000582
  0.000038
  0.000582
 -0.000128
  0.000272
 -0.000054
  0.000735
 -0.000343
  0.000606
  0.000052
 -0.000100
 -0.000442
  0.000643
 -0.000296
  0.000285
  0.000467
  0.000291
  0.000335
  0.000342
 -0.001181
 -0.000263
  0.000000
 -0.000305
 -0.000187
  0.000215
  0.000694
  0.000329
 -0.000341
  0.000818
 -0.000499
  0.000401
  0.000008
 -0.000326
 -0.000221
  0.000104
 -0.000482
  0.000236
  0.000878
  0.000576
 -0.000738
 -0.000398
  0.000232
 -0.000325
  0.000134
  0.000634
  0.000096
 -0.000171
 -0.000550
  0.000097
 -0.000428
  0.000520
  0.000098
 -0.000024
 -0.000103
  0.000068
  0.000204
 -0.000013
  0.000262
  0.000220
 -0.000032
 -0.000251
 -0.000442
 -0.000382
 -0.000626
  0.000173
 -0.000032
  0.000034
 -0.000328
  0.000477
  0.000082
 -0.000223
 -0.000130
  0.000407
 -0.000196
 -0.000229
 -0.000097
 -0.000586
  0.000012
  0.000330
 -0.000008
 -0.000168
 -0.000466
 -0.000373
  0.000520
 -0.000016
  0.000754
 -0.000101
  0.000299
  0.000262
  0.000024
 -0.000113
  0.000227
 -0.000524
 -0.000135
 -0.000060
 -0.000076
 -0.000256
 -0.000160
 -0.000340
  0.000133
  0.000346
 -0.000132
  0.000316
 -0.000332
 -0.000051
 -0.000192
 -0.000093
 -0.000392
 -0.000148
 -0.000264
  0.000298
  0.000018
 -0.000197
  0.000506
 -0.000494
 -0.000213
  0.000438
  0.000381
  0.000057
 -0.000218
  0.000351
  0.000055
 -0.000131
 -0.000093
 -0.000054
  0.000087
 -0.000074
 -0.000935
 -0.000140
  0.000095
 -0.000027
 -0.000345
  0.000482
 -0.000169
  0.000186
  0.001277
 -0.000270
  0.000113
 -0.000219
 -0.000122
 -0.000573
  0.000066
  0.000372
  0.000395
 -0.000278
  0.000299
 -0.000253
  0.000121
 -0.000231
 -0.000189
 -0.000015
 -0.000048
  0.000082
 -0.000199
 -0.000056
 -0.000105
  0.000048
 -0.000051
  0.000086
  0.000016
 -0.000142
 -0.000008
  0.000111
 -0.000054
  0.000019
 -0.000050
  0.000061
  0.000046
  0.000074
