 -0.002032
 -0.009426
  0.040168
  0.914631
 -0.391596
  0.002785
  0.065340
  0.004719
  0.003429
 -0.026797
  0.006692
  0.009953
  0.000246
 -0.013724
 -0.007986
 -0.004611
 -0.021678
 -0.005717
 -0.002021
 -0.008162
  0.003335
  0.000271
 -0.003857
  0.018538
  0.012294
  0.003149
  0.000767
  0.004811
 -0.003916
 -0.005715
  0.008559
  0.001252
  0.010343
  0.006328
 -0.009014
  0.012400
 -0.002403
  0.004187
  0.008505
 -0.001159
 -0.007296
 -0.004216
 -0.002741
 -0.000546
  0.000687
  0.000059
  0.008028
 -0.001725
  0.004053
 -0.005096
  0.003147
 -0.002764
  0.004015
 -0.008225
  0.001937
 -0.002335
 -0.004213
  0.000958
  0.002329
  0.005304
  0.005114
  0.006087
 -0.001161
 -0.000268
 -0.006357
  0.000307
 -0.000862
 -0.002007
 -0.001638
  0.001654
 -0.000151
  0.000563
  0.002298
 -0.001937
 -0.002551
  0.001384
 -0.000979
  0.000975
 -0.002383
 -0.002636
  0.000715
  0.001199
  0.000674
  0.000897
 -0.001160
  0.001070
  0.001350
  0.005430
 -0.000494
 -0.003615
  0.001882
 -0.003626
 -0.000287
 -0.001720
 -0.000734
  0.001276
  0.001304
  0.000009
 -0.000277
 -0.002218
  0.001217
  0.002848
 -0.000018
 -0.000637
  0.001658
  0.000689
 -0.001075
  0.000182
 -0.001118
 -0.002741
 -0.000455
  0.000600
 -0.000182
  0.000100
  0.000679
  0.002161
  0.001700
  0.000715
 -0.001644
  0.002603
 -0.000599
 -0.002338
  0.001030
  0.001594
 -0.000694
  0.001546
 -0.000729
 -0.004417
  0.000177
  0.001210
  0.000099
 -0.000783
  0.001587
 -0.000581
 -0.002674
 -0.000254
  0.000008
 -0.001787
 -0.000935
 -0.000524
 -0.001230
 -0.001778
  0.000368
  0.000021
 -0.001753
  0.002063
  0.000024
 -0.000258
  0.000096
 -0.000849
 -0.000351
  0.000437
 -0.000395
  0.000680
  0.000825
  0.002660
 -0.000361
 -0.002664
 -0.002673
 -0.003329
 -0.000368
  0.000407
  0.000611
 -0.000716
  0.001400
 -0.000500
  0.000282
 -0.000352
 -0.003436
 -0.001081
 -0.002457
 -0.000366
  0.000138
 -0.001291
 -0.000866
  0.001087
 -0.002190
  0.002320
 -0.000883
  0.002696
 -0.000432
  0.001194
 -0.000330
 -0.000487
 -0.000517
  0.000813
 -0.000489
 -0.001735
  0.002314
 -0.001357
  0.000410
  0.000891
  0.000702
 -0.000955
  0.001395
 -0.001405
  0.001282
  0.006092
  0.002139
 -0.003224
 -0.000654
 -0.000060
 -0.001136
  0.003495
  0.000975
  0.003225
  0.000996
  0.001102
  0.000998
 -0.001482
  0.003483
 -0.000684
 -0.001039
  0.001063
 -0.002190
  0.000067
 -0.000293
 -0.000552
 -0.001503
 -0.001108
 -0.000062
  0.001257
 -0.001341
 -0.000033
 -0.000408
  0.000025
 -0.000139
 -0.000033
  0.000227
  0.000890
  0.000450
 -0.000781
  0.000595
 -0.000320
  0.001696
 -0.000106
  0.001714
  0.000263
 -0.000152
 -0.000443
  0.000678
 -0.001342
  0.000529
  0.001191
 -0.000421
  0.000119
  0.001601
  0.001620
  0.000511
  0.000274
 -0.000275
 -0.001126
 -0.000373
 -0.000289
  0.000878
 -0.000203
 -0.000763
 -0.001593
 -0.001252
 -0.000922
  0.000603
  0.000744
 -0.001129
  0.000211
 -0.001567
  0.000053
 -0.000860
  0.001055
 -0.000250
 -0.000344
  0.000281
 -0.000351
  0.001195
  0.000340
  0.000172
  0.000563
  0.000976
  0.000013
 -0.000654
 -0.000662
 -0.000659
 -0.001040
  0.001097
  0.000508
 -0.000342
  0.001499
 -0.000594
 -0.000254
 -0.001183
  0.000417
  0.000099
  0.000106
 -0.000914
  0.000293
  0.000073
  0.001017
 -0.001191
  0.000087
  0.001317
 -0.000536
 -0.000163
  0.000050
 -0.000700
  0.001055
 -0.000699
  0.000830
  0.001006
  0.000085
  0.000314
 -0.000860
 -0.000332
  0.000010
  0.000282
  0.000153
  0.000328
  0.000324
 -0.000240
  0.000109
  0.000471
 -0.000227
  0.001931
 -0.000379
  0.000456
 -0.000727
 -0.000582
 -0.000464
 -0.000886
  0.000877
 -0.001345
 -0.000587
  0.000376
  0.000681
 -0.000326
  0.000663
 -0.000099
 -0.000078
 -0.001772
  0.001459
 -0.000402
 -0.000218
 -0.000167
 -0.000370
 -0.000238
 -0.000284
 -0.000661
 -0.000115
 -0.000307
 -0.001383
  0.000182
 -0.001040
 -0.000398
  0.000748
 -0.000315
  0.000450
  0.000398
 -0.000070
 -0.000196
 -0.000605
  0.000644
 -0.000005
  0.000620
  0.000341
  0.000656
 -0.000110
  0.000013
 -0.000056
  0.000047
 -0.000333
 -0.000075
  0.000366
  0.000091
  0.000323
  0.000392
  0.000123
 -0.000044
  0.000275
  0.000669
  0.000506
 -0.001263
 -0.000574
  0.000842
 -0.001567
 -0.000719
  0.002737
  0.001945
  0.000534
  0.001365
  0.000661
  0.000543
  0.000361
 -0.000149
 -0.000344
 -0.000428
 -0.000210
 -0.000687
  0.000766
  0.000762
  0.000549
  0.001149
 -0.000182
  0.000838
 -0.000517
  0.000832
 -0.001111
 -0.002283
  0.000229
  0.001531
  0.000501
 -0.000726
  0.000181
  0.000588
  0.001365
 -0.000028
  0.001469
 -0.000540
 -0.000833
  0.000448
 -0.000946
 -0.001326
 -0.000383
  0.000373
  0.002549
  0.001330
 -0.001223
  0.000891
 -0.000967
 -0.000175
 -0.000273
 -0.002387
  0.001668
 -0.001755
 -0.001591
 -0.000822
  0.003748
  0.001400
  0.000147
  0.000092
 -0.001072
 -0.003382
  0.001473
  0.000621
  0.000005
  0.001825
  0.000568
  0.000040
 -0.000769
  0.000513
 -0.000474
 -0.000282
  0.000396
  0.001315
 -0.000944
  0.000515
 -0.000593
  0.000633
  0.000205
  0.000063
 -0.000599
 -0.001659
  0.000353
  0.000274
 -0.000776
 -0.003066
 -0.000057
 -0.001022
  0.001089
 -0.000790
 -0.000813
  0.000400
  0.000240
 -0.000214
  0.000739
  0.002188
  0.001908
  0.000471
 -0.000881
 -0.000307
 -0.000522
 -0.000209
 -0.000648
  0.000014
  0.000026
  0.000135
 -0.001845
 -0.000003
  0.000380
 -0.000300
  0.000083
  0.000146
  0.001507
  0.000468
  0.000048
  0.000393
 -0.000347
 -0.000759
  0.000097
  0.000092
  0.000384
 -0.000608
  0.000097
 -0.001203
  0.000285
 -0.000526
 -0.000358
 -0.000530
  0.000274
  0.000879
 -0.000730
 -0.000326
 -0.000146
  0.000956
 -0.000505
 -0.000849
 -0.000680
  0.000643
 -0.001289
 -0.000386
 -0.000193
  0.000476
 -0.000395
 -0.000271
 -0.000510
 -0.000603
  0.000532
 -0.000957
  0.000233
 -0.000859
 -0.000448
 -0.000082
  0.000237
 -0.000767
  0.000018
  0.000695
 -0.000268
 -0.000465
  0.000415
 -0.000410
  0.001232
 -0.000265
 -0.000970
 -0.001899
  0.000967
  0.000940
 -0.000685
 -0.000102
  0.000759
 -0.000020
 -0.000556
 -0.000333
  0.000483
  0.000227
  0.000189
  0.000305
 -0.000570
  0.000101
 -0.000358
 -0.000274
 -0.000757
 -0.000156
 -0.000095
  0.000103
 -0.000033
 -0.000014
 -0.000370
 -0.000159
  0.000365
 -0.000134
  0.000163
 -0.000522
  0.000353
 -0.000426
  0.000645
 -0.000397
  0.000130
  0.000158
  0.000299
  0.000119
 -0.000530
 -0.000540
 -0.000411
  0.000155
 -0.000186
 -0.000161
  0.000257
  0.000386
  0.000111
 -0.000111
 -0.000138
 -0.000356
 -0.000596
 -0.000021
 -0.000680
 -0.000127
  0.000230
 -0.000500
  0.000915
  0.001622
 -0.000106
 -0.000039
 -0.000178
 -0.000024
 -0.000064
 -0.000060
 -0.000889
  0.000426
  0.000874
 -0.000713
  0.000158
  0.000491
  0.000503
  0.000132
 -0.000311
  0.000462
 -0.000424
 -0.000583
 -0.000257
  0.000125
 -0.000222
  0.000037
 -0.000257
 -0.000588
 -0.000481
  0.000264
  0.000135
 -0.000437
  0.000058
 -0.000009
 -0.000243
  0.000308
  0.000757
  0.000654
  0.000276
 -0.000317
 -0.000143
  0.000282
 -0.000113
 -0.000176
 -0.000585
 -0.000239
  0.000625
  0.000072
 -0.000390
 -0.000679
  0.000254
 -0.000006
  0.000329
 -0.000162
 -0.000369
  0.000612
 -0.000268
 -0.000566
  0.000182
  0.000199
  0.000599
 -0.000208
 -0.000273
  0.000164
 -0.000613
 -0.000510
  0.000032
 -0.000209
  0.001019
 -0.000677
  0.000196
  0.000112
 -0.000824
 -0.000573
 -0.000252
  0.000473
  0.000058
 -0.001163
 -0.000822
 -0.000874
  0.000421
 -0.000732
 -0.001242
 -0.000198
  0.001252
  0.000665
 -0.001063
  0.000409
  0.000225
  0.001293
  0.000227
 -0.000589
  0.000660
  0.000024
 -0.000631
 -0.001427
 -0.000997
  0.000601
 -0.000718
  0.000155
  0.000799
 -0.000582
 -0.000821
  0.001240
 -0.000365
 -0.000085
 -0.000347
 -0.000439
  0.001654
 -0.000211
  0.000154
 -0.001490
  0.000589
  0.000093
 -0.000388
 -0.000581
 -0.000738
  0.000656
  0.000558
 -0.000420
  0.000370
  0.000955
  0.000302
 -0.001308
 -0.000602
  0.000507
 -0.000531
  0.000187
 -0.000008
 -0.000057
 -0.001592
  0.001288
 -0.001771
  0.000203
  0.000119
  0.000430
 -0.000297
  0.000202
 -0.000301
  0.000959
 -0.000240
 -0.000017
  0.000804
 -0.000790
 -0.000076
  0.000506
  0.000358
 -0.000042
 -0.001120
  0.000005
  0.000367
 -0.001312
 -0.000447
 -0.000420
  0.000010
  0.000664
 -0.000006
 -0.000090
  0.000083
  0.000410
  0.000622
 -0.000508
 -0.000189
 -0.000534
 -0.000222
 -0.000345
  0.000174
  0.000262
 -0.000092
  0.000540
 -0.000258
  0.000103
  0.000266
  0.000460
  0.000001
 -0.000160
  0.000339
 -0.000112
 -0.000244
  0.000511
  0.000648
 -0.000115
  0.000204
  0.000177
  0.000432
 -0.000239
 -0.000946
 -0.000117
  0.000101
 -0.000004
 -0.000470
  0.001135
  0.001624
  0.000145
 -0.000374
  0.000499
  0.000135
  0.000755
 -0.000176
 -0.000640
 -0.000340
  0.000135
  0.000900
 -0.000385
 -0.000477
  0.000205
 -0.000318
 -0.000157
  0.000183
  0.000264
 -0.000304
  0.000002
 -0.000224
 -0.000185
  0.000077
  0.000195
  0.000058
 -0.001253
  0.001190
  0.000023
  0.000269
  0.000067
  0.001086
 -0.000390
  0.000541
 -0.000180
  0.000296
  0.000027
 -0.000010
  0.000008
 -0.000028
 -0.000073
