 -0.008949
  0.038287
 -0.288349
 -0.499628
  0.608697
  0.003254
  0.512934
  0.035476
  0.095227
  0.037727
 -0.060757
  0.038977
  0.056454
 -0.008581
  0.006998
  0.017527
 -0.008791
 -0.036002
 -0.009521
 -0.007232
 -0.036438
  0.053079
  0.041166
  0.010602
 -0.003173
 -0.004789
  0.005862
  0.009635
  0.003338
 -0.001889
 -0.001926
  0.025755
 -0.007025
 -0.017603
  0.022196
 -0.013180
  0.014081
 -0.007734
  0.001920
  0.005342
 -0.001681
 -0.007426
 -0.002488
 -0.002066
  0.006443
 -0.001529
 -0.001355
  0.004242
 -0.006918
  0.003067
 -0.010908
 -0.002839
 -0.002063
  0.001512
  0.003915
 -0.002913
 -0.003379
 -0.001572
  0.004066
 -0.003970
 -0.001243
  0.002068
 -0.001274
 -0.002190
 -0.002826
 -0.006537
  0.003018
  0.000747
 -0.003260
  0.002758
  0.001998
 -0.001315
 -0.001467
 -0.000301
 -0.000796
 -0.003541
  0.003698
  0.000487
  0.006559
  0.000548
 -0.000751
 -0.000500
 -0.003295
  0.001433
 -0.002009
  0.001962
  0.001063
 -0.000557
 -0.011935
 -0.000143
  0.006632
 -0.000267
 -0.003117
  0.001152
  0.004742
 -0.007601
 -0.000169
 -0.009404
 -0.010552
 -0.002003
  0.001960
 -0.001303
  0.002634
  0.001450
  0.000770
 -0.001476
 -0.002302
  0.001138
 -0.002387
 -0.003250
  0.002470
  0.004441
 -0.000450
  0.000939
 -0.000083
 -0.001516
  0.000579
 -0.001899
 -0.004735
 -0.003061
  0.004622
  0.005178
  0.000616
 -0.009882
  0.000526
  0.000247
  0.000298
 -0.002612
  0.002311
 -0.004542
 -0.002681
 -0.001407
  0.000841
  0.002223
  0.000006
 -0.002066
  0.000785
  0.003846
  0.001681
 -0.000438
 -0.000139
  0.004246
 -0.000686
 -0.002361
 -0.000540
 -0.000158
 -0.001643
 -0.001036
  0.000210
 -0.003019
  0.000978
 -0.002258
 -0.000479
 -0.000132
 -0.000407
 -0.002555
  0.002010
  0.003848
 -0.000984
  0.001249
  0.002385
 -0.000319
 -0.000462
  0.000837
 -0.001474
 -0.001099
 -0.002260
  0.000947
 -0.000087
 -0.000636
  0.000306
  0.000090
 -0.001687
  0.002522
 -0.003086
 -0.000653
  0.001378
  0.000915
 -0.003040
  0.000453
  0.000443
  0.002236
 -0.000471
  0.000407
  0.001167
  0.000826
 -0.000372
 -0.000241
  0.002914
 -0.000112
  0.000451
  0.000211
 -0.001080
  0.001188
 -0.000295
 -0.001896
  0.000562
 -0.000741
  0.001124
  0.001455
 -0.000086
  0.001153
  0.002084
  0.000013
 -0.002213
 -0.000108
  0.002157
 -0.001673
  0.000401
  0.000582
 -0.000072
  0.000597
 -0.000969
 -0.000178
  0.000386
  0.000186
 -0.002391
  0.003267
 -0.001165
 -0.000609
 -0.000011
  0.000815
 -0.000913
  0.000929
  0.000740
  0.000713
 -0.001067
  0.000404
 -0.001596
 -0.001652
 -0.001104
 -0.000144
  0.000176
 -0.000053
  0.000392
  0.000314
  0.001243
  0.000124
  0.000713
 -0.000546
 -0.000150
 -0.003261
 -0.001098
 -0.001674
 -0.002527
 -0.000136
 -0.001577
  0.000705
  0.001030
  0.000407
  0.002579
 -0.002680
 -0.000067
 -0.000022
 -0.001504
  0.001794
 -0.003113
 -0.000003
 -0.000330
  0.000480
  0.001271
 -0.000268
  0.002869
  0.000434
  0.001239
  0.000952
  0.000570
 -0.000385
 -0.001007
 -0.001032
  0.000410
  0.001102
 -0.003137
 -0.000603
  0.000564
  0.001523
 -0.000450
 -0.000111
  0.000831
 -0.000115
  0.000147
 -0.000187
 -0.000905
  0.000201
  0.000274
  0.000953
  0.001574
 -0.000314
  0.000133
  0.000009
  0.000205
 -0.000138
 -0.001064
  0.000301
 -0.000790
 -0.000822
 -0.000460
 -0.000058
  0.000162
 -0.000428
  0.001110
 -0.000139
 -0.002407
 -0.001600
 -0.000998
  0.001639
  0.001242
 -0.003034
 -0.000367
  0.000580
  0.000256
 -0.000384
 -0.000961
 -0.000115
 -0.001117
 -0.001868
  0.000768
  0.000063
 -0.000349
 -0.001893
  0.000789
 -0.001167
 -0.000684
 -0.001514
  0.001226
  0.001903
  0.001723
 -0.002931
 -0.000483
  0.000855
 -0.000701
  0.001615
 -0.001702
  0.003305
 -0.000174
 -0.001622
  0.002055
 -0.000961
  0.000201
  0.000179
  0.001116
  0.001307
  0.000745
  0.000012
 -0.001230
 -0.000347
  0.000646
 -0.000369
  0.000472
 -0.000590
 -0.000691
 -0.000165
 -0.000585
  0.000054
 -0.000338
 -0.000096
  0.000398
  0.000123
 -0.000284
  0.000003
 -0.000335
 -0.000470
 -0.000377
  0.001356
 -0.000124
  0.000497
 -0.000226
 -0.000298
 -0.000163
  0.000463
  0.000608
  0.000149
 -0.000202
 -0.000146
  0.000872
 -0.000531
 -0.000509
  0.000941
 -0.000925
  0.001163
 -0.000103
  0.000458
  0.001250
 -0.000003
 -0.000215
  0.000007
 -0.000162
  0.000536
 -0.000685
 -0.000173
 -0.000095
 -0.000556
  0.000425
 -0.000025
  0.000728
 -0.000507
  0.000422
 -0.000443
 -0.000577
 -0.000318
 -0.000021
  0.000483
 -0.000596
  0.000261
 -0.000105
 -0.000084
 -0.000051
 -0.000642
  0.000801
  0.000279
 -0.000180
  0.000415
 -0.000346
 -0.000050
 -0.000348
 -0.000573
 -0.000483
  0.000556
 -0.000154
  0.000786
  0.000203
  0.001291
  0.000311
  0.000529
  0.000188
  0.000081
 -0.000087
  0.000078
 -0.001186
  0.000165
 -0.000004
  0.000052
  0.000643
 -0.000266
 -0.000056
  0.001514
 -0.000804
 -0.001450
 -0.000735
 -0.000192
 -0.000135
 -0.000315
  0.000215
  0.001010
  0.000336
  0.000385
 -0.000304
  0.001034
  0.000823
 -0.000395
 -0.000199
 -0.000248
  0.000608
  0.000123
 -0.000199
 -0.000271
 -0.000181
 -0.000957
  0.000807
 -0.000632
 -0.000004
  0.000812
  0.000347
  0.000810
 -0.000161
  0.000823
  0.000263
 -0.000452
  0.001008
  0.000252
 -0.000193
  0.000583
 -0.000082
 -0.001099
 -0.000150
  0.000554
 -0.000440
 -0.000125
 -0.000563
 -0.000490
  0.000033
 -0.000393
 -0.000127
 -0.000058
  0.000711
  0.000531
 -0.000552
 -0.000192
  0.000245
  0.000179
  0.000696
 -0.000748
 -0.000899
  0.000663
 -0.000410
  0.000080
 -0.000053
  0.000001
  0.000298
  0.001317
  0.000445
 -0.000590
  0.000002
 -0.000752
 -0.000206
  0.000064
  0.000489
  0.000353
 -0.000064
 -0.000113
  0.000303
 -0.000046
 -0.000097
  0.000429
 -0.000213
  0.000206
 -0.000383
  0.000042
 -0.000055
  0.000176
  0.000788
  0.000312
  0.000160
  0.000136
 -0.000131
  0.000395
 -0.000329
  0.000430
  0.000166
  0.000494
  0.000176
  0.000164
  0.000684
 -0.000186
 -0.000019
  0.000149
  0.000169
 -0.000170
 -0.000214
  0.000084
  0.000188
 -0.000064
 -0.000068
  0.000254
 -0.000165
  0.000754
  0.000746
  0.000020
  0.000322
 -0.000420
  0.000127
  0.000061
  0.000102
 -0.000619
 -0.000178
 -0.000328
  0.000318
 -0.000187
 -0.000299
  0.000358
 -0.000376
 -0.000115
  0.000067
 -0.000016
  0.000146
  0.000278
 -0.000378
 -0.000004
  0.000579
  0.000084
 -0.000188
 -0.000048
 -0.000094
  0.000315
 -0.000294
  0.000224
  0.000017
 -0.000289
  0.000364
 -0.000409
 -0.000369
  0.000236
  0.000465
  0.000078
  0.000322
  0.000246
 -0.000064
  0.000482
 -0.000121
 -0.000319
 -0.000010
 -0.000101
 -0.000533
  0.000338
 -0.000006
  0.000033
 -0.000091
  0.000417
 -0.000440
  0.000068
  0.000219
  0.000259
  0.000045
  0.000030
 -0.000334
 -0.000453
  0.000038
 -0.000043
  0.000024
 -0.000334
 -0.000000
  0.000419
  0.000498
 -0.000124
  0.000259
  0.000012
  0.000136
 -0.000119
  0.000250
 -0.000270
 -0.000286
  0.000481
 -0.000166
 -0.000157
 -0.000219
 -0.000380
  0.000112
 -0.000272
  0.000214
  0.000219
  0.000153
 -0.000578
  0.000760
 -0.000309
 -0.000148
  0.000648
  0.000148
 -0.000115
 -0.000225
  0.000408
  0.000648
 -0.000486
 -0.000509
 -0.000081
  0.000102
 -0.000521
  0.000086
  0.000350
 -0.000059
  0.000158
 -0.000251
  0.000152
 -0.000342
 -0.000520
 -0.000488
 -0.000060
 -0.000636
  0.000909
 -0.000610
 -0.000219
 -0.000075
 -0.000131
 -0.000491
  0.000919
 -0.000431
  0.000172
 -0.000030
  0.000297
 -0.000318
  0.000316
  0.000137
  0.000135
 -0.000342
  0.000890
  0.000068
  0.000022
 -0.000034
  0.000168
 -0.000093
  0.000207
 -0.000485
 -0.000243
  0.000205
 -0.000001
 -0.000520
 -0.000022
  0.000034
 -0.000046
 -0.000146
  0.000175
  0.000075
  0.000013
  0.000244
 -0.000024
  0.000001
 -0.000322
 -0.000818
 -0.000035
 -0.000332
  0.000069
 -0.000213
 -0.000075
  0.000193
 -0.000106
  0.000315
  0.000006
 -0.000241
 -0.000187
  0.000475
  0.000486
 -0.000100
  0.001091
 -0.001240
 -0.000011
 -0.000305
 -0.001505
  0.002238
  0.000458
 -0.001253
  0.000080
  0.000275
  0.000371
 -0.000184
 -0.000012
 -0.000289
 -0.000161
 -0.000017
 -0.000288
  0.000345
  0.000302
  0.000315
 -0.000073
 -0.000065
 -0.000012
 -0.000226
 -0.000381
 -0.000073
  0.000000
 -0.000017
  0.000289
 -0.000005
  0.000108
  0.000602
 -0.000234
  0.000250
  0.000031
 -0.000046
  0.000174
  0.000039
  0.000112
  0.000384
  0.000043
 -0.000021
  0.000089
 -0.000060
 -0.000252
 -0.000141
  0.000405
 -0.000056
  0.000025
 -0.000028
 -0.000366
 -0.000535
 -0.000202
  0.000610
  0.001358
  0.000460
  0.000279
 -0.000266
  0.000080
 -0.000108
  0.000181
 -0.000308
 -0.000412
  0.000020
  0.000221
 -0.000009
 -0.000058
  0.000226
  0.000072
  0.000031
  0.000101
  0.000167
  0.000036
  0.000060
 -0.000108
 -0.000004
 -0.000183
  0.000130
  0.000360
 -0.000048
 -0.000199
 -0.000014
  0.000058
  0.000010
  0.000006
 -0.000210
 -0.000141
 -0.000048
 -0.000026
 -0.000034
  0.000107
 -0.000283
  0.000041
  0.000094
  0.000024
 -0.000134
  0.000086
 -0.000067
  0.000022
 -0.000057
  0.000311
  0.000008
 -0.000012
  0.000026
  0.000064
 -0.000001
 -0.000183
 -0.000148
 -0.000029
  0.000051
  0.000429
  0.000115
  0.000095
  0.000019
