 -0.030416
 -0.058226
  0.688525
  0.069933
 -0.696780
 -0.120175
  0.028648
  0.014157
 -0.046354
  0.079761
  0.031421
  0.005368
 -0.015054
 -0.022703
  0.020504
  0.046144
  0.018842
 -0.009618
  0.015822
 -0.003356
 -0.000385
 -0.006472
 -0.022579
 -0.008985
 -0.020136
 -0.017791
 -0.002676
 -0.008428
  0.002093
  0.004214
  0.000803
  0.005875
 -0.004919
 -0.000330
 -0.004135
 -0.014150
  0.004240
 -0.001421
 -0.000250
  0.004097
  0.005069
 -0.001520
 -0.001720
  0.000617
  0.001820
  0.001428
 -0.005350
 -0.002014
  0.004071
 -0.001663
 -0.003888
 -0.005274
 -0.001537
 -0.002123
 -0.000205
 -0.000002
 -0.000303
  0.002412
 -0.001833
  0.000135
 -0.004222
 -0.000361
 -0.001454
  0.001741
 -0.001385
  0.003012
 -0.003916
 -0.001195
  0.001703
  0.001898
 -0.000720
  0.000523
 -0.001907
  0.000661
  0.003267
 -0.000281
 -0.000078
  0.001469
  0.000828
 -0.001145
  0.000968
 -0.000969
 -0.001313
 -0.000230
 -0.000792
 -0.000796
 -0.002695
 -0.000081
 -0.000715
 -0.000194
 -0.001273
 -0.001484
 -0.000513
 -0.000332
  0.000352
  0.001934
 -0.002144
 -0.003256
  0.000598
 -0.000751
  0.000356
  0.000165
 -0.000527
  0.000397
 -0.002033
  0.000319
  0.000830
  0.001012
 -0.000216
 -0.000198
  0.000935
 -0.000708
 -0.000431
 -0.000350
 -0.000306
 -0.000544
  0.003205
 -0.000231
 -0.001420
  0.000077
 -0.001674
 -0.001690
 -0.000547
  0.001480
  0.002025
 -0.000025
 -0.002570
  0.000343
 -0.000382
 -0.000610
 -0.000155
  0.000399
  0.000068
  0.000197
  0.002144
  0.000883
 -0.000418
 -0.001464
  0.000167
  0.000195
  0.000306
 -0.000236
  0.000740
  0.000915
 -0.000699
  0.000137
 -0.000082
 -0.001500
 -0.000248
 -0.000957
 -0.000635
 -0.000587
  0.001530
  0.000868
 -0.000230
 -0.000179
 -0.000984
 -0.001217
  0.000371
  0.000584
  0.000069
  0.000727
 -0.000395
 -0.000508
  0.000012
 -0.000562
 -0.000735
  0.000527
  0.000000
  0.001474
 -0.000532
 -0.000320
 -0.000033
 -0.000068
 -0.000103
  0.000266
  0.000327
 -0.000370
 -0.000286
 -0.000568
  0.000431
 -0.001037
 -0.000145
  0.000173
 -0.000417
 -0.000380
 -0.000581
 -0.000510
  0.000402
  0.000235
  0.000157
 -0.000576
  0.000196
 -0.000035
 -0.000442
 -0.000566
  0.000140
  0.000137
  0.000508
 -0.000017
 -0.000217
 -0.000149
 -0.000221
 -0.000787
  0.000377
  0.000137
  0.000222
  0.000602
  0.000714
 -0.000382
 -0.000269
  0.000943
  0.000028
 -0.000068
 -0.000585
 -0.000004
 -0.000014
 -0.000401
  0.000173
  0.000971
  0.000754
  0.000492
 -0.000202
 -0.000257
 -0.000013
  0.000951
  0.000086
 -0.000001
  0.001058
 -0.000091
  0.000123
  0.000905
 -0.000079
 -0.000738
  0.000250
  0.000840
 -0.000359
 -0.000088
  0.000320
 -0.000566
 -0.000641
  0.000145
 -0.000686
  0.000127
 -0.000199
 -0.000198
  0.000094
 -0.000358
 -0.000356
  0.000475
  0.000015
  0.000414
 -0.000809
  0.000163
  0.000465
  0.000035
 -0.000117
  0.000967
 -0.000087
  0.000181
  0.000463
  0.000565
  0.000768
 -0.000039
  0.000204
 -0.000391
  0.000145
 -0.000024
  0.000064
 -0.000310
 -0.000072
  0.000423
  0.000581
 -0.000044
 -0.000457
 -0.000424
 -0.000235
  0.000221
 -0.000333
  0.000849
 -0.000057
 -0.000583
 -0.000542
 -0.000905
 -0.000238
 -0.000192
  0.000262
 -0.000270
  0.000065
 -0.000078
  0.000294
  0.000549
  0.000088
  0.000218
 -0.000529
  0.000195
  0.001487
 -0.001182
  0.000205
 -0.000581
  0.000196
  0.000302
  0.000030
  0.000180
  0.000346
 -0.000949
  0.000059
  0.000149
 -0.000085
  0.000143
  0.000911
  0.000227
 -0.000944
 -0.000392
 -0.000296
 -0.000307
  0.001048
  0.000738
  0.000225
 -0.000516
  0.000021
  0.000462
 -0.001133
 -0.000195
 -0.000486
 -0.000386
 -0.000108
  0.000557
 -0.000028
 -0.000414
 -0.000192
 -0.000328
 -0.000253
 -0.000317
  0.000397
  0.000041
 -0.000210
 -0.000331
  0.000096
 -0.000071
 -0.000093
 -0.000565
  0.001346
 -0.000018
  0.000311
  0.000136
  0.000145
  0.000188
 -0.000115
 -0.000079
  0.000551
  0.000946
 -0.000973
  0.001615
 -0.000300
 -0.000358
 -0.002799
  0.001342
 -0.001336
 -0.001708
  0.001083
 -0.000022
 -0.000960
 -0.000402
  0.000522
 -0.001389
  0.000496
 -0.000598
 -0.000524
  0.001273
  0.000203
  0.000992
  0.000037
 -0.001364
  0.000943
  0.000829
  0.000136
  0.000453
 -0.000421
  0.000232
 -0.000073
  0.000611
  0.000605
 -0.000484
 -0.001571
 -0.000151
 -0.000274
  0.000780
 -0.000804
  0.001259
  0.000226
 -0.000353
 -0.000741
  0.000114
 -0.000717
 -0.001210
  0.001064
 -0.000469
 -0.001392
  0.001130
  0.002512
  0.001439
 -0.000645
 -0.000431
  0.000962
  0.000742
 -0.000403
  0.000212
  0.000471
 -0.001123
 -0.000165
 -0.000387
  0.000591
  0.000111
 -0.000146
 -0.000332
  0.000445
  0.000741
 -0.000652
  0.000725
  0.000195
 -0.000073
  0.000705
 -0.001062
  0.000629
  0.000491
  0.000659
 -0.000662
  0.001362
  0.000256
 -0.000325
  0.000569
  0.000391
 -0.000192
 -0.000096
 -0.000550
  0.000096
 -0.000931
  0.000656
 -0.000305
 -0.000380
 -0.000060
  0.000145
  0.000898
  0.000228
 -0.001105
 -0.000573
  0.000088
 -0.000846
 -0.000266
  0.000759
  0.001298
  0.000077
  0.001089
 -0.000435
  0.000099
  0.000433
 -0.000994
 -0.000242
  0.000208
  0.000717
 -0.000001
 -0.000586
  0.000739
 -0.000012
 -0.000192
 -0.000408
  0.000683
  0.000152
  0.000516
  0.000404
 -0.000160
 -0.000129
 -0.000228
  0.000772
  0.000242
 -0.000202
  0.000187
 -0.000543
  0.000178
  0.000488
 -0.000034
 -0.000138
 -0.000388
 -0.000118
 -0.000079
 -0.000405
 -0.000052
 -0.000031
  0.000347
 -0.000365
  0.000234
 -0.000161
 -0.000334
 -0.000265
  0.000096
 -0.000275
  0.000195
 -0.000404
  0.000317
 -0.000007
 -0.000048
 -0.000085
 -0.000102
  0.000286
 -0.000434
  0.000449
 -0.000162
  0.000048
  0.000161
 -0.000216
  0.000198
  0.000032
 -0.000296
 -0.000524
 -0.000459
 -0.000325
  0.000064
  0.000096
 -0.000704
  0.000064
 -0.000004
  0.000228
 -0.000145
 -0.000559
 -0.000013
 -0.000078
  0.000193
  0.000220
 -0.000461
  0.000401
 -0.000373
 -0.000352
  0.000383
  0.000233
  0.000441
 -0.000470
  0.000008
  0.000119
 -0.000592
 -0.000685
  0.000583
 -0.000219
  0.000123
  0.000044
 -0.000079
 -0.000816
  0.000429
  0.000288
 -0.000387
 -0.000070
 -0.000153
  0.000479
 -0.000614
 -0.000419
  0.000122
  0.000208
 -0.000315
 -0.000725
 -0.000338
 -0.000048
  0.000367
  0.000625
  0.000521
 -0.000040
 -0.000275
 -0.000164
 -0.000083
  0.000167
 -0.000391
 -0.000034
 -0.000170
 -0.000170
 -0.000043
 -0.000128
 -0.000054
 -0.000245
 -0.000006
  0.000133
 -0.000279
 -0.000146
  0.000008
 -0.000412
 -0.000143
  0.000338
 -0.000724
 -0.000008
  0.000317
  0.000093
  0.000036
 -0.000038
 -0.000273
 -0.000100
  0.000269
 -0.000184
 -0.000150
  0.000026
  0.000291
  0.000133
  0.000228
  0.000171
  0.000057
  0.000127
  0.000072
  0.000006
 -0.000036
  0.000065
  0.000088
  0.000387
 -0.000130
 -0.000260
 -0.000145
  0.000229
  0.000010
 -0.000338
 -0.000192
  0.000068
  0.000376
  0.000454
 -0.000569
  0.000323
  0.000526
 -0.000110
 -0.000109
 -0.000109
 -0.000029
 -0.000652
 -0.000291
 -0.000366
 -0.000003
  0.000479
  0.000050
  0.000362
  0.000223
 -0.000193
  0.000008
  0.000086
  0.000133
 -0.000023
 -0.000022
 -0.000220
  0.000179
  0.000247
  0.000213
  0.000319
  0.000157
 -0.000210
 -0.000252
  0.000246
 -0.000046
  0.000297
  0.000206
 -0.000533
 -0.000143
 -0.000220
 -0.000025
 -0.000029
 -0.000044
  0.000201
  0.000004
 -0.000176
  0.000365
  0.000166
  0.000087
  0.000141
  0.000440
  0.000111
  0.000070
 -0.000129
 -0.000067
  0.000255
 -0.000014
 -0.000020
  0.000112
  0.000068
 -0.000071
 -0.000119
  0.000206
 -0.000154
  0.000065
  0.000243
 -0.000075
  0.000033
  0.000051
  0.000268
  0.000249
  0.000122
 -0.000008
 -0.000062
 -0.000217
  0.000282
  0.000032
  0.000066
 -0.000162
  0.000182
  0.000296
  0.000044
 -0.000039
 -0.000022
 -0.000114
 -0.000049
 -0.000098
  0.000108
  0.000084
  0.000282
 -0.000080
 -0.000454
 -0.000223
  0.000175
  0.000334
 -0.000028
 -0.000148
 -0.000078
 -0.000104
 -0.000147
  0.000139
 -0.000160
 -0.000107
  0.000046
 -0.000402
 -0.000019
 -0.000043
 -0.000417
 -0.000432
  0.000431
  0.000029
  0.000372
  0.000458
 -0.000292
 -0.000173
  0.000119
  0.000171
  0.000295
 -0.000189
 -0.000010
 -0.000011
 -0.000080
  0.000069
 -0.000183
  0.000006
 -0.000149
 -0.000135
 -0.000152
  0.000300
 -0.000196
  0.000101
  0.000086
 -0.000048
  0.000017
  0.000205
  0.000206
  0.000044
 -0.000053
 -0.000329
 -0.000053
  0.000165
 -0.000018
 -0.000015
 -0.000139
  0.000028
 -0.000101
  0.000378
 -0.000021
  0.000013
 -0.000182
  0.000300
 -0.000324
 -0.000064
 -0.000340
 -0.000212
  0.000051
 -0.000039
  0.000082
  0.000352
 -0.000043
 -0.000227
  0.000089
 -0.000153
 -0.000157
 -0.000150
 -0.000169
  0.000011
  0.000004
 -0.000121
  0.000044
  0.000239
 -0.000130
 -0.000027
 -0.000035
  0.000146
 -0.000096
 -0.000014
 -0.000065
  0.000025
  0.000071
  0.000364
  0.000038
  0.000121
 -0.000236
 -0.000148
  0.000029
 -0.000286
 -0.000058
 -0.000153
  0.000188
 -0.000023
  0.000040
 -0.000049
  0.000028
 -0.000021
  0.000165
  0.000065
  0.000044
  0.000053
  0.000029
  0.000183
  0.000033
  0.000070
 -0.000164
 -0.000021
  0.000031
 -0.000014
  0.000006
 -0.000001
  0.000000
