  0.008621
 -0.027014
 -0.029528
  0.370648
 -0.046040
 -0.095336
  0.115378
  0.019711
 -0.390593
  0.008565
  0.050211
 -0.808947
 -0.023595
  0.060763
  0.042599
 -0.020670
  0.005059
  0.008464
  0.016178
  0.043982
 -0.003484
 -0.003737
 -0.048932
  0.100502
 -0.003874
  0.031651
  0.009272
  0.006728
 -0.010379
 -0.037134
  0.010157
  0.007912
 -0.011514
  0.012991
  0.016898
 -0.002365
 -0.003335
 -0.001186
 -0.014437
  0.009113
 -0.002535
 -0.004580
  0.012903
  0.004104
  0.001647
 -0.003732
  0.002649
 -0.001135
 -0.002962
  0.002749
 -0.001370
 -0.010306
 -0.006566
  0.002067
  0.005549
 -0.007490
 -0.002677
 -0.007700
 -0.004276
  0.004434
 -0.001347
 -0.001613
 -0.004068
  0.000121
 -0.003554
 -0.000717
 -0.000867
 -0.002078
 -0.000395
  0.005580
 -0.000528
  0.000233
  0.000629
 -0.002097
 -0.000373
 -0.002390
 -0.003946
 -0.004770
 -0.001502
 -0.000822
  0.001802
  0.004360
  0.002248
 -0.008512
  0.005776
  0.003486
 -0.001836
  0.005036
  0.001684
  0.000084
  0.001146
 -0.003866
 -0.003882
  0.002724
  0.001284
  0.000595
  0.002802
  0.001922
  0.000587
 -0.000009
 -0.000947
  0.001535
 -0.000897
 -0.001213
  0.000146
  0.002171
 -0.001107
 -0.002059
  0.001265
  0.002012
  0.001544
 -0.001895
  0.000846
 -0.001817
 -0.002265
 -0.001686
 -0.000166
 -0.002210
  0.000805
  0.000109
 -0.001404
 -0.003573
  0.004715
 -0.000479
 -0.000117
 -0.000268
  0.001571
 -0.005627
 -0.000616
  0.002348
 -0.000837
  0.000362
 -0.000910
 -0.002513
  0.002907
  0.000794
 -0.002026
  0.000711
  0.004387
  0.000899
  0.002974
 -0.000071
 -0.000101
  0.002350
 -0.000328
 -0.001918
 -0.001535
 -0.001480
 -0.000028
  0.000555
  0.003524
  0.002076
 -0.000404
 -0.000628
 -0.002384
  0.003467
  0.000061
 -0.004248
 -0.001021
  0.000496
 -0.001228
 -0.001037
  0.000197
 -0.001200
 -0.000635
  0.000182
  0.000339
 -0.001607
  0.001385
  0.003270
  0.000099
 -0.002756
  0.000831
  0.000590
  0.000423
 -0.000845
  0.000456
  0.000953
 -0.001930
  0.002174
  0.002538
 -0.000159
 -0.001386
 -0.000487
 -0.000567
 -0.000149
  0.001355
 -0.000263
  0.000310
 -0.000612
  0.000508
  0.003259
  0.000871
 -0.000372
  0.000874
  0.000599
 -0.000158
 -0.000204
 -0.000742
  0.000215
  0.000846
 -0.000140
  0.000385
 -0.000322
  0.000950
  0.001069
  0.000664
 -0.000545
  0.000446
 -0.001108
  0.002179
 -0.000525
 -0.000841
  0.000458
 -0.001220
  0.000181
 -0.000647
 -0.001944
  0.000308
  0.000079
 -0.001696
 -0.001168
  0.000706
 -0.001100
  0.001661
  0.001265
 -0.003440
 -0.001043
  0.000046
 -0.000791
 -0.001006
 -0.000062
 -0.002198
 -0.000045
  0.001180
 -0.000693
  0.001071
  0.000530
  0.000586
 -0.001425
  0.001323
  0.000822
 -0.000228
 -0.000000
 -0.000314
 -0.001305
  0.000070
  0.001920
 -0.000478
  0.000052
 -0.000455
  0.000650
  0.000128
  0.000303
 -0.000353
  0.000204
 -0.000014
 -0.001065
 -0.000256
  0.000197
  0.000088
 -0.000237
 -0.000361
  0.000373
  0.000311
 -0.000238
 -0.000166
 -0.000238
 -0.000304
 -0.000358
  0.000119
  0.000881
 -0.000042
  0.000882
 -0.000012
  0.001289
  0.000004
 -0.000662
  0.000489
 -0.001417
 -0.000190
 -0.001396
 -0.000587
  0.000885
  0.000329
 -0.001631
  0.000007
 -0.000425
 -0.000168
  0.000402
 -0.001352
  0.000512
  0.000402
  0.000122
 -0.000079
  0.000310
 -0.000080
  0.000279
 -0.000262
 -0.000392
 -0.000847
 -0.000358
 -0.000508
  0.000536
 -0.001139
 -0.001464
 -0.000302
 -0.000060
  0.000277
 -0.000083
 -0.000819
 -0.000645
 -0.000439
  0.001819
 -0.001644
 -0.000071
 -0.000781
 -0.000258
 -0.000178
  0.000606
 -0.000860
  0.000782
 -0.000258
  0.000325
  0.000854
 -0.000293
  0.001188
 -0.000714
  0.001247
  0.000438
  0.000293
  0.001059
  0.000207
  0.000124
 -0.000666
  0.000269
 -0.000126
  0.000117
 -0.000089
 -0.000352
 -0.000039
  0.000459
  0.000549
 -0.000136
 -0.000613
 -0.001084
  0.000335
 -0.000232
 -0.000211
 -0.000647
  0.000097
  0.000125
 -0.001225
 -0.000814
 -0.000539
 -0.000768
  0.000778
 -0.000545
  0.000750
  0.000071
  0.000151
  0.000211
  0.000192
  0.000994
 -0.000690
  0.000391
 -0.000132
  0.000141
 -0.000217
  0.000465
 -0.000143
 -0.000289
 -0.000038
 -0.000199
  0.000894
  0.000063
  0.000369
 -0.000580
  0.000070
  0.000582
 -0.000494
 -0.000469
 -0.000430
  0.000623
  0.001203
 -0.000198
 -0.000073
 -0.000759
  0.000542
 -0.001373
  0.000829
 -0.000162
  0.000025
 -0.000887
 -0.000767
  0.001277
  0.000169
  0.000276
  0.000649
  0.000177
 -0.001342
 -0.000818
 -0.000101
  0.000436
  0.001752
 -0.000341
 -0.000155
  0.000092
  0.001028
  0.000344
  0.000389
  0.000572
  0.000239
 -0.000635
 -0.000593
 -0.000643
 -0.000608
  0.001013
  0.000888
 -0.000551
  0.000900
  0.000102
 -0.000898
 -0.000376
  0.000150
 -0.000868
 -0.000697
  0.000812
  0.000334
 -0.000497
 -0.000725
 -0.000390
  0.001810
 -0.000648
 -0.000299
  0.000088
  0.000954
  0.000783
 -0.000517
 -0.000191
  0.001028
 -0.000134
  0.000426
  0.000064
  0.000565
  0.001056
 -0.000658
 -0.000152
 -0.000178
 -0.000974
  0.000097
  0.000951
  0.000756
  0.000622
  0.000244
 -0.000155
 -0.001231
  0.000698
  0.000443
 -0.000654
  0.000195
  0.000061
 -0.000055
  0.000041
  0.000165
 -0.000284
 -0.000947
 -0.000047
  0.000590
 -0.000740
 -0.000332
 -0.000524
  0.000076
 -0.000040
  0.000616
  0.000244
  0.000335
  0.000560
 -0.001414
  0.000544
 -0.000790
  0.000767
 -0.000389
  0.000059
 -0.000751
 -0.001766
  0.000454
 -0.000936
  0.001250
  0.000131
 -0.000257
  0.000741
 -0.000138
 -0.000593
 -0.001264
  0.001295
  0.000618
 -0.001661
  0.000264
 -0.000380
  0.000002
 -0.000457
 -0.000244
  0.000975
  0.000030
 -0.000098
 -0.001262
 -0.000486
 -0.000246
 -0.000902
 -0.000285
 -0.000523
  0.000142
 -0.000116
  0.000081
 -0.001196
  0.000427
  0.000771
 -0.000263
 -0.000782
  0.000246
  0.000664
 -0.000131
  0.000119
 -0.000377
 -0.001574
  0.000033
 -0.000143
  0.000421
 -0.000303
  0.000707
  0.000193
  0.001455
  0.000665
 -0.000619
  0.000046
  0.000510
 -0.000812
  0.000287
 -0.000440
  0.000519
 -0.001568
  0.000309
  0.000455
 -0.000357
 -0.000535
  0.000064
 -0.000031
  0.000400
 -0.000238
 -0.000094
  0.000966
 -0.000656
 -0.000895
  0.000223
  0.000527
 -0.000216
 -0.000279
 -0.000199
  0.000197
  0.000419
 -0.000097
  0.000694
  0.000852
 -0.000872
  0.000742
 -0.000091
 -0.000491
 -0.000289
  0.000352
 -0.000276
  0.000167
 -0.000365
  0.000682
 -0.000232
  0.000777
 -0.000370
  0.000802
  0.000040
  0.000034
  0.000263
 -0.000639
  0.000414
  0.000196
 -0.000587
 -0.000233
 -0.000773
 -0.000352
  0.000013
  0.000302
  0.000558
 -0.000247
  0.000623
  0.000135
  0.000411
  0.000247
 -0.000025
 -0.000069
 -0.000168
  0.000469
  0.000328
 -0.000238
  0.000442
  0.000481
 -0.000215
  0.000478
  0.000155
  0.000079
  0.001079
  0.001013
  0.000481
 -0.000144
  0.000591
 -0.000260
  0.000642
  0.000443
  0.000360
 -0.001271
  0.000297
 -0.000031
  0.000473
 -0.001077
 -0.000273
  0.000067
 -0.000184
  0.000220
 -0.000154
 -0.000064
  0.000167
  0.000033
  0.000240
 -0.000303
 -0.000450
  0.000067
 -0.000094
  0.000113
 -0.000866
 -0.000527
  0.000022
 -0.000246
 -0.000187
  0.000698
 -0.000396
 -0.001385
 -0.000598
  0.000033
 -0.000304
 -0.000208
 -0.000421
  0.000034
  0.000055
 -0.000486
  0.000255
 -0.000172
  0.000561
  0.000224
  0.000288
  0.000030
  0.000055
  0.000564
 -0.000847
  0.000271
 -0.000019
 -0.000547
  0.000137
  0.000188
 -0.000348
 -0.000010
 -0.000003
 -0.000224
  0.000071
 -0.000317
 -0.000053
  0.000372
  0.000009
  0.000204
 -0.000217
  0.000220
  0.000248
 -0.000224
  0.000414
 -0.000268
  0.000054
 -0.000416
 -0.000320
  0.000101
 -0.000225
 -0.000100
  0.000535
 -0.000404
 -0.000266
 -0.000082
 -0.000025
  0.000107
 -0.000062
  0.000311
  0.000152
 -0.000141
  0.000585
 -0.000089
  0.000082
  0.000176
  0.000039
 -0.000122
 -0.000318
  0.000167
  0.000137
  0.000097
  0.000378
  0.000182
 -0.000299
  0.000200
  0.000431
 -0.000086
  0.000084
  0.000506
  0.000200
 -0.000480
  0.000100
  0.000491
  0.000010
 -0.000350
  0.000182
  0.000149
  0.000239
  0.000017
  0.000580
  0.000575
  0.000468
  0.000483
  0.000015
 -0.000036
 -0.000347
  0.000177
  0.000351
 -0.000181
  0.000024
 -0.000101
  0.000077
 -0.000145
 -0.000161
  0.000202
 -0.000402
  0.000015
  0.000641
 -0.000334
  0.000039
 -0.000276
 -0.000111
  0.000175
  0.000025
 -0.000037
 -0.000005
 -0.000131
 -0.000038
  0.000051
  0.000036
 -0.000230
 -0.000324
 -0.000089
  0.000315
 -0.000130
 -0.000352
  0.000229
  0.000091
 -0.000199
 -0.000365
 -0.000343
 -0.000125
  0.000097
  0.000136
 -0.000375
 -0.000205
  0.000066
  0.000108
 -0.000216
 -0.000135
 -0.000042
 -0.000047
 -0.000124
 -0.000099
 -0.000037
  0.000031
 -0.000104
 -0.000213
 -0.000042
 -0.000202
 -0.000147
  0.000078
 -0.000034
  0.000155
 -0.000046
 -0.000272
  0.000049
  0.000068
 -0.000160
  0.000123
 -0.000014
  0.000010
  0.000086
  0.000077
  0.000122
 -0.000023
 -0.000047
 -0.000020
  0.000039
  0.000034
  0.000045
 -0.000090
 -0.000096
 -0.000008
  0.000002
 -0.000284
 -0.000231
 -0.000020
  0.000310
  0.000062
  0.000026
 -0.000415
 -0.000273
 -0.000378
 -0.000079
 -0.000116
  0.000161
 -0.000172
