  0.123791
 -0.985726
 -0.027349
 -0.058337
  0.051790
 -0.067178
 -0.000648
  0.002725
 -0.000645
 -0.018156
  0.002121
 -0.005539
  0.012123
  0.006620
 -0.000349
 -0.006528
 -0.009773
  0.001809
 -0.012420
 -0.005145
  0.006627
 -0.012227
 -0.002375
 -0.000913
  0.012278
  0.003494
  0.007066
 -0.006471
 -0.000739
 -0.003231
  0.000381
 -0.004148
  0.001432
  0.000364
 -0.001302
  0.008525
  0.004985
 -0.001952
  0.001080
 -0.000308
  0.000345
 -0.003159
  0.002329
  0.002908
 -0.001630
 -0.001088
 -0.004932
  0.001458
 -0.001461
  0.001836
  0.004125
  0.000152
 -0.000113
  0.000939
 -0.001012
  0.001054
 -0.003237
 -0.000209
  0.000223
  0.000369
 -0.001002
 -0.001020
  0.000588
 -0.001297
 -0.000517
 -0.000197
 -0.000082
 -0.000910
  0.001735
  0.001203
  0.000521
 -0.000173
 -0.000636
 -0.001280
 -0.000038
  0.000033
  0.001097
 -0.000268
  0.000814
  0.000392
 -0.000312
  0.000207
  0.001062
  0.000541
 -0.000060
 -0.000228
 -0.000067
  0.000931
  0.000637
 -0.000574
 -0.000203
  0.000674
 -0.000786
 -0.000235
 -0.000311
  0.000594
 -0.000013
  0.000179
  0.000108
  0.000256
  0.000652
 -0.000904
  0.000086
 -0.000559
  0.000939
  0.000205
  0.000677
 -0.000910
  0.000458
 -0.000058
  0.000576
 -0.000010
  0.000744
 -0.000508
  0.000561
 -0.000337
 -0.000954
  0.000452
  0.000527
  0.000956
 -0.000019
 -0.000430
  0.000337
 -0.000256
 -0.000337
  0.000031
  0.001650
 -0.000020
 -0.000174
  0.000595
  0.000846
 -0.000182
  0.000605
 -0.001262
 -0.001481
 -0.000459
  0.000105
  0.001726
  0.000310
  0.000870
 -0.000561
  0.000683
  0.000811
  0.000892
 -0.000242
  0.000139
 -0.000505
  0.000110
 -0.000507
  0.000359
  0.000933
  0.000192
  0.000614
 -0.000558
  0.000151
 -0.000071
  0.000021
  0.000969
 -0.000162
 -0.000415
 -0.000183
 -0.000264
 -0.000485
  0.000390
 -0.000065
  0.000285
 -0.000257
  0.000760
 -0.000315
 -0.000884
  0.000479
  0.000417
  0.000260
  0.000544
 -0.000030
  0.000288
 -0.000501
  0.000146
 -0.000086
 -0.000909
  0.000372
 -0.000106
  0.000799
  0.000687
  0.000279
  0.000119
 -0.000113
  0.000300
 -0.000191
  0.000103
  0.000492
  0.000441
 -0.000313
 -0.000353
  0.000203
  0.000449
 -0.000463
  0.000018
 -0.000143
  0.000022
  0.000384
 -0.000430
  0.000166
 -0.000154
  0.000247
  0.000182
 -0.000192
  0.000693
 -0.000200
  0.000232
 -0.000873
  0.000242
 -0.000115
 -0.000078
 -0.000226
 -0.000004
  0.000162
 -0.000016
 -0.000200
  0.000265
 -0.000128
 -0.000060
 -0.000387
  0.000030
  0.000124
 -0.000950
  0.000160
  0.000624
 -0.000378
  0.000319
  0.000368
 -0.000761
 -0.000219
  0.000940
 -0.000507
 -0.000775
  0.000380
 -0.000262
 -0.001148
  0.000873
  0.000102
 -0.000188
  0.001001
 -0.000151
 -0.000432
  0.000617
  0.000546
  0.000476
  0.000154
  0.000065
 -0.000290
 -0.000236
  0.000763
 -0.000100
 -0.000260
 -0.000447
  0.000073
 -0.000322
 -0.000212
  0.000083
  0.000330
 -0.000095
 -0.000346
  0.000043
  0.000137
  0.000610
  0.000378
  0.000062
  0.000059
 -0.000051
  0.000010
 -0.000258
 -0.000101
 -0.000005
 -0.000078
  0.000024
  0.000049
  0.000265
 -0.000093
 -0.000045
  0.000221
  0.000517
  0.000166
 -0.000696
 -0.000426
  0.000175
 -0.000193
 -0.000387
  0.000165
 -0.000038
 -0.000018
 -0.000389
 -0.000247
  0.000256
 -0.000234
 -0.000567
 -0.000848
 -0.000397
 -0.000298
  0.000381
 -0.000214
 -0.000121
 -0.000511
 -0.000335
 -0.000355
  0.000973
  0.000272
 -0.000456
  0.000343
  0.000237
  0.000177
 -0.000112
  0.000641
  0.000256
  0.000688
  0.000404
 -0.000704
 -0.000374
  0.000278
 -0.000306
 -0.000060
  0.000077
  0.000259
  0.000193
 -0.000259
  0.000168
  0.000217
  0.000322
  0.000174
 -0.000315
  0.000287
 -0.000045
 -0.000138
 -0.000685
 -0.000387
 -0.000127
 -0.000286
  0.000880
  0.000370
  0.000118
 -0.000210
 -0.000387
 -0.000065
  0.000239
 -0.000301
  0.000007
  0.000224
 -0.000738
 -0.000599
 -0.000226
 -0.000510
  0.000237
  0.000352
 -0.000315
 -0.001057
 -0.000093
  0.000433
 -0.000360
 -0.000214
  0.000039
  0.000114
  0.000112
  0.000245
  0.000211
 -0.000190
 -0.000226
  0.000206
  0.000100
 -0.000137
 -0.000706
 -0.000049
 -0.000883
  0.000165
  0.001024
 -0.000287
 -0.000232
 -0.000211
  0.000265
  0.000310
  0.000177
  0.000166
 -0.000221
  0.000048
 -0.001021
  0.000805
  0.000540
  0.001422
  0.000869
  0.000292
 -0.000460
 -0.000404
  0.000517
  0.000186
  0.000024
  0.000411
  0.000022
 -0.000153
  0.000415
  0.000351
 -0.000074
 -0.000295
 -0.000818
  0.000140
  0.000740
 -0.001327
  0.000318
  0.000517
 -0.000350
 -0.000534
  0.001175
 -0.000409
 -0.000113
 -0.000089
 -0.000335
 -0.000228
  0.000033
 -0.000652
 -0.000197
 -0.000569
  0.000465
 -0.000151
  0.000315
 -0.000294
  0.000088
  0.000107
  0.000060
 -0.000154
 -0.000366
  0.000235
  0.000399
  0.000171
  0.000343
 -0.000342
 -0.000163
 -0.000449
  0.000031
  0.000221
  0.000016
  0.000201
  0.000102
  0.000121
  0.000054
 -0.000018
 -0.000268
 -0.000107
  0.000031
  0.000362
  0.000178
  0.000051
 -0.000437
 -0.000212
 -0.000107
 -0.000065
 -0.000118
  0.000118
 -0.000100
  0.000089
  0.000392
 -0.000056
  0.000098
 -0.000212
  0.000247
  0.000005
 -0.000206
 -0.000259
 -0.000127
  0.000087
 -0.000047
  0.000267
 -0.000145
 -0.000796
  0.000432
 -0.000009
  0.000099
 -0.000042
 -0.000086
 -0.000271
 -0.000338
 -0.000339
  0.000293
 -0.000006
 -0.000300
  0.000413
  0.000109
  0.000008
 -0.000133
  0.000284
  0.000151
 -0.000137
 -0.000288
  0.000418
  0.000245
  0.000083
  0.000142
  0.000100
  0.000055
  0.000159
  0.000202
 -0.000191
 -0.000445
  0.000223
  0.000007
 -0.000025
  0.000101
  0.000039
  0.000482
  0.000521
  0.000105
  0.000077
 -0.000112
  0.000498
  0.000018
 -0.000542
  0.000240
  0.000878
  0.000073
  0.000527
 -0.000077
 -0.000477
  0.000581
 -0.000164
 -0.000492
 -0.000628
 -0.000131
 -0.000274
  0.000203
  0.000053
 -0.000560
  0.000132
 -0.000122
 -0.000365
  0.000662
  0.000138
  0.000221
 -0.000091
 -0.000793
  0.000394
  0.000007
  0.000043
  0.000064
  0.000766
 -0.000370
 -0.000069
  0.000178
 -0.000110
  0.000366
  0.000417
  0.000076
  0.000143
  0.000156
 -0.000431
  0.000326
 -0.000204
  0.000160
  0.000189
  0.000062
 -0.000075
  0.000188
  0.000108
 -0.000204
  0.000034
  0.000240
 -0.000045
  0.000059
  0.000036
  0.000158
  0.000182
  0.000444
 -0.000021
 -0.000194
  0.000197
 -0.000248
 -0.000335
 -0.000088
 -0.000052
  0.000121
  0.000056
 -0.000034
  0.000122
 -0.000016
  0.000069
 -0.000015
  0.000217
 -0.000052
 -0.000087
  0.000068
  0.000046
 -0.000110
 -0.000178
  0.000195
  0.000065
  0.000091
 -0.000046
 -0.000087
  0.000054
 -0.000027
 -0.000002
 -0.000063
 -0.000036
 -0.000124
 -0.000122
  0.000092
 -0.000136
  0.000008
  0.000001
  0.000083
  0.000063
  0.000013
 -0.000325
  0.000208
 -0.000103
  0.000043
  0.000149
  0.000050
 -0.000001
 -0.000091
 -0.000260
  0.000052
 -0.000181
  0.000019
 -0.000388
  0.000033
  0.000055
 -0.000102
 -0.000064
 -0.000041
 -0.000072
 -0.000103
 -0.000147
  0.000161
  0.000055
  0.000016
 -0.000015
 -0.000005
  0.000164
 -0.000151
 -0.000096
  0.000008
 -0.000249
 -0.000129
 -0.000048
 -0.000139
 -0.000117
 -0.000061
 -0.000201
  0.000202
  0.000160
  0.000237
 -0.000024
 -0.000112
 -0.000112
 -0.000108
  0.000298
 -0.000172
 -0.000080
  0.000063
 -0.000083
  0.000108
 -0.000068
  0.000100
 -0.000039
 -0.000035
 -0.000002
 -0.000169
 -0.000134
 -0.000166
 -0.000047
 -0.000025
  0.000003
 -0.000116
  0.000030
  0.000057
 -0.000236
 -0.000081
 -0.000337
 -0.000118
  0.000157
  0.000238
  0.000217
 -0.000153
  0.000053
 -0.000075
  0.000165
  0.000017
 -0.000078
  0.000049
 -0.000020
 -0.000122
 -0.000101
 -0.000068
  0.000098
 -0.000076
  0.000084
  0.000050
  0.000041
 -0.000114
 -0.000019
 -0.000026
  0.000068
 -0.000020
  0.000051
 -0.000005
 -0.000116
  0.000140
 -0.000072
  0.000024
 -0.000022
  0.000062
 -0.000109
 -0.000174
 -0.000133
 -0.000313
  0.000094
  0.000117
  0.000065
  0.000060
 -0.000014
 -0.000067
  0.000041
 -0.000042
 -0.000076
  0.000042
  0.000038
 -0.000038
 -0.000031
  0.000031
 -0.000078
  0.000058
 -0.000031
  0.000131
  0.000014
  0.000079
  0.000077
 -0.000051
 -0.000024
 -0.000091
  0.000032
 -0.000063
 -0.000050
  0.000048
 -0.000021
 -0.000073
  0.000047
  0.000119
 -0.000103
 -0.000030
 -0.000128
 -0.000018
  0.000033
 -0.000025
 -0.000005
 -0.000041
 -0.000092
 -0.000001
  0.000030
 -0.000067
  0.000087
  0.000087
  0.000110
  0.000191
  0.000048
 -0.000138
  0.000099
 -0.000073
  0.000107
 -0.000057
  0.000064
 -0.000225
  0.000018
  0.000051
  0.000030
  0.000040
  0.000004
 -0.000268
  0.000141
  0.000369
 -0.000024
  0.000052
  0.000123
  0.000022
  0.000021
 -0.000104
  0.000061
  0.000136
 -0.000043
  0.000073
  0.000006
 -0.000037
  0.000046
 -0.000194
  0.000076
  0.000058
 -0.000140
  0.000135
 -0.000099
 -0.000002
  0.000046
  0.000053
  0.000051
  0.000063
  0.000019
 -0.000032
  0.000036
  0.000157
 -0.000154
  0.000011
  0.000055
  0.000022
  0.000034
  0.000106
 -0.000121
 -0.000071
 -0.000021
 -0.000077
 -0.000020
 -0.000237
 -0.000024
 -0.000107
  0.000157
 -0.000002
  0.000056
 -0.000022
 -0.000006
 -0.000011
  0.000004
