 -0.048346
  0.147233
  0.083668
  0.125808
  0.932649
  0.025326
 -0.049622
 -0.011907
  0.014544
  0.109761
 -0.178892
  0.032570
  0.031749
  0.019384
  0.047683
  0.019649
 -0.039299
  0.033105
  0.013427
 -0.023419
  0.000776
  0.002089
  0.032517
  0.026070
 -0.012642
  0.012725
 -0.047363
  0.025580
  0.003776
  0.008765
  0.028473
  0.025617
  0.024343
 -0.015610
  0.036149
 -0.031779
  0.033989
 -0.008511
  0.008906
 -0.005216
 -0.000238
  0.000577
 -0.006806
  0.019723
  0.009655
 -0.006569
 -0.024250
 -0.008315
  0.033856
  0.015725
  0.001136
  0.039546
  0.022864
  0.018286
  0.006773
 -0.020227
  0.020709
  0.014846
 -0.006257
 -0.004101
  0.002451
 -0.009715
  0.015438
  0.010205
  0.007237
  0.004588
 -0.011209
 -0.013265
 -0.013397
  0.004511
 -0.016460
 -0.010267
  0.004071
 -0.004753
  0.017664
  0.007266
  0.007135
  0.004823
  0.003653
 -0.009117
  0.010683
 -0.006225
  0.003508
 -0.008024
  0.006620
  0.001625
  0.000704
  0.000456
 -0.001323
 -0.004854
 -0.004448
  0.006349
 -0.002218
 -0.005638
 -0.003854
  0.016725
  0.003390
 -0.013113
 -0.007421
 -0.020312
  0.005352
  0.008339
 -0.007112
  0.001900
  0.001981
 -0.000852
  0.002262
 -0.013920
 -0.008671
 -0.011477
  0.013000
  0.003119
  0.018796
 -0.000472
  0.012790
 -0.007687
  0.009593
 -0.000078
 -0.004725
 -0.004320
  0.014504
  0.003150
  0.002642
  0.004735
  0.016842
 -0.000418
  0.003355
 -0.000021
 -0.004052
  0.003590
  0.003921
 -0.007479
 -0.009285
 -0.001219
 -0.001838
  0.002937
 -0.004488
  0.005229
  0.007018
 -0.002430
 -0.001267
  0.000287
 -0.002885
  0.007629
 -0.002161
  0.008136
 -0.001422
 -0.006463
 -0.000217
  0.015021
 -0.004784
 -0.004723
  0.006157
 -0.003467
  0.005925
  0.002591
 -0.004395
 -0.004501
 -0.005421
 -0.003801
 -0.001895
  0.000624
 -0.002711
  0.003663
 -0.000736
  0.008589
 -0.000060
  0.004200
  0.003084
  0.005663
 -0.002972
  0.000770
 -0.002591
  0.005834
  0.010003
  0.008798
  0.004315
 -0.007303
 -0.007169
  0.002270
  0.006951
 -0.001550
  0.002280
  0.002312
 -0.006366
 -0.007283
 -0.004375
  0.004008
  0.009810
 -0.001833
  0.002754
 -0.001148
  0.000639
  0.000116
  0.000666
 -0.003999
  0.003100
 -0.005144
  0.002801
 -0.006269
 -0.004116
 -0.001352
  0.003331
  0.002682
  0.005957
  0.004860
  0.005996
 -0.002245
 -0.001088
  0.003914
  0.003630
 -0.000885
 -0.001431
 -0.000997
  0.001661
 -0.004345
 -0.000984
  0.000430
 -0.003875
  0.004626
  0.005534
 -0.001190
  0.007577
  0.006467
  0.004935
 -0.001724
  0.009333
  0.003702
  0.004589
 -0.003715
  0.001828
  0.004758
 -0.005067
  0.003081
 -0.003531
  0.004523
 -0.003535
  0.003806
  0.003250
 -0.010049
  0.003686
  0.000952
  0.005806
 -0.007222
  0.003840
  0.000029
  0.002095
 -0.000657
 -0.000652
 -0.003067
  0.000976
  0.003786
 -0.006328
 -0.003885
 -0.002520
  0.000832
 -0.002014
  0.000039
  0.004647
 -0.001786
  0.001952
  0.000603
  0.005030
  0.002311
 -0.000136
  0.001047
 -0.004369
 -0.003641
 -0.002787
  0.002634
  0.002410
 -0.001729
  0.005765
 -0.002239
 -0.000406
  0.006082
  0.005150
  0.003773
 -0.002294
  0.001651
 -0.005723
 -0.000318
 -0.000954
 -0.004278
 -0.000309
  0.006722
 -0.000857
 -0.002094
  0.002264
  0.002088
 -0.001557
 -0.001765
  0.001366
 -0.000243
  0.001216
  0.002658
 -0.005301
  0.000689
 -0.000163
  0.000769
 -0.000805
 -0.003240
 -0.003075
 -0.000306
 -0.000665
 -0.001373
 -0.000494
  0.001501
 -0.001605
  0.002861
  0.000458
  0.001448
 -0.000016
 -0.000948
  0.000718
  0.002683
  0.000797
  0.000749
 -0.001880
 -0.001709
  0.001094
  0.000061
 -0.000417
 -0.001108
  0.000698
 -0.001191
 -0.003512
  0.000070
 -0.000102
  0.001417
 -0.001874
 -0.000417
  0.000786
 -0.001204
 -0.001743
 -0.000756
  0.001070
  0.002319
  0.002351
  0.001433
  0.001894
 -0.002867
 -0.001352
  0.002645
 -0.001391
  0.002440
 -0.001666
  0.000319
  0.002072
  0.000241
 -0.000996
  0.000921
  0.002734
 -0.000283
 -0.001118
  0.000637
  0.003293
  0.003364
 -0.000978
  0.000339
 -0.000383
  0.000052
  0.002298
  0.000729
 -0.003390
  0.001627
 -0.002673
 -0.000443
  0.000842
 -0.004717
 -0.000468
 -0.001771
 -0.000380
 -0.000488
  0.003875
 -0.001077
 -0.002981
 -0.005831
 -0.004523
 -0.004546
  0.003243
 -0.000748
 -0.003928
 -0.004820
  0.000287
  0.004302
  0.002455
  0.003100
 -0.001759
  0.001694
 -0.002185
  0.001291
  0.001736
  0.001997
 -0.001905
 -0.001475
  0.000570
 -0.000915
 -0.002123
 -0.000052
 -0.003132
 -0.000912
 -0.001753
  0.002380
  0.000365
  0.001533
  0.000433
  0.000184
  0.002094
  0.001339
 -0.000038
  0.001539
 -0.004148
 -0.000255
 -0.001594
  0.001724
  0.000701
  0.004235
 -0.002023
 -0.001970
 -0.002105
 -0.000230
  0.000784
 -0.000994
 -0.002402
  0.002256
 -0.000087
 -0.003867
 -0.002944
  0.001820
  0.000831
  0.000921
 -0.001832
 -0.001744
 -0.002200
 -0.001875
 -0.000991
 -0.000180
 -0.008045
 -0.000134
 -0.001384
 -0.007431
  0.000271
  0.001496
  0.000255
  0.001685
 -0.000954
 -0.003078
 -0.000556
 -0.000083
  0.001054
 -0.000308
  0.000022
 -0.001440
 -0.000258
  0.002239
  0.001039
  0.001810
 -0.000855
 -0.000093
 -0.002506
  0.002299
 -0.002581
 -0.000444
  0.002047
  0.000834
  0.004234
  0.002571
 -0.000795
 -0.001095
 -0.001348
 -0.000378
 -0.002668
 -0.003266
  0.001492
  0.004308
  0.003146
 -0.000556
  0.001854
 -0.000141
  0.003460
  0.000444
 -0.002629
 -0.000181
  0.002417
 -0.000822
  0.005255
  0.003382
  0.003948
 -0.000355
 -0.002109
 -0.002818
  0.002052
 -0.000271
 -0.001750
 -0.000573
  0.000268
 -0.003186
 -0.002645
  0.004433
 -0.002454
  0.001126
 -0.002393
  0.001390
  0.001332
  0.002340
  0.001708
 -0.000855
  0.000676
 -0.001114
  0.000671
  0.000840
 -0.000766
  0.001076
 -0.000621
 -0.002362
  0.001357
 -0.000833
  0.000916
 -0.004183
 -0.001214
 -0.002084
 -0.004579
 -0.001661
  0.003169
 -0.003800
  0.001647
  0.000209
  0.001693
 -0.001344
  0.000925
 -0.001546
  0.000578
  0.001530
  0.003672
 -0.001840
 -0.003590
 -0.000003
 -0.001955
 -0.000795
  0.001831
 -0.000658
  0.001464
 -0.003524
 -0.000374
 -0.000584
 -0.000185
  0.000821
  0.002277
 -0.000396
  0.002090
  0.000692
  0.001204
  0.000540
  0.000294
  0.001340
  0.000702
 -0.001698
  0.001139
 -0.001941
  0.000157
 -0.001313
 -0.001738
  0.000648
 -0.000869
  0.001198
 -0.000346
  0.002584
  0.002480
  0.000455
  0.000201
 -0.001213
  0.001191
  0.000153
  0.000263
  0.000934
  0.000872
  0.001897
  0.001567
  0.001302
 -0.000351
  0.000584
  0.000594
 -0.000376
  0.000825
  0.000948
 -0.000528
 -0.000751
  0.000969
 -0.002570
  0.000398
 -0.002738
  0.001268
  0.000143
 -0.002013
 -0.002598
 -0.003304
 -0.001493
  0.002611
 -0.000696
 -0.000102
 -0.000903
 -0.000166
  0.000542
 -0.000422
  0.000679
  0.003300
  0.001390
 -0.001108
  0.001194
  0.000375
 -0.002622
  0.002068
 -0.001457
 -0.001448
 -0.000943
 -0.003281
 -0.000438
  0.000584
 -0.000660
 -0.000430
 -0.001114
  0.001108
 -0.000187
 -0.000221
 -0.001135
 -0.000507
 -0.000870
 -0.002952
 -0.000863
 -0.000648
  0.000548
  0.000532
 -0.000892
 -0.000024
 -0.000315
 -0.000934
  0.000151
 -0.001281
  0.000041
  0.000445
 -0.001874
  0.001304
  0.001528
  0.000460
  0.000997
  0.000425
 -0.000951
 -0.001044
  0.001097
 -0.001055
 -0.000226
 -0.000127
  0.000080
  0.000078
 -0.000877
 -0.000143
 -0.000984
 -0.000491
 -0.001125
  0.000017
 -0.001222
 -0.001278
  0.001226
  0.001827
  0.000738
 -0.000419
 -0.001053
  0.000503
  0.000053
  0.000620
 -0.000038
 -0.001217
  0.000047
 -0.001008
 -0.000302
  0.002220
 -0.001326
  0.000379
  0.000897
 -0.000167
  0.000853
 -0.000225
 -0.001716
  0.000355
  0.002361
 -0.000524
 -0.000677
 -0.000690
  0.000374
 -0.001661
 -0.000938
  0.000005
 -0.000613
 -0.000711
 -0.000372
  0.001311
 -0.001255
 -0.001397
  0.002143
 -0.001362
 -0.000383
 -0.000693
  0.000853
 -0.002038
  0.001344
  0.002155
  0.000252
  0.003069
  0.000823
  0.002424
  0.000277
 -0.000313
  0.000737
 -0.002712
 -0.000396
 -0.000293
 -0.001453
 -0.000029
  0.000263
  0.003144
 -0.000409
  0.000879
  0.001722
  0.000219
  0.002094
 -0.000211
 -0.000932
  0.001513
  0.001723
  0.000721
  0.000064
 -0.000467
  0.001119
 -0.000858
 -0.001642
  0.000182
 -0.003054
  0.000205
  0.002654
  0.000481
  0.000058
 -0.000062
  0.000850
  0.000288
  0.001945
 -0.000505
  0.002090
 -0.000700
 -0.000736
  0.001146
  0.001929
 -0.001349
  0.001592
 -0.001370
  0.004096
 -0.001681
 -0.000753
  0.003091
 -0.001526
 -0.000368
  0.000026
  0.001678
 -0.000723
 -0.000818
 -0.000627
 -0.002352
 -0.000245
 -0.001036
 -0.000114
 -0.000924
  0.000834
  0.000283
 -0.000200
 -0.000099
  0.001025
 -0.001314
  0.000028
 -0.002762
  0.000697
 -0.001162
  0.000414
  0.002666
 -0.001433
 -0.000491
 -0.003523
 -0.001322
 -0.000868
  0.002569
  0.000568
 -0.000393
  0.002434
 -0.004128
 -0.001869
  0.000296
 -0.000661
  0.001206
 -0.000579
  0.001091
  0.000395
  0.000137
 -0.000561
 -0.000391
 -0.000497
  0.000577
 -0.000528
 -0.000100
 -0.000070
 -0.000730
 -0.000116
  0.000218
 -0.000013
 -0.000437
  0.000100
 -0.000160
  0.000031
 -0.000050
  0.000137
 -0.000091
 -0.000148
  0.000208
  0.000141
 -0.000141
  0.000151
 -0.000156
