 -0.882577
 -0.114343
  0.006346
  0.004891
  0.362835
  0.124444
  0.142802
  0.009044
  0.020580
 -0.084697
  0.003498
 -0.026160
 -0.109012
 -0.015526
 -0.101101
 -0.035878
  0.012186
 -0.006296
  0.010659
 -0.017621
 -0.011574
 -0.021473
  0.019127
 -0.000124
  0.018573
 -0.010737
  0.006362
  0.009914
 -0.000945
  0.003117
  0.058101
  0.015118
  0.012750
  0.010802
  0.012768
 -0.008249
  0.000838
  0.010913
  0.001832
 -0.004402
 -0.002212
 -0.004413
  0.008603
  0.007541
 -0.009243
  0.004818
 -0.007432
 -0.008512
 -0.003857
 -0.002924
 -0.000158
 -0.001799
  0.002894
  0.001248
  0.004170
  0.001570
  0.004565
  0.007193
 -0.002489
  0.001145
  0.001909
 -0.001471
 -0.000614
  0.002169
  0.000156
 -0.000024
  0.000167
 -0.005754
 -0.002670
 -0.005519
  0.002500
 -0.003137
 -0.005476
 -0.000359
 -0.011226
  0.002171
  0.003430
 -0.005819
  0.000496
  0.002721
 -0.001224
 -0.002322
  0.003690
  0.000505
  0.003452
 -0.003990
  0.004872
  0.000380
  0.002490
 -0.003650
 -0.000253
 -0.004308
 -0.005281
  0.000624
  0.000909
  0.001591
 -0.001101
  0.001205
  0.007550
 -0.004685
 -0.002599
  0.002044
 -0.001761
  0.005678
 -0.001939
 -0.000963
  0.003467
 -0.002905
  0.000829
 -0.000418
  0.005216
  0.001058
  0.001127
 -0.003940
  0.001661
  0.001671
  0.005013
  0.002201
  0.002421
 -0.003505
  0.000479
  0.007158
  0.002552
  0.002568
 -0.001895
  0.002805
 -0.000309
  0.000388
  0.003125
 -0.001027
  0.000759
 -0.002062
 -0.002381
  0.001701
  0.000990
 -0.002690
 -0.000628
  0.000919
 -0.000245
 -0.000710
 -0.003662
 -0.001258
  0.002615
 -0.001780
 -0.002608
  0.001747
  0.000100
  0.001241
  0.003563
  0.002658
 -0.003228
 -0.001960
  0.001301
  0.005784
  0.000447
 -0.000359
  0.004518
 -0.000023
 -0.002425
 -0.001249
 -0.000593
 -0.001152
 -0.001461
  0.000457
  0.002001
 -0.000484
 -0.003793
  0.000552
  0.000379
 -0.000888
  0.003696
 -0.002789
  0.000629
  0.002734
  0.002326
  0.002918
  0.001953
 -0.001128
 -0.000974
 -0.000863
  0.000472
 -0.002315
 -0.000136
  0.001200
  0.000587
  0.002611
 -0.000810
 -0.000401
 -0.001257
  0.002466
 -0.001723
 -0.001004
 -0.000622
  0.000936
  0.000605
  0.000566
  0.003389
  0.000126
  0.000965
 -0.002427
  0.001595
  0.000692
 -0.000929
  0.000406
 -0.003359
  0.003372
 -0.000014
  0.004502
 -0.002196
 -0.000876
  0.000888
  0.000247
 -0.000138
  0.002169
 -0.002189
 -0.001293
  0.001400
  0.001804
  0.002221
 -0.000504
  0.001304
 -0.000040
 -0.002257
  0.000717
 -0.001384
 -0.000313
 -0.000324
  0.000346
  0.001161
  0.001649
 -0.003406
 -0.000827
  0.000225
 -0.001698
 -0.000604
  0.002205
 -0.002332
  0.001636
  0.002509
  0.000537
 -0.000905
 -0.000481
 -0.001311
  0.000699
  0.001658
 -0.001630
  0.000344
 -0.000649
 -0.000737
 -0.001302
  0.000860
 -0.001070
 -0.001584
 -0.002067
 -0.000786
  0.000324
  0.000523
  0.000510
 -0.000764
 -0.000813
 -0.000288
  0.000983
  0.000246
 -0.000750
  0.000491
  0.000223
  0.000112
  0.001447
  0.000603
  0.000452
 -0.000637
 -0.001811
  0.002730
 -0.001048
 -0.000632
  0.000254
 -0.001039
  0.001180
  0.000497
  0.000618
  0.000007
  0.000429
 -0.000159
 -0.000473
 -0.000165
 -0.000308
 -0.000611
 -0.001589
 -0.000247
  0.000571
 -0.000987
  0.000314
 -0.000376
 -0.000455
  0.000839
  0.004142
 -0.000347
  0.000128
  0.001183
 -0.000314
  0.000327
  0.001174
 -0.000715
 -0.000533
  0.000594
 -0.000538
  0.000261
 -0.001197
 -0.000677
  0.001627
 -0.001658
 -0.001522
  0.001225
  0.000314
 -0.001493
 -0.000287
  0.000414
  0.001375
  0.001552
  0.001060
 -0.000180
  0.001149
  0.000538
 -0.001999
  0.001361
  0.000408
 -0.001165
 -0.000159
 -0.000100
 -0.000110
 -0.001307
  0.000794
 -0.000227
 -0.000082
 -0.001091
 -0.000105
  0.000001
 -0.000383
 -0.000148
 -0.000642
  0.000032
  0.000205
  0.000450
  0.000626
  0.000171
  0.000506
 -0.000672
 -0.000218
  0.000608
  0.000854
 -0.000083
  0.000035
 -0.000266
  0.000248
  0.001029
 -0.001051
 -0.000201
  0.001707
 -0.000560
  0.000457
 -0.001197
  0.000232
  0.000199
  0.000876
  0.000191
 -0.001679
 -0.000825
  0.000388
  0.001330
 -0.000763
  0.000709
 -0.000441
 -0.000696
  0.000672
 -0.000565
 -0.001154
 -0.000202
 -0.001330
  0.000196
  0.000085
  0.000772
  0.000563
  0.000558
 -0.000484
 -0.000515
 -0.000239
 -0.000197
 -0.001437
 -0.001227
  0.001898
 -0.001514
 -0.000397
 -0.000235
 -0.000456
 -0.001290
  0.000767
  0.000560
  0.001068
 -0.000556
  0.000184
  0.000047
 -0.000154
 -0.000058
 -0.000572
  0.000432
 -0.000743
 -0.000466
  0.000068
 -0.000047
 -0.000478
 -0.000322
  0.000044
  0.001289
  0.000325
 -0.001347
  0.000256
  0.000459
 -0.000290
 -0.001230
 -0.000397
  0.000366
  0.000072
  0.000736
 -0.000445
  0.000045
  0.000188
 -0.000324
  0.000846
  0.000580
 -0.000199
 -0.000103
  0.000494
 -0.000835
 -0.000611
  0.000185
 -0.000925
  0.000336
  0.000111
  0.000738
 -0.000349
 -0.000307
  0.000451
 -0.000510
 -0.001061
  0.000050
  0.000302
 -0.000250
 -0.001726
 -0.000262
 -0.000232
 -0.000322
  0.000293
  0.000040
  0.000053
 -0.000233
 -0.000759
 -0.000014
 -0.000482
  0.000439
  0.000055
 -0.000221
  0.000123
  0.000070
 -0.000103
  0.000817
  0.000005
  0.000252
  0.000324
  0.000073
 -0.000420
  0.000679
  0.000421
 -0.000012
  0.000545
  0.000080
 -0.000072
  0.000380
  0.000359
 -0.000136
  0.000048
  0.000628
  0.000308
 -0.000293
  0.000342
  0.000006
  0.000179
  0.000054
  0.000361
  0.000285
 -0.000647
 -0.000153
  0.001365
  0.000211
 -0.000893
 -0.000324
 -0.000020
  0.000311
  0.000302
 -0.000090
 -0.000428
  0.000384
  0.000067
  0.000069
 -0.000163
 -0.000589
 -0.000327
 -0.000953
 -0.000273
 -0.000027
  0.000386
  0.000141
 -0.000133
  0.000009
  0.000174
 -0.000000
 -0.000265
 -0.000206
  0.000209
 -0.000169
 -0.000497
 -0.000138
  0.000372
 -0.000639
  0.000667
 -0.000028
 -0.000554
  0.000607
 -0.000323
  0.000188
  0.000359
 -0.000308
 -0.000302
 -0.000749
  0.000131
 -0.000354
  0.001329
  0.001605
 -0.000524
 -0.000171
 -0.000299
  0.000422
 -0.000301
 -0.000183
  0.000214
  0.000407
 -0.000692
  0.000150
 -0.000788
 -0.000178
  0.000102
 -0.000528
 -0.000525
  0.000746
 -0.000405
 -0.000501
 -0.000543
 -0.000085
  0.000061
 -0.000642
  0.000762
 -0.000186
 -0.000001
  0.000424
  0.000926
  0.000004
  0.000633
 -0.000364
 -0.000400
  0.000684
  0.001160
 -0.000047
 -0.000586
 -0.000635
  0.000742
  0.000687
  0.000319
 -0.000384
 -0.000344
 -0.000994
  0.000087
 -0.000399
  0.000504
 -0.000405
  0.000745
 -0.000327
  0.000809
 -0.000142
 -0.000696
 -0.000160
 -0.000215
 -0.000021
 -0.000467
  0.000095
  0.000158
  0.000239
  0.000124
 -0.000659
 -0.000445
  0.000619
 -0.000141
  0.000001
  0.000188
  0.000160
  0.000098
  0.000108
 -0.000121
  0.000050
  0.000285
  0.000464
  0.000098
 -0.000207
 -0.000231
  0.000253
 -0.000372
 -0.000048
 -0.000257
  0.000396
 -0.000333
  0.000103
  0.000729
  0.000032
  0.000651
  0.000166
  0.000635
  0.000619
 -0.001037
 -0.000043
  0.000642
  0.000150
  0.000479
  0.000887
 -0.000253
 -0.000474
 -0.000093
  0.000178
  0.000074
  0.000712
 -0.000181
  0.000922
 -0.000274
 -0.000492
 -0.000226
 -0.000545
 -0.001223
 -0.000261
  0.000200
 -0.000019
  0.000143
  0.000000
  0.000633
  0.000617
  0.000123
  0.000485
  0.000324
 -0.000605
 -0.000115
  0.000097
 -0.000171
  0.000287
  0.000551
  0.000623
 -0.000270
  0.000344
  0.000404
  0.000108
  0.000333
  0.000568
  0.000075
  0.000703
 -0.000242
 -0.000276
 -0.000267
 -0.000001
 -0.000426
 -0.000078
  0.000531
  0.000102
  0.000237
  0.000045
 -0.000508
 -0.000062
  0.000464
 -0.000335
  0.000156
  0.000345
 -0.000127
  0.000647
 -0.000622
  0.000660
 -0.000022
 -0.000114
  0.000343
 -0.000459
  0.000695
  0.000493
 -0.000281
  0.000061
  0.000233
 -0.000023
 -0.000591
  0.000728
 -0.000470
  0.000173
 -0.000014
  0.000008
 -0.000329
 -0.000266
  0.000172
  0.000137
 -0.000183
  0.000086
  0.000022
  0.000018
  0.000064
 -0.000132
 -0.000079
 -0.000037
 -0.000577
  0.000121
  0.000291
  0.000065
  0.000239
 -0.000089
  0.000201
 -0.000395
  0.000215
 -0.000404
  0.000559
  0.000394
  0.000020
 -0.000701
 -0.000007
  0.000391
  0.000110
  0.000717
  0.000737
 -0.000132
 -0.000448
  0.000360
  0.000406
  0.000089
 -0.000788
 -0.000585
  0.000385
 -0.000254
  0.000065
 -0.000104
  0.000381
  0.000003
  0.000078
 -0.000617
  0.000060
  0.000200
 -0.000096
 -0.000355
 -0.000095
 -0.000214
 -0.000107
 -0.000551
  0.000076
  0.000022
  0.000436
  0.000626
 -0.000360
  0.000003
  0.000210
 -0.000151
  0.000362
 -0.000180
 -0.000027
  0.000049
 -0.000144
  0.000231
 -0.000133
 -0.000039
  0.000011
  0.000159
  0.000015
  0.000034
  0.000017
  0.000057
  0.000076
 -0.000005
  0.000251
  0.000537
 -0.000534
 -0.000217
  0.000070
 -0.000134
  0.000288
  0.000237
  0.000019
  0.000576
  0.000230
  0.000085
  0.000063
  0.000119
  0.000298
 -0.000272
  0.000110
  0.000105
 -0.000017
  0.000013
 -0.000025
 -0.000038
 -0.000122
  0.000310
  0.000113
  0.000102
 -0.000033
 -0.000082
  0.000078
  0.000297
 -0.000096
  0.000013
  0.000040
 -0.000005
 -0.000007
 -0.000028
  0.000004
 -0.000036
  0.000003
 -0.000271
  0.000047
 -0.000006
