  0.808152
 -0.005766
 -0.026511
 -0.559473
 -0.007967
  0.065911
 -0.103157
  0.011823
  0.047326
 -0.001550
 -0.088721
 -0.040619
  0.003686
 -0.009229
 -0.018240
  0.003656
 -0.020308
  0.006542
  0.001887
 -0.014941
 -0.030372
 -0.018573
  0.016019
 -0.007023
  0.003645
 -0.012936
  0.014736
  0.007237
  0.014383
  0.014110
 -0.000176
 -0.006523
 -0.010281
  0.004813
  0.009268
  0.003526
  0.003011
  0.003803
  0.007325
 -0.000097
  0.004859
  0.002615
 -0.004491
  0.002942
 -0.004284
 -0.000700
  0.003575
  0.000106
 -0.002061
 -0.002691
  0.005993
 -0.009454
 -0.007728
 -0.005734
  0.009054
  0.002380
 -0.009063
  0.001328
 -0.004958
  0.002158
 -0.000136
  0.002518
  0.005921
  0.001006
  0.002972
  0.001599
  0.003853
  0.004771
  0.002203
  0.001757
 -0.005148
 -0.000000
  0.001468
  0.001325
  0.002631
  0.003891
 -0.000244
 -0.000382
 -0.002310
  0.005935
  0.000868
  0.010171
 -0.005373
  0.000409
  0.000273
 -0.000853
  0.007983
 -0.003165
 -0.000706
  0.003132
 -0.003075
  0.002979
  0.006435
 -0.008964
 -0.004086
 -0.002372
  0.001112
 -0.000856
  0.001147
 -0.001656
  0.003094
  0.004675
 -0.004626
 -0.004232
 -0.001355
 -0.004052
 -0.004493
  0.001098
  0.001544
  0.004983
 -0.000842
 -0.001308
  0.002007
 -0.000376
  0.000182
 -0.000045
  0.001659
  0.003547
 -0.000972
  0.000643
 -0.002194
  0.005491
 -0.002008
  0.004238
 -0.001877
 -0.002496
 -0.002059
 -0.001562
  0.003968
  0.001534
 -0.003521
 -0.000171
 -0.002116
 -0.001343
 -0.000488
  0.000749
 -0.000575
  0.001079
 -0.003331
 -0.001305
 -0.006390
 -0.000492
 -0.001860
 -0.000377
  0.003258
  0.001684
 -0.000465
  0.004007
  0.001277
  0.000106
 -0.001830
 -0.002168
  0.002412
  0.000150
 -0.002414
 -0.002318
 -0.002840
  0.001605
  0.000443
  0.004370
 -0.002457
  0.002515
  0.001158
  0.001178
 -0.003317
  0.000518
 -0.001315
  0.000407
 -0.000356
 -0.000490
 -0.001307
 -0.001656
 -0.001891
  0.001099
  0.001327
  0.005935
  0.000542
  0.001654
 -0.001988
  0.000838
 -0.006238
 -0.001183
 -0.001184
  0.003536
 -0.002727
 -0.002855
 -0.000663
 -0.000558
  0.000005
 -0.000047
  0.000511
  0.000304
  0.002350
 -0.000463
 -0.000299
  0.000813
  0.000669
 -0.002035
 -0.000369
  0.001850
  0.000133
  0.000293
  0.000137
 -0.001263
 -0.001229
  0.001051
 -0.000391
  0.000536
 -0.001256
  0.003087
 -0.003229
 -0.004634
  0.000647
 -0.001044
 -0.001278
 -0.002584
 -0.002138
  0.001958
  0.000966
 -0.000151
 -0.000301
 -0.000724
  0.002373
  0.001611
 -0.002120
  0.000483
 -0.001246
  0.000074
  0.002069
  0.002465
 -0.001904
  0.002905
  0.004889
 -0.001298
 -0.002465
  0.003278
  0.001103
 -0.005619
 -0.003284
  0.002377
  0.001663
 -0.001003
  0.003872
 -0.001855
  0.000617
  0.000716
  0.001854
  0.001731
 -0.000648
  0.000324
 -0.001146
 -0.002547
  0.000628
 -0.001071
 -0.000763
 -0.000057
  0.000285
 -0.000244
 -0.002294
 -0.000062
  0.000566
  0.000226
  0.000076
  0.001108
  0.001778
  0.000019
  0.000981
  0.000987
  0.000667
  0.000352
 -0.000197
 -0.000516
  0.001004
 -0.001229
 -0.000797
 -0.000690
 -0.000431
  0.000642
  0.000525
 -0.001229
 -0.000065
 -0.000664
 -0.000520
  0.000261
 -0.000570
  0.000863
 -0.000344
  0.000018
 -0.001310
  0.000270
 -0.000159
 -0.000230
 -0.000102
  0.000609
  0.000035
 -0.002929
  0.000720
 -0.000475
  0.000386
 -0.000075
  0.001531
 -0.001288
 -0.002939
 -0.003811
 -0.001932
  0.001089
  0.002964
 -0.000914
  0.001540
  0.001990
 -0.001606
  0.002042
  0.002509
  0.000593
 -0.000328
 -0.000542
  0.000583
  0.000584
  0.003758
 -0.000106
 -0.000326
 -0.002565
 -0.002029
  0.000279
  0.000625
  0.000893
  0.002957
 -0.000657
  0.000201
  0.000518
 -0.000805
  0.000350
  0.000192
  0.000883
 -0.000969
 -0.001355
 -0.000914
  0.000225
 -0.000624
 -0.002105
 -0.000563
  0.001122
  0.000357
 -0.000771
  0.000514
 -0.000804
 -0.001085
  0.001123
  0.000630
 -0.000823
 -0.000224
  0.000898
  0.000069
  0.000116
 -0.001146
 -0.000234
  0.000192
  0.000961
 -0.000228
 -0.000271
  0.001904
 -0.001060
 -0.000855
 -0.001644
  0.001220
 -0.000304
 -0.000844
  0.000755
  0.000505
 -0.000089
  0.000522
  0.000911
 -0.000772
  0.001000
  0.001004
  0.000230
 -0.000743
 -0.000304
 -0.000622
  0.000460
  0.000303
 -0.001705
  0.001339
  0.000028
 -0.000236
 -0.000348
 -0.000290
  0.000443
 -0.000683
  0.001181
  0.000058
 -0.000899
  0.000246
 -0.000764
 -0.000661
 -0.000574
  0.000177
 -0.001677
 -0.001282
 -0.000469
  0.000838
 -0.000917
 -0.000292
 -0.000065
  0.000976
  0.000861
 -0.000257
 -0.000214
 -0.000068
  0.000509
 -0.000746
  0.000649
  0.000313
 -0.000111
 -0.001231
  0.000038
  0.000082
 -0.002202
 -0.000029
  0.000945
  0.000187
 -0.000635
  0.000175
  0.000700
  0.000180
  0.000244
  0.000117
  0.000017
 -0.000203
  0.000876
  0.000089
 -0.000130
  0.000413
  0.000408
  0.000196
  0.000148
 -0.000535
 -0.000637
 -0.000414
  0.000675
 -0.000785
 -0.000290
  0.001034
  0.001017
  0.000907
 -0.000690
 -0.001538
  0.000860
  0.000771
  0.000951
  0.001210
  0.000623
 -0.000615
 -0.000418
 -0.000410
  0.000025
  0.000185
 -0.000311
  0.000756
 -0.000236
  0.001018
  0.000052
  0.000380
 -0.000557
 -0.000677
  0.000772
  0.000693
  0.000974
  0.000168
  0.000899
 -0.000472
  0.000199
  0.000113
 -0.000206
  0.000507
 -0.001137
  0.000618
  0.000424
  0.000492
  0.001554
  0.000513
  0.000562
 -0.000262
  0.000825
 -0.000240
 -0.000143
 -0.000539
  0.000731
 -0.000651
  0.000478
  0.000008
 -0.000592
  0.000020
 -0.000311
 -0.000010
 -0.000685
 -0.001280
  0.000609
  0.001225
 -0.000358
  0.000350
  0.000237
 -0.000148
 -0.001075
 -0.000460
 -0.000092
 -0.000146
  0.000169
  0.000158
  0.000467
 -0.000554
  0.000213
  0.000716
 -0.000462
  0.000102
  0.000138
 -0.000034
 -0.000221
  0.000568
  0.000831
  0.000107
  0.000488
 -0.000757
  0.001103
 -0.000238
  0.000536
 -0.000727
  0.001456
  0.000278
 -0.000485
  0.000711
 -0.000721
  0.000573
  0.001548
  0.000071
 -0.000159
  0.000771
 -0.001090
 -0.000589
 -0.000398
 -0.000973
 -0.000339
  0.000533
  0.000603
  0.000561
 -0.001623
 -0.001235
 -0.000220
  0.001282
  0.000058
  0.000617
  0.000494
 -0.000502
 -0.000096
  0.000799
 -0.000455
  0.000929
 -0.000531
  0.000286
 -0.000221
  0.000073
  0.001179
  0.000067
  0.001058
 -0.001330
 -0.000195
  0.000119
 -0.000249
 -0.000073
 -0.001065
 -0.000330
 -0.001294
  0.000203
 -0.000368
 -0.000758
  0.000258
  0.000448
  0.001270
 -0.000893
  0.000459
  0.000149
  0.000712
  0.000799
 -0.001350
 -0.000635
  0.001571
  0.000273
 -0.000370
 -0.001003
 -0.000505
  0.001855
  0.001514
 -0.000816
 -0.000781
  0.001288
 -0.001456
 -0.000533
 -0.001014
  0.000228
 -0.001089
 -0.000353
 -0.000673
 -0.000723
 -0.000283
 -0.000169
  0.000158
  0.000114
  0.000135
  0.000362
 -0.000540
 -0.000250
  0.000573
  0.001440
 -0.000400
  0.000453
  0.000278
 -0.000349
  0.000450
 -0.000208
  0.000049
  0.001191
 -0.000805
 -0.000300
 -0.000721
  0.000153
  0.000587
 -0.000089
  0.000471
 -0.000776
  0.000281
 -0.000513
 -0.000133
  0.000023
 -0.000833
  0.000744
  0.000086
 -0.000056
 -0.000606
 -0.000670
  0.000232
 -0.000548
 -0.000499
  0.000411
  0.000139
 -0.001150
 -0.001503
 -0.000145
 -0.000026
 -0.000256
 -0.000584
 -0.000744
  0.000983
 -0.000302
 -0.000409
  0.000913
  0.000261
  0.000809
 -0.000767
  0.000047
 -0.000432
 -0.000606
 -0.000039
 -0.000567
 -0.001641
  0.002214
 -0.001349
  0.000117
 -0.000198
 -0.000775
 -0.000666
  0.000715
 -0.000374
  0.000009
  0.000022
  0.000711
  0.000636
 -0.000626
  0.000500
 -0.000227
  0.000609
 -0.001178
 -0.000142
  0.000286
  0.001124
 -0.000815
 -0.000412
 -0.000627
 -0.000328
  0.000641
 -0.000842
 -0.000058
 -0.001164
 -0.000575
  0.000621
  0.000095
 -0.000174
 -0.000191
 -0.001165
 -0.000013
  0.000041
 -0.000527
  0.001655
 -0.000534
 -0.000590
  0.000378
  0.000658
  0.000013
 -0.000125
 -0.000988
  0.000135
  0.000748
 -0.000601
  0.000212
 -0.000259
  0.000284
 -0.000330
 -0.000095
 -0.000476
 -0.001106
  0.000333
  0.000117
  0.000101
  0.000526
 -0.000124
  0.000723
 -0.000460
  0.000174
 -0.000817
  0.000866
 -0.000842
  0.000354
 -0.000062
 -0.000453
 -0.000203
 -0.001130
 -0.000108
 -0.001641
  0.000243
  0.000306
  0.000567
 -0.000034
 -0.000396
 -0.000213
  0.000028
 -0.000656
  0.000589
  0.000043
  0.000575
 -0.000107
 -0.000210
 -0.000260
 -0.000472
 -0.000599
  0.000171
 -0.000178
  0.000823
  0.000012
  0.000348
 -0.000658
  0.000403
 -0.000817
 -0.000205
 -0.001285
  0.000563
  0.000089
 -0.000473
  0.000204
  0.000104
 -0.000148
  0.000255
 -0.000192
 -0.000025
 -0.000128
 -0.000608
 -0.000334
  0.001295
  0.000206
 -0.000020
 -0.000904
 -0.000123
 -0.000147
  0.000034
  0.000336
  0.000274
 -0.000228
 -0.000388
  0.000473
 -0.001379
  0.001401
  0.001167
  0.000837
  0.000070
 -0.001328
 -0.001139
  0.000268
  0.000323
 -0.000395
  0.000728
 -0.000565
  0.000518
 -0.000853
 -0.000019
  0.000125
 -0.000577
 -0.000363
  0.000275
 -0.000152
 -0.000263
 -0.000593
 -0.000498
  0.000029
  0.000640
  0.000231
  0.000099
 -0.000145
 -0.000080
  0.000013
  0.000491
 -0.000187
 -0.000176
  0.000277
 -0.000051
  0.000004
  0.000086
 -0.000072
