 -0.254007
 -0.686564
  0.170283
 -0.006118
 -0.171226
  0.251393
 -0.519954
  0.013535
  0.000237
 -0.053937
  0.152165
 -0.042443
 -0.009706
  0.058069
 -0.027577
 -0.044018
 -0.105226
 -0.057761
  0.001013
  0.020744
  0.048117
  0.007950
 -0.036645
  0.073570
 -0.060677
  0.016037
  0.000186
 -0.016840
 -0.016441
 -0.018167
 -0.002763
  0.014993
 -0.019654
 -0.034361
  0.000328
  0.027870
  0.008359
  0.006679
 -0.006504
 -0.010755
  0.005793
  0.016707
 -0.014730
  0.008705
 -0.006406
 -0.005029
  0.004861
 -0.000480
  0.005503
 -0.009411
  0.002744
 -0.013875
 -0.002614
 -0.026266
  0.017890
 -0.008014
 -0.004313
 -0.000982
 -0.005404
 -0.013756
  0.003693
 -0.001480
  0.010174
  0.017217
 -0.006369
  0.002438
  0.016818
  0.003904
 -0.007040
 -0.000470
 -0.007348
 -0.005824
  0.000021
 -0.003335
 -0.000887
  0.001758
  0.000368
 -0.004463
 -0.002017
 -0.003861
 -0.001584
  0.006207
  0.004007
 -0.001913
  0.005948
  0.008088
 -0.004347
 -0.009119
  0.003612
  0.000101
  0.004639
 -0.000163
 -0.002166
 -0.000714
  0.001000
 -0.004392
 -0.008775
 -0.000747
  0.013674
  0.007721
 -0.013338
 -0.000102
  0.001225
 -0.002261
  0.001556
  0.002933
  0.004317
 -0.001363
 -0.005264
 -0.002829
  0.002854
 -0.002139
  0.005683
  0.001358
  0.004225
  0.005002
  0.004004
 -0.000838
  0.002234
 -0.002099
  0.000722
  0.005068
 -0.001467
  0.004078
 -0.016382
  0.003115
 -0.006591
 -0.000852
  0.000673
 -0.000782
 -0.000472
  0.001509
  0.001696
 -0.003334
  0.003234
 -0.002915
 -0.008662
 -0.003196
 -0.000977
  0.000253
 -0.002690
  0.003156
  0.002826
 -0.000615
  0.007413
 -0.001472
  0.000084
 -0.000048
  0.008623
  0.004376
 -0.000459
  0.000144
  0.002304
 -0.004370
 -0.003867
  0.000835
 -0.006341
  0.000100
 -0.000648
  0.007834
 -0.000442
  0.000523
  0.000535
 -0.002474
 -0.002139
 -0.000713
  0.000791
 -0.001231
 -0.000954
  0.001960
 -0.002674
 -0.000498
 -0.000739
 -0.002259
  0.000345
  0.000132
  0.001760
 -0.001480
  0.005919
  0.000194
 -0.001512
 -0.002283
  0.002637
 -0.001368
  0.004602
  0.001200
  0.004089
 -0.002565
 -0.001543
 -0.004246
 -0.002767
 -0.001585
  0.003029
  0.000220
  0.003636
 -0.000255
  0.002806
 -0.003482
  0.005442
  0.000870
 -0.001618
 -0.003480
 -0.002687
  0.006376
 -0.001391
  0.004270
  0.000703
 -0.004514
  0.002096
 -0.001680
 -0.003251
  0.002009
 -0.000714
  0.002176
 -0.001503
 -0.001719
  0.002071
 -0.001685
  0.001251
  0.002275
 -0.000060
  0.002328
 -0.001418
  0.000896
  0.000179
 -0.000375
 -0.003028
  0.001238
 -0.003214
 -0.001569
  0.003151
 -0.001946
 -0.000240
 -0.000109
  0.003441
  0.005857
  0.007725
  0.002085
  0.004038
 -0.001395
 -0.003939
  0.000009
 -0.001992
 -0.000403
  0.000616
 -0.001946
 -0.000171
  0.003414
  0.000470
 -0.000405
 -0.001373
  0.003016
  0.002858
  0.001942
 -0.000722
 -0.001523
 -0.003670
 -0.001810
 -0.002994
  0.000907
 -0.000250
 -0.000830
  0.000771
  0.000777
 -0.000326
  0.002083
  0.000188
 -0.001310
  0.001863
 -0.000096
 -0.001820
  0.006545
  0.000331
  0.000265
  0.001628
  0.000551
  0.001947
 -0.001108
  0.001684
  0.001816
  0.001687
 -0.000085
  0.003616
  0.000321
 -0.001091
  0.001299
  0.001855
  0.002080
 -0.000063
 -0.001158
  0.001504
  0.000191
 -0.000243
  0.001376
  0.000487
  0.000916
 -0.001175
  0.001308
 -0.000217
 -0.001594
 -0.002161
  0.001769
 -0.003208
  0.002030
  0.000442
  0.001151
  0.000420
  0.000384
  0.003188
 -0.000902
 -0.000153
  0.000676
  0.002627
 -0.003929
  0.000297
 -0.002380
 -0.001599
  0.000681
  0.002634
 -0.000386
 -0.000837
 -0.001130
  0.001716
  0.002553
 -0.000034
 -0.001619
 -0.001150
  0.001494
  0.000568
  0.002455
 -0.000463
  0.001780
 -0.002705
 -0.000031
 -0.001648
  0.000496
 -0.001377
  0.000123
 -0.002068
 -0.001662
  0.001284
  0.001918
 -0.000382
 -0.002763
 -0.000411
 -0.002995
 -0.000678
 -0.000464
  0.000367
  0.002293
 -0.001740
  0.000881
  0.000121
 -0.001369
  0.000716
  0.000349
 -0.000288
 -0.002036
 -0.000036
 -0.000971
  0.000805
  0.003155
 -0.001129
 -0.002171
 -0.001298
  0.000890
 -0.001225
 -0.002150
 -0.000114
 -0.001004
 -0.000668
 -0.000708
  0.000108
 -0.000108
  0.001275
 -0.000420
 -0.001215
 -0.000330
 -0.000357
 -0.000281
  0.002129
  0.000173
  0.000642
 -0.000112
  0.000033
 -0.000289
 -0.000212
 -0.000320
  0.000692
  0.000289
  0.001725
 -0.001134
 -0.000398
  0.001499
  0.001172
  0.002220
 -0.000199
  0.000745
 -0.001784
 -0.000789
  0.000956
  0.000590
  0.001782
  0.000257
  0.000477
  0.000293
  0.000257
  0.000953
 -0.000200
 -0.003212
 -0.000687
 -0.000160
 -0.001398
  0.000028
 -0.000873
 -0.001248
  0.001929
 -0.001330
 -0.000821
  0.000441
  0.001744
 -0.000345
 -0.000826
  0.001622
 -0.001741
  0.001059
 -0.002860
  0.000025
 -0.000859
 -0.000074
  0.000710
  0.000184
 -0.002400
  0.001274
 -0.000990
  0.001674
  0.000205
  0.001279
 -0.000433
 -0.001501
 -0.001316
  0.001111
  0.001184
 -0.000381
 -0.000228
  0.000116
  0.000649
 -0.002046
  0.001474
  0.001133
  0.001134
 -0.000268
  0.001756
  0.001294
  0.001476
  0.000586
 -0.001260
 -0.000288
  0.000725
  0.000259
 -0.001285
 -0.001192
  0.000313
 -0.000195
 -0.000641
 -0.000206
 -0.000014
 -0.000393
  0.001039
 -0.000283
 -0.000350
  0.000128
  0.000124
  0.001418
 -0.000580
 -0.000648
  0.000691
 -0.000385
  0.000181
  0.000070
 -0.000047
  0.001281
  0.000992
 -0.000526
 -0.001183
 -0.000090
  0.001078
 -0.001398
 -0.000848
 -0.000858
 -0.000429
 -0.000914
  0.000891
 -0.000094
 -0.000805
 -0.000393
  0.000462
 -0.000314
 -0.002380
  0.001475
 -0.000057
  0.000651
 -0.000217
 -0.000817
 -0.001593
  0.000377
  0.000358
  0.001401
 -0.001258
  0.001202
  0.000063
 -0.000720
  0.000352
 -0.000452
 -0.001158
 -0.000058
 -0.000808
  0.000292
  0.000445
 -0.000656
 -0.000638
 -0.000334
  0.000730
 -0.000452
 -0.000575
  0.000806
 -0.000377
 -0.000741
  0.000303
  0.000722
  0.001135
 -0.000093
 -0.000106
 -0.000246
 -0.000053
  0.000052
 -0.000142
 -0.000984
  0.001244
 -0.001743
 -0.001140
  0.001206
 -0.001027
  0.000292
  0.002367
 -0.000575
 -0.002015
  0.000355
  0.001532
 -0.002094
  0.000188
 -0.000362
 -0.001430
  0.000086
  0.001006
 -0.000278
 -0.000160
  0.001019
 -0.001747
  0.001008
  0.000147
  0.000357
 -0.000952
 -0.001081
  0.000583
 -0.001711
  0.000103
  0.000029
  0.001390
  0.001077
  0.000832
 -0.000051
  0.000377
 -0.000407
 -0.001346
 -0.000090
 -0.000433
  0.000644
  0.000986
  0.001053
  0.000266
 -0.000128
 -0.000171
  0.000069
  0.000125
  0.000809
 -0.000141
 -0.000285
  0.000429
  0.000060
 -0.000267
 -0.000268
 -0.000242
  0.000486
  0.000273
 -0.000335
  0.000694
 -0.000937
 -0.000554
 -0.000888
  0.000094
  0.000027
  0.000224
 -0.000072
 -0.000199
  0.000119
 -0.000377
  0.000666
 -0.000037
 -0.000980
 -0.000546
 -0.000470
 -0.001052
  0.000069
 -0.000154
 -0.001083
 -0.001188
 -0.001859
  0.000811
 -0.000819
  0.000230
  0.001071
 -0.000396
 -0.000013
  0.000164
  0.000768
 -0.000071
  0.000325
  0.001024
  0.000778
  0.000422
  0.000136
 -0.000276
  0.000159
  0.001318
 -0.001197
 -0.000640
 -0.001123
  0.000734
  0.002212
  0.000079
  0.001646
 -0.000318
 -0.000138
 -0.000269
 -0.000196
  0.000443
  0.000756
  0.000113
  0.000318
  0.000651
  0.000767
 -0.000265
  0.000589
 -0.000861
  0.000129
  0.000126
 -0.002115
 -0.000131
 -0.000698
  0.000741
 -0.000126
 -0.000088
 -0.001233
 -0.000006
  0.000498
 -0.000062
 -0.000941
  0.000224
 -0.000625
 -0.000708
 -0.000270
  0.000785
 -0.000886
  0.000059
 -0.000576
 -0.000271
 -0.001194
  0.000311
  0.000416
 -0.000171
 -0.001104
 -0.000168
 -0.000326
  0.000141
 -0.000121
  0.000081
 -0.000975
 -0.000180
  0.000038
  0.000182
 -0.000107
 -0.000197
 -0.000657
  0.000270
  0.000565
 -0.000446
 -0.000297
 -0.000991
  0.000295
  0.000191
  0.001244
 -0.000014
 -0.000573
  0.001109
  0.000754
 -0.000866
  0.000863
 -0.000188
 -0.000393
 -0.000570
  0.000423
 -0.000050
 -0.000536
 -0.000386
 -0.000438
  0.000261
 -0.000617
 -0.000133
  0.000053
 -0.001067
  0.000396
 -0.000187
  0.001028
 -0.000473
  0.000115
 -0.000620
  0.000533
 -0.000188
  0.000201
 -0.000660
  0.000297
 -0.000090
 -0.000211
  0.000276
 -0.000129
  0.000577
 -0.000656
  0.001745
  0.000827
  0.001184
  0.000301
  0.000430
  0.000026
 -0.000462
  0.000568
  0.000129
 -0.000782
  0.000087
 -0.001617
 -0.000311
  0.000051
  0.000129
  0.000656
 -0.000463
 -0.000766
 -0.000211
  0.000105
  0.000217
  0.000215
  0.000266
 -0.000400
  0.000174
  0.000185
 -0.000191
  0.000346
 -0.000767
 -0.000294
  0.000065
 -0.000095
 -0.001095
  0.000378
  0.000111
  0.000329
  0.000139
 -0.000101
 -0.000272
  0.000117
 -0.000227
  0.000209
  0.000145
  0.000396
 -0.000225
 -0.000266
  0.000213
 -0.000015
  0.000254
  0.000933
  0.000187
 -0.000178
  0.000302
  0.000273
  0.000427
  0.000720
 -0.000012
  0.000039
  0.000037
  0.000677
  0.000783
 -0.000081
 -0.000145
  0.000314
 -0.000139
 -0.000081
 -0.000038
 -0.000245
  0.000080
  0.000099
 -0.000067
 -0.000022
 -0.000034
 -0.000181
 -0.000046
 -0.000051
  0.000004
 -0.000100
  0.000032
 -0.000443
 -0.000159
 -0.000204
  0.000676
 -0.000051
  0.001236
  0.000176
 -0.000086
