  0.037940
 -0.889031
  0.086829
  0.074772
 -0.231474
 -0.046874
  0.047007
 -0.217431
  0.103943
 -0.013869
 -0.111185
 -0.080374
  0.095024
 -0.036224
  0.079465
  0.057106
  0.007121
 -0.034688
 -0.072773
  0.006180
  0.007521
  0.009400
  0.011200
  0.022352
 -0.009375
 -0.013745
  0.053470
 -0.001593
  0.086003
 -0.003240
  0.025539
 -0.017485
 -0.013699
 -0.009271
 -0.000554
 -0.006130
 -0.011467
  0.003403
  0.002117
  0.011081
 -0.005128
  0.025366
 -0.003760
  0.012553
  0.023889
  0.008125
  0.014383
 -0.018348
  0.034532
 -0.004378
  0.007717
  0.011453
 -0.011326
 -0.006714
 -0.020200
 -0.009945
 -0.022279
 -0.007959
  0.000859
  0.007611
 -0.014863
 -0.005386
 -0.000893
  0.014151
  0.010703
  0.009342
 -0.006413
  0.010786
 -0.018159
  0.002048
 -0.005056
 -0.010908
 -0.000244
 -0.007238
  0.006133
 -0.012061
 -0.009543
 -0.008910
 -0.031555
 -0.035138
 -0.006132
  0.017433
 -0.022207
 -0.014813
 -0.007521
 -0.012122
 -0.014662
 -0.023469
  0.010140
  0.009671
  0.006607
 -0.010636
 -0.007943
 -0.000582
  0.003728
 -0.010841
 -0.010165
 -0.002486
 -0.018125
  0.003510
 -0.004883
 -0.021332
 -0.018156
 -0.002352
 -0.003820
  0.001597
 -0.000290
  0.000924
  0.014234
  0.012866
  0.002841
 -0.006092
  0.008026
  0.002548
 -0.000102
  0.000509
  0.012949
  0.002520
 -0.007177
  0.008170
 -0.003111
  0.018057
  0.003144
  0.011677
 -0.013880
 -0.005707
  0.005200
  0.000436
  0.041992
 -0.009592
  0.001617
 -0.011817
 -0.001889
  0.003628
  0.015098
 -0.007019
  0.003878
 -0.003175
  0.008810
 -0.002135
 -0.005168
  0.002380
 -0.006092
  0.004495
 -0.008179
 -0.011953
 -0.002790
 -0.005783
  0.005523
  0.007173
 -0.001247
  0.005140
  0.005650
  0.004231
 -0.000143
  0.007042
 -0.004140
  0.000522
 -0.000981
  0.007479
  0.003744
  0.006769
  0.003850
  0.005878
  0.005047
 -0.002434
  0.002933
 -0.000025
  0.005689
  0.000994
 -0.001663
  0.001035
  0.001556
 -0.001805
 -0.007781
 -0.001208
  0.005034
  0.004869
  0.001501
  0.007662
  0.002154
  0.002207
  0.000941
 -0.005329
  0.001516
  0.000542
 -0.006251
 -0.000474
  0.002087
  0.005383
  0.002310
 -0.000164
 -0.000528
 -0.000985
 -0.001204
  0.000870
 -0.001062
 -0.001956
 -0.001493
  0.001024
 -0.002785
  0.004089
  0.001406
 -0.001525
 -0.000476
 -0.001665
  0.000617
  0.000807
 -0.002337
  0.001968
 -0.000244
  0.000558
  0.001504
  0.000406
  0.002445
  0.000695
  0.003018
  0.000561
  0.000570
 -0.000916
 -0.000757
  0.001491
  0.002917
 -0.002828
 -0.000725
  0.000874
 -0.004637
 -0.003119
 -0.000303
  0.002118
  0.004467
  0.002987
 -0.000428
 -0.000220
  0.001635
  0.000735
 -0.003519
 -0.002483
 -0.000085
  0.002812
 -0.002242
 -0.001860
  0.001883
 -0.000650
  0.001008
 -0.000652
  0.000892
  0.000513
 -0.001190
  0.000712
  0.000343
  0.002885
  0.000812
  0.002002
 -0.003024
  0.000179
  0.003816
  0.000523
 -0.000269
  0.000639
 -0.001253
 -0.002841
  0.001607
 -0.002101
 -0.000248
  0.000662
 -0.003151
  0.001831
  0.000555
 -0.002458
 -0.000079
 -0.001181
 -0.002855
  0.000985
 -0.000329
 -0.000551
  0.000127
 -0.000303
 -0.002749
  0.001189
  0.003587
  0.000689
  0.000702
  0.001887
 -0.003024
  0.000326
  0.002266
  0.003943
 -0.000544
 -0.000522
 -0.001771
 -0.000807
 -0.000383
  0.002519
  0.003183
  0.002421
  0.000892
 -0.001818
  0.000979
  0.004440
 -0.000294
 -0.001411
 -0.002649
  0.000148
 -0.000239
 -0.000917
 -0.002063
 -0.000772
 -0.001035
 -0.001176
 -0.001590
  0.002101
  0.000048
  0.002149
 -0.000810
  0.000509
  0.003412
 -0.000501
 -0.002040
 -0.001348
  0.000535
 -0.000496
  0.000844
  0.001964
 -0.002929
  0.002139
 -0.001302
  0.001232
 -0.001150
 -0.000881
  0.001562
 -0.000948
 -0.000509
 -0.001979
 -0.003418
 -0.001086
 -0.001654
 -0.004198
 -0.002770
  0.000091
  0.001222
  0.000039
  0.003626
 -0.000962
 -0.002774
 -0.000309
  0.000329
 -0.002988
  0.001855
 -0.002157
  0.005732
  0.000246
 -0.001050
  0.000274
 -0.000710
  0.001436
  0.002227
  0.001260
 -0.003977
 -0.001673
  0.000299
 -0.000794
 -0.005279
 -0.000459
  0.000193
 -0.001405
 -0.000548
  0.000581
  0.003657
  0.000221
  0.000972
  0.001745
  0.000661
 -0.001660
 -0.002997
  0.001340
 -0.000906
  0.004257
 -0.001509
  0.003235
  0.000064
 -0.000042
  0.000129
 -0.002325
 -0.006011
  0.001517
  0.004220
 -0.001747
  0.004515
  0.004131
 -0.004731
  0.000962
 -0.003969
  0.001063
  0.000783
 -0.002173
  0.000681
 -0.001051
  0.004273
  0.001235
  0.000118
 -0.001303
 -0.000712
 -0.001369
 -0.000547
  0.002624
  0.000524
 -0.000740
  0.001827
  0.001133
  0.002908
  0.000552
  0.005664
 -0.000511
 -0.003047
 -0.001121
 -0.001759
  0.001706
  0.000890
 -0.001412
 -0.001004
 -0.002475
  0.000515
 -0.002250
 -0.002921
 -0.000828
  0.000379
 -0.000388
  0.001474
  0.001772
 -0.001939
 -0.003668
  0.000781
 -0.000343
  0.000329
 -0.003967
 -0.004991
 -0.000073
  0.002900
  0.002579
  0.001770
  0.003781
 -0.000293
 -0.000830
  0.004197
 -0.002336
 -0.001829
  0.002041
 -0.002089
 -0.002864
  0.003804
 -0.004794
  0.001717
  0.005891
 -0.002681
 -0.004925
  0.004091
 -0.002005
  0.000815
  0.002676
  0.002327
  0.000153
 -0.002164
 -0.002587
 -0.001948
  0.002478
 -0.002499
  0.002018
  0.002366
  0.000044
 -0.000034
  0.000692
  0.000524
  0.000329
  0.000394
  0.002465
  0.001371
  0.000459
  0.000629
  0.000811
 -0.001500
 -0.000971
  0.000951
 -0.004306
  0.002610
 -0.002179
  0.003418
 -0.000408
  0.001350
 -0.005696
 -0.001856
 -0.004210
  0.001320
  0.002349
  0.000593
 -0.001384
 -0.000669
  0.004219
  0.006802
 -0.001506
 -0.002381
 -0.003574
  0.004061
 -0.001775
 -0.001252
 -0.000520
 -0.001312
 -0.000480
 -0.002223
 -0.003300
  0.004615
  0.005611
 -0.006255
  0.008599
 -0.003602
 -0.001845
  0.007087
 -0.003544
 -0.005171
  0.006202
 -0.001837
 -0.001377
  0.003622
 -0.000127
  0.000001
 -0.000412
 -0.000273
  0.002964
  0.001477
  0.005558
 -0.003784
 -0.002437
 -0.000960
 -0.001313
 -0.000766
  0.002453
 -0.002985
 -0.000472
 -0.004194
 -0.001509
 -0.000142
 -0.001424
  0.001105
 -0.002600
 -0.001264
 -0.001638
 -0.000381
  0.003616
  0.000401
 -0.001211
  0.000157
  0.001375
  0.000566
 -0.000092
 -0.002233
 -0.000408
 -0.000824
  0.000791
 -0.000565
  0.002710
 -0.001298
  0.000062
 -0.000225
  0.000321
 -0.001667
  0.000788
 -0.000862
 -0.000532
 -0.001186
  0.001869
 -0.000192
  0.000212
 -0.002764
 -0.000068
 -0.000866
  0.000564
  0.000053
 -0.000521
  0.002150
 -0.003764
 -0.000724
  0.000927
  0.000180
  0.001610
  0.001848
 -0.001756
  0.001572
 -0.001463
  0.002732
  0.000573
 -0.001358
  0.001748
  0.000481
 -0.000318
  0.001856
 -0.002059
  0.000203
 -0.004193
 -0.003393
 -0.003410
 -0.000649
 -0.000650
 -0.000531
  0.002088
  0.000514
 -0.001133
  0.000907
  0.005897
  0.004554
 -0.002158
 -0.004516
 -0.001741
  0.003656
  0.001503
 -0.003697
 -0.004107
 -0.003013
 -0.009705
  0.001193
 -0.001427
 -0.001050
  0.000363
  0.000879
  0.002968
  0.003149
  0.000956
 -0.001346
  0.001139
 -0.000391
 -0.002796
 -0.000426
  0.004185
 -0.004257
  0.001956
  0.002881
 -0.001083
  0.000006
  0.001033
 -0.002153
 -0.002569
 -0.000437
  0.001463
 -0.000879
  0.003110
  0.001440
 -0.002230
  0.003357
 -0.001892
 -0.000774
  0.000930
 -0.001608
 -0.003486
 -0.001012
  0.004993
  0.002854
 -0.003172
  0.001662
  0.001835
  0.001263
 -0.003229
 -0.003693
  0.002143
  0.001388
  0.000944
 -0.002983
  0.004554
 -0.003682
 -0.000279
  0.001740
  0.002374
 -0.000566
  0.002748
  0.001327
 -0.001798
 -0.003012
  0.001007
 -0.001287
 -0.002075
 -0.000190
  0.000231
 -0.000520
 -0.000773
 -0.000084
 -0.000103
  0.002047
 -0.001851
  0.002485
 -0.003804
  0.000070
  0.001579
 -0.002112
  0.000081
  0.000091
  0.001333
  0.001316
  0.000601
 -0.002108
  0.000784
 -0.000558
  0.000863
 -0.001235
 -0.004192
 -0.000762
  0.000764
  0.001128
  0.001378
  0.000462
 -0.001301
 -0.000629
 -0.000954
 -0.000393
  0.000509
  0.001500
 -0.001208
  0.000107
 -0.000002
  0.002636
  0.002410
  0.001137
 -0.004496
  0.000864
  0.003061
 -0.000905
 -0.004685
  0.001323
  0.003386
  0.000520
  0.000205
 -0.001438
  0.000253
  0.000709
 -0.001209
  0.000474
 -0.000296
 -0.002340
 -0.004032
  0.000119
 -0.000971
  0.000194
  0.000651
  0.000605
  0.000123
 -0.000500
  0.000443
 -0.000932
 -0.000462
 -0.000659
 -0.000623
  0.000043
 -0.000726
  0.002415
  0.001649
  0.000725
  0.001583
  0.000021
  0.001214
 -0.000976
  0.002521
  0.001220
  0.001636
 -0.001407
 -0.001318
 -0.002013
  0.000173
 -0.001602
  0.000964
 -0.000034
 -0.000261
 -0.000632
 -0.000003
 -0.000157
 -0.000892
 -0.000803
  0.000713
  0.000671
 -0.000966
  0.001315
 -0.000609
  0.000856
 -0.002198
  0.000452
 -0.000878
 -0.000707
  0.000330
  0.001763
  0.003387
 -0.001382
 -0.000726
  0.000294
 -0.001336
  0.000158
  0.001678
  0.000359
  0.000752
 -0.002091
  0.000374
 -0.001937
  0.003672
  0.000795
  0.001149
  0.002304
  0.000212
 -0.003345
 -0.000978
 -0.000608
 -0.003165
  0.005489
  0.002490
  0.003158
  0.001023
 -0.003551
 -0.002399
 -0.001213
 -0.000112
 -0.000030
  0.000383
 -0.001122
 -0.000462
 -0.000464
 -0.001330
  0.001153
  0.003929
 -0.000986
 -0.000283
 -0.000835
