  1    0.131587
  2    0.037105
  3    0.082368
  4    0.018877
  5    0.029306
  6    0.014191
  7    0.010066
  8    0.017340
  9    0.036093
 10    0.010673
 11    0.007985
 12    0.006185
 13    0.012428
 14    0.007779
 15    0.007007
 16    0.005541
 17    0.008440
 18    0.006334
 19    0.005295
 20    0.010741
 21    0.006412
 22    0.005955
 23    0.007771
 24    0.011452
 25    0.004211
 26    0.003819
 27    0.004314
 28    0.004896
 29    0.003486
 30    0.004635
 31    0.005085
 32    0.004840
 33    0.004418
 34    0.002814
 35    0.003881
 36    0.003072
 37    0.003838
 38    0.003104
 39    0.003327
 40    0.005713
 41    0.003086
 42    0.003166
 43    0.002725
 44    0.002367
 45    0.003253
 46    0.004064
 47    0.003135
 48    0.001824
 49    0.003572
 50    0.002630
 51    0.002437
 52    0.001602
 53    0.001329
 54    0.003033
 55    0.003459
 56    0.002026
 57    0.001552
 58    0.001121
 59    0.002057
 60    0.001070
 61    0.001885
 62    0.003081
 63    0.001652
 64    0.001932
 65    0.002149
 66    0.001194
 67    0.002003
 68    0.001539
 69    0.002240
 70    0.001141
 71    0.001188
 72    0.001122
 73    0.001365
 74    0.001652
 75    0.001362
 76    0.001124
 77    0.001186
 78    0.001847
 79    0.001423
 80    0.001835
 81    0.001501
 82    0.001785
 83    0.001985
 84    0.001170
 85    0.001633
 86    0.002058
 87    0.001862
 88    0.001676
 89    0.001905
 90    0.001769
 91    0.000904
 92    0.001468
 93    0.000888
 94    0.001065
 95    0.001770
 96    0.001660
 97    0.002894
 98    0.001937
 99    0.001283
100    0.000903
101    0.001141
102    0.001241
103    0.001916
104    0.001737
105    0.001584
106    0.001236
107    0.001203
108    0.001142
109    0.001174
110    0.000675
111    0.001099
112    0.000982
113    0.001036
114    0.001592
115    0.000861
116    0.000927
117    0.000837
118    0.001081
119    0.001322
120    0.001309
121    0.000807
122    0.000903
123    0.000557
124    0.001331
125    0.000957
126    0.000790
127    0.000568
128    0.000756
129    0.001353
130    0.000972
131    0.001318
132    0.000970
133    0.001247
134    0.000880
135    0.000635
136    0.000818
137    0.001067
138    0.001120
139    0.000877
140    0.000834
141    0.001179
142    0.001735
143    0.001015
144    0.001048
145    0.001196
146    0.000955
147    0.000979
148    0.001037
149    0.001430
150    0.000845
151    0.000832
152    0.000976
153    0.000953
154    0.000686
155    0.001120
156    0.001013
157    0.001115
158    0.001314
159    0.001036
160    0.000895
161    0.000687
162    0.000668
163    0.000677
164    0.000592
165    0.000744
166    0.000932
167    0.001375
168    0.000538
169    0.001094
170    0.000702
171    0.000883
172    0.000854
173    0.000923
174    0.000592
175    0.000853
176    0.000744
177    0.001081
178    0.001263
179    0.001044
180    0.000871
181    0.000889
182    0.001360
183    0.000506
184    0.000950
185    0.000684
186    0.000814
187    0.000665
188    0.000548
189    0.000602
190    0.000668
191    0.001593
192    0.000654
193    0.000595
194    0.001129
195    0.000742
196    0.000624
197    0.001133
198    0.000444
199    0.000880
200    0.001009
201    0.000737
202    0.001152
203    0.000865
204    0.000495
205    0.000455
206    0.000853
207    0.001089
208    0.000784
209    0.000892
210    0.000932
211    0.000576
212    0.000792
213    0.001016
214    0.000818
215    0.000881
216    0.000550
217    0.000460
218    0.000904
219    0.000541
220    0.000704
221    0.000869
222    0.000545
223    0.000569
224    0.000521
225    0.000679
226    0.000705
227    0.000721
228    0.000782
229    0.000596
230    0.001002
231    0.000690
232    0.000659
233    0.000703
234    0.000647
235    0.000610
236    0.000905
237    0.001155
238    0.000476
239    0.000831
240    0.000737
241    0.001240
242    0.000631
243    0.000703
244    0.001247
245    0.000791
246    0.000563
247    0.001050
248    0.000500
249    0.000570
250    0.000994
251    0.000420
252    0.000757
253    0.000629
254    0.000481
255    0.000264
256    0.000661
257    0.000196
258    0.000473
259    0.000737
260    0.000639
261    0.000497
262    0.000309
263    0.000563
264    0.000611
265    0.000585
266    0.000695
267    0.000529
268    0.000473
269    0.000504
270    0.000625
271    0.000569
272    0.000715
273    0.000740
274    0.000608
275    0.000317
276    0.000902
277    0.000553
278    0.000413
279    0.000252
280    0.000488
281    0.000330
282    0.000970
283    0.000539
284    0.000828
285    0.000320
286    0.000279
287    0.000656
288    0.000787
289    0.000810
290    0.000718
291    0.000412
292    0.000326
293    0.000256
294    0.000800
295    0.000634
296    0.000420
297    0.000343
298    0.000410
299    0.001022
300    0.000569
301    0.000556
302    0.000389
303    0.000519
304    0.000616
305    0.000322
306    0.000284
307    0.000573
308    0.000855
309    0.000652
310    0.000558
311    0.000234
312    0.000599
313    0.000800
314    0.000279
315    0.000426
316    0.000832
317    0.000547
318    0.000551
319    0.000646
320    0.000673
321    0.000374
322    0.000313
323    0.000815
324    0.000359
325    0.000406
326    0.000470
327    0.000344
328    0.000542
329    0.000527
330    0.000517
331    0.000323
332    0.000462
333    0.000516
334    0.000778
335    0.000629
336    0.000545
337    0.000673
338    0.000386
339    0.000397
340    0.000477
341    0.000444
342    0.000562
343    0.000721
344    0.000632
345    0.000324
346    0.000557
347    0.000489
348    0.000322
349    0.000597
350    0.000261
351    0.000531
352    0.000403
353    0.000490
354    0.000229
355    0.000604
356    0.000445
357    0.000335
358    0.000635
359    0.000588
360    0.000499
361    0.000372
362    0.000347
363    0.000354
364    0.000394
365    0.000481
366    0.000262
367    0.000317
368    0.000507
369    0.000284
370    0.000315
371    0.000382
372    0.000572
373    0.000255
374    0.000372
375    0.000325
376    0.000514
377    0.000276
378    0.000453
379    0.000415
380    0.000460
381    0.000382
382    0.000180
383    0.000406
384    0.000368
385    0.000425
386    0.000367
387    0.000346
388    0.000217
389    0.000274
390    0.000478
391    0.000254
392    0.000403
393    0.000433
394    0.000376
395    0.000261
396    0.000528
397    0.000308
398    0.000469
399    0.000322
400    0.000446
401    0.000513
402    0.000255
403    0.000586
404    0.000304
405    0.000209
406    0.000244
407    0.000518
408    0.000391
409    0.000377
410    0.000449
411    0.000318
412    0.000414
413    0.000354
414    0.000299
415    0.000323
416    0.000472
417    0.000322
418    0.000416
419    0.000309
420    0.000284
421    0.000440
422    0.000373
423    0.000355
424    0.000212
425    0.000347
426    0.000399
427    0.000311
428    0.000368
429    0.000519
430    0.000287
431    0.000249
432    0.000369
433    0.000370
434    0.000445
435    0.000368
436    0.000453
437    0.000381
438    0.000388
439    0.000351
440    0.000403
441    0.000308
442    0.000483
443    0.000455
444    0.000271
445    0.000626
446    0.000381
447    0.000445
448    0.000275
449    0.000267
450    0.000429
451    0.000310
452    0.000240
453    0.000399
454    0.000256
455    0.000500
456    0.000495
457    0.000386
458    0.000365
459    0.000250
460    0.000312
461    0.000424
462    0.000313
463    0.000239
464    0.000417
465    0.000274
466    0.000300
467    0.000380
468    0.000284
469    0.000346
470    0.000245
471    0.000190
472    0.000315
473    0.000214
474    0.000294
475    0.000336
476    0.000210
477    0.000366
478    0.000346
479    0.000252
480    0.000303
481    0.000242
482    0.000470
483    0.000406
484    0.000235
485    0.000387
486    0.000233
487    0.000277
488    0.000211
489    0.000162
490    0.000249
491    0.000306
492    0.000249
493    0.000291
494    0.000361
495    0.000280
496    0.000259
497    0.000298
498    0.000206
499    0.000468
500    0.000313
501    0.000325
502    0.000320
503    0.000528
504    0.000332
505    0.000397
506    0.000409
507    0.000331
508    0.000325
509    0.000416
510    0.000407
511    0.000305
512    0.000430
513    0.000304
514    0.000190
515    0.000384
516    0.000420
517    0.000320
518    0.000255
519    0.000320
520    0.000394
521    0.000284
522    0.000320
523    0.000275
524    0.000369
525    0.000218
526    0.000218
527    0.000325
528    0.000204
529    0.000282
530    0.000302
531    0.000218
532    0.000274
533    0.000353
534    0.000363
535    0.000339
536    0.000301
537    0.000230
538    0.000421
539    0.000372
540    0.000197
541    0.000333
542    0.000270
543    0.000254
544    0.000333
545    0.000303
546    0.000283
547    0.000222
548    0.000340
549    0.000290
550    0.000351
551    0.000245
552    0.000331
553    0.000233
554    0.000300
555    0.000299
556    0.000254
557    0.000231
558    0.000245
559    0.000328
560    0.000277
561    0.000239
562    0.000307
563    0.000304
564    0.000517
565    0.000226
566    0.000369
567    0.000317
568    0.000264
569    0.000312
570    0.000230
571    0.000317
572    0.000325
573    0.000354
574    0.000284
575    0.000299
576    0.000302
577    0.000318
578    0.000415
579    0.000170
580    0.000321
581    0.000278
582    0.000241
583    0.000348
584    0.000260
585    0.000270
586    0.000121
587    0.000291
588    0.000269
589    0.000212
590    0.000247
591    0.000247
592    0.000355
593    0.000176
594    0.000246
595    0.000310
596    0.000307
597    0.000227
598    0.000319
599    0.000228
600    0.000318
601    0.000274
602    0.000261
603    0.000315
604    0.000270
605    0.000216
606    0.000313
607    0.000175
608    0.000252
609    0.000225
610    0.000446
611    0.000268
612    0.000198
613    0.000235
614    0.000289
615    0.000278
616    0.000363
617    0.000195
618    0.000283
619    0.000311
620    0.000242
621    0.000171
622    0.000365
623    0.000245
624    0.000148
625    0.000211
626    0.000268
627    0.000307
628    0.000243
629    0.000199
630    0.000159
631    0.000212
632    0.000234
633    0.000214
634    0.000173
635    0.000150
636    0.000276
637    0.000183
638    0.000248
639    0.000198
640    0.000222
641    0.000163
642    0.000234
643    0.000245
644    0.000275
645    0.000174
646    0.000290
647    0.000293
648    0.000212
649    0.000142
650    0.000207
651    0.000104
652    0.000153
653    0.000195
654    0.000238
655    0.000128
656    0.000208
657    0.000173
658    0.000208
659    0.000196
660    0.000213
661    0.000239
662    0.000278
663    0.000292
664    0.000199
665    0.000212
666    0.000282
667    0.000169
668    0.000291
669    0.000331
670    0.000246
671    0.000227
672    0.000183
673    0.000305
674    0.000445
675    0.000355
676    0.000220
677    0.000265
678    0.000176
679    0.000277
680    0.000225
681    0.000205
682    0.000196
683    0.000250
684    0.000262
685    0.000162
686    0.000253
687    0.000339
688    0.000295
689    0.000283
690    0.000283
691    0.000177
692    0.000212
693    0.000404
694    0.000265
695    0.000208
696    0.000281
697    0.000163
698    0.000227
699    0.000199
700    0.000170
701    0.000221
702    0.000261
703    0.000139
704    0.000225
705    0.000117
706    0.000261
707    0.000148
708    0.000199
709    0.000276
710    0.000171
711    0.000150
712    0.000170
713    0.000197
714    0.000283
715    0.000170
716    0.000197
717    0.000209
718    0.000223
719    0.000357
720    0.000212
721    0.000329
722    0.000219
723    0.000348
724    0.000178
725    0.000233
726    0.000204
727    0.000307
728    0.000205
729    0.000349
730    0.000198
731    0.000337
732    0.000247
733    0.000187
734    0.000308
735    0.000171
736    0.000165
737    0.000113
738    0.000237
739    0.000172
740    0.000182
741    0.000112
742    0.000204
743    0.000264
744    0.000253
745    0.000233
746    0.000223
747    0.000163
748    0.000143
749    0.000337
750    0.000209
751    0.000188
752    0.000213
753    0.000184
754    0.000254
755    0.000174
756    0.000122
757    0.000328
758    0.000122
759    0.000147
760    0.000160
761    0.000241
762    0.000149
763    0.000180
764    0.000175
765    0.000234
766    0.000097
767    0.000200
768    0.000098
769    0.000209
770    0.000171
771    0.000201
772    0.000126
773    0.000237
774    0.000199
775    0.000180
776    0.000161
777    0.000180
778    0.000088
779    0.000231
780    0.000093
781    0.000170
782    0.000284
783    0.000137
784    0.000199
785    0.000453
786    0.000101
787    0.000154
788    0.000243
789    0.000255
790    0.000256
791    0.000244
792    0.000205
793    0.000276
794    0.000207
795    0.000092
796    0.000198
797    0.000247
798    0.000045
799    0.000272
800    0.000173
801    0.000315
802    0.000042
803    0.000204
804    0.000281
805    0.000338
806    0.000086
807    0.000203
808    0.000113
809    0.000153
810    0.000116
811    0.000290
812    0.000111
813    0.000367
814    0.000045
815    0.000191
816    0.000330
817    0.000194
818    0.000188
819    0.000245
820    0.000108
821    0.000238
822    0.000101
823    0.000318
824    0.000294
825    0.000408
