Frame	Volume
1	1276.6
2	1261.74
3	1274.53
4	1221.07
5	1215.8
6	1269.27
7	1251.81
8	1289.38
9	1333.77
10	1171.13
11	1236.21
12	1280.01
13	1307.28
14	1252.46
15	1292.3
16	1307.95
17	1304.48
18	1323.41
19	1285.23
20	1275.23
21	1295.27
22	1239.53
23	1240.65
24	1233.24
25	1230.32
26	1342.81
27	1277.75
28	1277.79
29	1244.38
30	1246.95
31	1271.52
32	1232.35
33	1199.28
34	1168.48
35	1256.55
36	1187.36
37	1259.54
38	1271.58
39	1210.12
40	1340.22
41	1232.69
42	1248.6
43	1246.75
44	1315.63
45	1262.82
46	1210.72
47	1326.89
48	1212.15
49	1227.57
50	1211.32
51	1259.7
52	1314.39
53	1276.98
54	1299.11
55	1273.68
56	1270.81
57	1218.55
58	1312.49
59	1240.94
60	1226.35
61	1338.12
62	1222.91
63	1172.98
64	1227.48
65	1220.73
66	1239.82
67	1194.65
68	1238.93
69	1190
70	1250.61
71	1262.04
72	1292.86
73	1317.2
74	1233.42
75	1158.45
76	1192.91
77	1253.44
78	1306.29
79	1255.08
80	1245.74
81	1251.19
82	1236.53
83	1279.12
84	1256.54
85	1333.51
86	1341.68
87	1285.58
88	1292.03
89	1279.88
90	1156.1
91	1153.46
92	1227.09
93	1160.22
94	1251.8
95	1213.87
96	1307.64
97	1199.33
98	1334.03
99	1327.94
100	1262.95
101	1247.61
102	1268.97
103	1217.86
104	1276.49
105	1250.49
106	1245.42
107	1185.23
108	1196.93
109	1218.92
110	1297.8
111	1214.97
112	1230
113	1196.25
114	1257.61
115	1317.04
116	1309.04
117	1211.42
118	1167.87
119	1282.5
120	1193.49
121	1272.23
122	1255.74
123	1190.4
124	1213.81
125	1319.38
126	1331.43
127	1267.9
128	1279.52
129	1327.69
130	1318.03
131	1292.66
132	1324.28
133	1342.2
134	1229.03
135	1174.05
136	1106.53
137	1275.36
138	1246.17
139	1277.5
140	1204.16
141	1232.22
142	1278.79
143	1342.1
144	1275.96
145	1251.68
146	1304.45
147	1194.4
148	1295.88
149	1234.45
150	1267.25
151	1369.56
152	1203.15
153	1298.11
154	1285.01
155	1330.65
156	1387.55
157	1377.39
158	1180.15
159	1273.66
160	1224.33
161	1304.25
162	1276.7
163	1258.67
164	1215.25
165	1258.09
166	1358.11
167	1216.65
168	1202.02
169	1123.79
170	1257.8
171	1392.63
172	1360.15
173	1274.54
174	1206.56
175	1248.38
176	1279.9
177	1214.56
178	1243.47
179	1288.27
180	1168.59
181	1354.83
182	1219.18
183	1098.79
184	1354.99
185	1222.98
186	1197.49
187	1143.73
188	1220.29
189	1222.02
190	1234.98
191	1285.47
192	1260.6
193	1171.47
194	1217.29
195	1314.49
196	1228.99
197	1304.29
198	1282.8
199	1178.64
200	1236.28
201	1170.02
202	1239.21
203	1288.61
204	1244.82
205	1289.95
206	1263.87
207	1231.95
208	1238.72
209	1273.84
210	1241.72
211	1269.42
212	1171.86
213	1296.18
214	1339.48
215	1273.95
216	1260.88
217	1267.24
218	1279.95
219	1169.77
220	1236.88
221	1329.93
222	1248.13
223	1181.59
224	1221.81
225	1245.23
226	1302.14
227	1249.59
228	1258.3
229	1255.36
230	1253.17
231	1164.38
232	1238.54
233	1343.5
234	1132.65
235	1326.61
236	1254.83
237	1183.36
238	1266.61
239	1190.21
240	1232.85
241	1191.57
242	1178.49
243	1270.56
244	1213.26
245	1289.84
246	1236.37
247	1216.61
248	1338.68
249	1217.49
250	1230.48
251	1280.28
252	1279.89
253	1362.24
254	1205.77
255	1213.66
256	1343.78
257	1209.48
258	1253.61
259	1191.03
260	1230.8
261	1248.19
262	1319.35
263	1274.62
264	1288.38
265	1255.03
266	1282.99
267	1324.64
268	1232.18
269	1227.94
270	1250.54
271	1331.55
272	1225.05
273	1262.69
274	1303.78
275	1311.6
276	1176.59
277	1224.21
278	1251.24
279	1306.93
280	1173.53
281	1326.08
282	1197.16
283	1204.79
284	1229.61
285	1313.41
286	1170.45
287	1221.69
288	1258.65
289	1272.03
290	1255.98
291	1183.28
292	1220.55
293	1237.49
294	1176.08
295	1159.89
296	1282.03
297	1179.13
298	1287.39
299	1253.97
300	1295.9
301	1307.02
302	1282
303	1312.21
304	1252.28
305	1318.52
306	1236.8
307	1359.05
308	1133.87
309	1231.06
310	1261.72
311	1251.07
312	1295.53
313	1298.12
314	1259.02
315	1332.35
316	1235.34
317	1242.08
318	1141.97
319	1238
320	1171.68
321	1234.15
322	1280.13
323	1302.69
324	1231.12
325	1159
326	1218.14
327	1251.09
328	1306.49
329	1317.45
330	1296.4
331	1371.83
332	1256.21
333	1273.95
334	1239.52
335	1280.13
336	1288.52
337	1235.32
338	1310.57
339	1186.3
340	1158.4
341	1275.05
342	1338.91
343	1286.83
344	1262.16
345	1241.38
346	1171.28
347	1261.78
348	1240.59
349	1297.82
350	1200.98
351	1181.51
352	1213.14
353	1296.78
354	1320.11
355	1277.88
356	1193.54
357	1240.59
358	1241.6
359	1337.8
360	1304.04
361	1367.04
362	1303.94
363	1249.06
364	1192.2
365	1181.66
366	1310.81
367	1278.39
368	1143.45
369	1324.94
370	1266.55
371	1262.71
372	1268.48
373	1303.71
374	1216.82
375	1270.84
376	1246.24
377	1241.6
378	1186.32
379	1338.73
380	1257.39
381	1292.88
382	1310.25
383	1245.68
384	1189.96
385	1257.9
386	1240.44
387	1263.2
388	1252.97
389	1292.37
390	1314.27
391	1329.08
392	1332.35
393	1245
394	1254.5
395	1266.57
396	1223.96
397	1254.85
398	1205.82
399	1261.19
400	1327.3
401	1172.03
402	1236.13
403	1201.49
404	1211.46
405	1215.55
406	1268.67
407	1196.44
408	1205.57
409	1282.82
410	1303.95
411	1252.62
412	1235.22
413	1291.47
414	1271.88
415	1294.91
416	1202.87
417	1249.17
418	1250.53
419	1280.08
420	1270.02
421	1273.34
422	1260.08
423	1251.7
424	1239.66
425	1244.01
426	1247.85
427	1245.06
428	1154.57
429	1201.17
430	1227.38
431	1292.63
432	1328.23
433	1218.2
434	1197.69
435	1298.1
436	1286.8
437	1262.71
438	1298.14
439	1222.34
440	1295.72
441	1243.49
442	1234.47
443	1263.54
444	1245.07
445	1253.64
446	1291.01
447	1228.15
448	1230.99
449	1200.47
450	1276.97
451	1210.05
452	1262.91
453	1294.24
454	1315.78
455	1273.94
456	1279.42
457	1245.13
458	1169.3
459	1152.24
460	1265.87
461	1166.77
462	1324.33
463	1282.63
464	1287.14
465	1277.91
466	1185.72
467	1276.61
468	1210.15
469	1277.97
470	1243.19
471	1308.5
472	1249.16
473	1258.97
474	1194.97
475	1260.12
476	1224.47
477	1184.86
478	1344.04
479	1275.12
480	1161.08
481	1239
482	1213.27
483	1247.12
484	1249.34
485	1293.65
486	1177.16
487	1222.77
488	1213.92
489	1252.08
490	1234
491	1218.9
492	1254.51
493	1230.46
494	1303.07
495	1236.09
496	1243.33
497	1267.49
498	1244.7
499	1201.06
500	1246.01
501	1233.44
502	1231.77
503	1209.62
504	1359.71
505	1244.43
506	1260.49
507	1190
508	1315.62
509	1282.97
510	1291.26
511	1252.22
512	1217.4
513	1282.71
514	1295.3
515	1237.97
516	1243.81
517	1315.54
518	1229.48
519	1262.56
520	1255.45
521	1260.92
522	1260.02
523	1188.4
524	1284.14
525	1244.04
526	1262.65
527	1243.49
528	1270.31
529	1304.31
530	1232.05
531	1281.79
532	1258.19
533	1221
534	1293.24
535	1270.16
536	1258.73
537	1303.11
538	1230.94
539	1271.04
540	1271.97
541	1259.28
542	1295.42
543	1271.06
544	1310.15
545	1287.8
546	1282.59
547	1290.42
548	1237.47
549	1257.93
550	1287.05
551	1223.29
552	1269.67
553	1227.42
554	1249.74
555	1272.66
556	1288.08
557	1222.77
558	1235.93
559	1262.42
560	1259.54
561	1224.02
562	1303.13
563	1271.42
564	1219.5
565	1261.81
566	1252.5
567	1279.67
568	1312.38
569	1234.39
570	1256.19
571	1271.52
572	1270.94
573	1311.09
574	1294.22
575	1249.43
576	1253.84
577	1265.53
578	1276.87
579	1292.13
580	1267.96
581	1310.46
582	1266.8
583	1176.99
584	1253.74
585	1257.42
586	1238.87
587	1361.65
588	1262.1
589	1211.44
590	1356.93
591	1259.15
592	1234.94
593	1251.53
594	1261.12
595	1224.9
596	1242.44
597	1215.3
598	1246.19
599	1292.77
600	1193.5
601	1158.35
602	1286.43
603	1275.43
604	1247.79
605	1190.73
606	1259
607	1204.44
608	1221.83
609	1166.23
610	1313.84
611	1266.86
612	1175.86
613	1237.92
614	1223.22
615	1293.2
616	1276.29
617	1276.28
618	1275.11
619	1273.48
620	1329.67
621	1202.31
622	1228.02
623	1245.2
624	1244.59
625	1295.93
626	1283.45
627	1301.5
628	1286.04
629	1272.67
630	1320.5
631	1272.63
632	1243.15
633	1212.92
634	1229.8
635	1250.54
636	1271.21
637	1213.11
638	1235.54
639	1251.23
640	1287.21
641	1305.39
642	1266
643	1268.65
644	1229.91
645	1241.85
646	1185.56
647	1214.42
648	1236.24
649	1280.15
650	1208.13
651	1268.78
652	1261.4
653	1251.57
654	1212.07
655	1215.08
656	1304.08
657	1195.69
658	1255.97
659	1304
660	1268.86
661	1190.69
662	1282.67
663	1180.31
664	1233.68
665	1219.19
666	1303.92
667	1269.29
668	1207.28
669	1217.24
670	1226.47
671	1251.6
672	1255.71
673	1264.23
674	1268.73
675	1227.24
676	1252.87
677	1278.74
678	1285.81
679	1282.54
680	1226.66
681	1213.3
682	1281.8
683	1253.8
684	1249.42
685	1244.86
686	1209.44
687	1201.67
688	1343.68
689	1264.63
690	1240.73
691	1222.33
692	1211.58
693	1219.45
694	1214.26
695	1213.66
696	1240.1
697	1257.62
698	1232.47
699	1250.99
700	1347.79
701	1285.6
702	1249.83
703	1269.27
704	1250.81
705	1234.18
706	1276.06
707	1282.5
708	1257.62
709	1252.67
710	1330.53
711	1160.68
712	1247.53
713	1282.85
714	1260.48
715	1257.12
716	1241.28
717	1290.09
718	1292.9
719	1196.89
720	1358.9
721	1204.76
722	1289.6
723	1281.66
724	1283.1
725	1274.75
726	1219.91
727	1328.95
728	1259.39
729	1303.08
730	1302.34
731	1260.53
732	1263.73
733	1219.78
734	1302.67
735	1179.31
736	1268.69
737	1248.65
738	1277.78
739	1301.54
740	1296.9
741	1326.32
742	1282.58
743	1247.78
744	1226.25
745	1247.52
746	1203.39
747	1266.55
748	1227.18
749	1263.16
750	1231.9
751	1262.5
752	1264.45
753	1277.62
754	1142.59
755	1307.12
756	1199.76
757	1275.49
758	1282.95
759	1276.62
760	1258.31
761	1300.52
762	1235.79
763	1268.99
764	1244.84
765	1273.42
766	1262.92
767	1295.63
768	1164.46
769	1156.67
770	1274.61
771	1308.35
772	1322.05
773	1182.79
774	1247.15
775	1264.7
776	1187.62
777	1221.66
778	1230.28
779	1263.4
780	1308.89
781	1264.17
782	1293.71
783	1247.12
784	1214.32
785	1233.58
786	1223.05
787	1209.53
788	1293.24
789	1286.07
790	1303.61
791	1239.92
792	1225.5
793	1252.41
794	1216.33
795	1196.05
796	1257.31
797	1211.62
798	1206.6
799	1334.41
800	1267.2
801	1233.72
802	1243.32
803	1245.66
804	1266.05
805	1232.96
806	1252.91
807	1275.67
808	1238.59
809	1212.14
810	1245.37
811	1221.35
812	1232.19
813	1270
814	1184.96
815	1267.47
816	1268.84
817	1202.95
818	1317.74
819	1234.14
820	1271.39
821	1267.04
822	1247.94
823	1228.31
824	1245.78
825	1247.9
