8.979283264211915
6.238505916659157
5.759727830704045
4.479681084386757
3.617918532495651
3.4170933603591522
2.939899985915861
2.8293686579519797
2.6848058347929395
2.5739484447385736
2.499573374370789
2.389474476688284
2.3266310846658733
2.145612081777019
2.073890458361069
1.97199579445555
1.9331314876684844
1.8283754881975225
1.7766165336224333
1.6975151168967164
1.683826729080838
1.6608523265846127
1.6278135315825735
1.5815887021970059
1.5400321276804645
1.5241605350306984
1.4801522932183524
1.4149803974493371
1.3783824738798915
1.365084482402218
1.3333826453650905
1.295722117288576
1.2882172430087158
1.2658599217381232
1.2592137565006054
1.241291161139071
1.2132642961086817
1.177710074891283
1.1667910400747044
1.1354791155795017
1.131869489964821
1.1016138591956888
1.0910767923055775
1.0715122983029937
1.054568775715327
1.047377345821169
1.0418551796406559
1.0301683525520484
1.0056910235210608
0.9986998604864895
0.9965721850490595
0.9883801083903165
0.9783751848564582
0.9589028717638072
0.9544888608712794
0.9415493388833621
0.9291349581028174
0.9178321777773422
0.9102349931978132
0.9015155397892884
0.8905651681553478
0.8845489067313974
0.8781187365565768
0.8675878110850341
0.8599191419479993
0.8587941647814471
0.8438531178689281
0.8271644669560939
0.8232014344646494
0.8189690972937566
0.8060917735666853
0.800989550719438
0.7940721898268718
0.7922945890068172
0.7830508211738255
0.7800924577842994
0.771040544007783
0.7650648156245804
0.7623441839764368
0.7578872213893305
0.7446383252229007
0.7411002312130395
0.739239479086962
0.7368386957265941
0.7298894609893085
0.7248877856531584
0.7205751145186691
0.7164642777184593
0.708938321220672
0.7067792115040518
0.6957462158437692
0.6916455417961185
0.6899065062098589
0.6835465474238694
0.6786733070879096
0.675499908627625
0.6734790093566849
0.6690065846954901
0.6668443755573782
0.6639270915656986
0.6518071286445813
0.6458578861436441
0.6438564658203495
0.641744745883423
0.6342342467950978
0.6316628281968857
0.6308656363867551
0.6223025459593141
0.6202999878669901
0.6174043659724755
0.6145554971020671
0.6111412718684831
0.607395299774679
0.6060807582574416
0.6038044978752055
0.6032878632207554
0.6008106619143508
0.5976073128067523
0.5951271507190136
0.591972281519866
0.5891168524077897
0.5861301952784985
0.58385031947738
0.5810426851408074
0.578703257506161
0.5765679703223796
0.5755161742471134
0.5724206389000815
0.5714556466775855
0.5682397073521368
0.565053501238999
0.5610524644473008
0.5608121398144637
0.5579647783488152
0.5545964340792011
0.5531975777718958
0.5513788372296711
0.5494013594448741
0.5466743323953824
0.5438589900248841
0.5422409250148267
0.5400352623247858
0.539592342977026
0.5366189518720594
0.5310268679914749
0.5294705715738565
0.5259587326306742
0.5253177766374353
0.5244141097550455
0.5218589879020027
0.52065919774013
0.5198543702651958
0.516773855072539
0.515437668729502
0.5137053237856838
0.511131297023916
0.5086176679667426
0.5068092309655883
0.5062424370913924
0.5045116990192191
0.5028636828474973
0.5018447209222574
0.500292598707798
0.4964879873621301
0.4953101429096673
0.4942237635903485
0.49379596500873013
0.49149495781793684
0.4901793723401044
0.4885261403161344
0.4870062660380337
0.4854989300374392
0.4836646944273513
0.4810958833599718
0.4795020174295127
0.4788059669570812
0.47698459985736685
0.4758787273164837
0.4743401466919075
0.4734521267636573
0.47244285401069036
0.4717385735127233
0.46926714397057495
0.46830524031659765
0.468113580922431
0.4661529705178375
0.46448336215477043
0.4635951906181067
0.461530874952573
0.45985619917805554
0.4587661177317562
0.4581614562345288
0.4563442441489523
0.45360535788682577
0.4530678597038005
0.45276955293634136
0.45053649058810086
0.44985713416413736
0.44881549819488614
0.44745581870166407
0.4470561298975652
0.44448671472677875
0.44277758727863087
0.44188123442307586
0.4406090667165795
0.43874332353390066
0.436735918095519
0.4351657743482406
0.43432521735141494
0.43320743051459676
0.4315755744503228
0.4298359587645204
0.4289389791169338
0.42800668015843923
0.4268608764593659
0.4262553946617092
0.42590339062176025
0.42500821453039433
0.42318085462805566
0.42264036781820763
0.4204755872638957
0.4192225163036505
0.41838920994502005
0.41771979123754965
0.416697729150422
0.4163462398748186
0.41613082481960406
0.4131343113281139
0.41250064325120606
0.41156299583717876
0.410206122111517
0.4094874258236814
0.4078988915962126
0.4067567348714628
0.4066317046646777
0.4047894937560128
0.4039967576504978
0.40279530823295334
0.4012500063541959
0.40080101250557304
0.4001862686175835
0.399316786193061
0.3988454891310241
0.39783123730407355
0.3970435331981798
0.39608200049516595
0.39497649166132837
0.3939482079540442
0.39268448808052864
0.3916476655117199
0.39134405619673446
0.390545040069812
0.38924088172937343
0.3880345713560449
0.3868971301308939
0.38596653287479255
0.3837452597705052
0.38331352354784937
0.3818067120273467
0.3816070227161463
0.3802171184996505
0.3797563116264517
0.37827954665682295
0.3778560523223485
0.3772378542333081
0.37630330350275665
0.37476173782929945
0.37405608016202374
0.37276372307035777
0.37235313114835783
0.3716428059734212
0.3707419121606576
0.370280323995435
0.3685472526649974
0.3678857342182326
0.3673512729548861
0.3664542417336595
0.36614155059401154
0.36480298339250683
0.3645261937696461
0.3626927413216616
0.36097853662813356
0.3602417475764978
0.359641957406144
0.358825639667387
0.35800288423376786
0.35729641393082145
0.3568398152038847
0.35593660396770777
0.35529424908606405
0.35465166707830725
0.35420991734014856
0.3536632347733087
0.35265616657869564
0.35184431756066453
0.3508337472584933
0.35028828997067507
0.349498431473259
0.34877945669594257
0.34807427396619156
0.34759907427772835
0.34631622075474094
0.34572223700175103
0.3451099003859074
0.34440045449422235
0.343525583479487
0.3429042150633936
0.34240262501679036
0.34094619320951514
0.3406638896691926
0.3398219796159324
0.3392735899640441
0.33865198633746674
0.33819321309935135
0.3378588807409278
0.33606077358765235
0.33517563680618434
0.3342438573404731
0.33371226490879746
0.3328177976703752
0.3313510824457329
0.33099491560838473
0.3300171758276773
0.3288127014329096
0.3280574188871348
0.3275281549678895
0.3274188291680549
0.3259735808932339
0.32526484429302666
0.32457431917259316
0.3227641058008841
0.321316977188696
0.3206807461290896
0.32009105481535277
0.31868535887828087
0.31749437030063155
0.3170297683218516
0.31543358616232064
0.3148903466373415
0.3129626987788721
0.31219436062535494
0.3118244735597319
0.31074393292664804
0.3100974812475868
0.3084369528900692
0.30795891346680326
0.3071843828932237
0.30688284871525756
0.30621273597412363
0.30562203262077253
0.3043457109161275
0.3033276424301065
0.3019575240044412
0.30096169142903295
0.30073184301656347
0.300647584931208
0.29898338146524833
0.2973404556681733
0.29642858193474764
0.2953503211367215
0.29490316015245494
0.29416402797258007
0.29276264850032935
0.29241991155521063
0.2911664097193033
0.2901632876489726
0.2885605013999575
0.2869403082211196
0.28548145426763205
0.2846654454327189
0.2841347246278081
0.28340799365638236
0.28256941491212667
0.2805956177262054
0.280131680672929
0.27839256517333427
0.27721945806146014
0.2760131698823244
0.2756899258028364
0.2733706862206012
0.27235784353889325
0.26940844170398587
0.26817237640602803
0.26727076294474755
0.26531611439100056
0.2637271992767406
0.2565261042999553
0.25320012174187156
0.2521044644003435
0.2503114245071605
0.2497382343230008
0.24819033513944883
0.24361160842774784
0.24180212483126676
0.2404831103743505
0.24032833896910333
0.23862267893749714
0.23747228776738946
0.23733349114495408
0.23461207150166358
0.23172886737646511
0.23065785265383332
0.2301163340468978
0.22896857183072922
0.2245097184010862
0.223507383961586
0.22235042622016304
0.22162792986125068
0.21763442441194417
0.21625413935150176
0.21579881240452076
0.21546601522683018
0.21543635504761396
0.2147331798230985
0.21045949977088746
0.2098882599705494
0.20964166174750373
0.20787588203570612
0.20736090154704984
0.20580056234116775
0.20497492698858327
0.20468070406881864
0.20294867474393313
0.20074122922225862
0.20024979406101798
0.19957940195969795
0.19934756442029458
0.19885210354943372
0.19811513655052485
0.19602186554572432
0.19501661029614362
0.19435342835387512
0.1939606940279704
0.19361452825900305
0.19293193053058955
0.19262457681916045
0.19201351191738875
0.19166733516227089
0.19114388440112262
0.19040284219622494
0.19029719090229388
0.18720824427465269
0.1862887855383743
0.18594221485118417
0.18585057025622173
0.18497230114022212
0.18450283075788268
0.1841720227898278
0.18310959945980146
0.18197685475808703
0.18135392739768028
0.1807876018893028
0.17947221678746308
0.17832123789704063
0.17784228387398143
0.17680779546905853
0.17613807901627124
0.17539833496951449
0.17405108571872344
0.17361328620942829
0.17292350665716152
0.17136227653659475
0.1709759259875471
0.17072685048154163
0.1702863559491623
0.1698965236742981
0.16968788133669682
0.16876367995513517
0.16863521359637293
0.16774809106875335
0.1671755526301096
0.16655277753601058
0.16652790544478752
0.16583181400287883
0.16542316303981416
0.1645124863314889
0.1636736288991746
0.16318963764491703
0.16293713647407784
0.16239827751894978
0.1612620423220363
0.16103105543561028
0.16004272538100223
0.15986978604425406
0.15956585404088086
0.159134900500317
0.15837718678093493
0.1579994808264696
0.15778163737832665
0.15711879115309288
0.15705111847115114
0.15669179644947284
0.1564195993949558
0.15578710679911273
0.15553380039623355
0.15487120063758072
0.15473114586281894
0.1546100149653665
0.15380883699410172
0.15343463000132992
0.1527881507222515
0.15257486144050497
0.15146987258208475
0.15074736671947664
0.15036503391591324
0.1497842669064681
0.14893895852019667
0.14866511467602087
0.1482460456134513
0.14792967865768167
0.14741497498805964
0.1449490784605145
0.14462052368336392
0.14395589928217906
0.14360698404442104
0.14346233335884784
0.14300060409638243
0.14233468502317748
0.14159123941707466
0.1410421581936212
0.14009589960733876
0.13919957894049811
0.1380704224087757
0.13774609390261022
0.13700393457751875
0.1358650583243685
0.13581595653039222
0.13504500919764878
0.13483623742148973
0.13438186354797257
0.1333710539915324
0.13249232840551237
0.13248157643106012
0.12865921904912267
0.1284924103393468
0.1270309652431384
0.12406307105581055
0.12312355080579156
0.12258118538790211
0.12151874016982198
0.12142182845518686
0.11908175771449483
0.11748411334162803
0.11568324243935076
0.11375689416591186
0.11310826346548167
0.11280665282295238
0.10686585879123574
0.10441988427187333
0.1042171125405447
0.10316431070107034
0.02753423474449863
0.026821731263852313
0.026517687447559297
0.025355220967596567
0.025133082684422766
0.025011527782693943
0.024829274103278107
0.024782719255115094
0.02436657998936862
0.024155468832356204
0.024099714259925714
0.023713503249130387
0.023539412563179433
0.023336336371306284
0.02332749553987522
0.022884316933083362
0.02276883510239841
0.022422165174824853
0.02241601165988298
0.02218683660559377
0.022126017646933897
0.022089842336018344
0.021970328172155898
0.021951327813402446
0.021943967483033882
0.021906236792285573
0.021860434081561103
0.02168119999252483
0.02163611051347052
0.021540457951061246
0.021397711253380552
0.02130521451780569
0.021177882475896467
0.02102339447314853
0.020923211549408925
0.020594045515224552
0.020560346691586396
0.02037046413971458
0.020102062684514088
0.020095504507754124
0.01987229107574557
0.019823732973600638
0.019692597376582608
0.01965901218161509
0.01944294419639188
0.019289523389464765
0.0192383672507897
0.01894784709682765
0.018912089616668536
0.018807012534865674
0.01876352754157058
0.018739195476035125
0.018726262533070248
0.018716513065038222
0.01857430535515085
0.018530466831262072
0.018460658863907974
0.018430783526068945
0.018363385355289284
0.018301230723103776
0.018201512508781437
0.018180925489527263
0.018160484478120915
0.01813523495414385
0.018101949854608636
0.018070151990343397
0.018018877396585347
0.017973561843940798
0.0179725972430223
0.01782149723811568
0.0177928364998753
0.017740953496087408
0.017716367748662903
0.017669897584956875
0.01765203335264795
0.017631195789858
0.017586180870572104
0.017578498939301794
0.0175649911193878
0.017545682048251417
0.01753102357437646
0.017500411620902056
0.017495251482947297
0.017494641563963027
0.017399057975882426
0.017397987453055864
0.017396875532628215
0.01736773547356481
0.01736280192872027
0.017336549055281016
0.017311390924130317
0.017287546899517198
0.01727547257378679
0.017268868851955988
0.01725820152410846
0.01723711434694436
0.017233409649032104
0.017229934103823816
0.017225039626131762
0.01722059289063971
0.017209049767061887
0.01720584605670365
0.017190807602755105
0.0171712818367415
0.017161811165856775
0.017160427784439887
0.017146875111136137
0.017145715920187325
0.017129114344000305
0.017102648212203076
0.01709836681464316
0.01709399026508941
0.01706986390254579
0.017067409422788223
0.017065097741223854
0.017045100367815324
0.01703438938277896
0.017023190990601962
0.01702252414456047
0.017021964164858412
0.017021378917539968
0.016993468488594683
0.01698929622443913
0.016985889652234746
0.016971725514529783
0.016964563198029414
0.016958818254135147
0.016955318974073222
0.016948970804161738
0.01694769447676561
0.01694449802080029
0.016938750515885687
0.01693314823200174
0.016931611038009824
0.016926174827745596
0.01692503831722564
0.016921875151226562
0.01691369030947062
0.016913410914179205
0.016913102374172217
0.01690636453740672
0.016903125496947283
0.016901646406512465
0.01690075904040362
0.01689316958137789
0.016889697562635985
0.016874686557767846
0.016863762115585983
0.01685580141908708
0.016855475544983074
0.016852372252488302
0.016843121613016425
0.016842179926053077
0.016836231503888008
0.016835250917161308
0.01683070007883693
0.016819228276854857
0.016818621948525174
0.016812520395980014
0.016797730307345445
0.016781817808254097
0.016762279325902095
0.016760274203589796
0.016756987098574684
0.016747068580965314
0.01670572691333614
0.016703111981179106
0.016699996482443726
0.01668708825319938
0.016655872637758525
0.016655624524688523
0.016650816976715426
0.01665020747729874
0.016646857849387443
0.016630720700729337
0.016630474778929306
0.01662593732553191
0.01662320387832291
0.01660482960266587
0.016585239674546358
0.016582968736078722
0.016578397721819984
0.016571280615960804
0.01655425372184023
0.016545748394958124
0.016527562027316253
0.016511912037912083
0.016476630162507673
0.01646930588922435
0.01644904134478458
0.016425142224315695
0.016410377038118575
0.016398343803172073
0.016372417493025634
0.016360690004394315
0.01633899835534813
0.016334617627335943
0.016313216853382217
0.016295227107852018
0.016284379949862333
0.016279020472830932
0.01621867339465582
0.016212594264318494
0.016140243595234454
0.016137550145395328
0.016060940327965522
0.01604900103327412
0.016001883484973185
0.015964455351666434
0.015960477494346956
0.015925708450714848
0.015908440040444893
0.015898396273062766
0.01589139992597892
0.015826386342013228
0.015780162818902054
0.015733225575968887
0.015719164504392435
0.015671090230815185
0.01564198247950457
0.015575390158753933
0.015564171524796238
0.015550285553096985
0.01552131065021407
0.015517556083682086
0.015460443280463365
0.015439629302773051
0.015291864390159558
0.015248595711472036
0.015179513612003238
0.01508154458256767
0.015074182163429208
0.01501694969823235
0.015006108159287457
0.014905716494072924
0.014902348440221955
0.014803343188289768
0.014739840788340116
0.014710709848251497
0.014606731708713074
0.014561540709703176
0.014515522679417978
0.01446641084778341
0.014431566350207444
0.014399294262425555
0.014373847837980918
0.014345389769859012
0.014296678209566828
0.014290937303078774
0.014287104535960162
0.01427606552676958
0.014257235264252446
0.014235853240284474
0.014232937516899176
0.014215682339835273
0.014168113478270666
0.014148373766097542
0.014074174401272297
0.014045712244154442
0.013952477882077147
0.01395139334454012
0.013894128072135496
0.013864165659570115
0.013793498279003119
0.013784872675899217
0.013749729096111845
0.013684204562890842
0.013661585064477733
0.013622151440260287
0.013619498480665126
0.013589138030974035
0.013412202226906637
0.013370853887437141
0.01330752214662377
