  1    0.138293
  2    0.043481
  3    0.042934
  4    0.029706
  5    0.071538
  6    0.029620
  7    0.014140
  8    0.015500
  9    0.008171
 10    0.015798
 11    0.011560
 12    0.009187
 13    0.003508
 14    0.004870
 15    0.008403
 16    0.007433
 17    0.004339
 18    0.006073
 19    0.007853
 20    0.008760
 21    0.002886
 22    0.004058
 23    0.005910
 24    0.005842
 25    0.006428
 26    0.004382
 27    0.004891
 28    0.004819
 29    0.003964
 30    0.003292
 31    0.005287
 32    0.003375
 33    0.004211
 34    0.002368
 35    0.003424
 36    0.005428
 37    0.002875
 38    0.004247
 39    0.002427
 40    0.002087
 41    0.004296
 42    0.003709
 43    0.003273
 44    0.003485
 45    0.004684
 46    0.002086
 47    0.002111
 48    0.002734
 49    0.002671
 50    0.002026
 51    0.003358
 52    0.003069
 53    0.002975
 54    0.002863
 55    0.001803
 56    0.001940
 57    0.003008
 58    0.002183
 59    0.002390
 60    0.002031
 61    0.001173
 62    0.001787
 63    0.000814
 64    0.001756
 65    0.001602
 66    0.001078
 67    0.001588
 68    0.001510
 69    0.001524
 70    0.001739
 71    0.001332
 72    0.001824
 73    0.001915
 74    0.001107
 75    0.001421
 76    0.000968
 77    0.002127
 78    0.001199
 79    0.002028
 80    0.001788
 81    0.001859
 82    0.001623
 83    0.002435
 84    0.001076
 85    0.002523
 86    0.000649
 87    0.002065
 88    0.001483
 89    0.001917
 90    0.001395
 91    0.001128
 92    0.001469
 93    0.001512
 94    0.001347
 95    0.000911
 96    0.001595
 97    0.001232
 98    0.002271
 99    0.001332
100    0.001408
101    0.001125
102    0.001265
103    0.000940
104    0.001222
105    0.000794
106    0.000983
107    0.001356
108    0.000827
109    0.001330
110    0.001871
111    0.001425
112    0.001436
113    0.001886
114    0.000943
115    0.000643
116    0.001288
117    0.000950
118    0.001082
119    0.001145
120    0.000877
121    0.000938
122    0.001454
123    0.001262
124    0.001272
125    0.001025
126    0.001210
127    0.000971
128    0.001733
129    0.001687
130    0.000868
131    0.001509
132    0.001377
133    0.001592
134    0.001299
135    0.000846
136    0.001849
137    0.000820
138    0.000877
139    0.001287
140    0.000665
141    0.001177
142    0.001570
143    0.001082
144    0.001026
145    0.001148
146    0.001444
147    0.000818
148    0.000981
149    0.000894
150    0.000813
151    0.000750
152    0.000740
153    0.001091
154    0.001124
155    0.001256
156    0.001336
157    0.000735
158    0.001220
159    0.000996
160    0.001405
161    0.000529
162    0.000457
163    0.000814
164    0.000568
165    0.000841
166    0.000751
167    0.000837
168    0.001220
169    0.001416
170    0.000825
171    0.000698
172    0.001016
173    0.000939
174    0.001216
175    0.000646
176    0.000934
177    0.000814
178    0.000477
179    0.000539
180    0.000627
181    0.000916
182    0.000639
183    0.000669
184    0.000751
185    0.001018
186    0.001048
187    0.000677
188    0.000560
189    0.001005
190    0.000705
191    0.000643
192    0.000508
193    0.000793
194    0.000584
195    0.000687
196    0.000664
197    0.000893
198    0.000576
199    0.000557
200    0.000556
201    0.000878
202    0.000416
203    0.000687
204    0.000695
205    0.000619
206    0.000571
207    0.001010
208    0.000969
209    0.000804
210    0.000749
211    0.000352
212    0.000290
213    0.000946
214    0.000554
215    0.000821
216    0.000535
217    0.000716
218    0.000414
219    0.000683
220    0.000566
221    0.000987
222    0.000419
223    0.000651
224    0.000379
225    0.000492
226    0.000749
227    0.000918
228    0.000524
229    0.000788
230    0.000777
231    0.000591
232    0.000404
233    0.000462
234    0.000760
235    0.000578
236    0.000938
237    0.000587
238    0.000769
239    0.000754
240    0.000580
241    0.000635
242    0.000451
243    0.000629
244    0.000671
245    0.000842
246    0.000753
247    0.000483
248    0.000935
249    0.000533
250    0.000549
251    0.000402
252    0.000490
253    0.000729
254    0.000707
255    0.000610
256    0.000586
257    0.000891
258    0.000484
259    0.000918
260    0.000741
261    0.000816
262    0.000736
263    0.000538
264    0.000656
265    0.000410
266    0.000451
267    0.000523
268    0.000401
269    0.000443
270    0.000460
271    0.000656
272    0.000463
273    0.000591
274    0.000485
275    0.000708
276    0.000392
277    0.000527
278    0.000637
279    0.000500
280    0.000526
281    0.000844
282    0.000390
283    0.000445
284    0.000790
285    0.000491
286    0.000528
287    0.000588
288    0.000414
289    0.000358
290    0.000467
291    0.000648
292    0.000551
293    0.000238
294    0.000316
295    0.000790
296    0.000498
297    0.000661
298    0.000252
299    0.000829
300    0.000636
301    0.000395
302    0.000394
303    0.000295
304    0.000283
305    0.000393
306    0.000376
307    0.000345
308    0.000342
309    0.000606
310    0.000249
311    0.000789
312    0.000532
313    0.000448
314    0.000421
315    0.000511
316    0.000796
317    0.000483
318    0.000553
319    0.000533
320    0.000698
321    0.000367
322    0.000450
323    0.000408
324    0.000475
325    0.000511
326    0.000511
327    0.000364
328    0.000492
329    0.000461
330    0.000355
331    0.000363
332    0.000580
333    0.000259
334    0.000443
335    0.000401
336    0.000429
337    0.000448
338    0.000479
339    0.000488
340    0.000730
341    0.000608
342    0.000397
343    0.000630
344    0.000413
345    0.000297
346    0.000547
347    0.000463
348    0.000555
349    0.000668
350    0.000595
351    0.000516
352    0.000450
353    0.000809
354    0.000494
355    0.000533
356    0.000527
357    0.000355
358    0.000566
359    0.000554
360    0.000482
361    0.000412
362    0.000522
363    0.000752
364    0.000444
365    0.000243
366    0.000440
367    0.000393
368    0.000344
369    0.000452
370    0.000403
371    0.000369
372    0.000335
373    0.000433
374    0.000553
375    0.000472
376    0.000383
377    0.000336
378    0.000339
379    0.000357
380    0.000447
381    0.000686
382    0.000368
383    0.000566
384    0.000311
385    0.000345
386    0.000482
387    0.000366
388    0.000501
389    0.000515
390    0.000512
391    0.000646
392    0.000231
393    0.000314
394    0.000453
395    0.000460
396    0.000619
397    0.000533
398    0.000455
399    0.000326
400    0.000381
401    0.000376
402    0.000309
403    0.000333
404    0.000289
405    0.000255
406    0.000232
407    0.000508
408    0.000434
409    0.000436
410    0.000344
411    0.000369
412    0.000707
413    0.000437
414    0.000445
415    0.000356
416    0.000348
417    0.000306
418    0.000236
419    0.000477
420    0.000295
421    0.000652
422    0.000395
423    0.000187
424    0.000325
425    0.000175
426    0.000317
427    0.000201
428    0.000175
429    0.000251
430    0.000157
431    0.000200
432    0.000392
433    0.000413
434    0.000384
435    0.000397
436    0.000423
437    0.000407
438    0.000226
439    0.000340
440    0.000240
441    0.000284
442    0.000241
443    0.000307
444    0.000394
445    0.000254
446    0.000347
447    0.000263
448    0.000227
449    0.000261
450    0.000331
451    0.000258
452    0.000321
453    0.000267
454    0.000377
455    0.000352
456    0.000292
457    0.000306
458    0.000231
459    0.000464
460    0.000518
461    0.000402
462    0.000336
463    0.000312
464    0.000340
465    0.000404
466    0.000317
467    0.000312
468    0.000276
469    0.000367
470    0.000365
471    0.000360
472    0.000294
473    0.000310
474    0.000489
475    0.000432
476    0.000349
477    0.000445
478    0.000318
479    0.000259
480    0.000374
481    0.000467
482    0.000338
483    0.000296
484    0.000284
485    0.000451
486    0.000412
487    0.000307
488    0.000195
489    0.000177
490    0.000285
491    0.000377
492    0.000380
493    0.000316
494    0.000322
495    0.000317
496    0.000358
497    0.000389
498    0.000407
499    0.000322
500    0.000294
501    0.000333
502    0.000178
503    0.000333
504    0.000338
505    0.000342
506    0.000323
507    0.000186
508    0.000212
509    0.000337
510    0.000322
511    0.000415
512    0.000392
513    0.000285
514    0.000371
515    0.000398
516    0.000259
517    0.000317
518    0.000280
519    0.000304
520    0.000369
521    0.000312
522    0.000394
523    0.000271
524    0.000360
525    0.000365
526    0.000418
527    0.000395
528    0.000281
529    0.000331
530    0.000173
531    0.000282
532    0.000366
533    0.000276
534    0.000243
535    0.000435
536    0.000244
537    0.000447
538    0.000466
539    0.000310
540    0.000370
541    0.000253
542    0.000290
543    0.000304
544    0.000311
545    0.000287
546    0.000325
547    0.000158
548    0.000143
549    0.000405
550    0.000292
551    0.000284
552    0.000256
553    0.000203
554    0.000219
555    0.000260
556    0.000212
557    0.000174
558    0.000208
559    0.000230
560    0.000244
561    0.000202
562    0.000283
563    0.000298
564    0.000285
565    0.000216
566    0.000217
567    0.000327
568    0.000319
569    0.000311
570    0.000428
571    0.000285
572    0.000181
573    0.000246
574    0.000326
575    0.000253
576    0.000260
577    0.000293
578    0.000253
579    0.000317
580    0.000189
581    0.000192
582    0.000228
583    0.000227
584    0.000255
585    0.000169
586    0.000226
587    0.000342
588    0.000219
589    0.000162
590    0.000156
591    0.000197
592    0.000229
593    0.000251
594    0.000307
595    0.000174
596    0.000234
597    0.000274
598    0.000211
599    0.000157
600    0.000181
601    0.000164
602    0.000207
603    0.000373
604    0.000189
605    0.000209
606    0.000227
607    0.000224
608    0.000163
609    0.000275
610    0.000279
611    0.000194
612    0.000254
613    0.000230
614    0.000259
615    0.000226
616    0.000396
617    0.000220
618    0.000300
619    0.000155
620    0.000251
621    0.000278
622    0.000256
623    0.000158
624    0.000258
625    0.000214
626    0.000270
627    0.000133
628    0.000180
629    0.000199
630    0.000305
631    0.000265
632    0.000136
633    0.000239
634    0.000231
635    0.000236
636    0.000174
637    0.000162
638    0.000259
639    0.000312
640    0.000299
641    0.000254
642    0.000279
643    0.000265
644    0.000207
645    0.000297
646    0.000186
647    0.000162
648    0.000246
649    0.000257
650    0.000199
651    0.000255
652    0.000256
653    0.000236
654    0.000268
655    0.000214
656    0.000244
657    0.000213
658    0.000149
659    0.000241
660    0.000271
661    0.000243
662    0.000287
663    0.000262
664    0.000241
665    0.000217
666    0.000296
667    0.000380
668    0.000300
669    0.000203
670    0.000263
671    0.000376
672    0.000213
673    0.000182
674    0.000329
675    0.000306
676    0.000248
677    0.000304
678    0.000183
679    0.000238
680    0.000322
681    0.000227
682    0.000213
683    0.000194
684    0.000158
685    0.000230
686    0.000212
687    0.000214
688    0.000227
689    0.000260
690    0.000256
691    0.000147
692    0.000232
693    0.000188
694    0.000146
695    0.000293
696    0.000158
697    0.000312
698    0.000222
699    0.000150
700    0.000157
701    0.000266
702    0.000157
703    0.000151
704    0.000181
705    0.000186
706    0.000227
707    0.000155
708    0.000260
709    0.000195
710    0.000198
711    0.000250
712    0.000220
713    0.000204
714    0.000133
715    0.000262
716    0.000192
717    0.000293
718    0.000242
719    0.000207
720    0.000255
721    0.000159
722    0.000165
723    0.000200
724    0.000177
725    0.000244
726    0.000227
727    0.000250
728    0.000175
729    0.000287
730    0.000197
731    0.000150
732    0.000199
733    0.000200
734    0.000158
735    0.000250
736    0.000265
737    0.000224
738    0.000239
739    0.000343
740    0.000241
741    0.000304
742    0.000266
743    0.000338
744    0.000231
745    0.000125
746    0.000141
747    0.000307
748    0.000236
749    0.000287
750    0.000174
751    0.000184
752    0.000344
753    0.000213
754    0.000185
755    0.000168
756    0.000159
757    0.000166
758    0.000241
759    0.000164
760    0.000202
761    0.000220
762    0.000173
763    0.000171
764    0.000152
765    0.000137
766    0.000264
767    0.000169
768    0.000148
769    0.000206
770    0.000157
771    0.000135
772    0.000169
773    0.000236
774    0.000208
775    0.000214
776    0.000166
777    0.000283
778    0.000205
779    0.000243
780    0.000160
781    0.000164
782    0.000165
783    0.000257
784    0.000237
785    0.000162
786    0.000164
787    0.000155
788    0.000135
789    0.000258
790    0.000182
791    0.000241
792    0.000200
793    0.000199
794    0.000185
795    0.000330
796    0.000095
797    0.000127
798    0.000103
799    0.000266
800    0.000076
801    0.000207
802    0.000143
803    0.000131
804    0.000132
805    0.000151
806    0.000151
807    0.000224
808    0.000106
809    0.000122
810    0.000166
811    0.000071
812    0.000115
813    0.000142
814    0.000102
815    0.000185
816    0.000215
817    0.000289
818    0.000147
819    0.000292
820    0.000387
821    0.000212
822    0.000296
823    0.000198
824    0.000127
825    0.000534
