  1    0.153257
  2    0.020176
  3    0.081705
  4    0.032684
  5    0.011919
  6    0.031284
  7    0.018818
  8    0.004590
  9    0.004072
 10    0.013659
 11    0.012096
 12    0.005524
 13    0.006206
 14    0.006052
 15    0.007016
 16    0.004823
 17    0.008183
 18    0.004382
 19    0.008474
 20    0.010780
 21    0.003857
 22    0.005043
 23    0.005619
 24    0.003332
 25    0.007050
 26    0.005456
 27    0.007394
 28    0.005297
 29    0.004394
 30    0.003725
 31    0.003823
 32    0.006798
 33    0.005160
 34    0.004692
 35    0.005591
 36    0.002481
 37    0.003600
 38    0.002732
 39    0.002021
 40    0.003684
 41    0.003457
 42    0.004255
 43    0.003638
 44    0.003291
 45    0.002051
 46    0.003732
 47    0.001988
 48    0.002798
 49    0.002601
 50    0.002262
 51    0.002544
 52    0.001857
 53    0.002404
 54    0.003078
 55    0.001682
 56    0.002103
 57    0.001505
 58    0.002795
 59    0.001011
 60    0.002186
 61    0.001569
 62    0.001841
 63    0.001639
 64    0.001145
 65    0.002807
 66    0.002336
 67    0.001546
 68    0.001133
 69    0.001302
 70    0.001351
 71    0.001433
 72    0.001781
 73    0.001757
 74    0.001499
 75    0.001826
 76    0.001919
 77    0.001851
 78    0.001000
 79    0.001553
 80    0.001323
 81    0.002504
 82    0.001780
 83    0.001409
 84    0.001858
 85    0.001804
 86    0.001250
 87    0.001350
 88    0.001305
 89    0.001460
 90    0.001889
 91    0.001711
 92    0.001326
 93    0.001728
 94    0.001382
 95    0.000995
 96    0.001151
 97    0.001029
 98    0.001823
 99    0.000889
100    0.001427
101    0.000875
102    0.001358
103    0.001864
104    0.000867
105    0.000757
106    0.000767
107    0.001531
108    0.001308
109    0.000760
110    0.001409
111    0.001599
112    0.001106
113    0.001626
114    0.000904
115    0.001173
116    0.000963
117    0.001106
118    0.001024
119    0.001529
120    0.001708
121    0.001188
122    0.002622
123    0.001407
124    0.000989
125    0.001254
126    0.000793
127    0.001144
128    0.000879
129    0.000951
130    0.001119
131    0.001276
132    0.000832
133    0.001105
134    0.000769
135    0.002252
136    0.001167
137    0.001493
138    0.001167
139    0.001480
140    0.001137
141    0.000887
142    0.001052
143    0.001056
144    0.000849
145    0.000604
146    0.000948
147    0.001183
148    0.001067
149    0.001093
150    0.001286
151    0.000743
152    0.000954
153    0.000950
154    0.000636
155    0.001241
156    0.000970
157    0.000969
158    0.001065
159    0.000904
160    0.000953
161    0.000861
162    0.000994
163    0.000961
164    0.001163
165    0.001179
166    0.001052
167    0.001152
168    0.001305
169    0.001303
170    0.000806
171    0.000915
172    0.001773
173    0.000657
174    0.000762
175    0.000699
176    0.000902
177    0.001120
178    0.000686
179    0.000681
180    0.001916
181    0.000847
182    0.001044
183    0.001009
184    0.000965
185    0.000904
186    0.000646
187    0.000817
188    0.000768
189    0.000868
190    0.000923
191    0.001147
192    0.001069
193    0.000744
194    0.000986
195    0.000532
196    0.000990
197    0.000768
198    0.000602
199    0.000992
200    0.000848
201    0.000756
202    0.000916
203    0.000845
204    0.001036
205    0.001120
206    0.000986
207    0.001166
208    0.000668
209    0.001015
210    0.001168
211    0.000648
212    0.001020
213    0.001052
214    0.000905
215    0.000757
216    0.000784
217    0.000670
218    0.000889
219    0.000501
220    0.000713
221    0.000810
222    0.000520
223    0.000750
224    0.000798
225    0.000735
226    0.000402
227    0.000581
228    0.000851
229    0.000594
230    0.001200
231    0.001127
232    0.001214
233    0.000550
234    0.000734
235    0.000854
236    0.000522
237    0.000602
238    0.000641
239    0.000366
240    0.000506
241    0.000539
242    0.000438
243    0.000506
244    0.000805
245    0.000367
246    0.000523
247    0.000812
248    0.000443
249    0.000385
250    0.000972
251    0.000825
252    0.000515
253    0.000431
254    0.000747
255    0.000486
256    0.000466
257    0.000608
258    0.000603
259    0.000638
260    0.000909
261    0.000721
262    0.000830
263    0.001038
264    0.000858
265    0.000401
266    0.000564
267    0.000464
268    0.000545
269    0.000613
270    0.000313
271    0.000928
272    0.000382
273    0.000638
274    0.000952
275    0.000856
276    0.000902
277    0.000329
278    0.000978
279    0.000555
280    0.000450
281    0.000508
282    0.000598
283    0.000626
284    0.000708
285    0.000484
286    0.000876
287    0.000435
288    0.000520
289    0.000373
290    0.000952
291    0.000571
292    0.000410
293    0.000478
294    0.000384
295    0.000339
296    0.000359
297    0.000340
298    0.000401
299    0.000274
300    0.000906
301    0.000440
302    0.000558
303    0.000817
304    0.000452
305    0.000540
306    0.000473
307    0.000556
308    0.000526
309    0.000415
310    0.000679
311    0.000573
312    0.000576
313    0.000593
314    0.000644
315    0.000465
316    0.000806
317    0.000430
318    0.000485
319    0.000388
320    0.000397
321    0.000620
322    0.000447
323    0.000511
324    0.000421
325    0.000399
326    0.000558
327    0.000512
328    0.000315
329    0.000435
330    0.000746
331    0.000386
332    0.000533
333    0.000805
334    0.000544
335    0.000347
336    0.000382
337    0.000617
338    0.000295
339    0.000454
340    0.000510
341    0.000416
342    0.000692
343    0.000457
344    0.000402
345    0.000520
346    0.000551
347    0.000488
348    0.000382
349    0.000487
350    0.000477
351    0.000381
352    0.000460
353    0.000547
354    0.000865
355    0.000346
356    0.000526
357    0.000542
358    0.000460
359    0.000299
360    0.000506
361    0.000454
362    0.000478
363    0.000270
364    0.000546
365    0.000522
366    0.000612
367    0.000428
368    0.000866
369    0.000326
370    0.000542
371    0.000382
372    0.000900
373    0.000671
374    0.000523
375    0.000483
376    0.000739
377    0.000363
378    0.000603
379    0.000353
380    0.000406
381    0.000387
382    0.000458
383    0.000403
384    0.000419
385    0.000618
386    0.000463
387    0.000423
388    0.000482
389    0.000548
390    0.000389
391    0.000261
392    0.000384
393    0.000633
394    0.000318
395    0.000559
396    0.000296
397    0.000404
398    0.000319
399    0.000364
400    0.000432
401    0.000450
402    0.000394
403    0.000447
404    0.000308
405    0.000539
406    0.000373
407    0.000435
408    0.000490
409    0.000355
410    0.000357
411    0.000198
412    0.000255
413    0.000341
414    0.000487
415    0.000311
416    0.000323
417    0.000316
418    0.000515
419    0.000213
420    0.000366
421    0.000729
422    0.000592
423    0.000326
424    0.000400
425    0.000300
426    0.000381
427    0.000298
428    0.000353
429    0.000357
430    0.000404
431    0.000413
432    0.000300
433    0.000394
434    0.000387
435    0.000191
436    0.000427
437    0.000647
438    0.000537
439    0.000241
440    0.000524
441    0.000556
442    0.000382
443    0.000454
444    0.000571
445    0.000174
446    0.000489
447    0.000702
448    0.000473
449    0.000789
450    0.000554
451    0.000459
452    0.000536
453    0.000448
454    0.000556
455    0.000675
456    0.000345
457    0.000376
458    0.000266
459    0.000321
460    0.000352
461    0.000298
462    0.000329
463    0.000478
464    0.000561
465    0.000292
466    0.000292
467    0.000432
468    0.000324
469    0.000311
470    0.000292
471    0.000317
472    0.000333
473    0.000387
474    0.000305
475    0.000383
476    0.000416
477    0.000285
478    0.000339
479    0.000259
480    0.000256
481    0.000302
482    0.000395
483    0.000437
484    0.000276
485    0.000263
486    0.000411
487    0.000412
488    0.000414
489    0.000147
490    0.000335
491    0.000416
492    0.000500
493    0.000271
494    0.000383
495    0.000302
496    0.000230
497    0.000277
498    0.000305
499    0.000219
500    0.000378
501    0.000238
502    0.000281
503    0.000333
504    0.000338
505    0.000447
506    0.000436
507    0.000223
508    0.000349
509    0.000280
510    0.000383
511    0.000347
512    0.000307
513    0.000233
514    0.000488
515    0.000418
516    0.000249
517    0.000292
518    0.000278
519    0.000298
520    0.000249
521    0.000324
522    0.000291
523    0.000285
524    0.000336
525    0.000421
526    0.000302
527    0.000298
528    0.000387
529    0.000268
530    0.000167
531    0.000540
532    0.000486
533    0.000288
534    0.000268
535    0.000337
536    0.000311
537    0.000353
538    0.000390
539    0.000238
540    0.000587
541    0.000501
542    0.000271
543    0.000261
544    0.000489
545    0.000379
546    0.000198
547    0.000336
548    0.000287
549    0.000391
550    0.000328
551    0.000421
552    0.000340
553    0.000333
554    0.000210
555    0.000252
556    0.000282
557    0.000409
558    0.000317
559    0.000322
560    0.000278
561    0.000162
562    0.000261
563    0.000257
564    0.000253
565    0.000172
566    0.000296
567    0.000284
568    0.000318
569    0.000243
570    0.000194
571    0.000250
572    0.000245
573    0.000201
574    0.000323
575    0.000268
576    0.000321
577    0.000247
578    0.000225
579    0.000248
580    0.000268
581    0.000382
582    0.000270
583    0.000262
584    0.000162
585    0.000215
586    0.000258
587    0.000338
588    0.000285
589    0.000252
590    0.000223
591    0.000300
592    0.000322
593    0.000271
594    0.000290
595    0.000243
596    0.000183
597    0.000276
598    0.000339
599    0.000204
600    0.000242
601    0.000196
602    0.000371
603    0.000273
604    0.000235
605    0.000264
606    0.000377
607    0.000318
608    0.000251
609    0.000366
610    0.000173
611    0.000170
612    0.000210
613    0.000174
614    0.000267
615    0.000197
616    0.000310
617    0.000443
618    0.000254
619    0.000167
620    0.000225
621    0.000379
622    0.000298
623    0.000233
624    0.000388
625    0.000401
626    0.000268
627    0.000347
628    0.000274
629    0.000336
630    0.000341
631    0.000409
632    0.000327
633    0.000237
634    0.000230
635    0.000310
636    0.000216
637    0.000277
638    0.000260
639    0.000180
640    0.000278
641    0.000362
642    0.000266
643    0.000361
644    0.000344
645    0.000206
646    0.000180
647    0.000334
648    0.000287
649    0.000248
650    0.000256
651    0.000250
652    0.000271
653    0.000222
654    0.000350
655    0.000211
656    0.000224
657    0.000360
658    0.000276
659    0.000288
660    0.000300
661    0.000236
662    0.000477
663    0.000150
664    0.000272
665    0.000318
666    0.000193
667    0.000207
668    0.000254
669    0.000278
670    0.000365
671    0.000348
672    0.000249
673    0.000300
674    0.000299
675    0.000329
676    0.000250
677    0.000275
678    0.000360
679    0.000229
680    0.000308
681    0.000243
682    0.000236
683    0.000305
684    0.000277
685    0.000359
686    0.000193
687    0.000181
688    0.000235
689    0.000240
690    0.000222
691    0.000240
692    0.000285
693    0.000344
694    0.000190
695    0.000199
696    0.000350
697    0.000185
698    0.000173
699    0.000176
700    0.000213
701    0.000261
702    0.000188
703    0.000239
704    0.000204
705    0.000249
706    0.000328
707    0.000270
708    0.000217
709    0.000220
710    0.000254
711    0.000316
712    0.000235
713    0.000248
714    0.000262
715    0.000247
716    0.000270
717    0.000245
718    0.000279
719    0.000173
720    0.000210
721    0.000204
722    0.000213
723    0.000156
724    0.000267
725    0.000260
726    0.000220
727    0.000125
728    0.000347
729    0.000159
730    0.000304
731    0.000188
732    0.000333
733    0.000245
734    0.000362
735    0.000154
736    0.000234
737    0.000274
738    0.000358
739    0.000187
740    0.000255
741    0.000213
742    0.000216
743    0.000236
744    0.000190
745    0.000276
746    0.000220
747    0.000196
748    0.000202
749    0.000313
750    0.000196
751    0.000249
752    0.000233
753    0.000199
754    0.000247
755    0.000209
756    0.000154
757    0.000382
758    0.000177
759    0.000172
760    0.000186
761    0.000292
762    0.000085
763    0.000196
764    0.000225
765    0.000202
766    0.000157
767    0.000077
768    0.000277
769    0.000148
770    0.000174
771    0.000353
772    0.000205
773    0.000119
774    0.000162
775    0.000176
776    0.000176
777    0.000276
778    0.000197
779    0.000176
780    0.000151
781    0.000123
782    0.000245
783    0.000276
784    0.000193
785    0.000289
786    0.000213
787    0.000185
788    0.000208
789    0.000274
790    0.000209
791    0.000159
792    0.000219
793    0.000246
794    0.000113
795    0.000203
796    0.000170
797    0.000159
798    0.000081
799    0.000208
800    0.000146
801    0.000194
802    0.000201
803    0.000235
804    0.000151
805    0.000233
806    0.000210
807    0.000164
808    0.000155
809    0.000198
810    0.000354
811    0.000134
812    0.000051
813    0.000399
814    0.000255
815    0.000142
816    0.000202
817    0.000289
818    0.000508
819    0.000476
820    0.000104
821    0.000338
822    0.000189
823    0.000201
824    0.000058
825    0.000484
