  1    0.134420
  2    0.007240
  3    0.067876
  4    0.029514
  5    0.011497
  6    0.022545
  7    0.021231
  8    0.020560
  9    0.005622
 10    0.012044
 11    0.010464
 12    0.007968
 13    0.007024
 14    0.007304
 15    0.005189
 16    0.006638
 17    0.010787
 18    0.006865
 19    0.006879
 20    0.006805
 21    0.006202
 22    0.004156
 23    0.003307
 24    0.007814
 25    0.006867
 26    0.008254
 27    0.004847
 28    0.007094
 29    0.005632
 30    0.005729
 31    0.005919
 32    0.003077
 33    0.003337
 34    0.003011
 35    0.004504
 36    0.003445
 37    0.004227
 38    0.003733
 39    0.004063
 40    0.003721
 41    0.003564
 42    0.005893
 43    0.002953
 44    0.003052
 45    0.005024
 46    0.003065
 47    0.003086
 48    0.004244
 49    0.002673
 50    0.003914
 51    0.003771
 52    0.002322
 53    0.002122
 54    0.001918
 55    0.002221
 56    0.001340
 57    0.003230
 58    0.001577
 59    0.002083
 60    0.002219
 61    0.002917
 62    0.002436
 63    0.001771
 64    0.001651
 65    0.002423
 66    0.001790
 67    0.001346
 68    0.001748
 69    0.001754
 70    0.002030
 71    0.001953
 72    0.001954
 73    0.002419
 74    0.001164
 75    0.001771
 76    0.001840
 77    0.001777
 78    0.001516
 79    0.002040
 80    0.001494
 81    0.001769
 82    0.001436
 83    0.001576
 84    0.001211
 85    0.002168
 86    0.001285
 87    0.002091
 88    0.000609
 89    0.001551
 90    0.001206
 91    0.000917
 92    0.001328
 93    0.001434
 94    0.001232
 95    0.001924
 96    0.001107
 97    0.002314
 98    0.001326
 99    0.002746
100    0.001203
101    0.001458
102    0.001711
103    0.001284
104    0.001189
105    0.001224
106    0.001673
107    0.001279
108    0.001694
109    0.001054
110    0.001671
111    0.001621
112    0.000818
113    0.000801
114    0.001482
115    0.000989
116    0.001643
117    0.001324
118    0.001043
119    0.001273
120    0.000990
121    0.001120
122    0.001240
123    0.001651
124    0.000830
125    0.001128
126    0.001575
127    0.001048
128    0.001249
129    0.000810
130    0.000998
131    0.001186
132    0.001002
133    0.000899
134    0.001500
135    0.000911
136    0.000662
137    0.001046
138    0.001085
139    0.001023
140    0.000824
141    0.000819
142    0.001855
143    0.001370
144    0.001577
145    0.001221
146    0.000940
147    0.001069
148    0.001588
149    0.000928
150    0.001071
151    0.000783
152    0.000974
153    0.001129
154    0.001303
155    0.001091
156    0.001555
157    0.001153
158    0.001442
159    0.001001
160    0.001415
161    0.001935
162    0.001154
163    0.001291
164    0.001254
165    0.000775
166    0.000746
167    0.001000
168    0.001376
169    0.000929
170    0.001028
171    0.000913
172    0.000737
173    0.000800
174    0.001291
175    0.000798
176    0.000778
177    0.000861
178    0.000992
179    0.001036
180    0.001058
181    0.000982
182    0.000913
183    0.000882
184    0.001001
185    0.000620
186    0.000642
187    0.000847
188    0.000769
189    0.001216
190    0.000547
191    0.000692
192    0.000513
193    0.001305
194    0.000879
195    0.001181
196    0.000914
197    0.001214
198    0.001089
199    0.000617
200    0.000733
201    0.000792
202    0.001126
203    0.000721
204    0.001039
205    0.001241
206    0.001154
207    0.001463
208    0.000949
209    0.000919
210    0.000393
211    0.000899
212    0.000974
213    0.000975
214    0.000818
215    0.000791
216    0.000811
217    0.000920
218    0.000552
219    0.000604
220    0.000601
221    0.000705
222    0.000885
223    0.000598
224    0.000961
225    0.000588
226    0.000652
227    0.000747
228    0.000523
229    0.000809
230    0.000758
231    0.000645
232    0.001100
233    0.000789
234    0.000475
235    0.000799
236    0.000867
237    0.000585
238    0.000651
239    0.000500
240    0.000431
241    0.000620
242    0.000660
243    0.000801
244    0.000799
245    0.000607
246    0.000498
247    0.001007
248    0.000845
249    0.000754
250    0.000653
251    0.000540
252    0.000681
253    0.000932
254    0.000720
255    0.000572
256    0.000628
257    0.000873
258    0.000824
259    0.000623
260    0.000850
261    0.001063
262    0.001046
263    0.000957
264    0.000762
265    0.000491
266    0.000634
267    0.000868
268    0.001019
269    0.000491
270    0.000656
271    0.000562
272    0.000820
273    0.000614
274    0.000671
275    0.000616
276    0.000641
277    0.000882
278    0.000825
279    0.000619
280    0.000655
281    0.000420
282    0.000522
283    0.000506
284    0.000632
285    0.000698
286    0.000474
287    0.000433
288    0.000544
289    0.000521
290    0.000735
291    0.000498
292    0.000516
293    0.000902
294    0.000655
295    0.000411
296    0.000536
297    0.000703
298    0.000565
299    0.000670
300    0.000560
301    0.000271
302    0.000794
303    0.000631
304    0.000814
305    0.000481
306    0.000549
307    0.000677
308    0.000582
309    0.000697
310    0.000493
311    0.000546
312    0.000721
313    0.000610
314    0.000460
315    0.000457
316    0.000571
317    0.000638
318    0.000862
319    0.000760
320    0.000509
321    0.000776
322    0.000455
323    0.000502
324    0.000385
325    0.000213
326    0.000507
327    0.000178
328    0.000682
329    0.000413
330    0.000370
331    0.000653
332    0.000657
333    0.000268
334    0.000621
335    0.000475
336    0.000414
337    0.000420
338    0.000399
339    0.000541
340    0.000427
341    0.000383
342    0.000550
343    0.000427
344    0.000392
345    0.000450
346    0.000680
347    0.000647
348    0.000348
349    0.000737
350    0.000501
351    0.000513
352    0.000289
353    0.000397
354    0.000458
355    0.000446
356    0.000562
357    0.000340
358    0.000372
359    0.000306
360    0.000572
361    0.000528
362    0.000378
363    0.000281
364    0.000338
365    0.000325
366    0.000519
367    0.000691
368    0.000284
369    0.000486
370    0.000410
371    0.000499
372    0.000553
373    0.000620
374    0.000638
375    0.000573
376    0.000423
377    0.000665
378    0.000453
379    0.000592
380    0.000429
381    0.000493
382    0.000625
383    0.000696
384    0.000436
385    0.000507
386    0.000382
387    0.000530
388    0.000495
389    0.000612
390    0.000658
391    0.000635
392    0.000304
393    0.000522
394    0.000447
395    0.000353
396    0.000435
397    0.000304
398    0.000304
399    0.000237
400    0.000473
401    0.000577
402    0.000335
403    0.000379
404    0.000451
405    0.000322
406    0.000527
407    0.000356
408    0.000669
409    0.000436
410    0.000535
411    0.000311
412    0.000473
413    0.000436
414    0.000433
415    0.000560
416    0.000394
417    0.000418
418    0.000340
419    0.000366
420    0.000214
421    0.000308
422    0.000494
423    0.000463
424    0.000268
425    0.000433
426    0.000337
427    0.000350
428    0.000448
429    0.000423
430    0.000404
431    0.000366
432    0.000351
433    0.000424
434    0.000321
435    0.000342
436    0.000557
437    0.000727
438    0.000380
439    0.000228
440    0.000440
441    0.000369
442    0.000594
443    0.000496
444    0.000490
445    0.000344
446    0.000573
447    0.000368
448    0.000517
449    0.000348
450    0.000242
451    0.000267
452    0.000320
453    0.000536
454    0.000418
455    0.000468
456    0.000282
457    0.000362
458    0.000232
459    0.000583
460    0.000297
461    0.000277
462    0.000377
463    0.000473
464    0.000343
465    0.000401
466    0.000533
467    0.000515
468    0.000304
469    0.000462
470    0.000390
471    0.000510
472    0.000297
473    0.000636
474    0.000312
475    0.000393
476    0.000293
477    0.000397
478    0.000239
479    0.000498
480    0.000442
481    0.000318
482    0.000325
483    0.000367
484    0.000496
485    0.000409
486    0.000356
487    0.000496
488    0.000535
489    0.000408
490    0.000315
491    0.000277
492    0.000380
493    0.000343
494    0.000331
495    0.000337
496    0.000622
497    0.000638
498    0.000330
499    0.000245
500    0.000278
501    0.000558
502    0.000362
503    0.000362
504    0.000416
505    0.000376
506    0.000402
507    0.000509
508    0.000286
509    0.000211
510    0.000313
511    0.000219
512    0.000348
513    0.000395
514    0.000417
515    0.000416
516    0.000306
517    0.000381
518    0.000270
519    0.000434
520    0.000403
521    0.000527
522    0.000459
523    0.000345
524    0.000406
525    0.000309
526    0.000376
527    0.000247
528    0.000437
529    0.000453
530    0.000399
531    0.000344
532    0.000301
533    0.000410
534    0.000476
535    0.000327
536    0.000265
537    0.000545
538    0.000300
539    0.000550
540    0.000379
541    0.000265
542    0.000444
543    0.000390
544    0.000421
545    0.000334
546    0.000339
547    0.000290
548    0.000314
549    0.000361
550    0.000408
551    0.000371
552    0.000383
553    0.000414
554    0.000261
555    0.000276
556    0.000253
557    0.000360
558    0.000306
559    0.000299
560    0.000441
561    0.000393
562    0.000306
563    0.000258
564    0.000389
565    0.000257
566    0.000247
567    0.000335
568    0.000281
569    0.000270
570    0.000349
571    0.000263
572    0.000237
573    0.000238
574    0.000260
575    0.000250
576    0.000131
577    0.000287
578    0.000289
579    0.000476
580    0.000284
581    0.000272
582    0.000317
583    0.000353
584    0.000350
585    0.000292
586    0.000346
587    0.000324
588    0.000371
589    0.000141
590    0.000370
591    0.000205
592    0.000286
593    0.000187
594    0.000279
595    0.000416
596    0.000316
597    0.000289
598    0.000196
599    0.000304
600    0.000361
601    0.000275
602    0.000240
603    0.000278
604    0.000406
605    0.000297
606    0.000312
607    0.000442
608    0.000245
609    0.000326
610    0.000222
611    0.000347
612    0.000275
613    0.000245
614    0.000297
615    0.000269
616    0.000344
617    0.000317
618    0.000406
619    0.000244
620    0.000199
621    0.000192
622    0.000341
623    0.000276
624    0.000270
625    0.000318
626    0.000422
627    0.000306
628    0.000421
629    0.000310
630    0.000255
631    0.000288
632    0.000323
633    0.000275
634    0.000256
635    0.000250
636    0.000224
637    0.000318
638    0.000256
639    0.000169
640    0.000233
641    0.000221
642    0.000261
643    0.000311
644    0.000247
645    0.000232
646    0.000116
647    0.000406
648    0.000234
649    0.000295
650    0.000363
651    0.000313
652    0.000397
653    0.000143
654    0.000222
655    0.000196
656    0.000316
657    0.000285
658    0.000300
659    0.000285
660    0.000226
661    0.000302
662    0.000208
663    0.000324
664    0.000312
665    0.000354
666    0.000378
667    0.000217
668    0.000257
669    0.000344
670    0.000253
671    0.000361
672    0.000209
673    0.000266
674    0.000317
675    0.000468
676    0.000308
677    0.000311
678    0.000221
679    0.000193
680    0.000321
681    0.000306
682    0.000380
683    0.000244
684    0.000222
685    0.000206
686    0.000301
687    0.000295
688    0.000227
689    0.000218
690    0.000208
691    0.000277
692    0.000248
693    0.000258
694    0.000333
695    0.000188
696    0.000311
697    0.000350
698    0.000254
699    0.000228
700    0.000246
701    0.000215
702    0.000264
703    0.000202
704    0.000235
705    0.000136
706    0.000217
707    0.000224
708    0.000229
709    0.000214
710    0.000217
711    0.000274
712    0.000106
713    0.000268
714    0.000186
715    0.000264
716    0.000234
717    0.000278
718    0.000191
719    0.000146
720    0.000251
721    0.000195
722    0.000330
723    0.000176
724    0.000346
725    0.000227
726    0.000240
727    0.000247
728    0.000246
729    0.000222
730    0.000203
731    0.000239
732    0.000146
733    0.000323
734    0.000304
735    0.000265
736    0.000384
737    0.000306
738    0.000299
739    0.000315
740    0.000096
741    0.000321
742    0.000225
743    0.000246
744    0.000170
745    0.000227
746    0.000325
747    0.000238
748    0.000158
749    0.000215
750    0.000092
751    0.000164
752    0.000231
753    0.000233
754    0.000272
755    0.000181
756    0.000140
757    0.000216
758    0.000223
759    0.000134
760    0.000148
761    0.000247
762    0.000286
763    0.000216
764    0.000172
765    0.000453
766    0.000103
767    0.000197
768    0.000125
769    0.000172
770    0.000184
771    0.000251
772    0.000257
773    0.000388
774    0.000199
775    0.000257
776    0.000223
777    0.000232
778    0.000201
779    0.000226
780    0.000111
781    0.000185
782    0.000143
783    0.000170
784    0.000241
785    0.000171
786    0.000182
787    0.000307
788    0.000182
789    0.000225
790    0.000207
791    0.000172
792    0.000212
793    0.000288
794    0.000277
795    0.000295
796    0.000180
797    0.000310
798    0.000284
799    0.000192
800    0.000293
801    0.000127
802    0.000115
803    0.000092
804    0.000279
805    0.000209
806    0.000227
807    0.000241
808    0.000193
809    0.000189
810    0.000320
811    0.000103
812    0.000407
813    0.000082
814    0.000087
815    0.000137
816    0.000071
817    0.000365
818    0.000137
819    0.000150
820    0.000187
821    0.000277
822    0.000234
823    0.000101
824    0.000499
825    0.000531
