  1    0.122458
  2    0.049154
  3    0.073641
  4    0.022501
  5    0.014564
  6    0.025274
  7    0.023811
  8    0.013255
  9    0.019984
 10    0.008692
 11    0.005358
 12    0.004752
 13    0.011144
 14    0.003386
 15    0.005724
 16    0.007504
 17    0.009901
 18    0.006080
 19    0.006161
 20    0.007280
 21    0.008383
 22    0.005712
 23    0.005014
 24    0.005230
 25    0.004676
 26    0.005309
 27    0.004353
 28    0.004414
 29    0.002287
 30    0.005497
 31    0.003078
 32    0.001908
 33    0.004333
 34    0.003147
 35    0.005389
 36    0.003777
 37    0.002324
 38    0.004812
 39    0.004999
 40    0.002569
 41    0.002494
 42    0.002388
 43    0.005778
 44    0.004067
 45    0.003745
 46    0.003924
 47    0.004364
 48    0.004291
 49    0.002568
 50    0.002818
 51    0.002014
 52    0.001811
 53    0.002020
 54    0.001508
 55    0.001880
 56    0.001468
 57    0.002210
 58    0.002180
 59    0.001618
 60    0.001704
 61    0.001787
 62    0.001916
 63    0.001345
 64    0.002137
 65    0.002023
 66    0.001655
 67    0.002267
 68    0.002546
 69    0.002028
 70    0.001591
 71    0.001381
 72    0.002618
 73    0.002266
 74    0.001806
 75    0.001021
 76    0.001810
 77    0.001594
 78    0.002017
 79    0.002381
 80    0.001248
 81    0.001898
 82    0.001964
 83    0.001561
 84    0.001264
 85    0.001585
 86    0.001401
 87    0.001355
 88    0.001823
 89    0.000935
 90    0.002192
 91    0.001690
 92    0.001447
 93    0.001114
 94    0.001414
 95    0.001424
 96    0.001749
 97    0.001292
 98    0.001081
 99    0.001195
100    0.001548
101    0.001432
102    0.001072
103    0.001682
104    0.001698
105    0.000954
106    0.000775
107    0.001153
108    0.001596
109    0.000896
110    0.000992
111    0.001218
112    0.001345
113    0.001653
114    0.001420
115    0.001743
116    0.001830
117    0.001028
118    0.000941
119    0.003022
120    0.001989
121    0.002266
122    0.001141
123    0.001099
124    0.001085
125    0.001069
126    0.000918
127    0.001515
128    0.000879
129    0.001128
130    0.001561
131    0.001137
132    0.001316
133    0.000728
134    0.001119
135    0.001820
136    0.000756
137    0.000769
138    0.001734
139    0.001286
140    0.001419
141    0.000773
142    0.001146
143    0.000912
144    0.001008
145    0.000858
146    0.000739
147    0.000713
148    0.001175
149    0.000709
150    0.001640
151    0.001216
152    0.000548
153    0.001346
154    0.001269
155    0.000785
156    0.000662
157    0.001120
158    0.000816
159    0.000767
160    0.000741
161    0.001146
162    0.001251
163    0.001381
164    0.000935
165    0.000743
166    0.000785
167    0.000870
168    0.000762
169    0.000972
170    0.001275
171    0.001464
172    0.001151
173    0.000983
174    0.000918
175    0.000964
176    0.000614
177    0.000815
178    0.000739
179    0.001045
180    0.000522
181    0.001048
182    0.000543
183    0.000612
184    0.000856
185    0.001043
186    0.001332
187    0.001033
188    0.000722
189    0.001036
190    0.000608
191    0.000615
192    0.001346
193    0.000910
194    0.000844
195    0.000988
196    0.000834
197    0.000721
198    0.000811
199    0.000853
200    0.000771
201    0.000626
202    0.000779
203    0.000662
204    0.000389
205    0.000779
206    0.001026
207    0.000580
208    0.000763
209    0.000571
210    0.001053
211    0.001095
212    0.000880
213    0.000801
214    0.000617
215    0.000844
216    0.000843
217    0.000609
218    0.001058
219    0.000537
220    0.000702
221    0.000661
222    0.000591
223    0.000555
224    0.000920
225    0.000639
226    0.000592
227    0.000923
228    0.000425
229    0.000377
230    0.000682
231    0.000855
232    0.000585
233    0.000571
234    0.000542
235    0.000789
236    0.000854
237    0.000621
238    0.000580
239    0.000563
240    0.000862
241    0.000317
242    0.000718
243    0.001079
244    0.000568
245    0.000427
246    0.000670
247    0.000873
248    0.000421
249    0.000811
250    0.001009
251    0.000750
252    0.000708
253    0.000775
254    0.000430
255    0.000677
256    0.000610
257    0.000916
258    0.000645
259    0.000483
260    0.000426
261    0.000528
262    0.000533
263    0.000661
264    0.000755
265    0.000509
266    0.000306
267    0.000408
268    0.000701
269    0.000558
270    0.000533
271    0.000661
272    0.000613
273    0.000283
274    0.000546
275    0.000755
276    0.000400
277    0.000613
278    0.000679
279    0.000396
280    0.000476
281    0.000758
282    0.000670
283    0.000670
284    0.000576
285    0.000575
286    0.000714
287    0.000598
288    0.000655
289    0.000360
290    0.000525
291    0.000625
292    0.000727
293    0.000441
294    0.000897
295    0.000525
296    0.000534
297    0.000542
298    0.000551
299    0.000513
300    0.000478
301    0.000721
302    0.000730
303    0.000683
304    0.000530
305    0.000770
306    0.000784
307    0.000567
308    0.000561
309    0.000549
310    0.000589
311    0.000635
312    0.000489
313    0.000361
314    0.000830
315    0.000414
316    0.000547
317    0.000664
318    0.000757
319    0.000550
320    0.000394
321    0.000577
322    0.000685
323    0.000566
324    0.000574
325    0.000549
326    0.000531
327    0.000366
328    0.000524
329    0.000416
330    0.000432
331    0.000489
332    0.000682
333    0.000518
334    0.000478
335    0.000706
336    0.000645
337    0.000361
338    0.000616
339    0.000533
340    0.000550
341    0.000231
342    0.000414
343    0.000550
344    0.000798
345    0.000414
346    0.000615
347    0.000698
348    0.000516
349    0.000586
350    0.000382
351    0.000911
352    0.000362
353    0.000717
354    0.000376
355    0.000479
356    0.000658
357    0.000378
358    0.000908
359    0.000388
360    0.000544
361    0.000641
362    0.000391
363    0.000300
364    0.000408
365    0.000401
366    0.000421
367    0.000587
368    0.000458
369    0.000301
370    0.000584
371    0.000471
372    0.000292
373    0.000447
374    0.000412
375    0.000328
376    0.000439
377    0.000430
378    0.000324
379    0.000410
380    0.000713
381    0.000420
382    0.000690
383    0.000773
384    0.000570
385    0.000410
386    0.000422
387    0.000479
388    0.000402
389    0.000434
390    0.000567
391    0.000476
392    0.000731
393    0.000428
394    0.000472
395    0.000316
396    0.000554
397    0.000446
398    0.000405
399    0.000688
400    0.000294
401    0.000545
402    0.000664
403    0.000499
404    0.000517
405    0.000676
406    0.000644
407    0.000633
408    0.000431
409    0.000594
410    0.000337
411    0.000386
412    0.000376
413    0.000289
414    0.000897
415    0.000311
416    0.000359
417    0.000316
418    0.000320
419    0.000549
420    0.000486
421    0.000416
422    0.000418
423    0.000359
424    0.000335
425    0.000201
426    0.000609
427    0.000346
428    0.000389
429    0.000518
430    0.000465
431    0.000480
432    0.000387
433    0.000531
434    0.000458
435    0.000402
436    0.000520
437    0.000402
438    0.000495
439    0.000336
440    0.000336
441    0.000451
442    0.000499
443    0.000496
444    0.000282
445    0.000142
446    0.000252
447    0.000310
448    0.000464
449    0.000342
450    0.000366
451    0.000285
452    0.000385
453    0.000273
454    0.000414
455    0.000279
456    0.000303
457    0.000334
458    0.000411
459    0.000269
460    0.000332
461    0.000279
462    0.000303
463    0.000347
464    0.000367
465    0.000302
466    0.000408
467    0.000203
468    0.000327
469    0.000317
470    0.000347
471    0.000582
472    0.000454
473    0.000323
474    0.000325
475    0.000312
476    0.000366
477    0.000397
478    0.000336
479    0.000517
480    0.000341
481    0.000308
482    0.000306
483    0.000401
484    0.000328
485    0.000430
486    0.000460
487    0.000321
488    0.000436
489    0.000344
490    0.000333
491    0.000261
492    0.000328
493    0.000317
494    0.000357
495    0.000422
496    0.000427
497    0.000344
498    0.000506
499    0.000389
500    0.000408
501    0.000381
502    0.000217
503    0.000285
504    0.000438
505    0.000281
506    0.000257
507    0.000293
508    0.000259
509    0.000307
510    0.000247
511    0.000342
512    0.000203
513    0.000272
514    0.000319
515    0.000361
516    0.000368
517    0.000352
518    0.000264
519    0.000328
520    0.000297
521    0.000293
522    0.000203
523    0.000290
524    0.000310
525    0.000352
526    0.000316
527    0.000328
528    0.000415
529    0.000259
530    0.000430
531    0.000319
532    0.000628
533    0.000260
534    0.000393
535    0.000429
536    0.000358
537    0.000270
538    0.000375
539    0.000213
540    0.000311
541    0.000231
542    0.000206
543    0.000306
544    0.000269
545    0.000221
546    0.000428
547    0.000445
548    0.000275
549    0.000389
550    0.000355
551    0.000142
552    0.000284
553    0.000337
554    0.000330
555    0.000369
556    0.000275
557    0.000293
558    0.000307
559    0.000323
560    0.000354
561    0.000248
562    0.000343
563    0.000393
564    0.000402
565    0.000354
566    0.000328
567    0.000361
568    0.000215
569    0.000518
570    0.000342
571    0.000318
572    0.000258
573    0.000212
574    0.000218
575    0.000416
576    0.000206
577    0.000291
578    0.000297
579    0.000211
580    0.000289
581    0.000324
582    0.000228
583    0.000318
584    0.000195
585    0.000317
586    0.000307
587    0.000272
588    0.000245
589    0.000345
590    0.000257
591    0.000205
592    0.000218
593    0.000273
594    0.000240
595    0.000247
596    0.000240
597    0.000396
598    0.000321
599    0.000201
600    0.000233
601    0.000275
602    0.000314
603    0.000260
604    0.000281
605    0.000270
606    0.000288
607    0.000369
608    0.000357
609    0.000237
610    0.000321
611    0.000231
612    0.000196
613    0.000285
614    0.000298
615    0.000268
616    0.000257
617    0.000252
618    0.000265
619    0.000329
620    0.000253
621    0.000261
622    0.000206
623    0.000326
624    0.000423
625    0.000211
626    0.000337
627    0.000379
628    0.000349
629    0.000240
630    0.000255
631    0.000197
632    0.000276
633    0.000200
634    0.000262
635    0.000251
636    0.000259
637    0.000181
638    0.000220
639    0.000202
640    0.000275
641    0.000302
642    0.000252
643    0.000299
644    0.000240
645    0.000254
646    0.000331
647    0.000235
648    0.000364
649    0.000319
650    0.000224
651    0.000276
652    0.000307
653    0.000182
654    0.000222
655    0.000257
656    0.000244
657    0.000334
658    0.000243
659    0.000251
660    0.000282
661    0.000336
662    0.000265
663    0.000178
664    0.000238
665    0.000379
666    0.000252
667    0.000221
668    0.000233
669    0.000262
670    0.000238
671    0.000275
672    0.000264
673    0.000170
674    0.000205
675    0.000260
676    0.000303
677    0.000256
678    0.000296
679    0.000400
680    0.000273
681    0.000273
682    0.000290
683    0.000206
684    0.000234
685    0.000375
686    0.000321
687    0.000267
688    0.000235
689    0.000244
690    0.000189
691    0.000240
692    0.000424
693    0.000238
694    0.000234
695    0.000179
696    0.000247
697    0.000198
698    0.000250
699    0.000158
700    0.000145
701    0.000269
702    0.000195
703    0.000100
704    0.000263
705    0.000205
706    0.000140
707    0.000242
708    0.000155
709    0.000193
710    0.000183
711    0.000201
712    0.000196
713    0.000212
714    0.000283
715    0.000260
716    0.000196
717    0.000283
718    0.000196
719    0.000231
720    0.000216
721    0.000195
722    0.000176
723    0.000200
724    0.000267
725    0.000226
726    0.000142
727    0.000371
728    0.000279
729    0.000265
730    0.000151
731    0.000363
732    0.000336
733    0.000386
734    0.000196
735    0.000207
736    0.000246
737    0.000200
738    0.000181
739    0.000214
740    0.000317
741    0.000191
742    0.000235
743    0.000334
744    0.000233
745    0.000251
746    0.000121
747    0.000246
748    0.000220
749    0.000155
750    0.000270
751    0.000187
752    0.000257
753    0.000227
754    0.000263
755    0.000190
756    0.000288
757    0.000232
758    0.000291
759    0.000216
760    0.000217
761    0.000220
762    0.000247
763    0.000186
764    0.000176
765    0.000174
766    0.000202
767    0.000160
768    0.000323
769    0.000119
770    0.000256
771    0.000170
772    0.000164
773    0.000209
774    0.000226
775    0.000215
776    0.000159
777    0.000213
778    0.000177
779    0.000273
780    0.000237
781    0.000142
782    0.000160
783    0.000175
784    0.000227
785    0.000306
786    0.000279
787    0.000233
788    0.000162
789    0.000158
790    0.000139
791    0.000159
792    0.000148
793    0.000170
794    0.000159
795    0.000225
796    0.000231
797    0.000223
798    0.000102
799    0.000147
800    0.000141
801    0.000248
802    0.000125
803    0.000222
804    0.000231
805    0.000049
806    0.000190
807    0.000212
808    0.000105
809    0.000153
810    0.000202
811    0.000329
812    0.000147
813    0.000136
814    0.000050
815    0.000363
816    0.000142
817    0.000477
818    0.000264
819    0.000298
820    0.000224
821    0.000198
822    0.000312
823    0.000047
824    0.000184
825    0.000503
