8.393296182610426
6.412946136486585
4.585086947828829
3.971669935129088
3.370005901335517
3.3552119156461524
2.774948239926002
2.7273496843619545
2.5783337895026164
2.553492295135505
2.4852269585602103
2.4435397773974628
2.4066397278943503
2.20325620959879
2.1690053118226706
2.1050889522663905
2.0054479726347454
1.9256643813325278
1.8653479535173672
1.8484960045352776
1.781721643750921
1.7534108568580082
1.6924857058686726
1.632408748619187
1.5652934782854542
1.5433007313889602
1.4852913713211755
1.4547300287813516
1.4291351408357318
1.4222086511494516
1.3697587478482025
1.3545852295037744
1.3040551499039836
1.2907814579923604
1.2783446113850645
1.2671730033494537
1.2357063755476079
1.2276365848495718
1.196336185783267
1.188337924700701
1.1660445499867869
1.1518262245873363
1.1212455990670935
1.1147693019499063
1.1003508889534541
1.0867614473024678
1.0758699722143292
1.06230079206647
1.0456855962588065
1.0404826609522688
1.035889683435653
1.0163033723163692
1.0129101161352176
1.0068677110092157
0.9835710708414377
0.9759758504125953
0.9671199263126522
0.9575595719087706
0.9469183665691767
0.927265773883202
0.9235387041206603
0.9170115036749271
0.9026988487286502
0.8910137060220179
0.8872915797108386
0.8802566746520682
0.8744063755257665
0.861844766608496
0.8493322143361108
0.8416393746468713
0.8390673738888855
0.8342074338251523
0.8237140620400876
0.8138755101695057
0.8128983715187442
0.8054611306255085
0.7910170963208054
0.7860568317270292
0.779645828126548
0.7762150420059544
0.7742798035650774
0.7611349532092941
0.7580487551009195
0.7533183059053701
0.7460129471896805
0.7428315194424698
0.7332107844080838
0.7287364917506642
0.7256284130388879
0.7181380744380379
0.7171330766778711
0.7122907615511226
0.7108443485526584
0.7068936360045949
0.6980602252098427
0.695882331954389
0.6877987413182503
0.6808528255363516
0.6772201918378293
0.6753610578345955
0.6726829966240708
0.6685475347195654
0.6606702485354177
0.6570320062296685
0.6519108908060334
0.6470910476540662
0.6457174571923892
0.6421780375094766
0.6383485524536969
0.6365372229857763
0.6328477303596463
0.6327430566004605
0.6270757743140363
0.6244415686727235
0.6219037987753748
0.6214496122548399
0.6171575698247309
0.6157451544772381
0.6132076900514183
0.611803486052246
0.607631438922198
0.6067405329818856
0.6032248831137027
0.6021810405411004
0.600602491876357
0.5959984375014519
0.5951428882050942
0.5918039610425618
0.587762423188827
0.585562305628515
0.5851659762537496
0.5813425540215355
0.580354818630899
0.5778822179292337
0.5771195575935636
0.5719180626151494
0.5703246566769691
0.5693426124068377
0.5679313588325714
0.5639343018107248
0.5604636073080252
0.5598402431386156
0.5587026681143437
0.5550464426913099
0.5536311430736381
0.5510954066455256
0.5500920381226752
0.5468185336050042
0.5453637922784564
0.5441200838136471
0.5423529994104377
0.5404252518524115
0.5393229804274778
0.5379660344700039
0.5367691006327823
0.5346686952257955
0.5338816102949593
0.5327394714912649
0.5280710676881534
0.5276021359052048
0.5254729297972667
0.5236468912532544
0.5229179401777543
0.5206472444524686
0.5185190384797985
0.5180425841164428
0.515648505549448
0.5144504455375727
0.514169213090678
0.5132425160229398
0.5097713343605871
0.5088848354831729
0.5078006237391411
0.5056978609823429
0.5042165726867527
0.5030304390606594
0.500851073696012
0.49832043131873477
0.49654234937392655
0.4958767147467114
0.4933931013172889
0.491583193129813
0.49123387424936793
0.4879546677293343
0.48712834347566825
0.4849510783788257
0.4848719570447918
0.4826556080237635
0.4818837470036042
0.481142991484894
0.47944947469404015
0.47832020756539684
0.4760169316394691
0.47513776857769807
0.4745480990975801
0.47381596212751104
0.4713010445666682
0.4695323666700846
0.46888947358983246
0.4678064974806736
0.46578240295125084
0.4632612251712576
0.4624566685852714
0.4616702494650636
0.45998762216232614
0.4583397884087852
0.45735243271700904
0.4566838636529862
0.455710297774691
0.45437255867730564
0.4524204248272461
0.45142101697177245
0.4492060667934584
0.448080832823425
0.44674030437350615
0.4458272914107264
0.4441581656390085
0.44326385204465807
0.4428046735595769
0.44111931594535037
0.43912024859543364
0.43860185162374965
0.43776850351360785
0.436635823174912
0.4354646703675604
0.4351778661696279
0.4341354133272985
0.43253918316554885
0.43155547277361056
0.43077823147085076
0.42890739616627294
0.42832890029792114
0.4267875362396711
0.4260683317384869
0.4252094574403125
0.4247712209265437
0.4235617141339389
0.4226616142765989
0.4222613640406158
0.4206661467788984
0.4191233891685481
0.4173097139892279
0.4167661886682455
0.4161303087977048
0.4146338612736629
0.4138003664808146
0.4130712478852062
0.4121078087577496
0.411375507495497
0.4103157622212306
0.40944944271558426
0.409099108392073
0.40795446260714097
0.406966829189885
0.40589959746026244
0.40527486236677485
0.4047859083028876
0.4031026315500902
0.4019161361711238
0.4007827347635285
0.39958600800120747
0.3990340925807042
0.39786340129183995
0.39684650936789856
0.3960193640652838
0.3937145893374397
0.39295607180938297
0.39261110574689384
0.39214045058312397
0.39152418804968425
0.3893873147817433
0.3877204635560409
0.3866504667309357
0.3863972363417561
0.38552453880295623
0.3847663955172819
0.38395305466521773
0.3833685574000802
0.38182816848593437
0.3813590499219617
0.3805449121326654
0.3801993138824648
0.3786141496104959
0.3773485516264376
0.37642920588475226
0.3761607310446307
0.3751378386888627
0.3739147719570092
0.3734008736121995
0.37209129577300415
0.37042946466601023
0.3693094239622711
0.36880922532992816
0.3680054491641117
0.3670008632620502
0.3669215452114991
0.3657971631464888
0.365358885034321
0.3640358867308274
0.36367260440171784
0.3622512593650671
0.36054827039808773
0.3598823630556997
0.3593524001518875
0.35908262255366247
0.3587135080844279
0.35770883424629873
0.3561603710011252
0.3554199543001908
0.3547842364275546
0.3538172983722041
0.35338054731191587
0.35276850388852155
0.35150542626363807
0.3514441627736612
0.3505971714227534
0.3499647547715217
0.3494763223338758
0.3477979025570243
0.3460445780696417
0.34588497395292883
0.34455140364247977
0.3436620217171157
0.343406939420853
0.3426541763738763
0.3410267495188456
0.3405825164724412
0.3396086971947297
0.3378498996343827
0.3359311557403741
0.3356282730965248
0.33483508082524277
0.3329532866268923
0.3327598128478568
0.32941985963755577
0.32881546542499696
0.3285447306099759
0.32831587329381134
0.3262473195007659
0.3247024683595986
0.3243507894343595
0.32303920495419375
0.32119058734117895
0.32051509449406757
0.31937615564315175
0.31700954644727686
0.31563088784435656
0.3154461435661335
0.3149542162997754
0.31431397515662246
0.31359774900785237
0.3127240126401638
0.311589477054676
0.31051220636253596
0.3085713983440068
0.3081177501503133
0.30691165120911296
0.3057494409342026
0.30509909598252827
0.3046735899526805
0.30305267359297083
0.3002332531028105
0.2989356795988526
0.29702060815763526
0.2954185163223208
0.2948430111169687
0.2944284851712202
0.2939702574902242
0.2928192604464545
0.2924367003788742
0.2917268062346944
0.28982307358085985
0.28818082016338986
0.28444099942702816
0.28218379288969586
0.28173640614286916
0.2812195116807384
0.27651956613293877
0.27316244631647024
0.2721048028398243
0.27033297533880335
0.26932214468591265
0.2687343676938347
0.2680205092876549
0.2659659232287467
0.26347550847712176
0.26110801765460767
0.2605480491244613
0.25867102800717934
0.25658910234580334
0.25361071637267485
0.25200145781507194
0.2503236801224597
0.2500147914341762
0.24930013002044374
0.2476563250257976
0.24449960441613575
0.24417929620072013
0.24165541987002295
0.24111463075909784
0.2396109732971392
0.2395291637852277
0.23817466362467413
0.23490979524033603
0.2340072103831024
0.23133655297198175
0.23023107151047834
0.22733746218966486
0.22552409887201086
0.22492666944072545
0.22362820018220486
0.2230142019880678
0.22078110103196877
0.22065361812357237
0.22017609744867878
0.21931239029321326
0.2180115332655844
0.2174385181975873
0.21566683584563173
0.21494019859777785
0.21364596675598352
0.2121321905172026
0.21050292890883546
0.2101054664459604
0.20779145793808096
0.20730097359354732
0.20643963939601376
0.2052745433809571
0.20431754934385285
0.2033590967266759
0.20315626715425644
0.20169115325853945
0.2011039894976998
0.2002323103173179
0.198710530497844
0.19861040234384872
0.1978716855453165
0.19665355717515598
0.19656955136560392
0.19506208362840144
0.19451703270934012
0.19322847916485628
0.19213410374576173
0.19185188781550805
0.19148558766669446
0.19129527725729212
0.19074478818119092
0.1901519259364075
0.18806975603718187
0.18739787313543865
0.18712736952119619
0.18640546635958424
0.18605348339043476
0.18509576982365103
0.1834056229696585
0.18308159075106908
0.18282038659536798
0.18027420431202726
0.18002848466225801
0.17962525616237177
0.17936304689112378
0.17847555456164518
0.178100625115206
0.17703887683707425
0.1763487126318381
0.17582411065517572
0.17528768690947483
0.17500103551793386
0.1745529319899289
0.17370264039347202
0.17359050188467837
0.17292337985976008
0.17214995327638483
0.17119153098301385
0.17099335632477852
0.17033663647318484
0.1696949097513178
0.1693275703611206
0.16866256518147163
0.16788815014624323
0.16733642089903536
0.16660876184154463
0.16588018529972723
0.16582964422278315
0.16533959496076622
0.16488778911970214
0.16463010823040514
0.1638089421805077
0.1633158240621386
0.16277489720403762
0.16267000739340406
0.16218424496171535
0.16190927351789383
0.1617170555204856
0.16120414590051055
0.16074834853537498
0.16027095511917475
0.15982060851329366
0.15947754874960607
0.15934947485741321
0.15874090151515383
0.15859669291965575
0.157388956030221
0.15708411043859657
0.15622524720001787
0.155797842644445
0.15460508293363062
0.1528542533855627
0.15273080783071957
0.1525086898993547
0.15247749202746838
0.15201380009027454
0.15063178916117256
0.150396196932926
0.1496966395296864
0.1487202289451967
0.1483792090329459
0.1477136484981539
0.14685386616848606
0.14665439247252032
0.14503783896165132
0.14467912915910852
0.1437069290328494
0.14327819032513991
0.14314672448538482
0.1425274615733654
0.14155665769422207
0.14150724006808138
0.1409116503755099
0.1391960772887048
0.1389360179453904
0.13861842722235238
0.13788981730864167
0.13645551242819992
0.13523292193949024
0.13407088645824122
0.13322863717874447
0.1330244193344389
0.1291461718189407
0.12812181902868183
0.12808203587727493
0.1278223482385296
0.12717515748460706
0.12695816052563033
0.12592430028459956
0.12404656051195277
0.12320328344401528
0.11963327744152435
0.11883648680239178
0.11699834818107092
0.11497909963327466
0.02994786620914204
0.028199368481518994
0.027096592962024685
0.02682576559976636
0.02638809561712899
0.025710062701391537
0.02567733587206708
0.025099895336360575
0.024940650883961798
0.024885155109481177
0.02456515059569671
0.02452012748300122
0.023804469936475784
0.023741578579498494
0.023638978934194095
0.023299134964916285
0.023229322715307324
0.02322116703971616
0.023198498079909778
0.023108167113616112
0.022963229564412744
0.02269871317421145
0.022657228952758388
0.02257312091159795
0.02257248889357843
0.022438140084591652
0.022252503139889534
0.02222115097665138
0.02197758778448433
0.021958048039006417
0.021830250199045532
0.02182756236722507
0.021576491896969942
0.021450104048181467
0.021391567429582783
0.02133744784027626
0.021327579025415287
0.020812744835189897
0.020651469001423898
0.02057876354410017
0.020497134338282978
0.020496034220817062
0.0203364365056081
0.020269383947556435
0.019980231964855454
0.01981138872433037
0.01977408653890783
0.019724959698005688
0.01968210597092971
0.01956394358659946
0.01951817803344483
0.01946708296015095
0.019442163532398193
0.019396997796880894
0.019254512125668786
0.01921029581121269
0.01920375738331189
0.019158270880454697
0.01905623019724032
0.019039108553731948
0.01903529842890289
0.01901338365664061
0.01888343507553723
0.01882541028355107
0.01857998705582354
0.018574337028010948
0.018559836163364034
0.018549025338701456
0.018508515928355094
0.018486328155379934
0.01845846591998873
0.01841236624244649
0.018396510090616453
0.01834713657894642
0.018330342266652627
0.01830385298712224
0.018289355135993644
0.01823988603696523
0.018222972768643868
0.01819178729748539
0.018178371782127153
0.018166816828737064
0.01816310567071104
0.018150834663104194
0.018126912482199175
0.01812211943164689
0.01812081303663647
0.01811291409938626
0.018111012069573038
0.018096623483576966
0.018080348287292183
0.01804824583297621
0.018032079388852592
0.018014778348299464
0.01796702933856748
0.01796436300602495
0.017958960657692723
0.017957298532236585
0.017912196145508687
0.017910094736110497
0.01789028137057613
0.017873277425372137
0.017864877949596746
0.017854956058140393
0.017849039915735047
0.01783847253050104
0.017833305815573446
0.017825134237890918
0.017796614416414246
0.017784961399854606
0.017775549110107997
0.017765608863754414
0.017761578216841493
0.01775920263490277
0.017755650136102384
0.017747533395161413
0.01773562967814257
0.017733258167626862
0.017730626607982577
0.01772215761873907
0.01771888631510924
0.01770980211510439
0.017695070848081047
0.017683236584178978
0.01767668331449135
0.01767590663442181
0.01767136119368354
0.017667135949381883
0.017665959075805874
0.017665244319118072
0.01766208744001846
0.017661122005336382
0.017660910461106127
0.017657193631019637
0.017652944699930503
0.01765273930762171
0.017652400677005152
0.01765024131082171
0.017646488025380023
0.017645163315948537
0.01764323904510899
0.01763957536980458
0.017639246131024695
0.017636988414627196
0.017632092236078648
0.017631105994314614
0.01762052833273817
0.01760287419321966
0.01759128894552748
0.017590825409310826
0.01758886978056558
0.017583615480458423
0.017574120318265933
0.017569776285980696
0.017568766598561047
0.017568292563231388
0.01756550669686959
0.017564259414650903
0.017563078227633283
0.017551355614485026
0.017548750201421305
0.01753909921519608
0.017529345376030195
0.017528432470032742
0.017514589755090834
0.017481482135807604
0.017479057996796193
0.017468196724414502
0.017457666657002095
0.017445750587884622
0.017445604302306406
0.017441724363585393
0.017441245349674055
0.017423694825055003
0.01738864465575143
0.017378667411698072
0.01736034957186181
0.017337495055439335
0.01732811635532244
0.017303206052879466
0.0173018029425301
0.017294565084197112
0.01727534240750403
0.01725069588462369
0.017249664948321468
0.017210440276448573
0.01720823102538218
0.017198057609054608
0.017195713215331733
0.017181994464922197
0.017181863436986074
0.01716749496426563
0.01716441120785302
0.017152623545620752
0.017151801828545057
0.01713659185219594
0.017125874243073127
0.01709527664094866
0.017053592116186813
0.017044199895019187
0.017032549221330188
0.017004181228559973
0.016976112916826335
0.016974764102424517
0.016909606277508534
0.016888767860558217
0.01688386496984709
0.016873265962004114
0.01686955465959892
0.01686371833232153
0.016684058683880735
0.016657413975416212
0.016541632399619408
0.016537283606070825
0.016525064196770807
0.016508462847617793
0.01646694881881231
0.016422215412195247
0.016419045561017403
0.01638857997409398
0.016316383322108777
0.016276207062403084
0.016260795373523637
0.01624495893842428
0.016220926793221124
0.01615148250838455
0.016107554420151885
0.01609859384088878
0.01606741838574987
0.015980192753218818
0.015836810845609655
0.01581788944634752
0.015745824792805337
0.015735691362096738
0.015717838696633263
0.0156882418370486
0.015613344529310198
0.01541197860334122
0.015397930510451418
0.015376496192979367
0.015358288446671461
0.01531948985198355
0.015236768596560727
0.01521372231345536
0.015184477121691691
0.015183165718435426
0.015092616139061828
0.015089290742952647
0.015028060383835164
0.014985188668897273
0.014980799011615663
0.014953417861255511
0.014937953487158193
0.01486861906179951
0.014821898263495626
0.014820857342461633
0.014815161834272048
0.014813706248371469
0.014791787283997172
0.014704176691316379
0.014673368018653987
0.014650422126841044
0.014515630497917662
0.014492611400516848
0.014433746330390467
0.014431406604944099
0.014396366412359092
0.014289298908676635
0.014286320088031842
0.014187708106400798
0.014097607285027293
0.014057542342875613
0.01392394566352762
0.013744997320566926
