    1  18.87   0.000
    2   6.61   0.000
    3   7.34   0.000
    4   6.61   0.000
    5   4.27   0.000
    6   6.16   0.000
    7   7.28   0.000
    8   9.87   0.000
    9   7.78   0.000
   10   5.15   0.000
   11   8.46   0.000
   12   8.31   0.000
   13  10.20   0.000
   14  14.18   0.040
   15  10.86   0.460
   16   8.70   2.140
   17  14.55  18.030
   18  21.32 164.080
   19  17.10 129.010
   20  31.13 176.190
   21  21.75 296.760
   22  13.77 108.810
   23  12.33  20.980
   24   7.64   2.370
   25   6.10   1.150
   26   4.61   0.140
   27   4.93   0.000
   28   4.97   0.000
   29   4.24   0.000
   30  11.22   0.000
   31  13.00   0.000
   32  25.45   0.000
   33  59.18   0.000
   34  40.99   0.000
   35  46.30   0.000
   36  26.12   0.000
   37  12.24   0.000
   38   6.63   0.000
   39   4.45   0.000
   40   2.73   0.000
   41   3.04   0.450
   42   3.44   0.590
   43   5.73   1.370
   44   5.91  18.430
   45   7.43 257.960
   46   9.44 320.540
   47  12.87 175.240
   48  15.88  36.410
   49  11.31   6.710
   50  14.51   1.380
   51  19.25   1.280
   52  17.55   1.970
   53   9.60   7.030
   54   6.91   3.150
   55   9.78   2.660
   56   8.54   1.760
   57   4.38   2.430
   58   4.64   0.660
   59   4.55   0.710
   60   3.54   0.880
   61   3.24   0.890
   62   5.01   0.000
   63   3.45   0.000
   64   2.66   0.000
   65   3.49   0.000
   66   5.10   0.000
   67   3.95   0.000
   68   3.72   0.000
   69   3.96   0.000
   70   4.01   0.000
   71   2.54   0.000
   72   2.73   0.000
   73   2.61   0.000
   74   3.42   0.000
   75   2.94   0.000
   76   2.88   0.000
   77   3.13   0.000
   78   2.76   0.010
   79   4.02   0.920
   80   7.53   1.210
   81  10.44   1.580
   82  12.75   1.440
   83   7.18   9.880
   84   4.36   3.800
   85   3.30   2.940
   86   2.59   2.520
   87   2.21   1.600
   88   2.92   0.000
   89   3.57   0.000
   90   3.62   0.000
   91   4.12   0.000
   92   5.02   0.000
   93   4.86   0.000
   94   4.47   0.000
   95   3.50   0.000
   96   2.72   0.000
   97   3.51   0.000
   98   4.55   0.000
   99   3.99   0.000
  100   3.51   0.000
  101   4.52   0.000
  102   7.12   0.000
  103   8.64   0.000
  104   6.03   0.000
  105  11.30   0.000
  106  11.92   0.000
  107   5.66   0.000
  108   7.70   0.000
  109   3.73   0.000
  110   3.94   0.000
  111   4.67   0.000
  112   2.76   0.000
  113   2.31   0.000
  114   3.06   0.000
  115   2.47   0.000
  116   2.22   0.000
  117   3.12   0.000
  118   3.00   0.000
  119   1.94   0.000
  120   2.29   0.000
  121   2.51   0.000
  122   2.84   0.000
  123   1.86   0.000
  124   2.83   0.000
  125   3.04   0.000
  126   2.64   0.000
  127   2.75   0.000
  128   6.01   0.000
  129   3.91   0.000
  130   3.94   0.000
  131   2.78   0.000
  132   2.33   0.000
  133   2.33   0.000
  134   2.34   0.000
  135   2.66   0.000
  136   2.01   0.000
  137   2.49   0.000
  138   2.76   0.000
  139   3.26   0.000
  140   3.52   0.000
  141   2.53   0.000
  142   2.77   0.000
  143   3.28   0.000
  144   3.59   0.000
  145   6.47   0.000
  146   4.22   0.000
  147   5.55   0.000
  148   3.94   0.000
  149   2.69   0.000
  150   2.55   0.000
  151   2.15   0.000
  152   3.00   0.000
  153   3.12   0.830
  154   3.00   0.000
  155   3.79   1.320
  156   3.69   0.000
  157   3.28   0.000
  158   3.24   0.000
  159   4.05   0.000
  160   4.52   0.000
  161   8.58   0.000
  162  15.30   0.000
  163  31.43   0.000
  164   9.16   0.000
  165   7.68   0.000
  166   4.13   0.000
  167   4.13   0.000
  168   8.09   0.000
  169   6.18   0.000
  170  14.62   0.000
  171  23.10   0.000
  172  14.34   0.000
  173  29.70   0.000
  174   5.32   0.000
  175   5.28   0.000
  176   4.96   0.000
  177   4.06   0.000
  178   2.71   0.000
  179   2.33   0.000
  180   2.10   0.000
  181   2.97   0.000
  182   4.00   0.000
  183   3.49   0.000
  184   4.40   0.000
  185   8.54   0.000
  186   8.08   0.000
  187   5.45   0.000
  188   5.30   0.000
  189   2.93   0.000
  190   2.40   0.000
  191   2.22   0.000
  192   2.33   0.000
  193   1.96   0.000
  194   1.94   0.000
  195   1.71   0.000
  196   1.95   0.000
  197   1.94   0.000
  198   1.73   0.000
  199   1.97   0.000
  200   1.97   0.000
  201   2.10   0.000
  202   2.11   0.000
  203   2.22   0.000
  204   2.48   0.000
  205   2.24   0.000
  206   2.46   0.000
  207   3.43   0.000
  208   3.15   0.000
  209   3.16   0.000
  210   4.98   0.000
  211   6.56   0.000
  212   4.28   0.000
  213   6.22   0.000
  214  13.79   0.000
  215  22.51   0.000
  216  10.08   0.000
  217  11.69   0.000
  218   7.85   0.000
  219  10.51   0.000
  220  10.62   0.000
  221   5.34   0.000
  222   5.75   0.000
  223   8.46   0.000
  224   7.42   0.000
  225   5.17   0.000
  226   7.45   0.000
  227  12.47   0.000
  228   7.87   0.000
  229   7.90   0.000
  230   4.62   0.000
  231   3.92   0.000
  232   5.34   0.000
  233   3.84   0.000
  234   3.50   0.000
  235   6.67   0.000
  236   4.41   0.000
  237   3.99   0.000
  238   4.84   0.000
  239   5.03   0.000
  240   4.65   0.000
  241   2.81   0.000
  242   2.97   0.000
  243   5.34   0.000
  244   3.41   0.000
  245   2.17   0.000
  246   3.02   0.000
  247   3.63   0.000
  248   2.08   0.000
  249   2.07   0.000
  250   3.46   0.000
  251   4.20   0.000
  252   4.92   0.000
  253   2.88   0.000
  254   5.65   0.000
  255   5.07   0.000
  256   2.84   0.000
  257   3.13   0.000
  258   3.07   0.000
  259   2.36   0.000
  260   3.55   0.000
  261   4.59   0.000
  262   2.32   0.000
  263   3.33   0.000
  264   4.84   0.000
  265   3.60   0.000
  266   2.73   0.000
  267   3.91   0.000
  268   6.00   0.000
  269   3.55   0.000
  270   3.40   0.000
  271   6.18   0.000
  272   6.26   0.000
  273   4.09   0.000
  274   5.62   0.000
  275   6.18   0.000
  276   3.82   0.000
  277   3.46   0.000
