    1  22.24   0.000
    2   7.96   0.000
    3   7.92   0.000
    4   7.48   0.000
    5   5.26   2.160
    6   7.90   2.160
    7   8.89   3.490
    8  12.92   0.000
    9   9.22   0.000
   10   6.57   4.860
   11   9.58   4.390
   12   9.53   9.960
   13  12.78   4.270
   14  17.09   8.460
   15  13.02   3.700
   16  10.37   4.770
   17  16.88   5.090
   18  23.38   4.850
   19  41.59   7.530
   20  60.24   4.250
   21  17.97  12.250
   22  15.27   6.590
   23  12.94  12.810
   24   9.15  17.980
   25   7.42  25.780
   26   5.95  13.200
   27   6.02   6.780
   28   6.48   0.150
   29   5.29   0.150
   30  13.45   0.000
   31  16.13   0.000
   32  35.20   0.000
   33  76.06   0.000
   34  62.79   0.000
   35  61.61   0.000
   36  34.29   0.000
   37  14.57   0.000
   38   8.61   0.000
   39   5.60   0.280
   40   3.39   5.240
   41   3.71   6.390
   42   4.07  30.730
   43   6.25 163.350
   44   6.00 280.680
   45   6.09 317.820
   46   9.83 362.220
   47  10.73 664.210
   48  16.39  74.230
   49  14.80   7.890
   50  20.46   2.890
   51  24.55   0.000
   52  24.09   0.000
   53  11.03   1.980
   54   8.71   1.130
   55  14.03   0.820
   56   9.28   1.090
   57   5.54  11.440
   58   5.57   7.410
   59   5.60   0.150
   60   4.39   6.030
   61   3.98   6.870
   62   6.21   0.000
   63   4.55   0.000
   64   3.28   0.530
   65   4.28   0.000
   66   6.27   0.000
   67   4.67   0.000
   68   4.55   0.000
   69   4.86   0.000
   70   4.93   0.000
   71   3.19   0.000
   72   3.37   0.000
   73   3.24   0.710
   74   4.16   0.950
   75   3.63   0.580
   76   3.38   1.410
   77   3.88  14.440
   78   3.33   7.070
   79   4.86  12.450
   80   8.56   5.080
   81  12.00   3.760
   82  23.86   5.900
   83  10.03  14.020
   84   5.70   8.590
   85   3.84  46.190
   86   3.18  29.000
   87   2.83  27.610
   88   3.95  20.740
   89   4.49   1.250
   90   4.53   0.720
   91   5.16   0.750
   92   6.72   0.000
   93   6.07   0.000
   94   5.57   0.000
   95   4.48   0.000
   96   3.34   0.000
   97   4.42   0.000
   98   5.38   0.000
   99   4.92   0.000
  100   4.27   0.000
  101   5.50   0.000
  102   8.49   0.000
  103  10.36   0.000
  104   6.99   0.000
  105  13.68   0.000
  106  14.53   0.000
  107   6.85   0.000
  108   9.67   0.000
  109   4.37   0.000
  110   5.02   0.000
  111   5.74   0.000
  112   3.66   0.000
  113   3.01   0.000
  114   3.87   0.000
  115   3.02   0.000
  116   2.84   0.000
  117   4.06   0.000
  118   3.67   0.000
  119   2.45   0.000
  120   2.81   0.000
  121   3.09   0.000
  122   3.55   0.000
  123   2.34   0.000
  124   3.49   0.000
  125   3.73   0.000
  126   3.25   0.000
  127   3.38   0.000
  128   8.00   0.000
  129   4.82   0.000
  130   4.81   0.000
  131   3.42   0.000
  132   2.90   0.000
  133   2.96   0.000
  134   2.83   0.000
  135   3.25   0.000
  136   2.54   0.000
  137   3.02   0.000
  138   3.47   0.000
  139   4.00   0.000
  140   4.33   0.000
  141   3.14   0.000
  142   3.43   0.000
  143   3.95   0.000
  144   4.75   0.000
  145   8.13   0.000
  146   6.02   0.000
  147   6.94   0.000
  148   4.89   0.000
  149   3.35   0.000
  150   3.17   0.000
  151   2.63   0.000
  152   3.74   0.760
  153   3.84   0.650
  154   3.69   0.570
  155   4.71   0.370
  156   5.17   0.000
  157   4.03   0.000
  158   4.47   0.000
  159   5.34   0.000
  160   5.09   0.000
  161  10.37   0.000
  162  18.81   0.000
  163  19.32   0.000
  164  10.74   0.000
  165   8.84   0.000
  166   6.09   0.000
  167   5.43   0.000
  168  13.23   0.000
  169  21.55   0.000
  170  26.32   0.000
  171  37.36   0.000
  172  65.63   0.000
  173  56.98   0.000
  174   7.42   0.000
  175   6.81   0.000
  176   5.12   0.000
  177   4.71   0.000
  178   3.15   0.000
  179   2.81   0.000
  180   2.62   0.000
  181   3.70   0.000
  182   5.01   0.000
  183   4.44   0.000
  184   5.46   0.000
  185  11.77   0.000
  186  11.42   0.000
  187   7.21   0.000
  188   5.72   0.000
  189   3.63   0.000
  190   2.99   0.000
  191   2.80   0.000
  192   2.83   0.000
  193   2.47   0.000
  194   2.31   0.000
  195   2.08   0.000
  196   2.37   0.000
  197   2.34   0.000
  198   2.11   0.000
  199   2.33   0.000
  200   2.32   0.000
  201   2.51   0.000
  202   2.51   0.000
  203   2.64   0.000
  204   3.03   0.000
  205   2.82   0.000
  206   2.90   0.000
  207   3.91   0.000
  208   3.81   0.000
  209   3.86   0.000
  210   6.04   0.000
  211   9.72   0.000
  212   4.98   0.000
  213   6.39   0.000
  214  13.31   0.000
  215  24.20   0.000
  216  11.21   0.000
  217  12.64   0.000
  218   9.19   0.000
  219  10.88   0.000
  220  10.29   0.000
  221   5.94   0.000
  222   6.75   0.000
  223  10.18   0.000
  224   8.85   0.000
  225   6.18   0.000
  226   8.97   0.000
  227  13.77   0.000
  228   9.58   0.000
  229   9.59   0.000
  230   5.55   0.000
  231   4.69   0.000
  232   6.44   0.000
  233   4.64   0.000
  234   4.23   0.000
  235   8.08   0.000
  236   5.41   0.000
  237   4.98   0.000
  238   6.00   0.000
  239   6.08   0.000
  240   5.69   0.000
  241   3.44   0.000
  242   3.81   0.000
  243   6.79   0.000
  244   4.11   0.000
  245   2.65   0.000
  246   3.69   0.000
  247   4.45   0.000
  248   2.57   0.000
  249   2.59   0.000
  250   4.26   0.000
  251   5.19   0.000
  252   6.17   0.000
  253   3.67   0.000
  254   6.95   0.000
  255   6.19   0.000
  256   3.47   0.000
  257   3.61   0.000
  258   3.83   0.000
  259   2.87   0.000
  260   4.32   0.000
  261   5.51   0.000
  262   2.79   0.000
  263   4.11   0.000
  264   5.87   0.000
  265   4.69   0.000
  266   3.35   0.000
  267   4.81   0.000
  268   8.38   0.000
  269   4.37   0.000
  270   4.19   0.000
  271   7.50   0.000
  272   7.66   0.000
  273   5.07   0.000
  274   6.91   0.000
  275   7.89   0.000
  276   5.02   0.000
  277   4.46   0.000
