-0.025296
0.007561
0.043533
-0.018692
-0.004064
0.041695
-0.027981
-0.009994
0.061158
-0.028094
-0.033787
0.077918
-0.029138
-0.025027
0.060155
-0.015051
-0.028365
0.058355
0.012604
-0.025586
0.032613
-0.013779
-0.01184
0.01661
-0.037199
-0.012613
0.011452
-0.016821
0.003479
-0.011901
0.00471
0.023816
-0.035584
0.017235
0.023168
-0.03892
0.016792
0.036081
-0.060736
0.037107
0.040051
-0.063675
0.060639
0.029362
-0.063009
0.071976
0.037664
-0.07823
0.100284
0.01631
-0.08227
0.115903
-0.017454
-0.074912
0.12966
-0.038142
-0.073852
0.150223
-0.064683
-0.059708
0.122973
-0.058689
-0.032006
0.109132
-0.049737
-0.029252
0.0925
-0.025652
-0.038964
0.070909
649e-6
-0.043708
0.044616
0.018615
-0.039884
0.01929
0.034902
-0.049278
0.004104
0.026696
-0.044476
-0.021393
0.024255
-0.042939
-0.035558
0.004859
-0.017299
-0.071838
-43e-5
-0.019355
-0.088525
-0.03028
0.009933
-0.109984
-0.038263
0.01354
-0.15832
-0.041755
-0.008939
-0.158336
-0.038394
-0.012304
-0.161081
-0.008094
-0.050277
-0.126989
0.002034
-0.045737
-0.084103
0.01799
-0.050241
-0.053133
0.015859
-0.035511
-0.021888
0.022327
-0.047444
-0.007396
0.016685
-0.031273
0.012994
0.02173
-0.031487
0.027454
0.006327
-0.015972
0.056772
-0.017063
-0.014691
0.068916
-0.037866
248e-6
0.0923
-0.05561
0.003177
0.122749
-0.071344
-0.001285
0.133377
-0.084682
0.024812
0.155537
-0.09813
0.028066
0.135397
-0.08849
0.034653
0.146522
-0.097417
0.041782
0.120768
-0.081093
0.077188
0.108085
-0.069173
0.0427
0.102482
-0.057921
0.011021
0.075834
-0.049014
0.044392
0.058623
-0.031916
0.059751
0.037798
-0.028689
0.018088
0.034755
-0.023032
0.010153
0.020904
-0.014875
0.035826
0.003491
-0.003764
0.026076
-0.00387
-0.007922
0.004581
6e-6
-0.007351
0.015435
-0.006749
237e-6
0.025712
-0.019484
0.008307
0.011665
-0.012974
0.003998
0.005535
-0.014524
0.002302
0.011475
-0.018303
0.007512
0.013854
-0.016666
-0.008591
0.008168
-0.021091
-0.008215
0.003734
-0.015242
-927e-6
-0.001549
-0.01379
0.002061
-0.004751
-0.007924
0.004721
-0.005915
-0.011547
0.002064
-0.005246
-0.013
0.004644
-0.005255
-0.016832
0.004152
-0.004137
-0.013053
0.003185
0.002849
-0.022653
0.005276
0.014813
-0.012458
-0.007192
0.033014
0.005242
-0.025738
0.03999
0.016349
-0.035748
0.052465
0.037784
-0.049248
0.078664
0.061448
-0.05213
0.067686
0.105343
-0.063285
0.072071
0.084822
-0.065011
0.047018
0.062429
-0.047025
0.045842
0.042349
-0.03322
0.022911
0.027571
-0.022532
0.011524
0.005836
-0.007639
0.002702
-0.002518
0.007859
-0.01302
-0.013271
0.01022
-0.023955
-0.004244
0.022878
-0.039667
-0.00698
0.016486
-0.024708
-0.008022
0.017727
-0.028816
-0.013133
0.014282
-0.011013
-0.01671
0.02082
-0.012456
-0.018764
0.01885
-0.004696
-0.012919
0.013413
0.001178
-0.017351
0.017566
0.008095
-0.022992
0.023053
0.008702
-0.016037
0.015633
0.008034
-0.013627
0.01224
0.02128
-0.022619
0.018948
0.025606
-0.022326
0.01922
0.025564
-0.012464
0.01196
0.03045
-0.011784
0.010481
0.036281
-0.010391
0.008366
0.043286
-0.00338
0.005579
0.038123
-0.002111
0.006311
0.03347
0.002908
0.00405
0.03639
0.007367
52e-6
0.035996
0.011829
-0.002691
0.029005
0.005211
349e-6
0.022802
0.002078
0.003559
0.02379
0.008614
-0.001107
0.021999
0.00961
-0.003059
0.014293
0.001742
0.0025
0.01058
0.003317
0.003902
0.010584
0.010741
64e-6
0.004934
0.00399
0.002533
-0.001982
-632e-6
0.004354
-0.003488
0.006192
0.002138
-0.004923
0.008662
0.001471
-0.009136
0.001428
888e-6
-0.010867
0.00134
941e-6
-0.014946
0.008624
-583e-6
-0.018901
0.006024
154e-6
-0.019114
748e-6
-229e-6
-0.024502
0.005025
-836e-6
-0.026896
0.009672
-0.002013
-0.029865
0.004484
-225e-6
-0.033944
0.002665
111e-6
-0.034132
-0.003842
868e-6
-0.030459
-0.008215
0.00221
-0.02796
-0.011125
0.00205
-0.023403
-0.015686
0.001649
-0.023981
-0.015211
0.002391
-0.021861
-0.011552
0.005887
-0.010571
-0.014482
0.008882
-769e-6
-0.013529
0.011868
0.001729
-0.015748
0.012344
-0.001744
-0.01387
0.00813
-0.006846
-0.010601
0.008649
-0.005061
-0.011902
0.011656
-0.008216
-0.009958
0.008711
-0.009472
-0.00902
0.006762
-0.017679
-0.005698
0.004376
-0.01454
-0.00729
0.004886
-0.00225
-0.002809
0.001469
-0.005319
-0.006917
0.003676
-0.009497
-0.008132
0.006281
-0.006897
-0.009389
0.006106
-0.007135
-0.009308
0.005051
-0.008353
-0.011692
0.005345
-0.007869
-0.014781
-0.001444
-0.010094
-0.013291
-0.003696
-0.013995
-0.008264
-0.017927
-0.014102
-0.020395
-0.007756
-0.023767
-0.015601
0.002603
-0.02504
-0.012819
0.001348
-0.032986
-0.007821
0.00442
-0.038047
-0.007716
0.008078
-0.042834
-0.003788
0.007485
-0.051422
0.003555
0.020332
-0.053058
0.009848
0.014075
-0.070581
0.002041
0.007667
-0.06786
0.007792
0.014379
-0.064146
-0.008159
0.002325
-0.057869
-0.020158
143e-6
-0.055662
-0.038149
-0.004557
-0.062795
-0.062512
0.003453
-0.060439
-0.059408
0.023588
-0.061817
-0.055821
0.060964
-0.059008
-0.067356
0.076162
-0.08602
-0.071824
0.112644
-0.079754
-0.041846
0.020373
-0.022401
-0.036395
0.016053
-0.010021
-0.039012
0.018577
-0.00756
-0.032225
0.016198
0.00364
-0.021987
0.008163
-0.002272
-0.021358
0.006869
-0.009605
-0.017872
0.007924
-0.010268
-0.022585
0.00974
-0.009671
-0.018902
0.007899
-0.020187
-0.025933
0.011282
-0.023446
-0.035073
0.016426
-0.018318
-0.033757
0.015336
-0.020976
-0.030443
0.009868
-0.033485
-0.035539
0.012692
-0.036006
-0.023018
0.0049
-0.039593
-0.01769
0.00467
-0.034319
-0.004229
0.002182
-0.033543
0.001497
693e-6
-0.026249
0.002432
-422e-6
-0.019702
-0.007168
0.003079
-0.019003
-0.005589
0.001981
-0.017308
0.001419
0.001367
-0.009197
-0.005239
0.003796
-0.004325
-0.009399
0.004314
-0.005361
-0.003358
0.003745
-0.001856
-0.002024
0.003787
0.006748
-0.010654
0.007355
0.008848
-0.009509
0.00605
0.007066
-0.002553
0.0041
0.013239
-0.007765
0.008192
0.021838
-0.0138
0.011555
0.018953
-0.008146
0.008107
0.020826
-0.004339
0.007702
0.031464
-0.013835
0.011304
0.036149
-0.014504
0.012531
0.031743
-0.021505
0.017756
0.024981
-0.028212
0.020659
0.031233
-0.035325
0.024392
0.023293
-0.027426
0.019366
0.021679
-0.035801
0.022794
0.028792
-0.051229
0.035927
0.035464
-0.059009
0.044147
0.044196
-0.053667
0.034362
0.031495
-0.062149
0.033143
0.017977
-0.05552
0.026653
0.006038
-0.059267
0.027376
0.00206
-0.050237
0.026055
0.011901
-0.039901
0.020309
0.009351
-0.036885
0.01787
798e-6
-0.037701
0.019308
0.008459
-0.032858
0.018117
0.018146
-0.02357
0.013684
0.011939
-0.022151
0.012566
0.007725
-0.021058
0.014048
0.019813
-0.012236
0.011347
0.022047
-0.018642
0.015006
0.029658
-0.015963
0.014345
0.02811
-0.014522
0.01243
0.030735
-0.01298
0.010681
0.038524
-0.004246
0.007105
0.041385
-0.006045
0.007897
0.042404
-0.004209
0.007889
0.051972
0.001604
0.005076
0.048452
0.00574
0.002507
0.04342
0.014528
-0.001326
0.04583
0.016035
-0.002505
0.042954
0.021683
-0.006763
0.034951
0.013434
-0.002711
0.02912
0.007984
371e-6
0.031548
0.014284
-0.003241
0.02773
0.013763
-0.002836
0.017584
0.004717
349e-6
0.017187
0.004368
944e-6
0.019955
0.010461
-0.001623
0.009698
0.004287
529e-6
0.002707
-0.002981
0.003196
0.005451
0.002465
0.001123
0.002093
-0.002428
0.002839
-0.004369
0.005598
-849e-6
-0.012059
0.00462
-715e-6
-0.015922
0.014367
-0.00463
-0.019082
0.017282
-0.004546
-0.008652
0.013119
-0.002738
-0.005828
0.017708
-0.003361
-0.004816
0.016966
-0.004115
-0.011709
0.011971
-646e-6
-0.010511
0.021284
-0.004682
-0.01049
0.023081
-0.004916
-0.003433
0.016348
-0.002226
0.003703
0.019271
-0.003341
-273e-6
0.028042
-0.008953
0.004508
0.023735
-0.007644
0.014642
0.018313
-0.005474
0.016404
0.025392
-0.009099
0.012555
0.030776
-0.013129
0.02009
0.024671
-0.00906
0.02689
0.022313
-0.008209
0.023522
0.03071
-0.013037
0.026114
0.029129
-0.011304
0.035812
0.02016
-0.006395
0.036363
0.019921
-0.00476
0.04612
0.024683
-0.007294
0.046817
0.018963
-0.004343
0.041115
0.011117
-3e-6
0.043199
