           1   323.72980480150824     
           2   197.53374647803213     
           3   222.12524486107168     
           4   169.71567621037875     
           5   119.31346240145245     
           6   197.12643409601816     
           7   205.04773686928948     
           8   274.58801109858462     
           9   220.00939174134606     
          10   139.57528032619587     
          11   217.15667042708279     
          12   213.65799082146199     
          13   356.53083268709315     
          14   370.23750418576606     
          15   302.02902901130483     
          16   266.69125654847983     
          17   222.35932698378446     
          18   311.83622033871876     
          19   353.47096369873179     
          20   259.07796083418560     
          21   752.49990081720080     
          22   234.70005710438826     
          23   271.38038569882707     
          24   122.21310134525660     
          25   159.65977258852413     
          26   151.99528062234782     
          27   130.39270063593176     
          28   124.79621474195378     
          29   110.80896129880855     
          30   263.61956746964381     
          31   351.52063807970535     
          32   979.15408391600090     
          33   1685.0600202559149     
          34   1178.2520699975789     
          35   1070.6325879121482     
          36   681.53162624108438     
          37   317.39943944258494     
          38   201.38777613426001     
          39   125.19646420994965     
          40   83.454461291840360     
          41   85.275980634566622     
          42   81.686432857335106     
          43   90.658300061463621     
          44   130.72833485632617     
          45   172.90011804898793     
          46   252.44619282212801     
          47   295.91149167445406     
          48   408.13967884231829     
          49   1049.7029274139925     
          50   2315.2617289867999     
          51   1848.5819193607028     
          52   775.60777503999952     
          53   501.10145632310099     
          54   285.06506608968675     
          55   463.23132805359722     
          56   389.93237545723667     
          57   175.44284613678605     
          58   170.16458901174414     
          59   266.57692865455567     
          60   156.68933568118368     
          61   122.87784276377754     
          62   170.05149712909258     
          63   190.53742662697206     
          64   88.243082658155998     
          65   103.83371919286213     
          66   147.02664606408581     
          67   129.54625417999111     
          68   137.64290299518586     
          69   105.82319280203049     
          70   112.25312283097657     
          71   70.984423452532866     
          72   77.802249929052294     
          73   73.265698843972800     
          74   85.476168185376793     
          75   79.896571850778642     
          76   78.929516399054393     
          77   89.879479072297570     
          78   79.981773910213235     
          79   121.38062543347019     
          80   179.35870818346837     
          81   246.83017191029887     
          82   720.21080755788341     
          83   197.18853238455085     
          84   133.29745708538599     
          85   86.286599209649495     
          86   63.327053506521594     
          87   61.669587875220884     
          88   70.739889605710729     
          89   86.624980527579268     
          90   91.162453755846869     
          91   101.88375342101119     
          92   153.99007415907215     
          93   117.88478757872589     
          94   115.33520937876536     
          95   87.951332717198454     
          96   73.876375884700010     
          97   92.607561884358631     
          98   116.03015587154896     
          99   107.63275346770233     
         100   94.473028731861433     
         101   129.91493688557867     
         102   192.15192218307715     
         103   222.16067135626801     
         104   153.65898130524064     
         105   321.06736791541567     
         106   375.75208062623523     
         107   171.86678819810015     
         108   217.95301345137369     
         109   103.61253535138204     
         110   112.08639172093729     
         111   139.41962685178862     
         112   85.454881796593028     
         113   69.289007670026677     
         114   85.859257566735394     
         115   65.766295296938580     
         116   62.499524225710701     
         117   89.515526780307454     
         118   83.029700589428913     
         119   55.303356553009991     
         120   65.915759151713715     
         121   73.833337365479281     
         122   79.093503155931515     
         123   57.110776403888238     
         124   89.259260534102552     
         125   95.360391303777590     
         126   96.216782924713073     
         127   90.328866918906442     
         128   187.86544976488787     
         129   140.57199315961867     
         130   179.34519234183867     
         131   137.36051189316703     
         132   99.769982541215725     
         133   80.872674582447232     
         134   73.650778080310232     
         135   65.703689776832547     
         136   57.261100902211730     
         137   68.359866640475204     
         138   74.705551357837351     
         139   89.906381215495855     
         140   92.757766785360459     
         141   67.720051378419072     
         142   67.833644076947039     
         143   79.001771419330950     
         144   105.89055028652569     
         145   182.64330157736481     
         146   134.30534618336134     
         147   155.65595205357420     
         148   110.77198157699758     
         149   70.933607330299921     
         150   63.776198859105698     
         151   58.624117390586100     
         152   64.464331222886869     
         153   91.807977990012475     
         154   100.83549642394667     
         155   106.51188349195492     
         156   187.56701404074087     
         157   227.72571433253216     
         158   166.12197248811714     
         159   324.84496887757433     
         160   214.85328760294178     
         161   340.46131469196581     
         162   534.02381195764269     
         163   1677.2392642550681     
         164   632.17207979917384     
         165   306.89469446170722     
         166   409.38774503208504     
         167   426.90186461848918     
         168   520.83287459010444     
         169   411.14275519360956     
         170   232.71428308239769     
         171   318.12876068855104     
         172   203.79834041212425     
         173   159.70717380731634     
         174   110.85047944258871     
         175   125.85214908825293     
         176   92.602910568494238     
         177   94.399102209589216     
         178   67.946863511408651     
         179   64.377885123184370     
         180   59.921196855219094     
         181   85.193294824662672     
         182   118.98246524906966     
         183   104.33889113452912     
         184   111.72129834981880     
         185   248.04011020760154     
         186   314.32792147315848     
         187   188.26255614974335     
         188   196.80998627121386     
         189   126.86157720736114     
         190   99.041531445023821     
         191   77.821584052810337     
         192   75.277972870387742     
         193   60.386860753910611     
         194   55.744355787304187     
         195   51.663349624635678     
         196   56.079800385697354     
         197   54.595035084948265     
         198   49.457352358014205     
         199   61.202518146488480     
         200   52.241551377686278     
         201   58.319940449066863     
         202   57.686946675159660     
         203   60.576274077926918     
         204   68.220098242394272     
         205   64.234296369677693     
         206   72.035639778537771     
         207   90.719667227204766     
         208   88.897749122407163     
         209   85.615718757490455     
         210   132.55045499966940     
         211   176.27656759831166     
         212   102.75401605549767     
         213   118.16870874793818     
         214   341.09191275763669     
         215   317.52434145246275     
         216   208.73844867263944     
         217   153.21952053232090     
         218   114.95492165894490     
         219   185.93383431927259     
         220   230.89886733675056     
         221   116.22350030626768     
         222   129.48038367579196     
         223   194.92984604942944     
         224   175.10877820183427     
         225   123.58449461956431     
         226   184.68111518521727     
         227   310.17761849502062     
         228   190.71563279744126     
         229   199.93282601685465     
         230   117.64341228102728     
         231   102.42037818351477     
         232   129.25985566823056     
         233   105.95824863608267     
         234   99.524836400461453     
         235   166.56745786318604     
         236   143.75737777114642     
         237   114.85206878517867     
         238   137.70341574902432     
         239   126.52775470566131     
         240   129.31936453323283     
         241   79.225867672515975     
         242   83.661051571483526     
         243   155.96322706184947     
         244   95.301808720545850     
         245   63.297401852672948     
         246   81.265299264569506     
         247   101.03027083938250     
         248   60.274582702529713     
         249   58.554980953312217     
         250   94.891409139946305     
         251   116.42464692651124     
         252   139.07214291122062     
         253   85.328847734983697     
         254   160.30299119473528     
         255   140.13716058750433     
         256   81.249981312841825     
         257   95.125197751672687     
         258   91.640617568341071     
         259   69.705415970457778     
         260   109.64365742755706     
         261   137.92988915014320     
         262   72.520616002684761     
         263   94.834715181640178     
         264   134.03899812114719     
         265   105.62823898943711     
         266   75.362986983489350     
         267   108.63794857977146     
         268   155.20672767576809     
         269   98.440424583870836     
         270   93.377510651918172     
         271   169.49080393442685     
         272   168.60644343809952     
         273   117.64068640045548     
         274   163.00681228706813     
         275   176.62934796065190     
         276   110.14885044480390     
         277   101.84436546085203     
