           7  0.33058769609158561        5.9290459891463473E-003
           8  0.31187047996704265        8.9205447219548005E-003
           9  0.24759066324480444        1.4279145581837160E-002
          10  0.37300347878222295        1.9048319553005753E-002
          11  0.32686190049071462        2.5604826203207937E-002
          12  0.23024079135208014        2.7556867794987307E-002
          13  0.36626850111961573        3.2685063439299930E-002
          14  0.21238685524159928        3.5141632439395942E-002
          15  0.36448906113326690        4.3292128540851113E-002
          16  0.16894099794231615        5.3879561549000893E-002
          17  0.11881376423718225        6.0049061718812205E-002
          18  0.25044181781079311        6.6426014290127330E-002
          19  0.65584685348419125        6.9283997050086477E-002
          20  0.55406062038664283        7.9521121589347835E-002
          21  0.20260531094345077        8.9627655470317105E-002
          22  0.34649641146091120        9.5460486374431330E-002
          23  0.21969244239442007        9.8186146943460298E-002
          24  0.45416690939352433       0.10933312560196345     
          25  0.45947354993731437       0.11465699296681611     
          26  0.29780632410327562       0.11792964917015704     
          27  0.16415258927911203       0.13234383493269231     
          28  0.45040903864000936       0.13343367710290838     
          29  0.47422289497270159       0.13776205794262106     
          30  0.33136810890865487       0.14671193809320726     
          31  0.21145619164540475       0.14774348571344795     
          32  0.24685258523559520       0.15982689168879469     
          33  0.33439476847147159       0.16651515084288751     
          34  0.23042212718457319       0.17475411309555480     
          35  0.46891536772423653       0.18592566950531464     
          36  0.36831968706667650       0.18822122252542678     
          37  0.19063475835449828       0.20116834133213346     
          38  0.63040964780831599       0.20656211437826213     
          39  0.26693381617594064       0.21618655996685840     
          40  0.60143743948471640       0.21694401656059947     
          41  0.53766428096828167       0.22575087947542094     
          42  0.47417842773133101       0.23255006087500379     
          43  0.41094751303859289       0.23357340935795187     
          44  0.46235856401193504       0.24149351151054227     
          45  0.57928565552600852       0.25039021710613035     
          46  0.54255764007423213       0.25644181587335219     
          47  0.33410905842860428       0.26629349014462900     
          48  0.51529239034649721       0.27456577226261403     
          49  0.46482941060803723       0.27949430601415892     
          50  0.45254386172120042       0.28473115019720857     
          51  0.45089194557797291       0.29553601340960961     
          52  0.32347771853982482       0.29621079278378748     
          53  0.35006799349766476       0.30586993270810320     
          54  0.41993531043557308       0.31376337503009966     
          55  0.48397180396943179       0.32374720146275532     
          56  0.55693788443866776       0.32689718235481335     
          57  0.39828420800334263       0.34279806289821868     
          58  0.54858612346525681       0.34908747595069434     
          59  0.60934043345824318       0.36111819691122399     
          60  0.36941039692133931       0.36654516788969810     
          61  0.62711356004613816       0.37502054584031957     
          62  0.49043209682932271       0.38499844773745923     
          63  0.39438816396204335       0.39326046240386126     
          64  0.30833782568957319       0.39834790717718899     
          65  0.42751912925234165       0.40559962214110312     
          66  0.59720816706758606       0.41210475053847173     
          67  0.57339121618751587       0.41333336697643619     
          68  0.45869878746309595       0.42510292715860037     
          69  0.52801852209571376       0.43183547960903301     
          70  0.31282244024665573       0.43795999481662218     
          71  0.41485156036108378       0.45284991431456789     
          72  0.31055411443012532       0.46137743867089759     
          73  0.47669096355096968       0.47138969631279548     
          74  0.59243375547943566       0.47821373720931115     
          75  0.25784565830351791       0.48795896710615744     
          76  0.35309632604449503       0.49454482597303501     
          77  0.41187895937893310       0.50276739406446180     
          78  0.43887143884528856       0.50754401711336827     
          79  0.37661226690174682       0.52787560266454248     
          80  0.47753756468159542       0.53241609465541917     
          81  0.35590172460114922       0.54335163633276506     
          82  0.49779589051730017       0.55323327161701008     
          83  0.55345499202635240       0.55727728623070105     
          84  0.48467824267565685       0.56630972825150339     
          85  0.44838079009035148       0.57469100621117553     
          86  0.35367541517942508       0.59232298747183632     
          87  0.40112960600452174       0.59824120523804414     
          88  0.48588506858881642       0.61172227598374651     
          89  0.39230696102453672       0.61244003909528766     
          90  0.39920429961648080       0.62591485522931678     
          91  0.50584358173874189       0.62966773427237366     
          92  0.48813050483469178       0.64172776297156964     
          93  0.23217680627440573       0.65223030804603555     
          94  0.41890824243187336       0.65423318382055651     
          95  0.46301079057861000       0.66941619854432377     
          96  0.43825039100717911       0.68296953034113106     
          97  0.48469560743004203       0.68847602659522589     
          98  0.40427297165187714       0.69201506852340655     
          99  0.45978945889760264       0.69807991094485977     
         100  0.45754022214327594       0.71502294547572109     
         101  0.34919855727657784       0.71803344995414053     
         102  0.44980737110054841       0.72495407738033424     
         103  0.49000793203672655       0.73228627690220083     
         104  0.39444269862028430       0.73507913015738613     
         105  0.57471846974546825       0.75139214572197577     
         106  0.54303904101527556       0.76027000467547357     
         107  0.43947306610004694       0.76843808017775650     
         108  0.45275649981332061       0.77678557355855915     
         109  0.32136922455248218       0.78422737635346118     
         110  0.45056257519803422       0.79308921956331302     
         111  0.48530018557546228       0.80814623868288049     
         112  0.28743175096333601       0.81449262626131125     
         113  0.37752268613768408       0.82360864220987040     
         114  0.28595450338075412       0.83082842524450162     
         115  0.39222797985431229       0.84186188571172493     
         116  0.33101294156113825       0.85474926791812933     
         117  0.46330609493652086       0.86379934715362128     
         118  0.47617120608506774       0.87058167841231315     
         119  0.40127546084421828       0.87842848222038883     
         120  0.53653046279012118       0.89851577584641773     
         121  0.38992025412132064       0.90404448232367096     
         122  0.53956297567742273       0.91153848985603447     
         123  0.28727192297551818       0.91990645702589469     
         124  0.46985182334853692       0.92394129180304108     
         125  0.49969198150163291       0.93598325996686793     
         126  0.30685668575672342       0.93836809384751008     
         127  0.35698926094828337       0.95270747344132367     
         128  0.33005581840429854       0.95451698922017780     
         129  0.48246741712787927       0.97279708858593361     
         130  0.44092345943896605       0.98510894672018234     
         131  0.39168796488577395       0.99111148940146732     
         132  0.45615342476821136       0.99631423188574475     
         133  0.53937773982300796        1.0014228303821038     
         134  0.32840778602174669        1.0201327129454882     
         135  0.44165462304059910        1.0220159844587988     
         136  0.37460546200599637        1.0310698554298738     
         137  0.51058133713470599        1.0378251000957641     
         138  0.23971605550870151        1.0538171986280385     
         139  0.54353387868051073        1.0639237641250618     
         140  0.56471844686802930        1.0689750566033647     
         141  0.56678697909773101        1.0849811928311690     
         142  0.46047111282812830        1.0878452042760001     
         143  0.41740838037608913        1.0917381828107644     
         144  0.42168695658687727        1.0944856772909759     
         145  0.37891538106581107        1.1019787354282549     
         146  0.35097518870435368        1.1120329230765837     
         147  0.47456145934782973        1.1340325864217116     
         148  0.37942957627275858        1.1486063682134560     
         149  0.28031434112178910        1.1530450142549951     
         150  0.49699567274884382        1.1740470168206494     
         151  0.38160106633874880        1.1797690893144070     
         152  0.38563437192356020        1.2017941373833028     
         153  0.43333454429198831        1.2090597009619235     
         154  0.49883421252296545        1.2110908680714376     
         155  0.28318268249568512        1.2199036210735779     
         156  0.54795807037607169        1.2377869406071988     
         157  0.49920473693647943        1.2399213937230471     
         158  0.45931252331082228        1.2498057244422125     
         159  0.40572237204939254        1.2547219447892786     
         160  0.37992674117501307        1.2669952316858342     
         161  0.52149247660110554        1.2754442638213459     
         162  0.33105361166408298        1.2851517054898975     
         163  0.41545945314629112        1.2939103395962088     
         164  0.52690106972765738        1.3034673229744802     
         165  0.46304714925427121        1.3138828766580455     
         166  0.51797481477254859        1.3283184278809981     
         167  0.44083551063769061        1.3414903083913381     
         168  0.49454239661207194        1.3430769454108162     
         169  0.47356616442961197        1.3473454728444969     
         170  0.32313229484365602        1.3630054759092152     
         171  0.29472301973018894        1.3752538678690560     
         172  0.42022118908046452        1.3863601756007558     
         173  0.43473256272266281        1.4019943572818059     
         174  0.54457782730235837        1.4073472791627852     
         175  0.40367481726586218        1.4173218466343758     
         176  0.49909420596135534        1.4268628687207534     
         177  0.47432778752479338        1.4432766667846835     
         178  0.33329690980550325        1.4496068760035741     
         179  0.49269119011413592        1.4600938048202572     
         180  0.47449424276354901        1.4747363406418945     
         181  0.51981499319636137        1.4786410973580197     
         182  0.41144396623882162        1.4880751186924093     
         183  0.48531008673937703        1.5021246075376506     
         184  0.52984166273245203        1.5121641292328019     
         185  0.43322911253172403        1.5159495053145386     
         186  0.50676266618819976        1.5203483122184513     
         187  0.48087974984789572        1.5422804815575333     
         188  0.45075033476945842        1.5425746441842518     
         189  0.34532330041091891        1.5527931544663200     
         190  0.53841068036363982        1.5592164020499264     
         191  0.51838505578445238        1.5684938545502851     
         192  0.35997555368260664        1.5767283733115984     
         193  0.53854744780531394        1.5829322200550136     
         194  0.43562219928851814        1.6014007378697617     
         195  0.37321900540962771        1.6050279506780338     
         196  0.46277075240082316        1.6199134896859184     
         197  0.41292083754370751        1.6315580445562858     
         198  0.53271666043025345        1.6412030575729677     
         199  0.47301723380621863        1.6531986892669641     
         200  0.44596861101329344        1.6583409055445912     
         201  0.51410063090797187        1.6651146345971912     
         202  0.44738433333282002        1.6702764583742575     
         203  0.57237904209856993        1.6842321940674445     
         204  0.31330647926197996        1.6982406959137086     
         205  0.48289728219023370        1.7125489891209336     
         206  0.49169696387374029        1.7256015442821060     
         207  0.36192415476564932        1.7359610633604012     
         208  0.52496904955175150        1.7385363764394559     
         209  0.25968497885133618        1.7465833062339944     
         210  0.44744369472870493        1.7570581277042101     
         211  0.56609133243655818        1.7709163844738449     
         212  0.28328873053615683        1.7810992419287628     
         213  0.54791544939474612        1.7860561713627054     
         214  0.56450146281412517        1.7896265516716987     
         215  0.45702367668837851        1.8070753713736709     
         216  0.47789858222836279        1.8241022902504362     
         217  0.41690290052234785        1.8344346467445787     
         218  0.31303278958254177        1.8437129860294896     
         219  0.49514865001734976        1.8548367689169121     
         220  0.42875822922580437        1.8616876015024788     
         221  0.42015533944207767        1.8711767549726430     
         222  0.51374491879500372        1.8881122219171762     
         223  0.54289296117283836        1.8913544834296250     
         224  0.51006916098377431        1.8986481641931634     
         225  0.51193533032410166        1.8992321820457763     
         226  0.53820480617652711        1.9193163948359395     
         227  0.57039227039002383        1.9244556028023367     
         228  0.49852023530680634        1.9255603183067824     
         229  0.47503666242140563        1.9402334164422252     
         230  0.51397915520892412        1.9489846667399509     
         231  0.37471378045154330        1.9600425704596924     
         232  0.48214221477129054        1.9698062718105229     
         233  0.34422076703588156        1.9813959819490223     
         234  0.46137934583483631        1.9848803138645708     
         235  0.50460930600008624        1.9975016349401677     
         236  0.50891433038032774        2.0101034838540559     
         237  0.31729117743334806        2.0145272552691660     
         238  0.56548939005166177        2.0269566105593291     
         239  0.37582540322996505        2.0306900963339958     
         240  0.33219515574978964        2.0447444813243636     
         241  0.51456380391610379        2.0524346673028129     
         242  0.44011492003935004        2.0634939322181745     
         243  0.53878082501354030        2.0696385955262548     
         244  0.32399899558749851        2.0780412951520533     
         245  0.51194364866781017        2.1016894789605391     
         246  0.44429713409565963        2.1085403157668208     
         247  0.37510638354105902        2.1106892903811851     
         248  0.43246677181440812        2.1250950450296440     
         249  0.53066658569756786        2.1343872514722650     
         250  0.54388567284827882        2.1453261836648978     
         251  0.47143802412902358        2.1507702202559442     
         252  0.41351852801302336        2.1614225596851973     
         253  0.44293650504860599        2.1649490041761434     
         254  0.54273189886664175        2.1838613774613842     
         255  0.51627652477688846        2.1866537620618116     
         256  0.36723679517012819        2.1901419044501158     
         257  0.48146575353511922        2.1997044105711407     
         258  0.45098386820394648        2.2124525733721399     
         259  0.50106547366298126        2.2326806700333761     
         260  0.40554831908426237        2.2450287483048630     
         261  0.38831861967618703        2.2466561068997777     
         262  0.46779375394037370        2.2644889213491237     
         263  0.20348825211658117        2.2761400819498423     
         264  0.51734229747016636        2.2807815733045484     
         265  0.42941986188353332        2.2933078851581179     
         266  0.43946014162159386        2.2983631931790454     
         267  0.54399107912760003        2.3139313939741233     
         268  0.53076042014735125        2.3246155718856749     
         269  0.43119139434551434        2.3374468293283686     
         270  0.34892891896462003        2.3479521067401179     
         271  0.49686455513517785        2.3574952532397671     
         272  0.56478205546910343        2.3608250321477473     
         273  0.33078026348054418        2.3774878014173311     
         274  0.40558437565282129        2.3899201951366593     
         275  0.33491837496865307        2.3933524164863544     
         276  0.28155938088730870        2.4063548444657905     
         277  0.54359969723071766        2.4219984040960068     
         278  0.54193241196494457        2.4237032235250067     
         279  0.33436335627047620        2.4404933220371663     
         280  0.48760161522339057        2.4447113949049979     
         281  0.53692510508479596        2.4623559843455096     
         282  0.45384844260505980        2.4725451344719946     
         283  0.44876191678627930        2.4767881239396723     
         284  0.48760372948202496        2.4897421956837000     
         285  0.50375511691524455        2.4984406352558937     
         286  0.49472335888095753        2.5046453942277638     
         287  0.35837546536093901        2.5138603691763821     
         288  0.52328620890507649        2.5203193216336692     
         289  0.55731311148614249        2.5319770134453963     
         290  0.56011050155067987        2.5335581828643328     
         291  0.43493693924258242        2.5533494574209019     
         292  0.52047172187898039        2.5643845513800390     
         293  0.49492426055996153        2.5667818000095894     
         294  0.56198858640939264        2.5803108567264332     
         295  0.56316613883058664        2.5814963586592921     
         296  0.57342965823851311        2.5932966653449290     
         297  0.52404539617167156        2.6129751913665480     
         298  0.57770784190593050        2.6163045154513527     
         299  0.43100032983376363        2.6230346015778307     
         300  0.53373633156331191        2.6350530109244792     
         301  0.45713347969097823        2.6459702741531315     
         302  0.45527260464017955        2.6601003919291419     
         303  0.37780303570764007        2.6647137643988135     
         304  0.55974052939284580        2.6719113391931053     
         305  0.48794663652877152        2.6788890556898983     
         306  0.47523968927033883        2.6896134440670498     
         307  0.45285847922716099        2.6991550060777967     
         308  0.52175846681438998        2.7030796984438243     
         309  0.50235927001076919        2.7208128698953846     
         310  0.34867503955668294        2.7370875445115446     
         311  0.56059898379515294        2.7436894003597656     
         312  0.54758604548516898        2.7568653115047592     
         313  0.44195909738480144        2.7650075887115033     
         314  0.51707211714805712        2.7724447727841417     
         315  0.40745707304184609        2.7801324662483635     
         316  0.48050369602475013        2.7917868679065232     
         317  0.51314449528875217        2.7936412140630740     
         318  0.61284375006516034        2.7968564951047727     
         319  0.40959186674047210        2.8097639305820303     
         320  0.54487794167110692        2.8147070965848955     
         321  0.43143053042784463        2.8188475966895825     
         322  0.49239564090854954        2.8396990292519657     
         323  0.37115877832571686        2.8400855296381415     
         324  0.50975083780397001        2.8583206633447680     
         325  0.20005584720933356        2.8728923462024629     
         326  0.48796004339595667        2.8824405309639753     
         327  0.49650317840631303        2.8901961511203500     
         328  0.52034203723600292        2.9045366100837979     
         329  0.53415368757225756        2.9153477623272210     
         330  0.40490307386707053        2.9187726949168331     
         331  0.52227098471226763        2.9205221558391621     
         332  0.22830750192653704        2.9369745950818436     
         333  0.45863295498784917        2.9421990241272917     
         334  0.55148758120751029        2.9574855048596453     
         335  0.41064352252584335        2.9654794234096191     
         336  0.58139608473877991        2.9704622394714608     
         337  0.55536183796190453        2.9782260720085008     
         338  0.54289192421835908        2.9787013489319998     
         339  0.61078449483460739        2.9938648497054436     
         340  0.48532926095246776        3.0074195475453425     
         341  0.54491087350545830        3.0105095778238726     
         342  0.42297050207082715        3.0214718294272132     
         343  0.41379094423285473        3.0258811210738381     
         344  0.58134412398598523        3.0328659030770044     
         345  0.43573557314894795        3.0496219460085552     
         346  0.53607946191846167        3.0545484248114416     
         347  0.45126033050662218        3.0612719392240395     
         348  0.41422961694728644        3.0778562153400060     
         349  0.50631035350069908        3.0845823488209554     
         350  0.49076183300282300        3.1022547252664876     
         351  0.48945326668258049        3.1089279719124718     
         352  0.47501379623893036        3.1179639976406563     
         353  0.45349402084551543        3.1215875925902727     
         354  0.46519670497303028        3.1293340664348639     
         355  0.54529248824348542        3.1334571613290012     
         356  0.38876804687482647        3.1405543894985741     
         357  0.56085994369723857        3.1494380723804416     
         358  0.33793863376185762        3.1579126051543116     
         359  0.51223616351098455        3.1750844874097948     
         360  0.42559348083007592        3.1881280957835516     
         361  0.59268216737980906        3.1936672134128776     
         362  0.50831236901501820        3.2048661571600210     
         363  0.45326122527399659        3.2068772263932388     
         364  0.52535493330750127        3.2124035758906775     
         365  0.47895477656452806        3.2330860818881426     
         366  0.37198030550292677        3.2389636409158213     
         367  0.39397719558654215        3.2456681862858585     
         368  0.47296859832518434        3.2559388151993027     
         369  0.49559793301386673        3.2653319529473892     
         370  0.56215799322515803        3.2732546364825614     
         371  0.47912405987765094        3.2752368892647326     
         372  0.46885929988344188        3.2902234778220945     
         373  0.43842747893467809        3.2963784876404252     
         374  0.52057752274653779        3.3067665857896582     
         375  0.49903397813409234        3.3125780741748789     
         376  0.51329202812440089        3.3250201183703201     
         377  0.40455315030291117        3.3274553817663985     
         378  0.51966604203529998        3.3335249249070733     
         379  0.33139717355772852        3.3444487588171770     
         380  0.52649430292335242        3.3539109510631580     
         381  0.45709075680981248        3.3623469660569261     
         382  0.44672498933524030        3.3688550473279122     
         383  0.47892250750610776        3.3753902174255805     
         384  0.49697609014308708        3.3855271737866599     
         385  0.49978604895603995        3.3965499230614160     
         386  0.34864054115147425        3.3981543043330800     
         387  0.50707265108124366        3.4106530624880369     
         388  0.48457452653642324        3.4279755618578891     
         389  0.50415612127903853        3.4382521411435674     
         390  0.54307264348176698        3.4532507569255837     
         391  0.47856410071112415        3.4651031392439262     
         392  0.42751248211153692        3.4701431056712484     
         393  0.58103624875017923        3.4805328074014437     
         394  0.45901695091392725        3.4877322087450549     
         395  0.19085198287322755        3.4978009668497143     
         396  0.48710972341583614        3.5060117409267093     
         397  0.40130132839210753        3.5197521350925070     
         398  0.44390159023351855        3.5336174596058432     
         399  0.46057388439646896        3.5403284273802984     
         400  0.57997482720847882        3.5493914991627231     
         401  0.40276431661007533        3.5679547496532189     
         402  0.50303484841450963        3.5700014899011410     
         403  0.52091085364900724        3.5772399356245073     
         404  0.55211264846630159        3.5983052342795721     
         405  0.56205620219493468        3.6015323840870472     
         406  0.48704460603937494        3.6210289071598551     
         407  0.47420377000334979        3.6330360982413978     
         408  0.55026011107214168        3.6350842994178665     
         409  0.48187862083306349        3.6480304788468643     
         410  0.56184557013615821        3.6572778452821129     
         411  0.51103568831881341        3.6663757972113848     
         412  0.47954330284563612        3.6763874108403294     
         413  0.44651351189406518        3.6862107467480145     
         414  0.53029545189561478        3.6962787954922343     
         415  0.55374584003433480        3.7089327865073343     
         416  0.38077754558218063        3.7201347393245516     
         417  0.41125588869675916        3.7251169885182289     
         418  0.44842966036697357        3.7482681230009538     
         419  0.50960790576274795        3.7531813554698705     
         420  0.41004431296067956        3.7580420013569058     
         421  0.50023816433021973        3.7717284718396575     
         422  0.50351307585416116        3.7855145750037864     
         423  0.43633145585874245        3.7934309053520150     
         424  0.37808631179995694        3.8073690908460218     
         425  0.36718045258041065        3.8174655775369630     
         426  0.54033579607357873        3.8266499613337599     
         427  0.45941155481635881        3.8344093006815663     
         428  0.53929589728541383        3.8400756958538382     
         429  0.46251387866674964        3.8580504182518882     
         430  0.52365123256616175        3.8650629061987876     
         431  0.46714512260144903        3.8763746887083701     
         432  0.46718725388425514        3.8836768729489868     
         433  0.45435396667441957        3.8986201798130873     
         434  0.39501167303314794        3.9060926830072611     
         435  0.62403237408263246        3.9083125258221263     
         436  0.54087997272628674        3.9270768861429128     
         437  0.54660247046106369        3.9366441148816333     
         438  0.36865563921453254        3.9418168147853621     
         439  0.29238107759190740        3.9567053551590123     
         440  0.52907976018836012        3.9640866362614724     
         441  0.52091699604134012        3.9708027303174682     
         442  0.51932334573966177        3.9844915694663761     
         443  0.40880149433648244        3.9963229093220249     
         444  0.51530172005939068        4.0017191991330741     
         445  0.54033282158778262        4.0100100282029789     
         446  0.48957611359805969        4.0287788855575490     
         447  0.45616797121959285        4.0436227008304924     
         448  0.45493917290341457        4.0527934475058336     
         449  0.40375173489441007        4.0655606294213955     
         450  0.56403181105727451        4.0741925553449292     
         451  0.45445560518491174        4.0866377088351378     
         452  0.37691782138133784        4.0886832210118040     
         453  0.55834055313328934        4.0941566191949361     
         454  0.60859905612513610        4.1047155702928171     
         455  0.14995343381094103        4.1147350080951579     
         456  0.51511368932033197        4.1255779090985119     
         457  0.57157139274103352        4.1336002135709311     
         458  0.49235425078341150        4.1465543274464682     
         459  0.49531470334405175        4.1755604524005916     
         460  0.50096765323062731        4.1838069842864289     
         461  0.53762615067549058        4.1964377974740961     
         462  0.49487960036577167        4.2001432512829391     
         463  0.54982041474575416        4.2178632828749372     
         464  0.52361322655227693        4.2307346750115444     
         465  0.39620275093632235        4.2452200375637137     
         466  0.44515103315984728        4.2485019325058015     
         467  0.53594823955013193        4.2517110396073541     
         468  0.40532126801973589        4.2650167590213668     
         469  0.51532710007307392        4.2784572901091886     
         470  0.44371796281283543        4.2874380988005525     
         471  0.47713647446442004        4.2951212123157196     
         472  0.49658899560404113        4.3046817056934525     
         473  0.49977761587949165        4.3189323631301937     
         474  0.55359935110249170        4.3335323250161348     
         475  0.42019264824159119        4.3395222017189106     
         476  0.30001688824787692        4.3564089217862509     
         477  0.51726606585190282        4.3671246004981450     
         478  0.47817264596574544        4.3718036943149121     
         479  0.51025743470738194        4.3841537563527906     
         480  0.53574466511831231        4.3986806373044764     
         481  0.51287658408099901        4.4155713048106788     
         482  0.49160203555122661        4.4189840392799633     
         483  0.50432665483104056        4.4334961014014640     
         484  0.50128750114945864        4.4355975092107167     
         485  0.60035762777088020        4.4403786681433157     
         486  0.40220114263960061        4.4743281989430068     
         487  0.55853456930526935        4.4840122085949670     
         488  0.60156513246777299        4.4849781197534568     
         489  0.57280238426824537        4.4969999476391616     
         490  0.42479553589846475        4.5204055051419996     
         491  0.58660893759284682        4.5355579330321580     
         492  0.49756369975921844        4.5492253417360944     
         493  0.46941944199103702        4.5581624151974980     
         494  0.55170204115373489        4.5638506418378277     
         495  0.44060685052657467        4.5829820996528872     
         496  0.49954671016280822        4.5925100613722245     
         497  0.56256848792580394        4.6064850600435321     
         498  0.50974345014547906        4.6224465725506665     
         499  0.56694974889857053        4.6387349091628352     
         500  0.47082444823261099        4.6519206403324436     
         501  0.57424059729447807        4.6700837212826993     
         502  0.57211647091400297        4.6862002034536978     
         503  0.54633858363089483        4.6881838131268632     
         504  0.57657428038922420        4.7048218712440351     
         505  0.53986844882329355        4.7179394680848041     
         506  0.51249464023514002        4.7188001147800369     
         507  0.50265077987132201        4.7381983990726857     
         508  0.56335579810853853        4.7515103455415506     
         509  0.45933124314941909        4.7599817120754624     
         510  0.56300155246963068        4.7621565622395741     
         511  0.52025277273485193        4.7734858254618180     
         512  0.42172641824376655        4.7959536165914534     
         513  0.54378543750724573        4.8039402511882354     
         514  0.51743203111379266        4.8078012079656203     
         515  0.52116837613559652        4.8199475289524552     
         516  0.54503765708015539        4.8375671977377035     
         517  0.54933130376277617        4.8500419290130301     
         518  0.51501296853419432        4.8636748600119510     
         519  0.42423942198573561        4.8682119052185984     
         520  0.55890774883058625        4.8764001870464941     
         521  0.38192468298268656        4.9146530600989751     
         522  0.48820765950426709        4.9238810738469514     
         523  0.53263585226248167        4.9308057823908236     
         524  0.53736554916000101        4.9400099824449226     
         525  0.53278040760700918        4.9524481865570484     
         526  0.51816380985997701        4.9714145943958146     
         527  0.56415784525421153        4.9748289738990374     
         528  0.56202280706338092        4.9936697472271101     
         529  0.54924797001941972        4.9979694755067703     
         530  0.57908268215468472        5.0076421949542320     
         531  0.49085447259106479        5.0208786383313972     
         532  0.46831670922993435        5.0293553998792184     
         533  0.45789317431813936        5.0420590381540267     
         534  0.47131595588738073        5.0503988259009782     
         535  0.56654134354790198        5.0657697769662509     
         536  0.60519475264537592        5.0749728517504540     
         537  0.26204280211574960        5.0883401118976259     
         538  0.49592881570161346        5.1000212896491384     
         539  0.53047472121547901        5.1048171741573629     
         540  0.39670098299347906        5.1176995880682590     
         541  0.53528842877546656        5.1228449578802921     
         542  0.59488327090703919        5.1367624204830573     
         543  0.35816125006336225        5.1446744194832785     
         544  0.36543879618535974        5.1621051738573360     
         545  0.51261983213076068        5.1709524996502747     
         546  0.47783609324836002        5.1820412177935617     
         547  0.50952469587997162        5.2071351827306103     
         548  0.48065774290244229        5.2224404814003726     
         549  0.53052946830707981        5.2266377370330854     
         550  0.45321038211621500        5.2398905482350200     
         551  0.55424851762691729        5.2533911832548474     
         552  0.48931379609487563        5.2597580347855928     
         553  0.48968110873192433        5.2721105572349352     
         554  0.48364175626159706        5.2922206118374664     
         555  0.42056480377717131        5.2994827133684508     
         556  0.49844536992111321        5.3051631994422488     
         557  0.46789051606091880        5.3201091074860916     
         558  0.50831462416408368        5.3303233991594476     
         559  0.46348781573654008        5.3372391471669216     
         560  0.51092509326318725        5.3529249884195336     
         561  0.49917441355732955        5.3784348098498587     
         562  0.16734892784362451        5.3865077105615429     
         563  0.55467068255163599        5.4095474432117321     
         564  0.55773641138725805        5.4162261095513724     
         565  0.53894664925726643        5.4279895025892362     
         566  0.53574705792564992        5.4468113416849269     
         567  0.55005911285685372        5.4586596247480843     
         568  0.56857027815621775        5.4664468111408846     
         569  0.56894068507061846        5.4877300280970012     
         570  0.52393496058275324        5.4966705302287346     
         571  0.46397557526529554        5.5021896161256088     
         572  0.51066537851433003        5.5204630467011233     
         573  0.53534325759581547        5.5328403612330694     
         574  0.49719415015628848        5.5564375281203766     
         575  0.48841869174870095        5.5675794249103605     
         576  0.57491489504217985        5.5720616022770857     
         577  0.47541482669585483        5.5864492185197747     
         578  0.36358382727400185        5.6122911222901539     
         579  0.51823958801514169        5.6247329515260889     
         580  0.51972842702737476        5.6270828808798008     
         581  0.49872011186423221        5.6474921900014010     
         582  0.34602226465439084        5.6661264282451942     
         583  0.32682225172773094        5.6762284949771340     
         584  0.53015105924824313        5.6857709630185012     
         585  0.41651821485009732        5.6952977494181294     
         586  0.52605848123609100        5.7096113987599919     
         587  0.47410985155833080        5.7205876912202607     
         588  0.52838002661655958        5.7302298059307493     
         589  0.57904432157661678        5.7351094796862547     
         590  0.49858328777144212        5.7462298253738124     
         591  0.52462260515969505        5.7574365417738864     
         592  0.49114220038970047        5.7682671162048873     
         593  0.57946105840869988        5.7828553150346096     
         594  0.61371192156858767        5.8063061950864210     
         595  0.51662980997323460        5.8106175644068578     
         596  0.48749124063537685        5.8213231131465148     
         597  0.37886162846206095        5.8321270836858252     
         598  0.51231588575087106        5.8427986045084284     
         599  0.46130296936714471        5.8591032786521753     
         600  0.55904243470623494        5.8640600280264934     
         601  0.50540255306473136        5.8871829196798897     
         602  0.49664505551838295        5.9136485298202714     
         603  0.48749095426451677        5.9215230553480165     
         604  0.54690232343174916        5.9250563544050276     
         605  0.49578128592938603        5.9446792858305244     
         606  0.55688168454580789        5.9567542875849346     
         607  0.56774319272885643        5.9782292488032160     
         608  0.46446310101547267        5.9844189333064728     
         609  0.52496596677914464        6.0082708000220659     
         610  0.56650535253162482        6.0151165654271805     
         611  0.53919981132817441        6.0230742239007240     
         612  0.45065531271331888        6.0333430704547997     
         613  0.59551982098578005        6.0515160389525740     
         614  0.49334889289371275        6.0553290620619427     
         615  0.49997796741673056        6.0727976034400024     
         616  0.52185624116117402        6.0894189999246597     
         617  0.39924460858339944        6.1088792154777805     
         618  0.50031348080872251        6.1427952374183823     
         619  0.49050199582816406        6.1532158247194992     
         620  0.53150339937517321        6.1639542499511482     
         621  0.45358797063424855        6.1725268868247856     
         622  0.30018807365250172        6.2015416394053213     
         623  0.52084017323421283        6.2158042599354815     
         624  0.44286873832313817        6.2212571570855175     
         625  0.41180206469044489        6.2349402736248836     
         626  0.51993443989985200        6.2599826071592384     
         627  0.55094542381152201        6.2704781997185179     
         628  0.53440833171962876        6.2848942794693690     
         629  0.48790669895501032        6.3069288491396875     
         630  0.48755573642968136        6.3158932634506018     
         631  0.41315077190237903        6.3345178637022759     
         632  0.55245814456293540        6.3404454601973992     
         633  0.49880925007194421        6.3465278908339862     
         634  0.51707054056897606        6.3687746872151907     
         635  0.48059146268840841        6.3893397301891257     
         636  0.57804795284320265        6.3981407614868617     
         637  0.56582270690888037        6.4201038342997387     
         638  0.51835056738469365        6.4357789307145650     
         639  0.47731357028802895        6.4602271894551304     
         640  0.48442499523328869        6.4643910638626663     
         641  0.51249400364983244        6.4791086127496174     
         642  0.53181345583978912        6.4948153844309759     
         643  0.29214268672332716        6.5028893239301633     
         644  0.51640592556990406        6.5101499662429312     
         645  0.53793542397035532        6.5127342002909172     
         646  0.46858346904615245        6.5375138249079630     
         647  0.44952963098763277        6.5476419639424144     
         648  0.43669787022856588        6.5591960633225064     
         649  0.56094468962128485        6.5724906963872369     
         650  0.44235462225820127        6.5909297967182887     
         651  0.46840296439251344        6.6157525903805130     
         652  0.41709110415804501        6.6362006392531470     
         653  0.51521230001295737        6.6439164743270567     
         654  0.51533933797287212        6.6508708535213374     
         655  0.40885101748619651        6.6648090197689998     
         656  0.44522913884811388        6.6757720360094250     
         657  0.55304465792924895        6.6894289302894236     
         658  0.52564504429938441        6.7128871991809334     
         659  0.43830713355788808        6.7312277496023363     
         660  0.49765374373229587        6.7586461503345330     
         661  0.46899038556341988        6.7698271189620431     
         662  0.53198132798992304        6.7898052626230712     
         663  0.52740238362869940        6.8033651000525905     
         664  0.44274550723660605        6.8259605224621742     
         665  0.55494512170838928        6.8342703534029408     
         666  0.42531244838708676        6.8422968838302838     
         667  0.44407376968787132        6.8519663626344292     
         668  0.37797184425559249        6.8626999429006963     
         669  0.45665485903747033        6.8766374226803348     
         670  0.52950679355918606        6.8992214831117060     
         671  0.40367336781363111        6.9263173260572213     
         672  0.38464841691214219        6.9346993272314288     
         673  0.48270003254527200        6.9442073776135178     
         674  0.44921133721074508        6.9617053875527155     
         675  0.47902995978541058        6.9773383839456766     
         676  0.52258934823888459        6.9880171628783803     
         677  0.43790284626374787        6.9949917297005548     
         678  0.45888342334343729        7.0227612773437817     
         679  0.44535707299465788        7.0318439220107942     
         680  0.45026345905777571        7.0540110659391013     
         681  0.45729130637086457        7.0612851892311230     
         682  0.50537691167817689        7.0859692176349860     
         683  0.50917360387731614        7.1274078322988306     
         684  0.38052975928388327        7.1426554367559634     
         685  0.58833205571720726        7.1473448880786146     
         686  0.42782267309252903        7.1698792344090156     
         687  0.51253014535364450        7.1987837954192573     
         688  0.46059237376507317        7.2241392667128048     
         689  0.56754738255161086        7.2266507425299027     
         690  0.38153964500420140        7.2453676753662233     
         691  0.30766287569158374        7.2607331533039350     
         692  0.44280895421110394        7.2787617761570331     
         693  0.50014564941894646        7.2918774785627241     
         694  0.45248633450839648        7.3166609761657995     
         695  0.51314524957860563        7.3351435225787096     
         696  0.45706543212134026        7.3414399586679711     
         697  0.31891592750277559        7.3611971956625499     
         698  0.38197507801701325        7.3636213110345716     
         699  0.46097927322981452        7.4021444883456828     
         700  0.24518176694464913        7.4117185857264669     
         701  0.50006614274981442        7.4262214872787213     
         702  0.49153340958505121        7.4536195471709545     
         703  0.46975298973894636        7.4718496254224060     
         704  0.42798566908489105        7.4912736201574655     
         705  0.33591847113759210        7.5362957940208242     
         706  0.51019005464968226        7.5443155327338989     
         707  0.49097435401268180        7.5553004488882083     
         708  0.41430749398780686        7.5784653858723701     
         709  0.39164164814051083        7.5843022044166615     
         710  0.43544566199398171        7.5905126932399494     
         711  0.38005759089885094        7.6017176733521259     
         712  0.43970448743838486        7.6129988040692007     
         713  0.48643898166309618        7.6378816458088501     
         714  0.46430837969437222        7.6654955884793559     
         715  0.44435181546289548        7.6737351473806941     
         716  0.49893316833786111        7.6934038981131856     
         717  0.44487683998217126        7.7231344588610948     
         718  0.40930205383606233        7.7513547533503084     
         719  0.46243226923385478        7.7696458254430940     
         720  0.58662361884984648        7.7929469111301906     
         721  0.32339127989596234        7.8087073292173717     
         722  0.46264180036587638        7.8389088342309092     
         723  0.46109652029912829        7.8625222999656659     
         724  0.25487863017058615        7.8866121840080483     
         725  0.41876818784754405        7.9028261854681894     
         726  0.41903846716606197        7.9107017805636861     
         727  0.47175823086501339        7.9509650389193220     
         728  0.39011517133893725        7.9591445716279452     
         729  0.47835071085784148        7.9631098401767737     
         730  0.36031212877753493        8.0036180102018104     
         731  0.42519705556471693        8.0335370580877612     
         732  0.42932615474250613        8.0497269140357091     
         733  0.39932683162685051        8.0677468204568665     
         734  0.35148751544179713        8.0863978527313556     
         735  0.47109015242778124        8.1087530265993841     
         736  0.35789558017189416        8.1188956988903129     
         737  0.38789473190791696        8.1643642184188252     
         738  0.45865742089537354        8.1757540021947328     
         739  0.46384598865822840        8.2080531317055687     
         740  0.49650376052186618        8.2507690040264841     
         741  0.53236252328906430        8.2731759142084318     
         742  0.28257144657173000        8.2860217087982129     
         743  0.43831363359818104        8.3186773792577480     
         744  0.36477199530359761        8.3311811957832411     
         745  0.21786652941920873        8.3485833752003682     
         746  0.46894847992242095        8.3733483122189263     
         747  0.45170123370528209        8.3810919002564983     
         748  0.38393373930731611        8.4091883425076617     
         749  0.33710155810962483        8.4368477880938144     
         750  0.45696072687055772        8.4519322420009519     
         751  0.32178711917783248        8.4958931840169782     
         752  0.37051786871759185        8.5308329761706769     
         753  0.49405086951499538        8.5773422014366076     
         754  0.41169200956047275        8.5891690843295105     
         755  0.45206744122507109        8.6074686715749600     
         756  0.33759570301390207        8.6239141800326404     
         757  0.31014708054662582        8.6734551508182562     
         758  0.42770051558557753        8.6913080528796272     
         759  0.41671559698845040        8.7303374291897988     
         760  0.43041372067658701        8.7402479730300158     
         761  0.38661350035801745        8.7614597549881967     
         762  0.39293881774677625        8.7922382746278132     
         763  0.40246569831506279        8.8262482758744145     
         764  0.41479095011591022        8.8477044201206496     
         765  0.37108666040788640        8.8524379047681467     
         766  0.43850535120794654        8.8921910053491615     
         767  0.37739827301078943        8.9443364381586843     
         768  0.36319916366089139        9.0099796006161927     
         769  0.45890908293677923        9.0166441182837609     
         770  0.35059532072580912        9.0505585051339068     
         771  0.31299291275992119        9.1098271074965425     
         772  0.36607776822972121        9.1165735569653403     
         773  0.38020705463450089        9.1647413147699748     
         774  0.28484007490387592        9.1969468928573264     
         775  0.39151406719284509        9.2636831229027159     
         776  0.40294711059597266        9.2900644124058811     
         777  0.44464652530722965        9.3356310703821208     
         778  0.19133338426613047        9.3765007584651663     
         779  0.33232391438185865        9.4139054570639100     
         780  0.35292982257503996        9.4259140875653813     
         781  0.40832027521455816        9.4917064806154379     
         782  0.20485035845814173        9.5073753122915523     
         783  0.35099545734398402        9.5243801655284841     
         784  0.41220685078544811        9.5481311986336461     
         785  0.43383438465728691        9.6023155613556970     
         786  0.33088224209277972        9.6125854696911706     
         787  0.40558128636658380        9.6722693052357247     
         788  0.33025153843716798        9.6938933020280409     
         789  0.27900963996708300        9.7236440069955368     
         790  0.27677543139825372        9.7495369185635479     
         791  0.42756528868516813        9.7599151886812550     
         792  0.29413101305967776        9.8108956911076319     
         793  0.36195030537462142        9.8472975329273265     
         794  0.39591602882254184        9.8749857893430200     
         795  0.33682249008604936        9.8980303536286289     
         796  0.28302411308876563        9.9288290455471042     
         797  0.25694469111766255        9.9517163421816015     
         798  0.38437753578526096        9.9722629836588776     
         799  0.31648400394183024        10.030333648379917     
         800  0.39781313593952994        10.081711669723537     
         801  0.37240016241716900        10.115043536642771     
         802  0.34973325797693361        10.135158220441729     
         803  0.34368912246568883        10.161081308541487     
         804  0.38821928535903649        10.236362213189816     
         805  0.21346559549275715        10.267774625373201     
         806  0.31950486379077309        10.340545091632830     
         807  0.21534939461047642        10.386207375034964     
         808  0.28059284974984683        10.455417147488101     
         809  0.30227032810317572        10.513592593565406     
         810  0.22491393147278865        10.532102779321244     
         811  0.29800727635467689        10.572865088240070     
         812  0.19654106598235982        10.662997461406814     
         813  0.28927830290391221        10.717477495182809     
         814  0.28710722790166732        10.824782563072086     
         815  0.20060141305368975        10.861512035162077     
         816  0.20959992990183132        10.897220908478548     
         817  0.25827227065646513        11.002766856980372     
         818  0.23988624057080968        11.067135367613783     
         819  0.30464440390345321        11.129929300903086     
         820  0.21242882722484185        11.222250449993879     
         821  0.24349405025191245        11.287686530303583     
         822  0.21487354935856784        11.393536109602216     
         823  0.15547494819178656        11.504996979172967     
         824  0.22851219807992532        11.569989766223339     
         825  0.25177092365900844        11.599301818275675     
         826  0.16131220217920714        11.733774004630213     
         827  0.16579551756598243        11.888263782587519     
         828  0.12617750056344945        11.955477357634607     
         829  0.17743583036553731        12.025616542854975     
         830  0.10564000149869165        12.335462659772441     
         831   6.8402821245584333E-002   12.937919522688437     
