  1    0.123298
  2    0.030467
  3    0.063094
  4    0.036948
  5    0.004821
  6    0.027537
  7    0.031966
  8    0.012416
  9    0.013010
 10    0.012995
 11    0.012011
 12    0.003984
 13    0.005547
 14    0.003418
 15    0.007523
 16    0.009148
 17    0.013380
 18    0.007949
 19    0.004790
 20    0.008444
 21    0.010288
 22    0.003085
 23    0.009190
 24    0.004617
 25    0.006103
 26    0.008739
 27    0.001864
 28    0.002180
 29    0.005617
 30    0.003687
 31    0.006431
 32    0.005085
 33    0.002797
 34    0.003904
 35    0.003584
 36    0.001936
 37    0.003203
 38    0.007478
 39    0.003132
 40    0.006134
 41    0.001110
 42    0.002660
 43    0.002491
 44    0.003602
 45    0.004122
 46    0.003655
 47    0.001855
 48    0.003146
 49    0.002719
 50    0.002581
 51    0.002801
 52    0.002362
 53    0.002898
 54    0.002884
 55    0.002421
 56    0.000902
 57    0.001894
 58    0.000863
 59    0.003933
 60    0.002567
 61    0.004215
 62    0.001482
 63    0.003896
 64    0.000661
 65    0.002927
 66    0.000967
 67    0.001427
 68    0.002217
 69    0.000741
 70    0.001523
 71    0.002228
 72    0.001160
 73    0.001832
 74    0.001186
 75    0.000887
 76    0.001334
 77    0.001481
 78    0.001802
 79    0.001551
 80    0.000869
 81    0.000708
 82    0.001764
 83    0.001341
 84    0.001539
 85    0.001794
 86    0.002043
 87    0.001417
 88    0.001617
 89    0.002722
 90    0.001830
 91    0.001004
 92    0.001006
 93    0.001131
 94    0.001536
 95    0.002261
 96    0.001323
 97    0.001860
 98    0.000652
 99    0.001952
100    0.001316
101    0.001282
102    0.003924
103    0.001528
104    0.001363
105    0.001509
106    0.000553
107    0.002255
108    0.002421
109    0.001086
110    0.001090
111    0.000324
112    0.001127
113    0.000770
114    0.001708
115    0.000858
116    0.001607
117    0.001775
118    0.001239
119    0.000805
120    0.000910
121    0.000917
122    0.001750
123    0.001191
124    0.002088
125    0.001145
126    0.002067
127    0.001978
128    0.002088
129    0.000827
130    0.000685
131    0.002256
132    0.001212
133    0.000978
134    0.002010
135    0.000777
136    0.001330
137    0.000912
138    0.001232
139    0.001743
140    0.001311
141    0.001363
142    0.002653
143    0.000907
144    0.001483
145    0.001045
146    0.001578
147    0.001196
148    0.001592
149    0.000735
150    0.000540
151    0.000947
152    0.001159
153    0.001406
154    0.001829
155    0.000850
156    0.000899
157    0.000669
158    0.000687
159    0.001041
160    0.001041
161    0.001854
162    0.000559
163    0.001417
164    0.000535
165    0.000934
166    0.000802
167    0.001270
168    0.000656
169    0.001332
170    0.000555
171    0.000942
172    0.000531
173    0.000376
174    0.000563
175    0.000679
176    0.001088
177    0.000552
178    0.001214
179    0.000458
180    0.000731
181    0.000474
182    0.000899
183    0.001100
184    0.000661
185    0.001448
186    0.000530
187    0.000630
188    0.000461
189    0.000523
190    0.000261
191    0.000422
192    0.001041
193    0.000565
194    0.000828
195    0.000680
196    0.000979
197    0.000639
198    0.000946
199    0.001015
200    0.000717
201    0.000506
202    0.001174
203    0.000780
204    0.001303
205    0.000559
206    0.000810
207    0.001115
208    0.000465
209    0.000611
210    0.000665
211    0.000622
212    0.001061
213    0.000873
214    0.000589
215    0.000821
216    0.000801
217    0.000835
218    0.000472
219    0.000249
220    0.000391
221    0.000552
222    0.000651
223    0.000874
224    0.000506
225    0.000908
226    0.000729
227    0.000571
228    0.001100
229    0.000444
230    0.001484
231    0.000721
232    0.001324
233    0.000616
234    0.000572
235    0.000445
236    0.000625
237    0.000909
238    0.001181
239    0.001212
240    0.000918
241    0.001108
242    0.001536
243    0.000407
244    0.000741
245    0.000946
246    0.001005
247    0.000937
248    0.000494
249    0.000554
250    0.000270
251    0.000669
252    0.000806
253    0.001218
254    0.000341
255    0.000402
256    0.000524
257    0.000474
258    0.000698
259    0.000381
260    0.000812
261    0.000593
262    0.000358
263    0.000433
264    0.000462
265    0.000268
266    0.000477
267    0.000470
268    0.000343
269    0.000582
270    0.000395
271    0.000594
272    0.000507
273    0.000505
274    0.000590
275    0.000286
276    0.000840
277    0.000193
278    0.000690
279    0.000323
280    0.000416
281    0.000374
282    0.000291
283    0.000451
284    0.000502
285    0.000308
286    0.000394
287    0.000511
288    0.000292
289    0.000600
290    0.000454
291    0.000647
292    0.000779
293    0.000592
294    0.000625
295    0.000368
296    0.000616
297    0.000387
298    0.000278
299    0.000278
300    0.000634
301    0.000290
302    0.000423
303    0.000320
304    0.000242
305    0.000630
306    0.000268
307    0.000467
308    0.000445
309    0.000426
310    0.000201
311    0.000352
312    0.000454
313    0.000843
314    0.000600
315    0.000560
316    0.000595
317    0.000870
318    0.000227
319    0.000217
320    0.000301
321    0.000658
322    0.000950
323    0.000347
324    0.000329
325    0.000518
326    0.000190
327    0.000261
328    0.000675
329    0.000588
330    0.000556
331    0.000418
332    0.000339
333    0.000359
334    0.000815
335    0.000482
336    0.000438
337    0.000334
338    0.000129
339    0.000346
340    0.000650
341    0.000415
342    0.000328
343    0.000543
344    0.000681
345    0.000423
346    0.000805
347    0.000372
348    0.000693
349    0.000734
350    0.000524
351    0.000683
352    0.000278
353    0.000321
354    0.000252
355    0.000299
356    0.000667
357    0.000761
358    0.000875
359    0.000631
360    0.000685
361    0.000483
362    0.000520
363    0.000495
364    0.000459
365    0.000859
366    0.000533
367    0.000258
368    0.000782
369    0.000580
370    0.000657
371    0.000628
372    0.000678
373    0.000341
374    0.000554
375    0.000537
376    0.000213
377    0.000736
378    0.000330
379    0.000378
380    0.000246
381    0.000276
382    0.000498
383    0.000768
384    0.000647
385    0.000823
386    0.000213
387    0.000710
388    0.000522
389    0.000531
390    0.000585
391    0.000320
392    0.000588
393    0.000376
394    0.000424
395    0.001218
396    0.000703
397    0.000520
398    0.000505
399    0.000296
400    0.000484
401    0.000685
402    0.000724
403    0.000741
404    0.000443
405    0.000298
406    0.000364
407    0.000484
408    0.000323
409    0.000142
410    0.000240
411    0.000342
412    0.000621
413    0.000823
414    0.000882
415    0.000279
416    0.000489
417    0.000322
418    0.000507
419    0.000484
420    0.000358
421    0.000197
422    0.000735
423    0.000278
424    0.001433
425    0.000241
426    0.000294
427    0.000350
428    0.000856
429    0.000616
430    0.000519
431    0.000552
432    0.000719
433    0.000171
434    0.000618
435    0.000391
436    0.000372
437    0.000437
438    0.000365
439    0.000380
440    0.000222
441    0.000350
442    0.000492
443    0.000837
444    0.000311
445    0.000264
446    0.000254
447    0.000442
448    0.000324
449    0.000292
450    0.000800
451    0.000452
452    0.000561
453    0.000449
454    0.000596
455    0.000454
456    0.000514
457    0.000291
458    0.000466
459    0.000340
460    0.000299
461    0.000313
462    0.000319
463    0.000391
464    0.000355
465    0.000377
466    0.000257
467    0.000320
468    0.000320
469    0.000489
470    0.000292
471    0.000817
472    0.000242
473    0.000126
474    0.000301
475    0.000343
476    0.000691
477    0.000145
478    0.000407
479    0.000462
480    0.000226
481    0.000336
482    0.000305
483    0.000530
484    0.000260
485    0.000429
486    0.000148
487    0.000711
488    0.000479
489    0.000467
490    0.000351
491    0.000388
492    0.000335
493    0.000175
494    0.000533
495    0.000389
496    0.000509
497    0.000297
498    0.000555
499    0.000390
500    0.000795
501    0.000400
502    0.000188
503    0.000448
504    0.000217
505    0.000272
506    0.000185
507    0.000580
508    0.000281
509    0.000434
510    0.000626
511    0.000255
512    0.000448
513    0.000145
514    0.000377
515    0.000321
516    0.000190
517    0.000354
518    0.000513
519    0.000225
520    0.000523
521    0.000343
522    0.000364
523    0.000167
524    0.000210
525    0.000308
526    0.000299
527    0.000515
528    0.000255
529    0.000464
530    0.000249
531    0.000244
532    0.000256
533    0.000474
534    0.000209
535    0.000272
536    0.000193
537    0.000242
538    0.000341
539    0.000261
540    0.000319
541    0.000583
542    0.000293
543    0.000201
544    0.000305
545    0.000292
546    0.000246
547    0.000240
548    0.000149
549    0.000309
550    0.000233
551    0.000167
552    0.000174
553    0.000609
554    0.000229
555    0.000429
556    0.000222
557    0.000247
558    0.000324
559    0.000222
560    0.000173
561    0.000348
562    0.000240
563    0.000200
564    0.000330
565    0.000211
566    0.000274
567    0.000289
568    0.000173
569    0.000123
570    0.000225
571    0.000244
572    0.000276
573    0.000236
574    0.000341
575    0.000277
576    0.000205
577    0.000211
578    0.000115
579    0.000217
580    0.000189
581    0.000219
582    0.000158
583    0.000182
584    0.000251
585    0.000259
586    0.000157
587    0.000297
588    0.000330
589    0.000160
590    0.000316
591    0.000333
592    0.000138
593    0.000123
594    0.000225
595    0.000285
596    0.000325
597    0.000143
598    0.000528
599    0.000207
600    0.000169
601    0.000298
602    0.000242
603    0.000274
604    0.000286
605    0.000371
606    0.000351
607    0.000373
608    0.000403
609    0.000437
610    0.000356
611    0.000241
612    0.000246
613    0.000317
614    0.000334
615    0.000175
616    0.000306
617    0.000168
618    0.000324
619    0.000334
620    0.000204
621    0.000179
622    0.000077
623    0.000348
624    0.000267
625    0.000279
626    0.000315
627    0.000192
628    0.000216
629    0.000238
630    0.000277
631    0.000392
632    0.000188
633    0.000190
634    0.000413
635    0.000401
636    0.000143
637    0.000204
638    0.000101
639    0.000376
640    0.000397
641    0.000101
642    0.000193
643    0.000295
644    0.000273
645    0.000225
646    0.000236
647    0.000121
648    0.000167
649    0.000324
650    0.000226
651    0.000224
652    0.000172
653    0.000182
654    0.000197
655    0.000209
656    0.000241
657    0.000186
658    0.000236
659    0.000277
660    0.000180
661    0.000121
662    0.000242
663    0.000315
664    0.000269
665    0.000103
666    0.000201
667    0.000366
668    0.000283
669    0.000193
670    0.000256
671    0.000476
672    0.000216
673    0.000335
674    0.000302
675    0.000222
676    0.000277
677    0.000291
678    0.000217
679    0.000314
680    0.000086
681    0.000416
682    0.000790
683    0.000254
684    0.000223
685    0.000280
686    0.000265
687    0.000313
688    0.000349
689    0.000237
690    0.000279
691    0.000345
692    0.000365
693    0.000139
694    0.000410
695    0.000236
696    0.000171
697    0.000342
698    0.000212
699    0.000419
700    0.000223
701    0.000161
702    0.000169
703    0.000291
704    0.000139
705    0.000162
706    0.000160
707    0.000182
708    0.000256
709    0.000225
710    0.000248
711    0.000278
712    0.000172
713    0.000285
714    0.000130
715    0.000239
716    0.000202
717    0.000341
718    0.000272
719    0.000242
720    0.000371
721    0.000210
722    0.000316
723    0.000136
724    0.000345
725    0.000155
726    0.000162
727    0.000150
728    0.000215
729    0.000272
730    0.000203
731    0.000475
732    0.000295
733    0.000063
734    0.000285
735    0.000332
736    0.000281
737    0.000288
738    0.000189
739    0.000216
740    0.000191
741    0.000132
742    0.000186
743    0.000210
744    0.000433
745    0.000226
746    0.000313
747    0.000309
748    0.000265
749    0.000157
750    0.000286
751    0.000188
752    0.000086
753    0.000160
754    0.000169
755    0.000402
756    0.000186
757    0.000202
758    0.000245
759    0.000131
760    0.000162
761    0.000099
762    0.000224
763    0.000178
764    0.000122
765    0.000163
766    0.000115
767    0.000126
768    0.000077
769    0.000205
770    0.000306
771    0.000264
772    0.000311
773    0.000255
774    0.000198
775    0.000260
776    0.000130
777    0.000094
778    0.000366
779    0.000250
780    0.000134
781    0.000227
782    0.000259
783    0.000106
784    0.000281
785    0.000476
786    0.000128
787    0.000022
788    0.000150
789    0.000276
790    0.000155
791    0.000260
792    0.000135
793    0.000156
794    0.000276
795    0.000171
796    0.000173
797    0.000206
798    0.000121
799    0.000159
800    0.000127
801    0.000077
802    0.000039
803    0.000125
804    0.000043
805    0.000143
806    0.000155
807    0.000101
808    0.000197
809    0.000118
810    0.000133
811    0.000138
812    0.000271
813    0.000036
814    0.000147
815    0.000131
816    0.000363
817    0.000385
818    0.000262
819    0.000215
820    0.000245
821    0.000279
822    0.000384
823    0.000199
824    0.000088
825    0.000551
