  1    0.034985
  2    0.033024
  3    0.022136
  4    0.020342
  5    0.141498
  6    0.076736
  7    0.009244
  8    0.024434
  9    0.004161
 10    0.010162
 11    0.008745
 12    0.010082
 13    0.006135
 14    0.009106
 15    0.008122
 16    0.004675
 17    0.004093
 18    0.006894
 19    0.008360
 20    0.005762
 21    0.003182
 22    0.009445
 23    0.003488
 24    0.008472
 25    0.006652
 26    0.003265
 27    0.004544
 28    0.002954
 29    0.005736
 30    0.005496
 31    0.005364
 32    0.003714
 33    0.004430
 34    0.006100
 35    0.004221
 36    0.003669
 37    0.004966
 38    0.003684
 39    0.003452
 40    0.003408
 41    0.001970
 42    0.001706
 43    0.003288
 44    0.002935
 45    0.003012
 46    0.003627
 47    0.003300
 48    0.001314
 49    0.002072
 50    0.002414
 51    0.001284
 52    0.002247
 53    0.002670
 54    0.001846
 55    0.002224
 56    0.003064
 57    0.002284
 58    0.001718
 59    0.002216
 60    0.001941
 61    0.002315
 62    0.002006
 63    0.001821
 64    0.001906
 65    0.001717
 66    0.001509
 67    0.002097
 68    0.001941
 69    0.001704
 70    0.001843
 71    0.001880
 72    0.000812
 73    0.001258
 74    0.002128
 75    0.002842
 76    0.001582
 77    0.002563
 78    0.001684
 79    0.002071
 80    0.001397
 81    0.001706
 82    0.001356
 83    0.001575
 84    0.001320
 85    0.000955
 86    0.002427
 87    0.002302
 88    0.001646
 89    0.001977
 90    0.001571
 91    0.001150
 92    0.001501
 93    0.000957
 94    0.001095
 95    0.001470
 96    0.001935
 97    0.001230
 98    0.002051
 99    0.001651
100    0.001802
101    0.001180
102    0.001398
103    0.001335
104    0.001080
105    0.001218
106    0.001435
107    0.001025
108    0.001278
109    0.000998
110    0.001221
111    0.001791
112    0.001241
113    0.000777
114    0.000863
115    0.001378
116    0.001411
117    0.000809
118    0.001192
119    0.001400
120    0.002406
121    0.001557
122    0.001275
123    0.001282
124    0.001323
125    0.001036
126    0.000839
127    0.001591
128    0.001047
129    0.001222
130    0.001469
131    0.001318
132    0.000749
133    0.001353
134    0.000743
135    0.000724
136    0.001961
137    0.001256
138    0.001197
139    0.001120
140    0.000857
141    0.000918
142    0.000628
143    0.001303
144    0.001709
145    0.001032
146    0.000604
147    0.000685
148    0.000954
149    0.001136
150    0.001079
151    0.001108
152    0.000715
153    0.001031
154    0.000897
155    0.001093
156    0.001146
157    0.000826
158    0.000650
159    0.000544
160    0.000917
161    0.001956
162    0.000816
163    0.000884
164    0.000702
165    0.000789
166    0.000983
167    0.001607
168    0.001378
169    0.001282
170    0.001139
171    0.000553
172    0.000880
173    0.001156
174    0.001206
175    0.000912
176    0.000783
177    0.001149
178    0.001170
179    0.000852
180    0.000646
181    0.000687
182    0.001493
183    0.000792
184    0.001039
185    0.000546
186    0.000722
187    0.001136
188    0.000786
189    0.000773
190    0.000889
191    0.000876
192    0.000564
193    0.000804
194    0.000993
195    0.000763
196    0.001133
197    0.000893
198    0.000787
199    0.001019
200    0.000801
201    0.000799
202    0.000648
203    0.000635
204    0.000808
205    0.000660
206    0.000773
207    0.000796
208    0.000588
209    0.000872
210    0.000696
211    0.000696
212    0.000388
213    0.000555
214    0.000695
215    0.000583
216    0.000474
217    0.000582
218    0.000807
219    0.000672
220    0.000938
221    0.000719
222    0.000661
223    0.000659
224    0.000724
225    0.000852
226    0.001134
227    0.001081
228    0.000910
229    0.000862
230    0.000713
231    0.000580
232    0.000813
233    0.000876
234    0.000667
235    0.001054
236    0.000671
237    0.000695
238    0.000628
239    0.000731
240    0.000409
241    0.000543
242    0.000783
243    0.000454
244    0.000550
245    0.000855
246    0.000693
247    0.000551
248    0.000976
249    0.000789
250    0.000574
251    0.000985
252    0.000503
253    0.000564
254    0.000679
255    0.000521
256    0.000378
257    0.000615
258    0.000734
259    0.000611
260    0.000522
261    0.000465
262    0.000954
263    0.000670
264    0.000662
265    0.000472
266    0.000835
267    0.000462
268    0.000910
269    0.000600
270    0.000678
271    0.000743
272    0.000611
273    0.000499
274    0.000580
275    0.000517
276    0.000587
277    0.000465
278    0.000501
279    0.000205
280    0.000582
281    0.000361
282    0.000399
283    0.000567
284    0.000638
285    0.000599
286    0.000267
287    0.000310
288    0.000844
289    0.000472
290    0.000533
291    0.000418
292    0.000854
293    0.000226
294    0.000470
295    0.000549
296    0.000606
297    0.000419
298    0.000548
299    0.000277
300    0.000530
301    0.000628
302    0.000566
303    0.000696
304    0.000618
305    0.000409
306    0.000661
307    0.000369
308    0.000456
309    0.000332
310    0.000637
311    0.000593
312    0.000361
313    0.000436
314    0.000628
315    0.000674
316    0.000671
317    0.000736
318    0.000387
319    0.000457
320    0.000316
321    0.000916
322    0.000596
323    0.000429
324    0.000596
325    0.000553
326    0.000620
327    0.000415
328    0.000410
329    0.000483
330    0.000504
331    0.000511
332    0.000386
333    0.000248
334    0.000317
335    0.000306
336    0.000289
337    0.000344
338    0.000246
339    0.000300
340    0.000331
341    0.000423
342    0.000413
343    0.000618
344    0.000382
345    0.000634
346    0.000436
347    0.000566
348    0.000568
349    0.000459
350    0.000486
351    0.000550
352    0.000728
353    0.000398
354    0.000504
355    0.000608
356    0.000706
357    0.000704
358    0.000707
359    0.000439
360    0.000578
361    0.000723
362    0.000658
363    0.000469
364    0.000339
365    0.000419
366    0.000389
367    0.000526
368    0.000689
369    0.000723
370    0.000441
371    0.000414
372    0.000327
373    0.000598
374    0.000338
375    0.000340
376    0.000322
377    0.000445
378    0.000401
379    0.000573
380    0.000226
381    0.000452
382    0.000177
383    0.000213
384    0.000327
385    0.000450
386    0.000537
387    0.000267
388    0.000425
389    0.000510
390    0.000390
391    0.000523
392    0.000482
393    0.000349
394    0.000597
395    0.000346
396    0.000567
397    0.000226
398    0.000406
399    0.000357
400    0.000341
401    0.000269
402    0.000310
403    0.000446
404    0.000366
405    0.000486
406    0.000300
407    0.000539
408    0.000290
409    0.000365
410    0.000461
411    0.000326
412    0.000407
413    0.000194
414    0.000525
415    0.000504
416    0.000476
417    0.000628
418    0.000490
419    0.000440
420    0.000423
421    0.000435
422    0.000214
423    0.000352
424    0.000392
425    0.000330
426    0.000341
427    0.000338
428    0.000337
429    0.000539
430    0.000451
431    0.000481
432    0.000351
433    0.000356
434    0.000529
435    0.000431
436    0.000215
437    0.000354
438    0.000254
439    0.000437
440    0.000373
441    0.000237
442    0.000432
443    0.000294
444    0.000366
445    0.000333
446    0.000441
447    0.000329
448    0.000418
449    0.000625
450    0.000343
451    0.000366
452    0.000556
453    0.000593
454    0.000630
455    0.000462
456    0.000450
457    0.000427
458    0.000367
459    0.000346
460    0.000338
461    0.000308
462    0.000182
463    0.000297
464    0.000471
465    0.000357
466    0.000383
467    0.000582
468    0.000317
469    0.000411
470    0.000339
471    0.000263
472    0.000292
473    0.000300
474    0.000433
475    0.000344
476    0.000355
477    0.000299
478    0.000310
479    0.000336
480    0.000317
481    0.000359
482    0.000322
483    0.000368
484    0.000291
485    0.000273
486    0.000349
487    0.000256
488    0.000293
489    0.000328
490    0.000474
491    0.000138
492    0.000453
493    0.000345
494    0.000360
495    0.000429
496    0.000489
497    0.000303
498    0.000253
499    0.000297
500    0.000307
501    0.000265
502    0.000226
503    0.000391
504    0.000351
505    0.000267
506    0.000330
507    0.000319
508    0.000324
509    0.000424
510    0.000389
511    0.000303
512    0.000296
513    0.000194
514    0.000442
515    0.000354
516    0.000201
517    0.000326
518    0.000330
519    0.000215
520    0.000360
521    0.000236
522    0.000225
523    0.000298
524    0.000325
525    0.000275
526    0.000365
527    0.000347
528    0.000353
529    0.000249
530    0.000231
531    0.000260
532    0.000242
533    0.000278
534    0.000357
535    0.000331
536    0.000340
537    0.000426
538    0.000294
539    0.000285
540    0.000274
541    0.000251
542    0.000299
543    0.000355
544    0.000338
545    0.000238
546    0.000285
547    0.000421
548    0.000295
549    0.000328
550    0.000317
551    0.000378
552    0.000326
553    0.000357
554    0.000218
555    0.000263
556    0.000302
557    0.000190
558    0.000255
559    0.000335
560    0.000281
561    0.000316
562    0.000430
563    0.000202
564    0.000325
565    0.000232
566    0.000368
567    0.000271
568    0.000193
569    0.000383
570    0.000189
571    0.000162
572    0.000398
573    0.000233
574    0.000170
575    0.000328
576    0.000252
577    0.000124
578    0.000253
579    0.000261
580    0.000223
581    0.000346
582    0.000270
583    0.000189
584    0.000272
585    0.000280
586    0.000199
587    0.000245
588    0.000202
589    0.000351
590    0.000308
591    0.000292
592    0.000197
593    0.000293
594    0.000317
595    0.000284
596    0.000364
597    0.000472
598    0.000342
599    0.000231
600    0.000150
601    0.000221
602    0.000209
603    0.000233
604    0.000308
605    0.000227
606    0.000147
607    0.000194
608    0.000317
609    0.000250
610    0.000257
611    0.000520
612    0.000342
613    0.000169
614    0.000280
615    0.000242
616    0.000346
617    0.000201
618    0.000261
619    0.000226
620    0.000243
621    0.000225
622    0.000287
623    0.000326
624    0.000266
625    0.000208
626    0.000498
627    0.000286
628    0.000170
629    0.000359
630    0.000272
631    0.000215
632    0.000242
633    0.000281
634    0.000274
635    0.000272
636    0.000302
637    0.000320
638    0.000260
639    0.000320
640    0.000362
641    0.000240
642    0.000247
643    0.000254
644    0.000230
645    0.000219
646    0.000280
647    0.000250
648    0.000256
649    0.000327
650    0.000186
651    0.000251
652    0.000251
653    0.000258
654    0.000271
655    0.000254
656    0.000212
657    0.000440
658    0.000317
659    0.000238
660    0.000212
661    0.000307
662    0.000337
663    0.000239
664    0.000317
665    0.000194
666    0.000196
667    0.000266
668    0.000370
669    0.000256
670    0.000418
671    0.000192
672    0.000316
673    0.000202
674    0.000226
675    0.000235
676    0.000269
677    0.000213
678    0.000478
679    0.000268
680    0.000305
681    0.000173
682    0.000236
683    0.000301
684    0.000136
685    0.000315
686    0.000272
687    0.000248
688    0.000280
689    0.000351
690    0.000182
691    0.000214
692    0.000188
693    0.000390
694    0.000355
695    0.000207
696    0.000204
697    0.000235
698    0.000233
699    0.000282
700    0.000176
701    0.000161
702    0.000197
703    0.000217
704    0.000154
705    0.000236
706    0.000284
707    0.000217
708    0.000139
709    0.000203
710    0.000231
711    0.000208
712    0.000203
713    0.000286
714    0.000273
715    0.000208
716    0.000207
717    0.000355
718    0.000217
719    0.000239
720    0.000231
721    0.000224
722    0.000148
723    0.000256
724    0.000167
725    0.000207
726    0.000188
727    0.000212
728    0.000321
729    0.000266
730    0.000275
731    0.000414
732    0.000216
733    0.000192
734    0.000249
735    0.000203
736    0.000267
737    0.000223
738    0.000383
739    0.000221
740    0.000196
741    0.000232
742    0.000369
743    0.000200
744    0.000137
745    0.000236
746    0.000137
747    0.000215
748    0.000283
749    0.000151
750    0.000151
751    0.000280
752    0.000167
753    0.000237
754    0.000249
755    0.000195
756    0.000378
757    0.000164
758    0.000156
759    0.000187
760    0.000283
761    0.000280
762    0.000162
763    0.000233
764    0.000157
765    0.000227
766    0.000091
767    0.000198
768    0.000115
769    0.000116
770    0.000170
771    0.000283
772    0.000159
773    0.000232
774    0.000156
775    0.000210
776    0.000330
777    0.000234
778    0.000254
779    0.000258
780    0.000259
781    0.000143
782    0.000243
783    0.000171
784    0.000141
785    0.000259
786    0.000212
787    0.000247
788    0.000129
789    0.000240
790    0.000212
791    0.000273
792    0.000307
793    0.000175
794    0.000098
795    0.000182
796    0.000161
797    0.000142
798    0.000089
799    0.000061
800    0.000173
801    0.000174
802    0.000233
803    0.000261
804    0.000187
805    0.000191
806    0.000114
807    0.000260
808    0.000355
809    0.000163
810    0.000179
811    0.000310
812    0.000324
813    0.000116
814    0.000161
815    0.000152
816    0.000201
817    0.000516
818    0.000117
819    0.000144
820    0.000265
821    0.000284
822    0.000340
823    0.000155
824    0.000099
825    0.000563
