  1    0.017370
  2    0.026825
  3    0.011693
  4    0.044960
  5    0.192857
  6    0.057713
  7    0.014991
  8    0.025109
  9    0.016884
 10    0.007149
 11    0.004541
 12    0.012701
 13    0.007727
 14    0.010546
 15    0.008966
 16    0.006716
 17    0.005259
 18    0.005143
 19    0.005625
 20    0.003131
 21    0.003698
 22    0.002515
 23    0.004160
 24    0.003583
 25    0.003421
 26    0.003723
 27    0.005767
 28    0.006184
 29    0.004408
 30    0.004802
 31    0.006233
 32    0.005901
 33    0.003300
 34    0.004123
 35    0.003879
 36    0.003923
 37    0.002463
 38    0.003146
 39    0.003063
 40    0.003072
 41    0.003592
 42    0.002110
 43    0.001964
 44    0.003661
 45    0.002877
 46    0.001592
 47    0.002718
 48    0.003144
 49    0.003160
 50    0.001589
 51    0.002608
 52    0.002975
 53    0.003306
 54    0.002490
 55    0.001235
 56    0.001815
 57    0.001509
 58    0.001618
 59    0.001198
 60    0.002190
 61    0.002907
 62    0.001998
 63    0.001979
 64    0.001841
 65    0.002108
 66    0.002338
 67    0.001181
 68    0.001842
 69    0.002227
 70    0.000690
 71    0.001870
 72    0.001766
 73    0.002064
 74    0.001747
 75    0.002253
 76    0.001268
 77    0.001403
 78    0.001474
 79    0.002144
 80    0.001456
 81    0.001618
 82    0.001674
 83    0.001510
 84    0.002074
 85    0.001132
 86    0.001189
 87    0.001675
 88    0.001274
 89    0.001149
 90    0.001580
 91    0.001093
 92    0.001648
 93    0.001706
 94    0.001347
 95    0.001541
 96    0.001037
 97    0.000746
 98    0.001680
 99    0.001441
100    0.001403
101    0.000997
102    0.001801
103    0.001881
104    0.001640
105    0.001696
106    0.001321
107    0.001470
108    0.001106
109    0.001082
110    0.001365
111    0.001251
112    0.001214
113    0.001252
114    0.001249
115    0.000822
116    0.000938
117    0.001088
118    0.001392
119    0.001223
120    0.001017
121    0.001165
122    0.001388
123    0.001041
124    0.000872
125    0.000789
126    0.001036
127    0.001769
128    0.001457
129    0.000742
130    0.000691
131    0.000947
132    0.000816
133    0.001067
134    0.000702
135    0.001448
136    0.001189
137    0.001480
138    0.001040
139    0.001061
140    0.001078
141    0.001044
142    0.000801
143    0.001138
144    0.000788
145    0.000899
146    0.001290
147    0.000715
148    0.000728
149    0.001265
150    0.000897
151    0.000951
152    0.001013
153    0.000856
154    0.000833
155    0.001238
156    0.000672
157    0.000664
158    0.000612
159    0.000889
160    0.000856
161    0.001177
162    0.000680
163    0.000752
164    0.000729
165    0.000932
166    0.000532
167    0.001105
168    0.000672
169    0.000698
170    0.000576
171    0.000584
172    0.001184
173    0.000919
174    0.000635
175    0.001279
176    0.001032
177    0.000940
178    0.001064
179    0.000995
180    0.001023
181    0.001009
182    0.000954
183    0.000584
184    0.000955
185    0.000412
186    0.000654
187    0.001180
188    0.001162
189    0.001029
190    0.000894
191    0.001237
192    0.001265
193    0.000561
194    0.000925
195    0.000630
196    0.000461
197    0.000786
198    0.000880
199    0.001377
200    0.000919
201    0.000813
202    0.001185
203    0.000702
204    0.000494
205    0.000974
206    0.000781
207    0.000735
208    0.000773
209    0.000551
210    0.000744
211    0.000646
212    0.000865
213    0.000841
214    0.000596
215    0.000846
216    0.000726
217    0.000919
218    0.000676
219    0.000778
220    0.000672
221    0.000262
222    0.000755
223    0.000582
224    0.000558
225    0.000478
226    0.000710
227    0.000452
228    0.000559
229    0.000769
230    0.000237
231    0.000488
232    0.000609
233    0.000941
234    0.000745
235    0.000843
236    0.001270
237    0.000765
238    0.000521
239    0.000444
240    0.000655
241    0.000735
242    0.000631
243    0.000889
244    0.000708
245    0.000636
246    0.001051
247    0.000728
248    0.000503
249    0.000616
250    0.000627
251    0.000580
252    0.000493
253    0.000455
254    0.000472
255    0.000774
256    0.000336
257    0.001022
258    0.000480
259    0.000624
260    0.000689
261    0.000727
262    0.000443
263    0.000478
264    0.000600
265    0.000510
266    0.000478
267    0.000593
268    0.000446
269    0.000364
270    0.000527
271    0.000499
272    0.000538
273    0.000512
274    0.000690
275    0.000405
276    0.000622
277    0.000627
278    0.000687
279    0.000770
280    0.000376
281    0.000424
282    0.000478
283    0.000329
284    0.000632
285    0.000809
286    0.000649
287    0.000353
288    0.000593
289    0.000313
290    0.000336
291    0.000506
292    0.000647
293    0.000459
294    0.000629
295    0.000494
296    0.000540
297    0.000472
298    0.000347
299    0.000547
300    0.000467
301    0.000503
302    0.000363
303    0.000500
304    0.000438
305    0.000416
306    0.000625
307    0.000536
308    0.000583
309    0.000342
310    0.000620
311    0.000340
312    0.000538
313    0.000971
314    0.000411
315    0.000832
316    0.000400
317    0.000578
318    0.000345
319    0.000557
320    0.000571
321    0.000469
322    0.000567
323    0.000407
324    0.000465
325    0.000512
326    0.000665
327    0.000728
328    0.000528
329    0.000519
330    0.000692
331    0.000357
332    0.000560
333    0.000447
334    0.000516
335    0.000300
336    0.000750
337    0.000564
338    0.000457
339    0.000406
340    0.000436
341    0.000446
342    0.000661
343    0.000407
344    0.000409
345    0.000411
346    0.000668
347    0.000429
348    0.000430
349    0.000478
350    0.000451
351    0.000366
352    0.000504
353    0.000578
354    0.000380
355    0.000307
356    0.000423
357    0.000333
358    0.000317
359    0.000321
360    0.000428
361    0.000330
362    0.000524
363    0.000530
364    0.000464
365    0.000454
366    0.000496
367    0.000560
368    0.000498
369    0.000292
370    0.000343
371    0.000440
372    0.000915
373    0.000529
374    0.000532
375    0.000590
376    0.000445
377    0.000450
378    0.000382
379    0.000644
380    0.000431
381    0.000609
382    0.000425
383    0.000470
384    0.000384
385    0.000410
386    0.000194
387    0.000366
388    0.000382
389    0.000326
390    0.000297
391    0.000437
392    0.000407
393    0.000374
394    0.000441
395    0.000331
396    0.000191
397    0.000297
398    0.000378
399    0.000306
400    0.000272
401    0.000423
402    0.000426
403    0.000490
404    0.000410
405    0.000351
406    0.000465
407    0.000485
408    0.000313
409    0.000422
410    0.000513
411    0.000351
412    0.000454
413    0.000314
414    0.000307
415    0.000377
416    0.000244
417    0.000215
418    0.000318
419    0.000353
420    0.000425
421    0.000353
422    0.000212
423    0.000255
424    0.000369
425    0.000226
426    0.000413
427    0.000350
428    0.000203
429    0.000278
430    0.000196
431    0.000182
432    0.000357
433    0.000391
434    0.000145
435    0.000332
436    0.000361
437    0.000362
438    0.000328
439    0.000239
440    0.000341
441    0.000293
442    0.000493
443    0.000367
444    0.000393
445    0.000290
446    0.000309
447    0.000353
448    0.000363
449    0.000335
450    0.000457
451    0.000373
452    0.000434
453    0.000441
454    0.000403
455    0.000469
456    0.000326
457    0.000160
458    0.000300
459    0.000364
460    0.000418
461    0.000441
462    0.000269
463    0.000294
464    0.000377
465    0.000290
466    0.000388
467    0.000403
468    0.000409
469    0.000327
470    0.000282
471    0.000218
472    0.000363
473    0.000439
474    0.000327
475    0.000387
476    0.000306
477    0.000411
478    0.000516
479    0.000341
480    0.000240
481    0.000200
482    0.000290
483    0.000201
484    0.000335
485    0.000299
486    0.000357
487    0.000264
488    0.000322
489    0.000319
490    0.000270
491    0.000594
492    0.000317
493    0.000442
494    0.000296
495    0.000146
496    0.000253
497    0.000258
498    0.000379
499    0.000340
500    0.000341
501    0.000411
502    0.000231
503    0.000465
504    0.000318
505    0.000477
506    0.000288
507    0.000366
508    0.000204
509    0.000264
510    0.000262
511    0.000226
512    0.000326
513    0.000284
514    0.000428
515    0.000295
516    0.000354
517    0.000406
518    0.000254
519    0.000328
520    0.000231
521    0.000214
522    0.000162
523    0.000295
524    0.000284
525    0.000282
526    0.000232
527    0.000271
528    0.000308
529    0.000337
530    0.000362
531    0.000221
532    0.000346
533    0.000343
534    0.000241
535    0.000314
536    0.000278
537    0.000255
538    0.000237
539    0.000265
540    0.000252
541    0.000190
542    0.000348
543    0.000318
544    0.000239
545    0.000342
546    0.000297
547    0.000249
548    0.000344
549    0.000399
550    0.000285
551    0.000237
552    0.000254
553    0.000280
554    0.000215
555    0.000286
556    0.000260
557    0.000266
558    0.000193
559    0.000300
560    0.000395
561    0.000232
562    0.000269
563    0.000212
564    0.000173
565    0.000304
566    0.000342
567    0.000240
568    0.000222
569    0.000273
570    0.000252
571    0.000313
572    0.000219
573    0.000113
574    0.000221
575    0.000130
576    0.000383
577    0.000150
578    0.000292
579    0.000266
580    0.000284
581    0.000288
582    0.000289
583    0.000289
584    0.000227
585    0.000269
586    0.000180
587    0.000259
588    0.000202
589    0.000263
590    0.000169
591    0.000295
592    0.000227
593    0.000298
594    0.000163
595    0.000177
596    0.000221
597    0.000270
598    0.000203
599    0.000414
600    0.000235
601    0.000246
602    0.000292
603    0.000262
604    0.000173
605    0.000206
606    0.000309
607    0.000278
608    0.000344
609    0.000276
610    0.000417
611    0.000268
612    0.000259
613    0.000198
614    0.000140
615    0.000222
616    0.000342
617    0.000175
618    0.000217
619    0.000219
620    0.000280
621    0.000161
622    0.000150
623    0.000183
624    0.000262
625    0.000214
626    0.000179
627    0.000294
628    0.000222
629    0.000222
630    0.000445
631    0.000237
632    0.000177
633    0.000252
634    0.000246
635    0.000246
636    0.000229
637    0.000156
638    0.000211
639    0.000219
640    0.000213
641    0.000246
642    0.000268
643    0.000126
644    0.000394
645    0.000245
646    0.000204
647    0.000223
648    0.000233
649    0.000145
650    0.000228
651    0.000158
652    0.000270
653    0.000208
654    0.000190
655    0.000218
656    0.000218
657    0.000204
658    0.000272
659    0.000202
660    0.000248
661    0.000187
662    0.000286
663    0.000241
664    0.000175
665    0.000364
666    0.000348
667    0.000245
668    0.000312
669    0.000213
670    0.000203
671    0.000215
672    0.000251
673    0.000245
674    0.000140
675    0.000180
676    0.000257
677    0.000324
678    0.000262
679    0.000278
680    0.000305
681    0.000219
682    0.000212
683    0.000165
684    0.000266
685    0.000258
686    0.000479
687    0.000131
688    0.000228
689    0.000131
690    0.000216
691    0.000234
692    0.000271
693    0.000277
694    0.000155
695    0.000239
696    0.000150
697    0.000304
698    0.000213
699    0.000276
700    0.000191
701    0.000208
702    0.000196
703    0.000190
704    0.000185
705    0.000249
706    0.000324
707    0.000217
708    0.000255
709    0.000270
710    0.000219
711    0.000216
712    0.000282
713    0.000181
714    0.000139
715    0.000280
716    0.000242
717    0.000236
718    0.000106
719    0.000217
720    0.000247
721    0.000188
722    0.000212
723    0.000237
724    0.000197
725    0.000154
726    0.000138
727    0.000183
728    0.000235
729    0.000209
730    0.000248
731    0.000167
732    0.000139
733    0.000150
734    0.000289
735    0.000233
736    0.000184
737    0.000269
738    0.000187
739    0.000143
740    0.000205
741    0.000276
742    0.000173
743    0.000115
744    0.000251
745    0.000183
746    0.000141
747    0.000286
748    0.000163
749    0.000258
750    0.000217
751    0.000238
752    0.000256
753    0.000096
754    0.000237
755    0.000200
756    0.000276
757    0.000164
758    0.000160
759    0.000117
760    0.000198
761    0.000232
762    0.000165
763    0.000206
764    0.000225
765    0.000236
766    0.000164
767    0.000184
768    0.000232
769    0.000191
770    0.000187
771    0.000162
772    0.000138
773    0.000177
774    0.000207
775    0.000249
776    0.000227
777    0.000158
778    0.000149
779    0.000213
780    0.000157
781    0.000111
782    0.000226
783    0.000143
784    0.000191
785    0.000172
786    0.000182
787    0.000230
788    0.000125
789    0.000217
790    0.000217
791    0.000108
792    0.000059
793    0.000211
794    0.000255
795    0.000188
796    0.000302
797    0.000154
798    0.000108
799    0.000168
800    0.000191
801    0.000112
802    0.000305
803    0.000161
804    0.000202
805    0.000165
806    0.000206
807    0.000207
808    0.000142
809    0.000222
810    0.000115
811    0.000111
812    0.000157
813    0.000081
814    0.000184
815    0.000268
816    0.000113
817    0.000442
818    0.000100
819    0.000378
820    0.000320
821    0.000202
822    0.000317
823    0.000164
824    0.000085
825    0.000575
