 -0.054851
  0.120798
 -0.143552
 -0.008866
  0.972379
  0.005520
  0.079677
 -0.000303
  0.030096
  0.007087
  0.021562
  0.019105
  0.020487
 -0.016970
  0.035768
  0.024241
  0.005493
  0.021155
 -0.019038
 -0.012421
  0.011558
  0.007518
 -0.014518
 -0.009010
 -0.014542
 -0.020614
  0.016148
  0.025918
  0.023582
  0.018690
  0.008412
 -0.000091
 -0.002991
  0.011170
 -0.008304
 -0.005177
  0.006787
  0.002927
  0.011324
 -0.008022
 -0.005874
 -0.004522
  0.001873
  0.000694
 -0.001299
 -0.004236
 -0.002878
  0.000972
  0.006516
  0.000013
 -0.004545
 -0.006736
  0.000258
 -0.003465
  0.002204
  0.001672
 -0.000022
 -0.004205
  0.000333
  0.003273
  0.001383
 -0.001075
 -0.002873
  0.001428
  0.002473
  0.001081
 -0.000757
  0.001991
  0.003095
 -0.002673
 -0.002914
  0.000270
 -0.001046
 -0.002246
 -0.010410
 -0.003922
  0.000335
  0.003538
 -0.001699
 -0.001241
 -0.000761
  0.001059
 -0.001040
  0.001412
  0.004005
  0.001536
 -0.001972
  0.003012
  0.000914
  0.001413
 -0.000528
  0.003898
 -0.000189
  0.000227
 -0.004876
  0.002191
 -0.000186
  0.001010
 -0.000298
 -0.002946
  0.000449
 -0.001160
 -0.001343
  0.000571
  0.000875
 -0.002725
 -0.000466
 -0.000847
  0.003839
 -0.001305
  0.000101
  0.001586
  0.000092
  0.003443
  0.002162
  0.001220
  0.001498
  0.000326
 -0.003519
  0.000237
 -0.000648
 -0.000822
  0.001143
  0.000681
  0.001208
 -0.001599
  0.000253
 -0.000828
 -0.000521
  0.001778
 -0.001729
 -0.001317
 -0.001785
  0.000021
 -0.001127
 -0.001210
  0.000102
 -0.001317
 -0.001282
 -0.000025
 -0.000958
  0.002246
  0.001096
 -0.000450
 -0.000486
 -0.000399
 -0.000069
 -0.000298
  0.000433
  0.000524
  0.001531
 -0.001351
 -0.000540
  0.001685
 -0.002065
  0.000265
  0.000357
 -0.000002
  0.000122
 -0.000459
  0.000288
 -0.001580
 -0.000765
 -0.000496
  0.000994
  0.000334
 -0.001295
  0.001358
 -0.000331
 -0.000278
 -0.001977
  0.000110
 -0.003032
 -0.002592
  0.000087
 -0.000658
 -0.001328
  0.001071
 -0.001150
  0.000595
  0.000354
  0.002210
  0.000050
 -0.002470
 -0.000646
 -0.000935
 -0.000710
  0.000241
  0.000469
  0.001183
  0.001585
  0.001683
 -0.000826
  0.000362
  0.000514
 -0.000431
 -0.000610
 -0.000120
 -0.000863
  0.000765
  0.000013
  0.000199
 -0.001234
  0.000160
  0.000343
 -0.000166
  0.000173
 -0.001390
  0.001128
 -0.000412
 -0.000198
 -0.000565
 -0.000006
  0.000263
  0.000867
  0.000361
 -0.000927
 -0.001357
 -0.001266
  0.000601
 -0.001464
  0.000087
 -0.000254
 -0.000823
 -0.000382
 -0.001158
  0.000628
  0.000442
 -0.000561
 -0.000059
 -0.000500
 -0.000800
 -0.000517
  0.000257
 -0.000348
  0.000157
  0.000852
  0.000014
  0.000696
  0.000252
  0.001240
 -0.000079
 -0.000202
 -0.000847
  0.000386
 -0.000073
  0.000494
 -0.000131
  0.000309
 -0.000020
  0.000251
 -0.000345
 -0.000539
  0.000278
  0.000053
 -0.000032
 -0.000657
  0.000263
 -0.001706
 -0.000213
 -0.000457
  0.000659
  0.000052
  0.000098
  0.000264
 -0.000066
  0.000310
 -0.000578
 -0.001007
 -0.000045
 -0.000563
  0.001718
  0.000349
  0.000090
 -0.001115
 -0.000084
  0.000364
  0.000445
 -0.000020
 -0.001227
 -0.000666
  0.000242
 -0.000706
 -0.000620
  0.000575
  0.000024
  0.000238
  0.000606
 -0.000002
 -0.001307
  0.000521
  0.000577
  0.000283
 -0.000637
 -0.000543
  0.000275
 -0.001063
 -0.000262
  0.000685
 -0.000137
 -0.000052
  0.000421
  0.000988
 -0.000004
  0.000880
  0.000958
  0.000628
  0.000188
 -0.000577
  0.000969
 -0.000463
  0.000483
  0.000804
  0.000227
  0.000189
 -0.000069
 -0.000384
 -0.000393
 -0.000242
  0.000008
 -0.000563
 -0.000257
 -0.000599
  0.000026
  0.000182
  0.000049
  0.000195
 -0.001443
 -0.000450
  0.000787
 -0.000744
 -0.001305
 -0.001078
  0.000761
 -0.000035
 -0.000428
 -0.000192
 -0.002414
  0.000505
  0.000115
 -0.001695
  0.000102
  0.000899
 -0.000433
  0.000402
 -0.000036
 -0.002034
 -0.000639
  0.001903
 -0.000328
 -0.002776
  0.000757
 -0.000016
  0.000149
 -0.003205
  0.000436
  0.001029
 -0.001680
  0.000238
 -0.002092
  0.001037
  0.001092
 -0.000096
  0.001113
 -0.000877
 -0.002245
 -0.000365
  0.000359
  0.001096
 -0.000465
  0.001806
 -0.000502
  0.000161
 -0.000638
 -0.000018
  0.001262
  0.000369
  0.000078
  0.000599
  0.000976
 -0.000497
 -0.000142
 -0.000223
 -0.000210
 -0.000210
 -0.000572
 -0.000141
  0.000428
 -0.000511
 -0.000184
  0.000040
 -0.000542
 -0.000209
  0.000650
 -0.000809
  0.000554
  0.000351
  0.000793
  0.000403
 -0.001001
 -0.000418
 -0.000855
 -0.000123
  0.000688
  0.000368
  0.000243
 -0.000867
  0.000207
 -0.000660
  0.001668
  0.000718
 -0.000435
  0.000721
  0.000774
  0.000102
  0.000034
  0.001372
  0.000892
 -0.000101
 -0.001517
 -0.000517
  0.000717
 -0.000721
  0.000807
 -0.000203
 -0.001407
 -0.000435
 -0.000590
  0.000830
 -0.000186
  0.000030
  0.001513
 -0.000768
  0.000524
  0.000674
 -0.000836
 -0.000439
 -0.000263
 -0.000615
  0.000279
  0.000139
  0.000656
  0.000218
  0.000580
 -0.000006
 -0.000810
  0.000903
 -0.000067
  0.000398
  0.000084
  0.002006
 -0.000433
 -0.000282
  0.000637
  0.000893
  0.000192
 -0.000524
 -0.000314
 -0.000258
 -0.000043
 -0.001624
 -0.000301
  0.000583
  0.000125
  0.000623
  0.001285
 -0.000052
 -0.000107
 -0.000165
  0.000574
  0.000334
  0.000768
 -0.001121
 -0.000689
  0.001402
 -0.000725
  0.000342
 -0.000956
 -0.000699
  0.000058
  0.000154
 -0.000922
  0.000633
  0.000110
  0.000456
 -0.000712
  0.000226
 -0.001351
 -0.000852
 -0.000444
 -0.000201
  0.000109
  0.000340
  0.001202
 -0.000582
  0.000609
 -0.000405
  0.000110
  0.000208
 -0.000102
  0.000039
 -0.000191
  0.000060
  0.000303
  0.001370
  0.000128
  0.000728
 -0.000686
 -0.000386
  0.000881
 -0.000097
  0.000184
  0.000374
 -0.000278
 -0.000438
  0.000517
 -0.000012
  0.000303
  0.000074
 -0.000407
 -0.000094
  0.000270
  0.000630
 -0.000631
 -0.000049
  0.000678
  0.000012
 -0.000468
 -0.000082
  0.000881
  0.000950
  0.000567
  0.000607
 -0.000097
  0.000213
  0.000420
 -0.000122
  0.000307
 -0.000362
  0.000598
  0.000077
  0.000326
 -0.000557
  0.000069
  0.000092
  0.000407
 -0.000143
  0.000742
 -0.000117
 -0.000134
 -0.001340
 -0.000418
 -0.000618
  0.000952
  0.000020
 -0.000958
 -0.000001
 -0.000108
  0.000310
 -0.000111
  0.000142
  0.000552
 -0.000499
 -0.000107
  0.000427
 -0.000109
  0.000485
  0.000689
 -0.000396
  0.000566
 -0.000219
 -0.000017
 -0.000354
  0.000256
  0.000596
  0.000007
  0.000896
 -0.000469
 -0.000244
 -0.000100
  0.000169
  0.000326
 -0.000107
  0.000220
  0.000137
  0.000429
  0.000142
 -0.000068
  0.001154
  0.001111
 -0.001014
 -0.001040
  0.000415
 -0.000191
 -0.000274
  0.000364
 -0.000001
 -0.000532
  0.000885
 -0.000784
 -0.000796
 -0.000609
 -0.000444
 -0.000002
  0.001380
 -0.000319
 -0.000545
  0.000112
  0.000493
  0.000047
  0.000118
 -0.000718
 -0.000353
 -0.000405
  0.000627
 -0.000258
  0.000436
 -0.000349
 -0.000267
  0.000275
 -0.000077
 -0.000206
 -0.000083
  0.000124
 -0.001089
 -0.000149
  0.000409
  0.000162
  0.000703
 -0.000230
  0.000038
 -0.000160
 -0.000125
  0.000093
 -0.000228
 -0.000782
 -0.000068
 -0.000850
 -0.000880
 -0.000378
  0.001050
 -0.000793
 -0.000389
 -0.000156
 -0.000322
  0.000445
  0.001034
 -0.000701
  0.000268
  0.000935
 -0.000550
 -0.000966
 -0.000010
  0.000306
 -0.001285
 -0.000711
  0.001170
 -0.000614
 -0.000179
  0.000063
  0.000113
  0.000192
 -0.000208
 -0.000048
  0.000497
  0.000738
  0.000488
 -0.000387
  0.000747
  0.000521
  0.000002
 -0.000133
 -0.000310
 -0.000496
  0.000059
 -0.000030
  0.000462
 -0.000583
 -0.000330
  0.000536
  0.000354
 -0.001084
  0.000285
  0.000446
  0.000134
  0.000648
 -0.000671
  0.001244
 -0.000480
 -0.000159
 -0.000383
 -0.000303
 -0.000982
  0.000875
  0.000845
 -0.000141
 -0.000001
 -0.000619
  0.000119
 -0.000046
  0.000680
  0.000856
  0.000062
  0.000000
  0.000507
  0.000397
  0.000081
  0.000473
 -0.000949
 -0.000551
 -0.000229
 -0.000329
  0.000577
 -0.000292
  0.000625
 -0.000201
  0.000220
 -0.000155
 -0.000285
  0.000135
  0.000122
  0.001134
  0.000049
  0.000361
 -0.000513
  0.000063
 -0.000082
  0.000258
 -0.000624
 -0.000549
 -0.000367
  0.001164
  0.000536
 -0.000520
 -0.000131
  0.000365
 -0.000518
 -0.000839
  0.000226
 -0.000391
 -0.000060
  0.000181
 -0.000273
 -0.000043
  0.000706
  0.000431
  0.000087
  0.000001
  0.000735
  0.000716
 -0.000033
 -0.000351
 -0.001009
 -0.000659
  0.000163
  0.000119
  0.000421
  0.000005
  0.000762
  0.000997
 -0.000051
 -0.000084
  0.000080
 -0.000004
  0.000117
  0.000181
 -0.000689
 -0.000115
 -0.000629
 -0.000159
 -0.000476
  0.000230
 -0.000129
  0.000233
  0.000536
 -0.000009
 -0.000289
  0.000380
 -0.000127
 -0.000594
 -0.000052
  0.000045
  0.000034
  0.000014
 -0.000595
  0.000012
 -0.000222
  0.000257
 -0.000378
  0.000045
  0.000341
 -0.000175
 -0.000106
 -0.000078
  0.000630
  0.000217
 -0.000031
 -0.000220
  0.000122
  0.000052
 -0.000126
 -0.000268
 -0.000099
 -0.000228
 -0.000151
  0.000255
 -0.000060
  0.000010
  0.000110
 -0.000091
  0.000033
  0.000060
  0.000073
 -0.000186
 -0.000074
  0.000973
  0.000356
  0.000017
 -0.001281
  0.000072
  0.000169
  0.000481
 -0.000159
 -0.000047
 -0.000008
