  0.315694
 -0.151708
 -0.001437
  0.043436
  0.116274
 -0.007850
 -0.923353
 -0.011645
 -0.006438
 -0.024121
 -0.021211
 -0.032773
  0.016916
  0.016228
 -0.035181
  0.035865
 -0.011067
 -0.014702
  0.014930
 -0.000570
  0.000021
 -0.009005
  0.016133
  0.011746
  0.001083
  0.003251
 -0.011139
 -0.009723
 -0.017039
 -0.004115
 -0.003766
 -0.004556
 -0.002781
 -0.010710
  0.008043
  0.000162
  0.005007
  0.011276
 -0.009950
 -0.002207
 -0.006390
  0.003165
 -0.002414
  0.000758
 -0.001706
 -0.001582
  0.003426
  0.009714
  0.004776
  0.005737
 -0.002970
 -0.016026
  0.003240
 -0.000474
 -0.000514
 -0.000942
  0.005274
  0.000142
 -0.004162
  0.007336
 -0.001744
  0.000581
  0.000643
 -0.000849
  0.001269
  0.000399
 -0.001723
  0.002990
  0.007730
 -0.005291
 -0.000943
 -0.000658
  0.000750
  0.000937
  0.003506
 -0.008305
 -0.002551
  0.005133
  0.000585
 -0.001751
 -0.003588
  0.003304
 -0.000482
 -0.002519
 -0.011668
  0.000464
 -0.001262
  0.000510
 -0.002069
  0.001659
 -0.000799
 -0.003516
  0.000398
  0.001501
 -0.001164
  0.003230
  0.000041
  0.000031
 -0.001705
 -0.004548
 -0.000076
  0.001393
 -0.001068
  0.001314
 -0.000501
  0.004536
  0.001592
 -0.000008
  0.002058
 -0.000151
  0.000978
 -0.000182
  0.000147
  0.004499
  0.001831
  0.001141
 -0.000976
  0.001266
 -0.001546
 -0.000390
 -0.001507
 -0.001389
  0.002915
  0.001437
  0.001445
 -0.002455
 -0.001274
  0.001439
 -0.005213
  0.003228
 -0.000917
 -0.003283
 -0.002792
  0.002315
  0.000844
 -0.002121
  0.000314
  0.000754
 -0.001074
  0.000423
  0.001306
  0.004270
 -0.002695
 -0.003084
 -0.000148
 -0.002031
  0.000063
 -0.003456
 -0.000635
  0.004087
  0.000655
 -0.000407
 -0.004144
 -0.000700
  0.003405
 -0.001185
  0.002560
  0.000289
  0.001897
  0.000663
 -0.001467
  0.001726
 -0.000917
  0.000823
  0.000790
 -0.000177
  0.000748
  0.001697
  0.003921
  0.000318
  0.002269
 -0.001972
 -0.000163
 -0.000742
  0.000061
  0.001130
  0.000991
  0.001132
 -0.000013
 -0.001750
 -0.001480
 -0.000329
  0.001451
  0.002306
 -0.000888
 -0.000502
 -0.000314
 -0.000252
  0.000277
  0.001823
  0.001727
 -0.000810
  0.001488
  0.002854
 -0.000049
  0.000888
  0.001212
 -0.001686
 -0.001594
 -0.000401
  0.002119
  0.000570
  0.000111
  0.001137
 -0.000677
 -0.001633
 -0.000644
  0.000855
  0.000662
 -0.001974
 -0.000071
 -0.003277
 -0.000883
  0.000264
 -0.000083
  0.001401
 -0.000766
 -0.001278
 -0.000839
 -0.001334
 -0.001980
 -0.001309
  0.000343
 -0.000078
 -0.000599
 -0.000583
  0.001673
 -0.000121
  0.000163
  0.003677
 -0.000297
 -0.000746
  0.000260
  0.000742
 -0.001226
 -0.000780
  0.002496
  0.000425
  0.000258
 -0.000748
  0.000215
 -0.000174
  0.000481
 -0.001178
 -0.001379
 -0.000837
  0.001218
  0.000941
 -0.000371
  0.000979
  0.000199
 -0.000725
  0.000346
  0.002147
 -0.000790
 -0.000077
 -0.000990
 -0.000759
  0.000067
 -0.002360
 -0.001321
  0.001411
 -0.000671
 -0.000130
  0.000683
  0.000078
  0.000048
 -0.002468
 -0.001069
  0.000545
 -0.000498
  0.000257
 -0.000298
 -0.000659
  0.000257
  0.000665
  0.000445
  0.000649
  0.000944
 -0.001409
 -0.001090
  0.000744
  0.000162
  0.002175
  0.000023
 -0.000456
 -0.000459
 -0.000724
 -0.001962
 -0.000349
  0.000237
 -0.001180
  0.001466
  0.000504
 -0.000961
 -0.001479
 -0.002174
 -0.000292
  0.001882
  0.002651
  0.000349
  0.000020
 -0.000468
 -0.000907
  0.002537
 -0.001375
 -0.000092
 -0.000585
  0.000399
  0.000191
  0.000974
  0.000460
 -0.000254
 -0.000334
 -0.000448
  0.000045
 -0.000098
 -0.000431
 -0.000908
 -0.001511
 -0.000377
  0.000982
  0.000021
 -0.000175
 -0.000576
  0.000313
 -0.001640
 -0.001341
 -0.000919
  0.000537
  0.000251
  0.001305
 -0.001559
  0.000212
  0.000683
  0.000434
  0.001746
 -0.001800
  0.000971
  0.000364
 -0.000563
 -0.000104
  0.001060
  0.000023
  0.000277
  0.000456
 -0.001558
 -0.000920
  0.000737
 -0.000928
 -0.003843
  0.001011
 -0.000866
 -0.000733
 -0.004077
  0.002358
  0.001381
 -0.001017
 -0.000022
 -0.002374
  0.002063
  0.001683
 -0.000452
  0.002413
 -0.001125
 -0.002181
 -0.000586
 -0.000437
  0.001481
 -0.000027
  0.002345
 -0.000172
  0.001438
 -0.000462
  0.000313
  0.003214
  0.000272
  0.000051
 -0.000409
  0.001329
  0.000168
  0.000785
 -0.000525
  0.000545
 -0.000120
  0.000135
  0.000054
  0.002411
 -0.000208
 -0.000939
 -0.000138
  0.001158
  0.000868
  0.000613
  0.000412
  0.000839
  0.000280
 -0.001660
 -0.000033
  0.000245
 -0.000790
 -0.001546
 -0.000849
 -0.000437
 -0.001193
 -0.000310
  0.001233
  0.000065
  0.000134
  0.001320
 -0.000972
 -0.000259
 -0.000045
  0.000595
  0.000001
 -0.001656
 -0.000509
 -0.000766
 -0.001055
 -0.001340
 -0.000630
  0.000827
 -0.001409
  0.001013
  0.001581
 -0.001215
 -0.000031
 -0.000445
  0.000822
 -0.000564
  0.000719
  0.001451
 -0.001171
  0.001764
  0.000321
 -0.001270
 -0.000944
  0.000148
 -0.000343
 -0.000197
  0.000470
  0.000940
  0.000184
 -0.000050
  0.001504
 -0.001536
  0.000251
  0.001725
  0.000231
  0.000239
  0.000790
 -0.000113
  0.001496
  0.000281
 -0.000036
 -0.000557
 -0.000458
 -0.000880
 -0.000744
 -0.000769
 -0.000534
  0.000453
 -0.000603
 -0.000013
  0.000218
  0.001136
  0.002424
 -0.000128
 -0.000536
 -0.000963
  0.000387
  0.000926
 -0.000745
 -0.000963
  0.000326
 -0.000067
  0.000151
 -0.000764
  0.001105
 -0.000545
  0.000756
 -0.001583
 -0.001050
  0.000866
 -0.000666
 -0.000714
  0.000495
 -0.000194
  0.000559
 -0.000107
  0.000641
 -0.000134
  0.000116
 -0.000942
  0.000374
  0.000516
  0.000338
  0.000028
 -0.000180
 -0.000036
 -0.001253
 -0.001484
  0.000142
  0.000444
 -0.000516
  0.000222
  0.002270
 -0.000775
 -0.000481
 -0.001134
 -0.000889
  0.000246
  0.000224
  0.000039
 -0.000369
 -0.000046
  0.000127
 -0.000278
  0.000670
 -0.000221
  0.000840
 -0.000165
  0.000193
  0.000189
  0.000080
 -0.000475
  0.001020
  0.000875
  0.000484
 -0.001153
  0.000150
  0.000289
  0.000349
  0.000113
  0.000340
 -0.000095
  0.000215
  0.000259
  0.000636
 -0.000752
 -0.000289
  0.000204
 -0.000783
  0.000072
 -0.000338
 -0.000018
 -0.000446
  0.000432
 -0.000321
  0.000170
 -0.000769
  0.000274
 -0.000023
  0.001212
  0.000194
 -0.000478
  0.000031
 -0.000201
  0.000199
 -0.000346
 -0.000366
  0.000687
 -0.000826
 -0.000108
  0.000622
 -0.000019
  0.000818
  0.000894
 -0.000173
  0.000150
  0.000048
  0.000034
 -0.000638
  0.000272
 -0.000074
 -0.000115
  0.000487
  0.000480
 -0.000815
  0.000178
 -0.000217
 -0.000209
 -0.000235
 -0.000097
 -0.000348
 -0.000093
  0.000340
 -0.000029
  0.000808
 -0.000515
 -0.000912
  0.000523
  0.000081
 -0.000415
  0.000525
  0.000697
 -0.000492
  0.000003
  0.000193
 -0.000960
 -0.000297
  0.000671
 -0.000163
 -0.000395
 -0.000386
 -0.000685
  0.000630
 -0.000216
 -0.000331
 -0.000152
  0.000476
  0.000188
 -0.000231
 -0.000245
  0.000279
  0.000050
  0.000212
  0.000247
 -0.000259
 -0.000265
 -0.000163
 -0.000250
 -0.000330
 -0.000076
 -0.000373
 -0.000352
  0.000823
  0.000759
  0.000173
  0.000044
  0.000122
 -0.000320
 -0.000373
  0.000205
  0.000024
 -0.000796
 -0.000374
 -0.000797
 -0.000390
 -0.000179
  0.000276
 -0.000327
 -0.000117
 -0.000073
  0.000737
  0.000240
  0.000412
 -0.000827
  0.000486
  0.000219
 -0.000380
 -0.000297
 -0.000508
 -0.000089
 -0.002046
 -0.000715
  0.000688
  0.000671
  0.000460
  0.001345
  0.000267
 -0.000483
  0.000335
 -0.001095
 -0.000015
 -0.000151
 -0.000522
 -0.000305
  0.000339
  0.000656
  0.000232
 -0.000729
  0.000861
 -0.000609
 -0.000103
 -0.000146
  0.000323
 -0.000307
 -0.000798
 -0.000453
  0.000577
 -0.000043
  0.000559
 -0.000092
 -0.000039
  0.000759
 -0.000426
 -0.001261
  0.000765
  0.000383
  0.000384
 -0.000398
  0.000538
  0.002937
  0.000137
  0.000169
 -0.000586
 -0.000495
  0.000474
  0.000235
 -0.000298
  0.000808
  0.000233
 -0.000355
  0.000103
  0.000320
  0.000431
 -0.000411
  0.000118
 -0.000333
 -0.000628
 -0.000829
  0.000488
  0.000254
 -0.000298
  0.000233
 -0.000490
 -0.000244
 -0.000742
  0.000406
  0.000151
 -0.000669
  0.000509
 -0.000050
 -0.000236
 -0.000088
 -0.001206
  0.000591
 -0.000199
 -0.000389
  0.000336
 -0.001106
 -0.000236
  0.000129
  0.000408
 -0.000758
  0.000464
 -0.000100
  0.000026
 -0.001076
  0.000919
 -0.000097
 -0.000081
 -0.001500
  0.000595
  0.000043
 -0.000080
 -0.000699
  0.000187
 -0.000404
 -0.000181
  0.000287
  0.000609
 -0.000726
  0.000187
  0.000750
  0.000191
 -0.000138
  0.000595
 -0.000045
  0.000311
 -0.000099
  0.000652
 -0.000682
 -0.000234
  0.000239
 -0.001710
 -0.000055
 -0.000306
 -0.000260
 -0.000904
  0.000351
 -0.000204
  0.000048
  0.000335
 -0.000139
 -0.000440
  0.000765
 -0.000106
  0.000101
  0.000190
 -0.000147
  0.000274
 -0.000020
 -0.000514
  0.000121
  0.000544
  0.000002
 -0.000367
  0.001857
 -0.000215
 -0.000373
  0.000003
 -0.000280
  0.000264
  0.000524
  0.000005
 -0.000698
  0.000095
 -0.000141
 -0.000214
  0.000353
 -0.000710
  0.000164
 -0.000245
 -0.000487
  0.000042
 -0.000108
 -0.000058
  0.000400
 -0.000123
 -0.000308
  0.000008
 -0.000066
  0.000536
 -0.000442
  0.000067
 -0.000255
  0.000271
  0.000202
  0.000081
  0.000078
 -0.000099
 -0.000351
  0.000016
