 -0.179898
  0.048956
  0.008160
  0.063906
 -0.111648
  0.033203
  0.964903
 -0.060572
  0.012499
 -0.026063
  0.040924
  0.004718
 -0.023084
 -0.019818
  0.009318
 -0.012357
  0.043704
 -0.035855
  0.022047
  0.038093
  0.020832
  0.000815
 -0.001798
 -0.028582
  0.000557
  0.001714
  0.007722
 -0.000558
  0.003717
 -0.004790
  0.011618
 -0.005103
  0.016529
  0.000343
  0.003100
  0.002852
  0.011032
 -0.018578
  0.004292
  0.007549
  0.000427
  0.003097
  0.008047
 -0.000474
  0.002989
 -0.001909
  0.007810
 -0.000909
  0.016511
  0.002340
 -0.002765
 -0.000462
  0.001240
 -0.005857
 -0.007260
 -0.000267
  0.005699
 -0.003394
 -0.002060
  0.000050
 -0.000005
  0.000355
  0.001322
  0.002860
 -0.000667
  0.002759
  0.002639
 -0.002318
  0.001580
 -0.002421
  0.000791
  0.001552
 -0.003176
  0.004524
 -0.001334
 -0.001340
  0.002370
  0.000567
 -0.001651
  0.001090
  0.000019
 -0.003538
  0.000680
  0.004845
  0.000100
 -0.002059
  0.001778
  0.000124
  0.002439
  0.002981
  0.002547
  0.003296
 -0.001993
 -0.000883
 -0.001788
 -0.000129
 -0.001782
  0.001158
 -0.000905
  0.002745
  0.000417
  0.002039
  0.000293
  0.002208
  0.001361
  0.001763
  0.000744
  0.000521
 -0.001897
 -0.001359
 -0.001842
  0.000682
  0.000458
 -0.001947
  0.002056
  0.001694
 -0.002630
  0.001989
  0.001618
  0.001807
  0.001423
  0.002200
  0.002677
 -0.000052
  0.000809
  0.000405
 -0.004847
  0.003495
  0.001453
 -0.001171
 -0.000621
  0.002433
  0.000302
 -0.002829
  0.000308
 -0.000279
 -0.002749
  0.000176
 -0.000448
  0.000362
 -0.002761
 -0.000365
 -0.001895
  0.000278
 -0.001937
  0.001719
  0.002067
 -0.003156
  0.000217
 -0.000650
 -0.000706
  0.002405
  0.002035
  0.001088
 -0.003435
  0.002004
  0.002227
 -0.000691
 -0.003791
 -0.001795
  0.001582
 -0.004788
  0.000260
 -0.000112
  0.000649
  0.001950
 -0.003951
 -0.000543
 -0.001990
 -0.002419
 -0.000862
  0.000582
 -0.000648
 -0.000578
 -0.001220
  0.000221
 -0.001089
  0.000071
  0.000697
 -0.000223
  0.000230
  0.002100
 -0.000308
 -0.000800
  0.000604
  0.000335
 -0.000605
 -0.001081
  0.000642
 -0.000184
 -0.000085
 -0.001548
 -0.001105
 -0.000349
  0.000211
 -0.001379
  0.000068
 -0.000360
  0.003494
 -0.000509
  0.000465
 -0.000529
 -0.000844
 -0.001801
  0.000617
 -0.000370
  0.001439
 -0.000787
 -0.000062
 -0.002370
  0.000680
  0.001526
  0.000329
  0.000082
 -0.000588
 -0.001915
 -0.001004
 -0.000520
  0.002867
 -0.000761
  0.002609
 -0.000904
  0.000508
 -0.001290
  0.000179
  0.000014
  0.002225
 -0.000894
 -0.000744
  0.001211
 -0.001532
 -0.000270
 -0.000791
  0.000168
 -0.000178
  0.001207
 -0.001420
 -0.000955
 -0.000460
  0.000352
  0.001205
 -0.000364
 -0.000254
 -0.001537
  0.000641
 -0.000762
 -0.001060
 -0.000520
 -0.000376
  0.000476
 -0.000298
  0.000383
 -0.001072
 -0.000318
 -0.000001
  0.000410
  0.000155
  0.000057
 -0.000582
  0.000296
 -0.000039
  0.000465
 -0.001541
 -0.000880
 -0.000810
  0.001369
 -0.000795
  0.000970
 -0.000364
 -0.000268
 -0.001313
  0.000119
 -0.000182
  0.001666
  0.000972
 -0.001210
  0.000054
 -0.000232
  0.000186
  0.000426
 -0.000660
  0.001268
  0.003454
 -0.000755
 -0.001124
 -0.000048
 -0.002357
  0.000391
  0.001350
  0.001068
 -0.001519
 -0.000529
  0.001756
  0.000142
  0.000031
 -0.001073
 -0.000703
  0.000888
 -0.000356
  0.000510
  0.000429
  0.004246
 -0.001134
 -0.000021
  0.000906
  0.001520
  0.002444
 -0.001649
  0.000295
  0.001494
  0.001001
 -0.001510
 -0.000348
  0.000449
 -0.000364
 -0.001274
  0.001632
  0.000566
  0.000652
 -0.000901
 -0.001753
 -0.001332
  0.000786
  0.000884
  0.001306
  0.001419
  0.002564
 -0.000849
  0.000272
  0.000908
 -0.002125
  0.000912
 -0.000981
 -0.000222
  0.000206
 -0.000004
 -0.000788
  0.000083
  0.002766
 -0.003701
 -0.000130
  0.004899
  0.001727
 -0.002462
 -0.000956
 -0.002592
  0.000945
  0.001289
  0.001600
  0.002699
 -0.000208
  0.002508
  0.000749
 -0.000385
 -0.001283
 -0.002132
  0.000069
 -0.001263
  0.000362
  0.002141
 -0.003189
  0.000299
 -0.000792
  0.000480
  0.000542
  0.000417
 -0.001877
 -0.001078
  0.000076
  0.000174
  0.002085
  0.002937
 -0.001758
 -0.000069
 -0.000935
 -0.001680
  0.001684
  0.000657
  0.000675
  0.001178
 -0.001140
  0.000329
 -0.000848
  0.000454
 -0.000785
 -0.000424
  0.000367
 -0.000079
 -0.000376
 -0.001986
  0.001191
  0.000744
 -0.000259
  0.001091
  0.000294
 -0.000364
 -0.000729
 -0.000434
  0.000450
  0.000669
 -0.000765
 -0.001155
  0.000078
 -0.001467
 -0.000646
 -0.000538
 -0.000130
  0.000787
 -0.001437
  0.001071
 -0.001103
 -0.000127
  0.001454
  0.001417
 -0.000433
  0.000221
  0.000406
 -0.001957
 -0.001204
  0.001037
  0.000684
  0.000332
 -0.000498
 -0.001049
  0.000267
 -0.000375
 -0.000653
  0.001215
 -0.000222
  0.001124
 -0.000297
 -0.000595
 -0.001651
 -0.000824
 -0.000164
 -0.000413
  0.003400
  0.000921
  0.000412
  0.000749
  0.001533
  0.000618
 -0.000076
  0.001210
 -0.001042
 -0.000486
  0.000112
  0.001875
 -0.003356
  0.001442
  0.000165
  0.000116
 -0.002591
  0.001581
  0.000110
 -0.000204
  0.002336
 -0.001536
  0.001439
 -0.000106
 -0.000054
  0.000035
 -0.000480
  0.000417
 -0.000197
  0.000673
 -0.000673
  0.001018
  0.000960
  0.001618
 -0.001436
 -0.000337
 -0.001441
  0.000644
 -0.000750
  0.000579
 -0.000747
 -0.001825
  0.000232
 -0.000016
  0.000392
  0.001339
 -0.000789
  0.000533
  0.000925
 -0.000150
  0.000212
  0.000108
  0.001306
 -0.000002
  0.000215
 -0.000123
  0.001127
  0.000308
 -0.000312
 -0.000298
 -0.000286
  0.000427
  0.001417
 -0.000591
  0.000287
  0.000262
 -0.000826
  0.000802
  0.001047
 -0.000782
 -0.000552
 -0.000812
 -0.001333
  0.000479
  0.000103
  0.001450
  0.000100
 -0.000113
 -0.000776
  0.001862
 -0.000331
 -0.001626
  0.003645
 -0.000060
  0.001210
  0.000773
 -0.000304
 -0.000830
  0.000823
  0.001297
 -0.000433
  0.000526
  0.000274
  0.000183
 -0.000523
  0.000814
  0.002609
 -0.000389
  0.000853
 -0.001044
  0.000105
  0.000188
 -0.001330
  0.001130
 -0.000941
  0.000363
 -0.000629
 -0.000530
 -0.001324
  0.001662
  0.001021
 -0.000990
 -0.000478
 -0.000201
 -0.000511
  0.000260
 -0.000122
 -0.000309
  0.000132
  0.000290
 -0.000143
  0.000748
 -0.000780
 -0.000995
  0.000303
 -0.000159
  0.000103
 -0.000142
 -0.000041
  0.000034
 -0.000488
 -0.000328
  0.000421
 -0.000031
  0.000575
 -0.000168
  0.000066
  0.000464
 -0.000873
 -0.000870
  0.000569
  0.000106
  0.000296
  0.000199
  0.000277
  0.000912
 -0.000264
 -0.000142
 -0.000621
  0.000013
 -0.000541
 -0.000014
  0.000516
 -0.000857
 -0.000660
 -0.000117
 -0.000229
 -0.000572
  0.000776
  0.000166
 -0.000483
  0.000021
  0.000176
  0.000436
 -0.000012
 -0.000224
 -0.000013
 -0.000319
 -0.000860
 -0.000094
  0.000472
  0.000041
  0.000633
  0.000246
  0.000161
  0.000046
  0.000093
  0.000389
 -0.000010
  0.000236
  0.000150
  0.001063
  0.000442
  0.000217
 -0.000197
 -0.000920
 -0.000240
 -0.000412
 -0.000089
 -0.000346
  0.001323
 -0.000263
  0.000544
  0.000530
  0.000588
  0.000098
  0.000492
  0.000859
 -0.001043
  0.000350
 -0.000106
 -0.000271
 -0.000537
 -0.000639
  0.000612
 -0.000519
 -0.000431
 -0.000125
 -0.000255
 -0.000224
  0.000244
  0.000872
  0.001188
 -0.000205
 -0.000206
  0.000003
  0.000275
  0.000381
  0.000479
  0.000272
  0.000358
  0.001266
 -0.000302
 -0.000453
 -0.000233
  0.000143
  0.000502
  0.000033
 -0.000043
 -0.000290
  0.000267
 -0.000452
 -0.000011
 -0.000014
  0.000402
 -0.000495
 -0.000247
 -0.000045
 -0.000606
  0.000030
 -0.001303
 -0.000135
  0.000589
 -0.001382
 -0.000113
 -0.000805
  0.000296
  0.000003
 -0.000334
  0.000253
 -0.000057
 -0.000143
  0.001558
 -0.000513
  0.001015
 -0.000192
  0.000048
 -0.001195
  0.000276
  0.000193
 -0.000561
 -0.000208
  0.000875
  0.000164
  0.000145
  0.000355
 -0.000661
 -0.000690
 -0.000464
 -0.000842
  0.001416
 -0.001365
 -0.000482
  0.000938
  0.000175
 -0.000201
  0.000016
  0.000279
  0.001478
 -0.000503
 -0.000897
 -0.000828
 -0.000587
 -0.000398
  0.001619
  0.000330
 -0.000302
  0.000139
 -0.000166
  0.000594
  0.000478
  0.000202
 -0.000725
 -0.000374
 -0.002049
 -0.001729
  0.000125
 -0.000997
 -0.000428
  0.000053
 -0.000078
  0.000598
  0.000873
 -0.000101
 -0.000716
  0.000042
 -0.000307
  0.001269
  0.000294
 -0.000253
  0.000487
 -0.000093
  0.000780
 -0.000454
  0.000288
 -0.000190
 -0.000384
 -0.000163
 -0.000460
 -0.000991
  0.000157
 -0.000839
  0.000329
 -0.000748
  0.000329
 -0.000177
  0.000493
  0.000204
 -0.000186
  0.000020
  0.001440
  0.000191
 -0.000494
  0.000374
  0.001447
  0.000466
  0.000041
 -0.000738
  0.000787
 -0.000022
  0.000041
  0.000294
  0.000117
  0.000282
 -0.000072
 -0.000246
  0.000310
  0.001037
  0.000068
 -0.000001
  0.000160
  0.000202
  0.000331
 -0.002451
 -0.000447
  0.000012
  0.000043
  0.000790
 -0.000920
  0.000250
  0.000174
  0.000112
 -0.000543
  0.000864
 -0.000044
  0.000388
  0.000304
 -0.000586
 -0.000050
 -0.000050
  0.000217
  0.000133
  0.000286
 -0.000164
 -0.000168
 -0.000032
  0.000104
 -0.000024
 -0.000068
  0.000067
  0.000106
  0.000027
 -0.000152
 -0.000357
 -0.000096
  0.000220
  0.000164
  0.000194
  0.000072
