  1    0.077496
  2    0.042805
  3    0.036539
  4    0.101858
  5    0.026059
  6    0.021492
  7    0.021078
  8    0.015868
  9    0.011350
 10    0.022212
 11    0.003778
 12    0.021197
 13    0.017008
 14    0.005953
 15    0.004608
 16    0.003948
 17    0.001560
 18    0.010451
 19    0.005672
 20    0.005133
 21    0.003605
 22    0.007121
 23    0.005989
 24    0.013882
 25    0.001478
 26    0.007822
 27    0.001745
 28    0.005539
 29    0.007265
 30    0.007031
 31    0.006601
 32    0.004479
 33    0.001963
 34    0.005535
 35    0.001325
 36    0.002929
 37    0.003559
 38    0.003354
 39    0.005627
 40    0.003813
 41    0.003295
 42    0.003650
 43    0.007769
 44    0.004588
 45    0.003225
 46    0.002983
 47    0.002672
 48    0.003428
 49    0.002722
 50    0.002018
 51    0.004563
 52    0.001237
 53    0.001912
 54    0.004097
 55    0.002194
 56    0.003372
 57    0.002589
 58    0.001855
 59    0.004355
 60    0.001942
 61    0.003100
 62    0.002708
 63    0.002060
 64    0.001724
 65    0.001921
 66    0.001524
 67    0.002496
 68    0.002212
 69    0.001902
 70    0.001082
 71    0.001521
 72    0.002282
 73    0.000762
 74    0.001256
 75    0.001100
 76    0.002712
 77    0.001121
 78    0.000863
 79    0.000653
 80    0.001367
 81    0.001320
 82    0.000507
 83    0.001965
 84    0.001603
 85    0.001650
 86    0.001164
 87    0.000643
 88    0.001494
 89    0.001377
 90    0.002990
 91    0.001590
 92    0.000808
 93    0.000803
 94    0.001647
 95    0.001046
 96    0.001471
 97    0.000781
 98    0.001751
 99    0.001662
100    0.001197
101    0.001393
102    0.000831
103    0.001326
104    0.000993
105    0.001461
106    0.002981
107    0.001417
108    0.001049
109    0.000830
110    0.000661
111    0.002792
112    0.003378
113    0.002796
114    0.001985
115    0.000969
116    0.001894
117    0.001756
118    0.000955
119    0.001473
120    0.000353
121    0.001312
122    0.000726
123    0.000918
124    0.000595
125    0.001265
126    0.000434
127    0.001558
128    0.001617
129    0.002779
130    0.000941
131    0.001193
132    0.000756
133    0.000855
134    0.000708
135    0.001832
136    0.000502
137    0.001516
138    0.001035
139    0.001052
140    0.001419
141    0.001093
142    0.000938
143    0.000962
144    0.000980
145    0.000703
146    0.000557
147    0.000572
148    0.001056
149    0.000965
150    0.000530
151    0.000481
152    0.000966
153    0.000654
154    0.001117
155    0.000856
156    0.001044
157    0.000828
158    0.000991
159    0.001431
160    0.000538
161    0.001090
162    0.000609
163    0.000987
164    0.000561
165    0.001116
166    0.001253
167    0.001268
168    0.001613
169    0.000557
170    0.000736
171    0.000839
172    0.000768
173    0.000762
174    0.001150
175    0.001067
176    0.001099
177    0.001297
178    0.000803
179    0.000516
180    0.000825
181    0.000832
182    0.000570
183    0.000543
184    0.000673
185    0.000973
186    0.000320
187    0.000711
188    0.000926
189    0.000803
190    0.000646
191    0.000245
192    0.000816
193    0.000218
194    0.001069
195    0.000686
196    0.000721
197    0.000549
198    0.001532
199    0.000951
200    0.000519
201    0.001188
202    0.000651
203    0.000514
204    0.000330
205    0.000589
206    0.000827
207    0.000515
208    0.001013
209    0.000709
210    0.000669
211    0.001001
212    0.000403
213    0.000369
214    0.000464
215    0.000274
216    0.000853
217    0.000510
218    0.000710
219    0.000957
220    0.000350
221    0.000813
222    0.000659
223    0.000610
224    0.000440
225    0.000426
226    0.000291
227    0.000599
228    0.000585
229    0.000347
230    0.000579
231    0.000282
232    0.000755
233    0.000829
234    0.000285
235    0.000649
236    0.000441
237    0.000751
238    0.000667
239    0.000662
240    0.000712
241    0.000384
242    0.000639
243    0.000685
244    0.000782
245    0.000507
246    0.000677
247    0.000168
248    0.000892
249    0.000632
250    0.000352
251    0.000644
252    0.000498
253    0.000328
254    0.000730
255    0.000327
256    0.000698
257    0.000488
258    0.000420
259    0.000497
260    0.001004
261    0.000313
262    0.000523
263    0.000601
264    0.000759
265    0.000509
266    0.000412
267    0.000394
268    0.000595
269    0.000663
270    0.000724
271    0.000594
272    0.000609
273    0.000382
274    0.000578
275    0.000959
276    0.000856
277    0.000470
278    0.000764
279    0.000683
280    0.000419
281    0.000523
282    0.000602
283    0.000869
284    0.000295
285    0.000642
286    0.000373
287    0.000689
288    0.000195
289    0.000367
290    0.000543
291    0.000425
292    0.000625
293    0.000961
294    0.000270
295    0.000423
296    0.000536
297    0.000610
298    0.000601
299    0.001030
300    0.000659
301    0.000554
302    0.000693
303    0.000234
304    0.000403
305    0.000359
306    0.000261
307    0.000395
308    0.000407
309    0.000407
310    0.000361
311    0.000466
312    0.000580
313    0.000485
314    0.000391
315    0.000536
316    0.000627
317    0.000380
318    0.000348
319    0.000956
320    0.000504
321    0.000446
322    0.000519
323    0.000287
324    0.000360
325    0.000389
326    0.000807
327    0.000463
328    0.000337
329    0.000400
330    0.000421
331    0.000550
332    0.000530
333    0.000586
334    0.000495
335    0.000374
336    0.000291
337    0.000367
338    0.000398
339    0.000765
340    0.000563
341    0.000355
342    0.000394
343    0.000607
344    0.000429
345    0.000391
346    0.000358
347    0.000362
348    0.000217
349    0.000569
350    0.000610
351    0.000838
352    0.000417
353    0.000700
354    0.000411
355    0.000301
356    0.000548
357    0.000428
358    0.000418
359    0.000408
360    0.000690
361    0.000529
362    0.000504
363    0.000329
364    0.000451
365    0.000523
366    0.000335
367    0.000427
368    0.000240
369    0.000777
370    0.000500
371    0.000286
372    0.000318
373    0.000398
374    0.000424
375    0.000543
376    0.000296
377    0.000264
378    0.000466
379    0.000429
380    0.000420
381    0.000325
382    0.000303
383    0.000415
384    0.000385
385    0.000666
386    0.000479
387    0.001067
388    0.000406
389    0.000692
390    0.000377
391    0.000374
392    0.000696
393    0.000277
394    0.000361
395    0.000404
396    0.000590
397    0.000402
398    0.000302
399    0.000195
400    0.000228
401    0.000577
402    0.000358
403    0.000505
404    0.000355
405    0.000417
406    0.000559
407    0.000377
408    0.000491
409    0.000334
410    0.000547
411    0.000220
412    0.000326
413    0.000673
414    0.000370
415    0.000266
416    0.000312
417    0.000219
418    0.000153
419    0.000774
420    0.000426
421    0.000405
422    0.000271
423    0.000235
424    0.000384
425    0.000171
426    0.000514
427    0.000400
428    0.000435
429    0.000171
430    0.000226
431    0.000158
432    0.000352
433    0.000460
434    0.000421
435    0.000364
436    0.000441
437    0.000352
438    0.000394
439    0.000243
440    0.000452
441    0.000123
442    0.000271
443    0.000408
444    0.000158
445    0.000632
446    0.000335
447    0.000431
448    0.000164
449    0.000192
450    0.000645
451    0.000485
452    0.000330
453    0.000312
454    0.000334
455    0.000167
456    0.000360
457    0.000407
458    0.000395
459    0.000406
460    0.000117
461    0.000421
462    0.000319
463    0.000334
464    0.000220
465    0.000126
466    0.000204
467    0.000166
468    0.000290
469    0.000606
470    0.000278
471    0.000251
472    0.000212
473    0.000239
474    0.000330
475    0.000263
476    0.000305
477    0.000338
478    0.000210
479    0.000261
480    0.000291
481    0.000401
482    0.000329
483    0.000146
484    0.000419
485    0.000247
486    0.000187
487    0.000160
488    0.000206
489    0.000342
490    0.000438
491    0.000278
492    0.000466
493    0.000386
494    0.000385
495    0.000402
496    0.000358
497    0.000369
498    0.000303
499    0.000286
500    0.000354
501    0.000273
502    0.000157
503    0.000386
504    0.000210
505    0.000469
506    0.000459
507    0.000531
508    0.000248
509    0.000439
510    0.000551
511    0.000545
512    0.000270
513    0.000388
514    0.000211
515    0.000337
516    0.000197
517    0.000459
518    0.000316
519    0.000413
520    0.000140
521    0.000591
522    0.000180
523    0.000277
524    0.000155
525    0.000115
526    0.000458
527    0.000194
528    0.000242
529    0.000464
530    0.000294
531    0.000381
532    0.000250
533    0.000240
534    0.000393
535    0.000220
536    0.000311
537    0.000308
538    0.000208
539    0.000238
540    0.000350
541    0.000327
542    0.000184
543    0.000299
544    0.000350
545    0.000384
546    0.000251
547    0.000297
548    0.000250
549    0.000213
550    0.000129
551    0.000160
552    0.000390
553    0.000249
554    0.000217
555    0.000495
556    0.000139
557    0.000263
558    0.000335
559    0.000175
560    0.000162
561    0.000420
562    0.000211
563    0.000146
564    0.000204
565    0.000187
566    0.000176
567    0.000303
568    0.000303
569    0.000205
570    0.000330
571    0.000162
572    0.000128
573    0.000297
574    0.000254
575    0.000656
576    0.000200
577    0.000351
578    0.000222
579    0.000093
580    0.000179
581    0.000358
582    0.000131
583    0.000259
584    0.000195
585    0.000143
586    0.000191
587    0.000087
588    0.000248
589    0.000182
590    0.000153
591    0.000224
592    0.000176
593    0.000269
594    0.000180
595    0.000138
596    0.000206
597    0.000095
598    0.000369
599    0.000388
600    0.000266
601    0.000234
602    0.000292
603    0.000229
604    0.000329
605    0.000292
606    0.000170
607    0.000136
608    0.000170
609    0.000261
610    0.000426
611    0.000206
612    0.000159
613    0.000146
614    0.000155
615    0.000249
616    0.000172
617    0.000334
618    0.000117
619    0.000245
620    0.000258
621    0.000309
622    0.000269
623    0.000206
624    0.000135
625    0.000195
626    0.000420
627    0.000230
628    0.000302
629    0.000167
630    0.000198
631    0.000294
632    0.000252
633    0.000295
634    0.000331
635    0.000192
636    0.000322
637    0.000157
638    0.000302
639    0.000262
640    0.000309
641    0.000301
642    0.000311
643    0.000323
644    0.000108
645    0.000238
646    0.000180
647    0.000178
648    0.000247
649    0.000273
650    0.000293
651    0.000197
652    0.000112
653    0.000253
654    0.000241
655    0.000227
656    0.000191
657    0.000190
658    0.000219
659    0.000090
660    0.000182
661    0.000215
662    0.000172
663    0.000474
664    0.000253
665    0.000200
666    0.000175
667    0.000282
668    0.000190
669    0.000228
670    0.000270
671    0.000162
672    0.000228
673    0.000171
674    0.000181
675    0.000187
676    0.000149
677    0.000317
678    0.000295
679    0.000450
680    0.000487
681    0.000376
682    0.000252
683    0.000172
684    0.000204
685    0.000114
686    0.000260
687    0.000253
688    0.000134
689    0.000295
690    0.000128
691    0.000143
692    0.000105
693    0.000088
694    0.000225
695    0.000065
696    0.000174
697    0.000223
698    0.000189
699    0.000258
700    0.000199
701    0.000221
702    0.000233
703    0.000321
704    0.000075
705    0.000203
706    0.000227
707    0.000230
708    0.000359
709    0.000162
710    0.000090
711    0.000201
712    0.000257
713    0.000173
714    0.000162
715    0.000174
716    0.000117
717    0.000273
718    0.000241
719    0.000107
720    0.000160
721    0.000143
722    0.000283
723    0.000295
724    0.000369
725    0.000289
726    0.000333
727    0.000281
728    0.000093
729    0.000160
730    0.000297
731    0.000219
732    0.000296
733    0.000217
734    0.000277
735    0.000117
736    0.000123
737    0.000280
738    0.000221
739    0.000133
740    0.000239
741    0.000117
742    0.000331
743    0.000129
744    0.000219
745    0.000327
746    0.000288
747    0.000057
748    0.000142
749    0.000228
750    0.000289
751    0.000123
752    0.000202
753    0.000303
754    0.000166
755    0.000189
756    0.000155
757    0.000220
758    0.000296
759    0.000146
760    0.000307
761    0.000095
762    0.000205
763    0.000129
764    0.000170
765    0.000141
766    0.000200
767    0.000182
768    0.000161
769    0.000145
770    0.000147
771    0.000247
772    0.000122
773    0.000154
774    0.000211
775    0.000278
776    0.000099
777    0.000251
778    0.000164
779    0.000099
780    0.000115
781    0.000056
782    0.000219
783    0.000297
784    0.000147
785    0.000204
786    0.000196
787    0.000102
788    0.000231
789    0.000172
790    0.000096
791    0.000173
792    0.000112
793    0.000248
794    0.000123
795    0.000220
796    0.000087
797    0.000094
798    0.000111
799    0.000221
800    0.000048
801    0.000075
802    0.000160
803    0.000167
804    0.000089
805    0.000062
806    0.000168
807    0.000128
808    0.000192
809    0.000137
810    0.000139
811    0.000073
812    0.000186
813    0.000128
814    0.000103
815    0.000110
816    0.000084
817    0.000169
818    0.000332
819    0.000267
820    0.000144
821    0.000098
822    0.000230
823    0.000331
824    0.000087
825    0.000591
