           7  0.39156995474565609        8.7781130439000684E-005
           8  0.37686514096647927        1.6050302736822454E-004
           9  0.20463533308216131        3.0780169211715695E-004
          10  0.36029825237062274        4.4598288648446319E-004
          11  0.30442523053069021        5.2675305335401937E-004
          12  0.29806763018167470        6.7454556241032027E-004
          13  0.14860177285883766        8.1291196271938678E-004
          14  0.36792869915907617        8.7271594862335807E-004
          15  0.53396283136838185        9.0713597567907529E-004
          16  0.24832341044945655        9.9943900511173197E-004
          17  0.28768204473337489        1.0293761909278402E-003
          18  0.22536614434888194        1.0942828212909736E-003
          19  0.18859858698248019        1.1556019386149662E-003
          20  0.19227543555907356        1.2653425147868432E-003
          21  0.16364094951175376        1.3308847047135395E-003
          22  0.29118407950178049        1.4646591042662982E-003
          23  0.42627695760487633        1.5103599751740261E-003
          24  0.37065094354395295        1.5805279880892233E-003
          25  0.13015385608035338        1.7139338555682353E-003
          26  0.33061210185196949        1.7868099904621417E-003
          27  0.28924926699850839        1.9224755176582805E-003
          28  0.49113621003890762        1.9541558682912422E-003
          29  0.32958332566020665        2.0753823573642768E-003
          30  0.32900802770720183        2.3217633114931127E-003
          31  0.43683322707256300        2.5840706050792809E-003
          32  0.42378351342089160        2.7310065086913488E-003
          33  0.46840947914485209        2.8579724315829771E-003
          34  0.51314199128557536        3.0001769452455106E-003
          35  0.43893391405078791        3.0388095258317475E-003
          36  0.38660472006701685        3.1621614378008144E-003
          37  0.50386714472407246        3.3067496673867187E-003
          38  0.29677439523949911        3.4228356446690633E-003
          39  0.58144510815871464        3.5399930518392000E-003
          40  0.39860941742974643        3.8082183344669285E-003
          41  0.61282862298998420        3.8270804101713418E-003
          42  0.27828391372735972        3.9878822666265714E-003
          43  0.43318894551270054        4.0686436332375486E-003
          44  0.54295266388751895        4.2856903816069439E-003
          45  0.45886122100743287        4.3864239002694740E-003
          46  0.55225288760068525        4.5073824167886738E-003
          47  0.49247262845072221        4.7229369737390317E-003
          48  0.57694609054738288        4.8039139824778898E-003
          49  0.12790639017828176        4.8525893444843144E-003
          50  0.57657303781095670        5.0219016934687213E-003
          51  0.49075746959667349        5.1168972424155065E-003
          52  0.47573665401307363        5.2903939879658298E-003
          53  0.50921745729118417        5.4471478573833972E-003
          54  0.50303706102399581        5.5093095871224561E-003
          55  0.59853247214537730        5.5724340435974766E-003
          56  0.41083639198662147        5.6897444784475967E-003
          57  0.55089959236743591        5.8478989088847520E-003
          58  0.57902769004716115        6.0009806524934399E-003
          59  0.46285136587356368        6.1717872928922128E-003
          60  0.57701938898203398        6.2884529994421757E-003
          61  0.58681268232221839        6.4569392672791919E-003
          62  0.54161147465330128        6.5102832602995158E-003
          63  0.53328977822741175        6.7337907944770483E-003
          64  0.52809806327563369        6.9265439043305248E-003
          65  0.51520404289373778        7.0807396997663091E-003
          66  0.40434259544888568        7.2656056994985568E-003
          67  0.49773929020287216        7.4378710127854433E-003
          68  0.56239017521165580        7.5159452469241439E-003
          69  0.51166795406159460        7.5850789952395543E-003
          70  0.56914043976938489        7.8981383240532901E-003
          71  0.24287025813890725        8.0311186567516794E-003
          72  0.35215921463569683        8.1221386287512361E-003
          73  0.44097429355151757        8.1299672705628569E-003
          74  0.45081304596837196        8.3383998456935532E-003
          75  0.47190787554346508        8.5682919595460733E-003
          76  0.41390514360204378        8.6614515167853876E-003
          77  0.52544021233073412        8.8833364860302095E-003
          78  0.66003324377771910        9.1154187314788637E-003
          79  0.41733859271782758        9.2638119205963251E-003
          80  0.43334340278235156        9.5019932658211709E-003
          81  0.50233051905554760        9.7099768646905886E-003
          82  0.51790360003935998        9.8036757028356174E-003
          83  0.49604029206664468        1.0005646017300730E-002
          84  0.47691073883326957        1.0113792990380666E-002
          85  0.54950666528793879        1.0269654923594088E-002
          86  0.54849155567118080        1.0323645796169938E-002
          87  0.54256328661261344        1.0411451519658277E-002
          88  0.43059063863965791        1.0567837640123508E-002
          89  0.51151462319476004        1.0738974832454982E-002
          90  0.21768407571042789        1.1016189470560576E-002
          91  0.23644629958951782        1.1048762455930531E-002
          92  0.37118959732256629        1.1139413130208903E-002
          93  0.35627751514137423        1.1254889285536904E-002
          94  0.55998413762803134        1.1501868476453795E-002
          95  0.48963493333416530        1.1710273054250099E-002
          96  0.49267842714634813        1.1785580744995590E-002
          97  0.53203951071133226        1.2055718925470962E-002
          98  0.46242678591958680        1.2157065821921657E-002
          99  0.59974840433171428        1.2355554329350666E-002
         100  0.47060130384162918        1.2555739460970525E-002
         101  0.34820238368730255        1.2709653287444025E-002
         102  0.42206213448578311        1.2836355995644160E-002
         103  0.46295849023065438        1.3293373058935425E-002
         104  0.51426553761691984        1.3375858221147665E-002
         105  0.44084436503205804        1.3413163384640584E-002
         106  0.47730865024795444        1.3654024848100596E-002
         107  0.47050716507651308        1.3847878986705418E-002
         108  0.37927590918046167        1.3956924404002003E-002
         109  0.45634613585772243        1.4049675919682618E-002
         110  0.55308311188018633        1.4307957747323300E-002
         111  0.49192669756060547        1.4406484382836482E-002
         112  0.45620551258000730        1.4676461536501373E-002
         113  0.59978235708855310        1.4689442518468114E-002
         114  0.43704215201134428        1.4926231351721787E-002
         115  0.54476917117151735        1.5032601702134715E-002
         116  0.55046738334826384        1.5128035372490273E-002
         117  0.46700980995355218        1.5313002022690926E-002
         118  0.39838900056036547        1.5437572371271666E-002
         119  0.50514015808501211        1.5678213178183492E-002
         120  0.57176466214412913        1.5721394953171135E-002
         121  0.53854952868811379        1.5793731647602862E-002
         122  0.42745662357936764        1.6102651297596585E-002
         123  0.60168628226414045        1.6226336591805508E-002
         124  0.54844701316447830        1.6307919672705867E-002
         125  0.36880659800323912        1.6368790572408028E-002
         126  0.43019066138043577        1.6491048315525041E-002
         127  0.33409266102689283        1.6528469158445993E-002
         128  0.52840137452537783        1.6646370705205367E-002
         129  0.33682116882936403        1.6687393370300653E-002
         130  0.49391256608171646        1.7030214534617949E-002
         131  0.59936541926840181        1.7131486529599428E-002
         132  0.43905059043234218        1.7210649513556612E-002
         133  0.47218186774641202        1.7308286425763167E-002
         134  0.44918645034750415        1.7556232065748172E-002
         135  0.21960895148812815        1.7711289401397823E-002
         136  0.50232625079319015        1.7847205839084775E-002
         137  0.49095639134663854        1.7950360351710045E-002
         138  0.58297160151891447        1.8193505704593483E-002
         139  0.52676597132252367        1.8337818501472723E-002
         140  0.47909300160310397        1.8540570788524380E-002
         141  0.41826382336309892        1.8613926107122009E-002
         142  0.49023479726151903        1.8745780166577533E-002
         143  0.51568165265337607        1.8879214641614881E-002
         144  0.47067135478542876        1.9001553987471019E-002
         145  0.44256232920054250        1.9272464164062652E-002
         146  0.52120660798764773        1.9406626082164511E-002
         147  0.50555260666575308        1.9559766345613065E-002
         148  0.61854088389094664        1.9671996995842111E-002
         149  0.44633310855695074        1.9804384346441505E-002
         150  0.44499776684265313        1.9889749465664065E-002
         151  0.54568412169181080        2.0110908529824393E-002
         152  0.43538668836946681        2.0148220645791366E-002
         153  0.53737455671644863        2.0342204483992838E-002
         154  0.41416299462397943        2.0425435691939210E-002
         155  0.50351419945372200        2.0570562309366054E-002
         156  0.52751994284185388        2.0768540584186750E-002
         157  0.53566410356162664        2.0827660757242111E-002
         158  0.54180200644678267        2.0964314598550055E-002
         159  0.51924324399702004        2.1128756035853687E-002
         160  0.56569172677781143        2.1331685827009509E-002
         161  0.31954681585126110        2.1390530684016567E-002
         162  0.55113032850199606        2.1476307005124453E-002
         163  0.55704794615009590        2.1535137323701953E-002
         164  0.54525189335425295        2.1842563913999507E-002
         165  0.35068161283455801        2.1982871561934035E-002
         166  0.31439599294905674        2.2077897550509755E-002
         167  0.31604414729717650        2.2271537134280959E-002
         168  0.62911604293076151        2.2308307677562381E-002
         169  0.49735939990257760        2.2537639422092932E-002
         170  0.38809910864406744        2.2662471726108826E-002
         171  0.46483054961468828        2.2731717003567912E-002
         172  0.57758814916991086        2.2827097540846015E-002
         173  0.57983258410865435        2.3073311918873445E-002
         174  0.43645161231974561        2.3108181131733574E-002
         175  0.56378331717761521        2.3238012954466460E-002
         176  0.53267847357120224        2.3333195150112743E-002
         177  0.56349465534286580        2.3564043655664675E-002
         178  0.62627982354959422        2.3744251085739375E-002
         179  0.60022884042765789        2.3800636003009676E-002
         180  0.55259710126727501        2.3841538717753859E-002
         181  0.53180626785635843        2.4062862968248857E-002
         182  0.42318517398703615        2.4294569371297668E-002
         183  0.57350766966813826        2.4483648148964542E-002
         184  0.57237816476065129        2.4550163812183876E-002
         185  0.56700489488750794        2.4777313724251064E-002
         186  0.51604867366243712        2.4869855273792794E-002
         187  0.50369383004483825        2.4959794459976488E-002
         188  0.32028157583244649        2.5126539538377578E-002
         189  0.46910776424033984        2.5334107683327493E-002
         190  0.56382274126107423        2.5399930370776130E-002
         191  0.44406733814949156        2.5645593032885695E-002
         192  0.47100453792759389        2.5768502176357851E-002
         193  0.47808576944685721        2.5876783613742849E-002
         194  0.47968908664572696        2.6079264132057498E-002
         195  0.46377286765396453        2.6270701937754791E-002
         196  0.33465411134083595        2.6455942331410992E-002
         197  0.56975907066455234        2.6743060869234198E-002
         198  0.52318519263967889        2.6855569653174132E-002
         199  0.44639547808010843        2.6922782503667093E-002
         200  0.56545162265687610        2.7253006691173816E-002
         201  0.56225510943697576        2.7395858994190277E-002
         202  0.36187139392220230        2.7494365031878274E-002
         203  0.55021039925775406        2.7572506052506513E-002
         204  0.55725018501925638        2.7731777795456904E-002
         205  0.50016820150037433        2.7890519713256887E-002
         206  0.46949221726630730        2.8023411543912285E-002
         207  0.58976686486549645        2.8283754829334162E-002
         208  0.51332474614765156        2.8326918592984363E-002
         209  0.55792539005114217        2.8407334448469206E-002
         210  0.52992746878764152        2.8568467820595262E-002
         211  0.55688674205734301        2.8661797308507278E-002
         212  0.38947730159157434        2.8838395410472874E-002
         213  0.51798877523634590        2.9112400849351475E-002
         214  0.37393087712012241        2.9374059117247001E-002
         215  0.40457587852213728        2.9466779780942500E-002
         216  0.50610964366005873        2.9665991688654775E-002
         217  0.55365687061236246        2.9865585341540390E-002
         218  0.55797418862204085        2.9995707329089214E-002
         219  0.51962142202842598        3.0245085254940240E-002
         220  0.52744173676956119        3.0298988345297571E-002
         221  0.25704930778181068        3.0463035064094344E-002
         222  0.49874080743648624        3.0548777263881961E-002
         223  0.50938909764865536        3.0837777019085348E-002
         224  0.41508771995036686        3.0926156988412657E-002
         225  0.43454199255733572        3.1120511517186662E-002
         226  0.46339349488719012        3.1254201635954840E-002
         227  0.54536094671565016        3.1416082956387349E-002
         228  0.56411376096679955        3.1658955010184057E-002
         229  0.55025942451631205        3.1823522839282421E-002
         230  0.50101893214741466        3.2020665284229054E-002
         231  0.43401938146371694        3.2126921954586128E-002
         232  0.47183608806843519        3.2348996034454298E-002
         233  0.48098447881669809        3.2525992565309823E-002
         234  0.42599036591615480        3.2782037033714011E-002
         235  0.49797542324046262        3.2990698940406141E-002
         236  0.50823464237399019        3.3105042229160518E-002
         237  0.54282272381015373        3.3243994557445262E-002
         238  0.51218701075103890        3.3330921065724571E-002
         239  0.53814121420531080        3.3454209185279464E-002
         240  0.51162049313869440        3.3769253437461025E-002
         241  0.44825144640590919        3.3903950206533161E-002
         242  0.45865164787035140        3.4161135001220803E-002
         243  0.37805848341968556        3.4232715135886140E-002
         244  0.58079609034667934        3.4596836936714621E-002
         245  0.52010936762821725        3.4687358343395133E-002
         246  0.56264806432576986        3.4868263343923518E-002
         247  0.46290851033247848        3.4934204306750899E-002
         248  0.42718544885833543        3.5082979516165159E-002
         249  0.44212070895844424        3.5130947056093424E-002
         250  0.42990392149289747        3.5480592470712294E-002
         251  0.38608608116186099        3.5587975787949755E-002
         252  0.52020018188778328        3.5760480216132921E-002
         253  0.48559549180653888        3.6065017372164818E-002
         254  0.58571739330354766        3.6201753836979815E-002
         255  0.39564173125949847        3.6328387062720957E-002
         256  0.24551412347410023        3.6457969920573187E-002
         257  0.50694391178699727        3.6544057107897480E-002
         258  0.47278690939426216        3.6735990790866285E-002
         259  0.56135805524658178        3.7225081342805263E-002
         260  0.45031750204572490        3.7341904620302159E-002
         261  0.48919751077003898        3.7375307198925255E-002
         262  0.51763046704617810        3.7797899474334234E-002
         263  0.51329140454705879        3.7927374122693959E-002
         264  0.47979836768659806        3.8080191793651186E-002
         265  0.44602272251180486        3.8312374364789778E-002
         266  0.48200736722909343        3.8366617726179601E-002
         267  0.53657269280245068        3.8432737918195882E-002
         268  0.42415756901092894        3.8664793651281622E-002
         269  0.47768733305332439        3.8971637604310883E-002
         270  0.54909267630985026        3.9183341175031340E-002
         271  0.47580527214201584        3.9247206724063829E-002
         272  0.51256489046208820        3.9459197416866348E-002
         273  0.44491166170419311        3.9699114873110959E-002
         274  0.49669111961852491        3.9943621418627652E-002
         275  0.57069177564580409        4.0018174742770390E-002
         276  0.45342165855010580        4.0220476912942643E-002
         277  0.40465854882468039        4.0452363481355211E-002
         278  0.40928143928235389        4.0715617566907988E-002
         279  0.55507283945390606        4.0833402397161850E-002
         280  0.58150783496381364        4.1063998512074457E-002
         281  0.23136990123365386        4.1217657478036199E-002
         282  0.52012579361291422        4.1267473900974662E-002
         283  0.35975239008525062        4.1517686893883611E-002
         284  0.57442465073730475        4.1667412533569662E-002
         285  0.52974351055921765        4.1935119605814440E-002
         286  0.57240848015831314        4.2246267527566987E-002
         287  0.49211194691667054        4.2451601004853484E-002
         288  0.28763257619339211        4.2548929282577821E-002
         289  0.49511220554653051        4.2681338219621341E-002
         290  0.52542817512085638        4.2886523508060881E-002
         291  0.47216494908378531        4.2920990423304897E-002
         292  0.54889372708324224        4.2963006900622817E-002
         293  0.14568842186181291        4.3305784968038587E-002
         294  0.48534729495354129        4.3672765407225478E-002
         295  0.55908127812057784        4.3866633020576244E-002
         296  0.42959312052409077        4.4017404059562150E-002
         297  0.19273885745400485        4.4409067595016095E-002
         298  0.45917165700448148        4.4589731000863476E-002
         299  0.55091911999913279        4.4704624640140862E-002
         300  0.46430924156785064        4.4904249550675998E-002
         301  0.43867194719896707        4.5073305221848020E-002
         302  0.41255393542052204        4.5340434680218630E-002
         303  0.35943908518363393        4.5490499601039548E-002
         304  0.50130357370024314        4.5629041742735625E-002
         305  0.39985527779639363        4.5792067914819358E-002
         306  0.42125047490303646        4.5900068871558015E-002
         307  0.46727827528025456        4.6161494340143938E-002
         308  0.45381277204388698        4.6296415137051510E-002
         309  0.50180006614021533        4.6437040488737050E-002
         310  0.46447697106698921        4.6581535150871822E-002
         311  0.43958364171846476        4.6839294228644371E-002
         312  0.19235567308915666        4.6960505787965387E-002
         313  0.43593563716265876        4.7164802777625962E-002
         314  0.48441057538532256        4.7242823421196907E-002
         315  0.39756592807195285        4.7491164242544980E-002
         316  0.50413132216641554        4.7702760997202304E-002
         317  0.45809713075780928        4.7957134918947576E-002
         318  0.43690935061706321        4.8208470725474226E-002
         319  0.49888959170488306        4.8426440960245974E-002
         320  0.41591224593347542        4.8721934034331130E-002
         321  0.51940182380717059        4.8829876025787755E-002
         322  0.41603946393005620        4.8890226331757013E-002
         323  0.51357651316771513        4.9366469479273485E-002
         324  0.51469065072970355        4.9498421428262468E-002
         325  0.48188798831596014        4.9818747394254743E-002
         326  0.27115555632031957        5.0185165719777915E-002
         327  0.45627593895333618        5.0515361935861647E-002
         328  0.37224641207263515        5.0682140097705101E-002
         329  0.49154253436464940        5.0960691150039268E-002
         330  0.42704382844673555        5.1092609710350491E-002
         331  0.33646877944766879        5.1394755146069997E-002
         332  0.48238588624802520        5.1814365907643885E-002
         333  0.35443220216777621        5.1965417194861828E-002
         334  0.53870885390483614        5.2240973465059293E-002
         335  0.40483683790395220        5.2398900328278923E-002
         336  0.50341845413278441        5.2472472936173048E-002
         337  0.33668761161978256        5.2700613743112489E-002
         338  0.24630613351714103        5.3185855108319517E-002
         339  0.29470495793046020        5.3353894703793751E-002
         340  0.44589002792362081        5.3497383864713526E-002
         341  0.48971644019719429        5.3878790865625414E-002
         342  0.26184046698754276        5.4040464952380504E-002
         343  0.48524908134688566        5.4394293619902050E-002
         344  0.30006110457915047        5.5196197404480320E-002
         345  0.38632934433840188        5.5447910633202639E-002
         346  0.41809232945469516        5.5948844766737664E-002
         347  0.43313067402845462        5.6368651709940480E-002
         348  0.36441333688160643        5.6511215603431642E-002
         349  0.38384506585282163        5.7141768079682985E-002
         350  0.19692665639354162        5.7689315665420474E-002
         351  0.29852645375375364        5.8117337026517224E-002
         352  0.36822280867538726        5.8299275777594833E-002
         353  0.34000978707899160        5.9026824799601259E-002
         354  0.41663211184643512        5.9463760578983824E-002
         355  0.34464923238684497        5.9738578516403809E-002
         356  0.37611257575673263        6.0138136409855263E-002
         357  0.34864473506637694        6.0938284277904257E-002
         358  0.32999176158805926        6.1167420388997591E-002
         359  0.34522406896390373        6.1556879058139578E-002
         360  0.27030444723970898        6.1920137881128302E-002
         361  0.33134861224263740        6.2962803701681599E-002
         362  0.36773472158097514        6.3008101361058499E-002
         363  0.32650497183454363        6.3421133855578710E-002
         364  0.35565647202167716        6.3806540360300437E-002
         365   7.7786594438436218E-002   6.4009842726278035E-002
         366  0.39308226537450042        6.4526125544231885E-002
         367  0.26077221268002443        6.5667135964110251E-002
         368  0.40432538062283407        6.6092555965373972E-002
         369  0.45861887246961397        6.6573356934705619E-002
         370  0.24466324745421661        6.6933768294849011E-002
         371  0.26595048452335102        6.7813792642722207E-002
         372  0.30788017912911569        6.7912526105809251E-002
         373  0.13378148625495090        6.8414555820265940E-002
         374  0.27590423394277841        6.8596805270231528E-002
         375  0.30339573530090058        6.9166141453539220E-002
         376  0.29648144375568064        7.0384655714311128E-002
         377  0.33622129745151419        7.0769073090035245E-002
         378  0.21401728924118749        7.1104082124721649E-002
         379  0.37805513454130041        7.1356585130748662E-002
         380  0.21708838632374314        7.2391778662123249E-002
         381  0.11174527945349436        7.3023289010216610E-002
         382  0.32392642816489070        7.3631585594451057E-002
         383  0.33259578226651693        7.4348467582617164E-002
         384  0.10802875903545514        7.4687136987438535E-002
         385   7.5919698738146926E-002   7.4845392455788071E-002
         386  0.19452958724222846        7.5889221473712715E-002
         387   9.4358079585621035E-002   7.7361342997835550E-002
         388  0.32491078693386366        7.8700915856063133E-002
         389   8.7097661841161036E-002   7.8942542608889207E-002
         390  0.25205538057679217        8.0108652800430807E-002
         391  0.29050861068503769        8.0680997785256406E-002
         392  0.26310451216019298        8.1263752277080520E-002
         393   6.3928230850099216E-002   8.2295743195570981E-002
         394  0.26241975042724519        8.3153329468310624E-002
         395  0.15743554941000090        8.4914150621678147E-002
         396   2.9384962460072744E-002   8.7159907069477169E-002
         397  0.10913447952362688        8.7691104782554818E-002
         398  0.24405568785369605        8.8610826372214166E-002
         399  0.18136670956287712        9.1130604416037000E-002
         400  0.23030033130586630        9.1478236927369089E-002
         401   9.2678926451733687E-002   9.2652417755147015E-002
         402  0.21835764842074601        9.4118918998830986E-002
         403  0.16930592396671387        9.5126572740370577E-002
         404  0.13009114576029832        9.7525216872104914E-002
         405  0.13678343767275988        9.8055225455523573E-002
         406  0.24750853142864240        9.9075569398807836E-002
         407  0.19214620567176091       0.10271181641567921     
         408   8.8084634837627032E-002  0.10388819757607624     
         409  0.24346698229743444       0.10592981393548562     
         410  0.23654692221577589       0.10645849949523072     
         411  0.26933320395846616       0.10725564918428113     
         412  0.13366773084923814       0.10809695548669609     
         413  0.26811609376183071       0.10841687539147966     
         414  0.17819521031638563       0.10995812717115686     
         415  0.23698946024110532       0.11084561107177326     
         416  0.26534080063348708       0.11135557348862950     
         417  0.29482320763360209       0.11161413406097848     
         418  0.31588182574348939       0.11365167907859459     
         419  0.20308964207480465       0.11583840467242458     
         420  0.23376960086137144       0.11700790053625536     
         421  0.26763760318798757       0.11789162629816853     
         422   9.9624190253491063E-002  0.11898239959453985     
         423  0.20555894039001363       0.12066126473385502     
         424  0.25519021765847799       0.12258959940776827     
         425  0.20327007324592355       0.12444559740355574     
         426   3.8061499089114888E-002  0.12454262053485922     
         427  0.16485294947533360       0.12556079650081683     
         428  0.24881658331497314       0.12797693920668793     
         429  0.18143176739280592       0.12884079017650771     
         430  0.11433237523546556       0.13020367406465305     
         431  0.17646302170535624       0.13140709160517089     
         432  0.19668006956831866       0.13330523802986677     
         433  0.24933767878843546       0.13350466656046495     
         434  0.29094037720443361       0.13515119559894750     
         435  0.19394320251182895       0.13997810897019833     
         436   2.9558005926341221E-002  0.14009448139949013     
         437   7.1779209337583832E-002  0.14049029408048971     
         438  0.20453739393343293       0.14140567773341969     
         439   8.2448839085871820E-002  0.14319346685410961     
         440   8.1159113279260425E-002  0.14477277282164602     
         441  0.28070196247871487       0.14577580608239235     
         442  0.22625873598480475       0.14651527946019985     
         443  0.16487498024774322       0.14895484898416728     
         444   1.5789393332725186E-002  0.15226843275269872     
         445  0.10916572418738486       0.15246886373419563     
         446   7.0072630378220091E-002  0.15403395963574157     
         447  0.11652391354280395       0.15795278532601240     
         448  0.27601995126370238       0.15882904534048425     
         449   5.6743674123793920E-002  0.15915379691982914     
         450  0.16981351425137142       0.16312187816338070     
         451   9.8234370270065499E-002  0.16456380991652866     
         452   2.9356950058294660E-002  0.16529251171364565     
         453  0.29206310623617787       0.16677204034513901     
         454  0.27118709113382566       0.16838109291393905     
         455   5.5667859042086230E-002  0.16868193638701121     
         456  0.11483424878599273       0.16961311969919982     
         457   2.0316197964457036E-002  0.17012719773322624     
         458  0.10807588406836166       0.17037633950650324     
         459  0.16340202287024611       0.17290162480426449     
         460  0.13111001014150592       0.17321682823601003     
         461  0.19331555046051538       0.17450694791770210     
         462  0.17217685416457229       0.17561597638759752     
         463  0.20338835660807783       0.17690266744273758     
         464   2.2731671139343542E-002  0.17693700217190589     
         465  0.12072377255932076       0.17994724126702114     
         466  0.10923583109191502       0.18071965940447909     
         467  0.21638223375080726       0.18251931343598871     
         468  0.16902113260831403       0.18339703069303467     
         469  0.18449758692273063       0.18538583155022281     
         470  0.12529068118059566       0.18854826361425300     
         471   1.2598752809930655E-002  0.18885140222589153     
         472   8.7287157838378801E-002  0.18971822088550769     
         473  0.11117187801883460       0.18986827999903449     
         474  0.17806815264483572       0.19049324066364828     
         475  0.13406241147758571       0.19198802376270557     
         476  0.15891620229695991       0.19706517638176926     
         477  0.25281567561049406       0.19801310246614809     
         478  0.11806924079902084       0.19897151716824946     
         479  0.12576630186587004       0.19988633695460287     
         480   9.4671092357347178E-002  0.20045800352563936     
         481  0.21350087423114736       0.20091172554945425     
         482   6.8237492609409464E-002  0.20207174544524417     
         483  0.14855063014648667       0.20224676924367418     
         484  0.16511443335544013       0.20494571333139461     
         485   7.6514015905592342E-002  0.20639659742678210     
         486  0.10547421095324452       0.20989835148274771     
         487   4.8213172828558727E-002  0.21206749173777337     
         488  0.19669485077223772       0.21402380216493902     
         489  0.17222523615871851       0.21874202426977238     
         490  0.11091616702809726       0.21940319267891464     
         491  0.20587324392129958       0.21974198110018980     
         492   3.5025844087368987E-002  0.22109692082486831     
         493  0.25711172087048728       0.22302332463813695     
         494   1.3597914546885900E-002  0.22346970953400769     
         495  0.19675990606185537       0.22448954530439627     
         496   5.2818939156822349E-002  0.22511118898501387     
         497  0.16736217610916457       0.22750845181788379     
         498   8.6245112075758981E-002  0.22870664844751890     
         499  0.10620088380669544       0.22929504796999575     
         500   4.0149629117100266E-002  0.23061105857230746     
         501   3.4388727008335847E-002  0.23232073722850285     
         502  0.26163790342370652       0.23360988949738587     
         503   5.8119906734217124E-002  0.23404122832653898     
         504   4.9141198489299431E-002  0.23644483868317701     
         505  0.21967857004692459       0.23696276466624597     
         506   5.3230620529942055E-002  0.23720662482529972     
         507   6.8020228615409906E-002  0.23834941568197640     
         508   8.4454302453478985E-002  0.23945948267262510     
         509   6.6557195491218121E-002  0.24010711804314025     
         510  0.12982344711984431       0.24154381347663814     
         511   2.8469395408255008E-002  0.24331404962980463     
         512   7.4013745505853240E-002  0.24440070788293239     
         513  0.22240936878483583       0.24481266966054493     
         514  0.13846723616750917       0.24791964494296531     
         515  0.15490535481369783       0.25313325766349559     
         516   1.8580357413054749E-002  0.25335383175848575     
         517  0.16514908960663913       0.25437010658544457     
         518  0.15125160754337283       0.25909468859500973     
         519  0.14107739642137956       0.26164711049064848     
         520  0.15669860612102007       0.26376432450299681     
         521   4.6028421281217993E-002  0.27024989778644187     
         522  0.14923372461169765       0.27365340962791351     
         523   2.0213932660971955E-002  0.27855389457566709     
         524   9.2230864776186791E-002  0.28307842091233165     
         525  0.10842553455269918       0.28416963243544069     
         526   3.6191759456538415E-002  0.28459691748862770     
         527  0.12169093020106034       0.28546331954519616     
         528   6.5375828232065433E-002  0.28854843114775669     
         529   9.7131749488997471E-002  0.29196935108518557     
         530   4.3571865544805591E-002  0.29259494087421817     
         531   7.5734812613307750E-002  0.29379067564007205     
         532   7.5343838699954868E-002  0.29474645123329118     
         533  0.17199286369968669       0.29527168310156993     
         534  0.14162617704235633       0.29811021233661283     
         535   2.9486818142677014E-002  0.30027943473276680     
         536   2.6263109160244862E-002  0.30055741766379424     
         537   4.1754293074008894E-002  0.30457046693977408     
         538  0.12499071023492814       0.30935917268185037     
         539   7.2156971185978885E-002  0.31295532940529719     
         540   8.2803224173546769E-002  0.31356894728642659     
         541   4.9928744923167255E-002  0.31845112026830169     
         542   3.5088505272396708E-002  0.32011282394618629     
         543  0.10565838650879521       0.32228456186175192     
         544   1.8303960852344522E-002  0.32885878144739772     
         545   4.5459502383800400E-002  0.33783640410216181     
         546   6.7171880173467466E-002  0.34365121819665068     
         547  0.13111085294181077       0.34467124129280763     
         548  0.11021405247707383       0.35457887781154285     
         549   8.5448111182024722E-002  0.36540768439277982     
         550   5.8191258562989574E-002  0.36828305330063221     
         551   9.4748622024680762E-002  0.37070490823674407     
         552   4.8475867555044724E-002  0.37214353110643039     
         553   1.7911312366731099E-002  0.37381082110340952     
         554   3.4990767734814590E-002  0.37842913074647122     
         555   7.3394813979779247E-002  0.40544004081665275     
         556   6.0791961880157473E-002  0.41473220778702852     
         557   6.1438284715845545E-002  0.43037692774232134     
         558   3.1296286494532151E-002  0.43180650493644240     
         559   4.1527197569532145E-002  0.49104569170678541     
         560   2.7280248657565186E-002  0.86521123575482251     
         561   2.1574461777187855E-002  0.90649455319166417     
         562   2.4799284663461749E-002  0.92375300309788666     
         563   3.3855235126164264E-002  0.96209582303112118     
         564   3.2966554609888413E-002  0.96278024831318376     
         565   1.7348573325004467E-002  0.98292308867097000     
         566   2.4926815219538961E-002   1.0132292311517621     
         567   3.3265109516019589E-002   1.0299339051717742     
         568   1.9933768502204133E-002   1.0586637134849521     
         569   4.5812156766093778E-002   1.0641603466184517     
         570   2.6955049531843436E-002   1.0699141072707976     
         571   3.1145312421894590E-002   1.0751251327559086     
         572   2.5032253199773653E-002   1.1222265084987488     
         573   2.3289460852863004E-002   1.1235892483352465     
         574   2.7589345970362274E-002   1.1596202651735086     
         575   2.6825410721173271E-002   1.1607984862644172     
         576   1.9300755294416553E-002   1.1740076883783326     
         577   3.2379008246024882E-002   1.1838399162116409     
         578   1.4592279298065513E-002   1.2525235186200416     
         579   2.0311299538095951E-002   1.2567336708345809     
         580   1.7029799009855909E-002   1.2677350946804309     
         581   1.8460411870247238E-002   1.2725856888629197     
         582   2.8663741390170819E-002   1.2726828268800776     
         583   1.4706678589063436E-002   1.2790162901350099     
         584   1.5742742623903756E-002   1.2849598829459465     
         585   1.4006153137464684E-002   1.3021285412665136     
         586   3.6122958801042791E-002   1.3551964451318135     
         587   1.9403499578798639E-002   1.3585912546592769     
         588   3.4255656949028740E-002   1.3698363723132629     
         589   1.9365622527047821E-002   1.3728394084176032     
         590   2.5234061397195657E-002   1.3734828660502958     
         591   1.4465798318910959E-002   1.3858326531434706     
         592   3.7480712984465370E-002   1.3962726908662151     
         593   1.9124082236506523E-002   1.4317912369505275     
         594   1.1286482950721861E-002   1.4334337745149377     
         595   1.4282907114325869E-002   1.4605361478206103     
         596   2.1411014759575683E-002   1.4689431071778161     
         597   3.3462692314055777E-002   1.4881227144568066     
         598   3.5460848836175049E-002   1.5034925303626527     
         599   3.6960896742757710E-002   1.5047440697167764     
         600   2.1343220113014837E-002   1.5820435878197370     
         601   3.1628412827803883E-002   1.6127513486529419     
         602   8.7541764620549384E-002   1.6333109615788712     
         603   7.9980526015409392E-002   1.6358580627764143     
         604   1.2821655359757309E-002   1.6488813573510772     
         605   2.1522983130744265E-002   1.6734938213439730     
         606   4.2658165527075610E-002   1.6821896230496494     
         607   2.3648352684107671E-002   1.6852745956416437     
         608   3.1848292446602894E-002   1.7013896103521453     
         609   2.7347460642952265E-002   1.7078006769496130     
         610   1.5564623749826204E-002   1.7198359144739419     
         611   7.0577524095418037E-002   1.7249059689056236     
         612   1.1898184296428138E-002   1.7358573738437231     
         613   2.9167093743934443E-002   1.7404312247779410     
         614   7.0483276869195838E-002   1.7411555638648371     
         615   3.9608287649493715E-002   1.7520828306092313     
         616   1.3134347517961407E-002   1.7544907417354874     
         617   5.5765090602610416E-002   1.7595534324367261     
         618   3.0083690288439980E-002   1.7864704723146039     
         619   1.4704746804562154E-002   1.7877001411294804     
         620   3.4112816788567445E-002   1.7994273708758388     
         621   2.1357321182098484E-002   1.8138409410967560     
         622   1.2403493867828219E-002   1.8167940608077340     
         623   2.2555875336630855E-002   1.8221011171590895     
         624   3.1254975044408356E-002   1.8383400961746850     
         625   1.1520419080176618E-002   1.8652199074906279     
         626   1.4311529100191645E-002   1.8662040631049537     
         627   3.3202623088592828E-002   1.8834194401153588     
         628   1.8109001976301820E-002   1.8841319928752895     
         629   1.8546205271874543E-002   1.8848290257547096     
         630   1.7139155438490126E-002   1.8932925039017463     
         631   1.7389651222448309E-002   1.8990375984620729     
         632   3.3213808681594022E-002   1.9004228728609724     
         633   1.7066665042737728E-002   1.9021243415410012     
         634   2.4500223853943463E-002   1.9078222647410152     
         635   3.0254884685670214E-002   1.9111551759198040     
         636   2.7160297947825703E-002   1.9181546462502665     
         637   2.7328551356505911E-002   1.9297508309669802     
         638   1.6516318078052164E-002   1.9399576787140029     
         639   2.0032374337352023E-002   1.9408102107074821     
         640   2.3023658370696375E-002   1.9421376816558129     
         641   3.9481502995692828E-002   1.9506255929069138     
         642   6.4078099552681525E-002   1.9524072064178066     
         643   3.3766500149960590E-002   1.9528393518507456     
         644   1.3998428504159704E-002   1.9540449324390958     
         645   1.7274257786856633E-002   1.9622969148901335     
         646   2.0191995955421899E-002   1.9630477522994374     
         647   4.0099148994066511E-002   1.9756198556452580     
         648   2.3059452162987798E-002   1.9762518014308075     
         649   3.4009431860334914E-002   1.9785877259032676     
         650   4.3928160856282046E-002   1.9794725520553023     
         651   3.8926906430438286E-002   1.9820461124607727     
         652   3.8781430577356002E-002   1.9861798833813591     
         653   4.8575552190740418E-002   1.9873263626784450     
         654   5.6486545327298215E-002   1.9875484073363654     
         655   5.5572126485214257E-002   1.9928499744097876     
         656   4.0725565059857208E-002   1.9942101938375492     
         657   1.9298028531578793E-002   2.0000743870209723     
         658   1.8518095685601352E-002   2.0012418644985437     
         659   5.3789846771986755E-002   2.0055198052452976     
         660  0.11208888242092953        2.0065874194833619     
         661   9.4758139213606943E-002   2.0088703343000600     
         662  0.10076147499602758        2.0122023457663771     
         663   7.9916019233661595E-002   2.0129541533280220     
         664  0.10880538849748142        2.0151164038798792     
         665   1.2828320430700898E-002   2.0167411228879470     
         666   7.3058314692306586E-002   2.0171335632415057     
         667   6.5967226981327065E-002   2.0189004271793056     
         668   6.1483080518472379E-002   2.0199625498799167     
         669   2.0260659493541108E-002   2.0219027920959141     
         670   6.5254145011723275E-002   2.0246837049123290     
         671  0.13273015209385261        2.0251609520687297     
         672   3.1652747123909183E-002   2.0260919268146922     
         673   9.0249366577223808E-002   2.0296970400733421     
         674   6.3662089820906001E-002   2.0308737713841425     
         675  0.12229431561038827        2.0324849504884677     
         676   5.5698349071755734E-002   2.0367534620924972     
         677  0.10447812181870156        2.0369749298092437     
         678   4.2353968055798837E-002   2.0386505390664107     
         679   5.6278889119967576E-002   2.0418055093677263     
         680   3.7922140904666911E-002   2.0420446175521314     
         681   2.6663775137217936E-002   2.0434649104862079     
         682   2.1980115087725561E-002   2.0450622735372908     
         683   4.5419268495580166E-002   2.0482203785852495     
         684   4.7873154612657010E-002   2.0527543346444967     
         685   3.3909528444891111E-002   2.0553742251641305     
         686   4.2529549122348374E-002   2.0555239198990156     
         687   4.3357577239201674E-002   2.0593375415106991     
         688   5.2151367027125708E-002   2.0611593563402972     
         689   1.6912744438390876E-002   2.0624732561458519     
         690   7.5561717144682183E-002   2.0639130723903008     
         691   3.4271260509918321E-002   2.0658589142302040     
         692   4.2954075899745210E-002   2.0680526930979233     
         693   8.2583620685007436E-002   2.0682816728206368     
         694   2.9107796234256716E-002   2.0702419538280985     
         695   2.4283802903839306E-002   2.0711534947268930     
         696  0.21986812702737404        2.0791648316419562     
         697  0.20868421312574659        2.0801504937562645     
         698   5.6465357581542974E-002   2.0816274875442464     
         699  0.15404551813640788        2.0822261038846870     
         700   4.1642452083109127E-002   2.0827860312634612     
         701  0.17650578651210325        2.0846979317764798     
         702  0.13637205938116023        2.0861757873922229     
         703   5.8123973710607610E-002   2.0883853944061497     
         704   2.1480767593967848E-002   2.0904167633539648     
         705   3.7168606739538528E-002   2.0910662899231482     
         706  0.14553135759891989        2.0921842916453772     
         707  0.19355282532604887        2.0929135977222768     
         708  0.14595539048449710        2.0974847460513413     
         709   5.4204129866858922E-002   2.1002440244588803     
         710   8.7051333051324647E-002   2.1023208022550546     
         711   6.5300949834835365E-002   2.1033060276657336     
         712   3.3781041018997912E-002   2.1048437862302700     
         713   8.8160801999050117E-002   2.1092233976574510     
         714   8.3041236074799837E-002   2.1097861433416152     
         715  0.13578932922335404        2.1111598613549014     
         716  0.14100695846765976        2.1137674717359300     
         717  0.15748087187991386        2.1139085549481584     
         718  0.12120085405658601        2.1143243141207639     
         719  0.13512716047596832        2.1176593310455356     
         720  0.19381074369432763        2.1216148673091118     
         721   9.3431924729564839E-002   2.1228075548738756     
         722  0.17653779004876721        2.1235765649607909     
         723   6.5723388355286155E-002   2.1261072477946623     
         724   2.3270344957599821E-002   2.1287878671414067     
         725   8.1068363062517676E-002   2.1301776293827794     
         726   3.7186447394142369E-002   2.1372888372665795     
         727   2.1900778564447717E-002   2.1382412009779346     
         728  0.12686041777331769        2.1391407691752766     
         729   4.1533625281183928E-002   2.1423359093113157     
         730   5.1085428825740742E-002   2.1437965665835450     
         731  0.15597098278662946        2.1447355282021174     
         732  0.11901764032932151        2.1526047760799423     
         733  0.10917066510922291        2.1542131361954429     
         734   3.7275369446028897E-002   2.1551432888277153     
         735   4.7857774961230649E-002   2.1570970156320755     
         736  0.11381221532533259        2.1576862290570351     
         737  0.11046800742754420        2.1589812447137087     
         738   3.3641628736854071E-002   2.1594805361438754     
         739   2.9721135504127777E-002   2.1613061062059735     
         740   7.0876697235836575E-002   2.1618876096019246     
         741   6.7107434579395317E-002   2.1643941205920494     
         742   9.3967697370516801E-002   2.1687271125113790     
         743   1.0995416208038568E-002   2.1705520208593416     
         744  0.10096560990950339        2.1835309886279317     
         745   5.5333814317750127E-002   2.1859256252218424     
         746   8.6963618602108730E-002   2.1869695308020853     
         747   7.5153107545426409E-002   2.1911328202301017     
         748   2.8852588639043386E-002   2.1920835338601319     
         749   2.4980809827887952E-002   2.1923679430840313     
         750   2.8937664965522775E-002   2.1987876786378493     
         751   4.4467917427920042E-002   2.2004315273450561     
         752   5.1295912499566387E-002   2.2081684182477961     
         753  0.12387033263401365        2.2116772819958981     
         754   3.7073532107636108E-002   2.2130981795488478     
         755   7.7223173444436161E-002   2.2154233671810837     
         756   9.1211528702675390E-002   2.2206305635921844     
         757   6.8166002132918832E-002   2.2212382344390247     
         758  0.11224642373348605        2.2285884436539876     
         759   4.4948759864574105E-002   2.2336539588993847     
         760   4.0927992080735345E-002   2.2349733678785157     
         761  0.10278938645290030        2.2441576534180063     
         762   1.9944438789427942E-002   2.2501341716765171     
         763   7.0507693917046324E-002   2.2564346908837387     
         764   2.0899711917330525E-002   2.2715023949822664     
         765   3.9969282045725023E-002   2.2735552692272258     
         766   2.2276520853125537E-002   2.2928166792551439     
         767   3.6539968197356013E-002   2.2980343895824120     
         768   2.6093761772192619E-002   2.3244657360012182     
         769   1.7693588264769591E-002   2.3330716320627229     
         770   1.9298093979078296E-002   2.3348052969667510     
         771   1.5136127023880334E-002   2.3370535211320296     
         772   2.6016205324233200E-002   2.3371811550455277     
         773   1.9407844196004935E-002   2.3525655048888838     
         774   5.0967970009559389E-002   2.3543429902823925     
         775   1.6215558641712841E-002   2.3632158489810782     
         776   1.7886564531764865E-002   2.3657864204551653     
         777   2.1699906456363178E-002   2.3745701041274940     
         778   4.3628524210147956E-002   2.3760737950315076     
         779   1.8959804318146138E-002   2.3845712731903808     
         780   1.3408158641572935E-002   2.3966037064384511     
         781   1.8293467628696165E-002   2.4137057130753776     
         782   7.4908374770963654E-002   2.4180127468494117     
         783   6.7160741648575523E-002   2.4254722356439360     
         784   2.0281438266074356E-002   2.4338853432947198     
         785   2.2683709104276566E-002   2.4407257253579058     
         786   5.1605259899302869E-002   2.4499964766448010     
         787   1.1279704713244177E-002   2.4657364771216783     
         788   3.0676984989301364E-002   2.4740364057504602     
         789   3.0350642242677056E-002   2.5119771215523019     
         790   2.9601380471299045E-002   2.5186034714004633     
         791   3.2005560465635602E-002   2.5563196175604084     
         792   2.1401071457658481E-002   2.5670311351975088     
         793   2.9387463105317927E-002   2.5781096524557978     
         794   1.9024299008915967E-002   2.5934243951673350     
         795   2.7695214964177234E-002   2.5991045133073749     
         796   1.1852638317400769E-002   2.6088568370799465     
         797   1.6590283408589385E-002   2.6346339921997362     
         798   9.3890948164653300E-003   2.6565518750204791     
         799   1.2933891584549320E-002   2.6942595917124841     
         800   2.7886468814883596E-002   2.6942726434785671     
         801   2.6312279999879739E-002   2.7029689863957658     
         802   2.9538937304789403E-002   2.7330245659761156     
         803   3.2985936429186416E-002   2.7401135633235434     
         804   1.1604440780476151E-002   2.7515022814533645     
         805   1.6015388709897320E-002   2.7606040690260647     
         806   2.2826856248344331E-002   2.8243343723822290     
         807   1.4516335528039770E-002   2.8405724224190561     
         808   1.2570849595638169E-002   2.8459787988864234     
         809   1.1330689918643076E-002   2.8506957905891204     
         810   1.1429068932298576E-002   2.8544209173219004     
         811   1.1663744257089086E-002   2.8811082914768678     
         812   1.3630328247490404E-002   2.8858606609617672     
         813   1.7817173437303248E-002   2.8881178716803153     
         814   1.5275442156904054E-002   2.8983497621025061     
         815   1.9089323202267191E-002   2.9014130612605902     
         816   1.9946581029570660E-002   2.9443639311323500     
         817   2.5629432134150299E-002   2.9716580846827751     
         818   1.3225198139499452E-002   2.9911058958956853     
         819   1.6687153509109338E-002   3.0072780706259166     
         820   1.7270370723671775E-002   3.0106365517471780     
         821   1.4983400892636117E-002   3.0125434427889637     
         822   1.8616500913080782E-002   3.0296211602779328     
         823   2.8787215959246409E-002   3.0433074335926613     
         824   2.0222872944180043E-002   3.0582774192816777     
         825   1.8772579898875503E-002   3.0673461134057174     
         826   1.7814075817892270E-002   3.1224676794915589     
         827   1.6432162282039711E-002   3.1445490944413628     
         828   1.3039461239690475E-002   3.1478199696436833     
         829   1.2962324188805449E-002   3.1901875868544618     
         830   2.0713648914213578E-002   3.2267134736034175     
         831   2.1387913282747410E-002   3.2562513509216759     
