  1    0.059938
  2    0.026516
  3    0.029620
  4    0.084989
  5    0.014154
  6    0.015768
  7    0.015120
  8    0.018794
  9    0.015011
 10    0.010681
 11    0.006592
 12    0.010528
 13    0.007399
 14    0.006738
 15    0.011123
 16    0.006609
 17    0.005876
 18    0.007054
 19    0.008398
 20    0.009727
 21    0.007315
 22    0.003589
 23    0.005165
 24    0.008920
 25    0.007112
 26    0.007541
 27    0.004081
 28    0.003304
 29    0.006872
 30    0.003965
 31    0.004864
 32    0.006508
 33    0.006040
 34    0.002807
 35    0.003936
 36    0.003516
 37    0.005658
 38    0.004933
 39    0.005782
 40    0.002462
 41    0.004592
 42    0.002912
 43    0.003188
 44    0.004383
 45    0.004384
 46    0.002763
 47    0.003059
 48    0.003192
 49    0.003088
 50    0.002561
 51    0.002159
 52    0.003333
 53    0.002036
 54    0.001825
 55    0.002009
 56    0.001881
 57    0.002650
 58    0.002594
 59    0.001514
 60    0.003450
 61    0.002397
 62    0.002680
 63    0.002315
 64    0.003668
 65    0.001372
 66    0.002903
 67    0.002896
 68    0.002612
 69    0.002245
 70    0.001913
 71    0.001681
 72    0.002168
 73    0.001521
 74    0.002041
 75    0.002785
 76    0.001835
 77    0.001408
 78    0.001810
 79    0.001219
 80    0.002846
 81    0.001786
 82    0.001232
 83    0.001843
 84    0.001642
 85    0.001714
 86    0.002394
 87    0.001239
 88    0.001894
 89    0.001652
 90    0.001231
 91    0.003028
 92    0.001590
 93    0.001691
 94    0.002512
 95    0.001501
 96    0.002991
 97    0.001808
 98    0.001309
 99    0.001650
100    0.001282
101    0.001575
102    0.002452
103    0.001258
104    0.002091
105    0.002211
106    0.000884
107    0.001519
108    0.002431
109    0.000886
110    0.002112
111    0.001093
112    0.001293
113    0.001230
114    0.001088
115    0.001399
116    0.001496
117    0.001480
118    0.001660
119    0.001691
120    0.001293
121    0.001317
122    0.001285
123    0.001480
124    0.002542
125    0.001088
126    0.001104
127    0.001488
128    0.000710
129    0.001733
130    0.001343
131    0.001011
132    0.000724
133    0.001383
134    0.001218
135    0.001159
136    0.000660
137    0.001316
138    0.001344
139    0.001281
140    0.000924
141    0.001724
142    0.001320
143    0.000923
144    0.001050
145    0.001306
146    0.001831
147    0.001303
148    0.000997
149    0.001238
150    0.001754
151    0.001330
152    0.000886
153    0.001817
154    0.000951
155    0.000690
156    0.001365
157    0.001725
158    0.000571
159    0.001786
160    0.000697
161    0.001108
162    0.000832
163    0.000700
164    0.001682
165    0.001217
166    0.001281
167    0.001360
168    0.001461
169    0.001650
170    0.001177
171    0.001279
172    0.001381
173    0.001337
174    0.000941
175    0.001545
176    0.000742
177    0.001082
178    0.001302
179    0.001504
180    0.001280
181    0.001123
182    0.000723
183    0.000723
184    0.000934
185    0.000856
186    0.000918
187    0.000958
188    0.001012
189    0.000991
190    0.000942
191    0.000983
192    0.000923
193    0.001101
194    0.001152
195    0.000804
196    0.000774
197    0.001055
198    0.002254
199    0.000921
200    0.000983
201    0.001425
202    0.000628
203    0.001147
204    0.000794
205    0.000838
206    0.000855
207    0.000888
208    0.001013
209    0.000945
210    0.000959
211    0.000822
212    0.000790
213    0.001011
214    0.000400
215    0.000870
216    0.000635
217    0.000921
218    0.000748
219    0.000523
220    0.000723
221    0.001575
222    0.000959
223    0.000618
224    0.000969
225    0.000881
226    0.000768
227    0.000831
228    0.000703
229    0.000921
230    0.001073
231    0.001034
232    0.000752
233    0.000800
234    0.001070
235    0.000945
236    0.001381
237    0.001036
238    0.001030
239    0.001105
240    0.000485
241    0.001031
242    0.000683
243    0.001210
244    0.000670
245    0.000988
246    0.000750
247    0.000838
248    0.000511
249    0.000713
250    0.000785
251    0.001074
252    0.000592
253    0.000469
254    0.000546
255    0.000325
256    0.000339
257    0.000619
258    0.000767
259    0.000387
260    0.000738
261    0.001196
262    0.000726
263    0.000615
264    0.000679
265    0.000746
266    0.000644
267    0.000885
268    0.000561
269    0.000623
270    0.000425
271    0.000697
272    0.000535
273    0.000974
274    0.000822
275    0.000565
276    0.000508
277    0.000528
278    0.000682
279    0.000526
280    0.000443
281    0.000855
282    0.000345
283    0.000392
284    0.000682
285    0.000465
286    0.000438
287    0.000744
288    0.000627
289    0.000655
290    0.000745
291    0.000583
292    0.000476
293    0.000545
294    0.000311
295    0.000527
296    0.000813
297    0.000671
298    0.000736
299    0.000805
300    0.000618
301    0.000496
302    0.000388
303    0.000448
304    0.000675
305    0.000763
306    0.000615
307    0.000670
308    0.000440
309    0.000710
310    0.000581
311    0.000528
312    0.000477
313    0.000560
314    0.000608
315    0.000718
316    0.000551
317    0.000651
318    0.000381
319    0.000563
320    0.000594
321    0.000586
322    0.000971
323    0.000688
324    0.000250
325    0.000677
326    0.000585
327    0.000782
328    0.000562
329    0.000472
330    0.000728
331    0.000651
332    0.000574
333    0.000427
334    0.000758
335    0.000755
336    0.000585
337    0.000609
338    0.000582
339    0.000448
340    0.000744
341    0.000517
342    0.000527
343    0.000419
344    0.000926
345    0.000456
346    0.000576
347    0.000405
348    0.000727
349    0.000754
350    0.000637
351    0.000353
352    0.000534
353    0.000694
354    0.000318
355    0.000559
356    0.000748
357    0.000710
358    0.000843
359    0.000371
360    0.000434
361    0.000735
362    0.000462
363    0.000594
364    0.000342
365    0.000543
366    0.000298
367    0.000469
368    0.000359
369    0.000522
370    0.000642
371    0.000563
372    0.000490
373    0.000532
374    0.000330
375    0.000453
376    0.000319
377    0.000506
378    0.000574
379    0.000530
380    0.000635
381    0.000472
382    0.000303
383    0.000312
384    0.000362
385    0.000456
386    0.000511
387    0.000689
388    0.000464
389    0.000615
390    0.000381
391    0.000522
392    0.000464
393    0.000271
394    0.000395
395    0.000415
396    0.000622
397    0.000298
398    0.000205
399    0.000452
400    0.000613
401    0.000732
402    0.000409
403    0.000192
404    0.000607
405    0.000248
406    0.000322
407    0.000612
408    0.000486
409    0.000228
410    0.000421
411    0.000607
412    0.000478
413    0.000301
414    0.000470
415    0.000496
416    0.000278
417    0.000214
418    0.000484
419    0.000538
420    0.000473
421    0.000344
422    0.000504
423    0.000464
424    0.000296
425    0.000453
426    0.000583
427    0.000584
428    0.000551
429    0.000579
430    0.000295
431    0.000320
432    0.000335
433    0.000379
434    0.000227
435    0.000298
436    0.000302
437    0.000493
438    0.000456
439    0.000458
440    0.000221
441    0.000612
442    0.000450
443    0.000626
444    0.000185
445    0.000498
446    0.000502
447    0.000465
448    0.000356
449    0.000469
450    0.000332
451    0.000540
452    0.000590
453    0.000402
454    0.000512
455    0.000190
456    0.000506
457    0.000298
458    0.000470
459    0.000176
460    0.000316
461    0.000340
462    0.000471
463    0.000519
464    0.000503
465    0.000395
466    0.000616
467    0.000358
468    0.000521
469    0.000315
470    0.000585
471    0.000393
472    0.000357
473    0.000375
474    0.000277
475    0.000296
476    0.000279
477    0.000414
478    0.000370
479    0.000476
480    0.000434
481    0.000579
482    0.000468
483    0.000604
484    0.000393
485    0.000486
486    0.000550
487    0.000394
488    0.000266
489    0.000461
490    0.000365
491    0.000517
492    0.000442
493    0.000289
494    0.000436
495    0.000266
496    0.000421
497    0.000311
498    0.000225
499    0.000320
500    0.000394
501    0.000386
502    0.000370
503    0.000401
504    0.000396
505    0.000359
506    0.000528
507    0.000380
508    0.000328
509    0.000437
510    0.000395
511    0.000377
512    0.000500
513    0.000440
514    0.000328
515    0.000368
516    0.000301
517    0.000468
518    0.000289
519    0.000401
520    0.000334
521    0.000415
522    0.000507
523    0.000427
524    0.000453
525    0.000401
526    0.000534
527    0.000520
528    0.000367
529    0.000431
530    0.000347
531    0.000472
532    0.000569
533    0.000320
534    0.000195
535    0.000356
536    0.000660
537    0.000316
538    0.000472
539    0.000469
540    0.000383
541    0.000264
542    0.000342
543    0.000473
544    0.000398
545    0.000321
546    0.000307
547    0.000260
548    0.000326
549    0.000331
550    0.000417
551    0.000527
552    0.000368
553    0.000275
554    0.000205
555    0.000240
556    0.000453
557    0.000553
558    0.000301
559    0.000268
560    0.000195
561    0.000391
562    0.000294
563    0.000255
564    0.000310
565    0.000327
566    0.000252
567    0.000238
568    0.000468
569    0.000201
570    0.000211
571    0.000196
572    0.000226
573    0.000253
574    0.000290
575    0.000137
576    0.000185
577    0.000208
578    0.000197
579    0.000265
580    0.000287
581    0.000234
582    0.000202
583    0.000326
584    0.000231
585    0.000174
586    0.000378
587    0.000267
588    0.000319
589    0.000382
590    0.000194
591    0.000168
592    0.000285
593    0.000373
594    0.000292
595    0.000304
596    0.000310
597    0.000184
598    0.000337
599    0.000207
600    0.000321
601    0.000281
602    0.000423
603    0.000311
604    0.000282
605    0.000247
606    0.000325
607    0.000308
608    0.000252
609    0.000281
610    0.000341
611    0.000297
612    0.000310
613    0.000339
614    0.000393
615    0.000297
616    0.000348
617    0.000231
618    0.000327
619    0.000311
620    0.000214
621    0.000253
622    0.000333
623    0.000179
624    0.000352
625    0.000290
626    0.000295
627    0.000227
628    0.000258
629    0.000359
630    0.000357
631    0.000210
632    0.000258
633    0.000219
634    0.000223
635    0.000323
636    0.000318
637    0.000193
638    0.000198
639    0.000465
640    0.000243
641    0.000252
642    0.000334
643    0.000269
644    0.000249
645    0.000302
646    0.000223
647    0.000196
648    0.000294
649    0.000243
650    0.000315
651    0.000250
652    0.000327
653    0.000279
654    0.000279
655    0.000215
656    0.000348
657    0.000230
658    0.000198
659    0.000272
660    0.000335
661    0.000290
662    0.000359
663    0.000323
664    0.000175
665    0.000260
666    0.000256
667    0.000366
668    0.000270
669    0.000216
670    0.000255
671    0.000309
672    0.000363
673    0.000267
674    0.000305
675    0.000209
676    0.000346
677    0.000208
678    0.000181
679    0.000310
680    0.000247
681    0.000237
682    0.000265
683    0.000184
684    0.000198
685    0.000221
686    0.000301
687    0.000114
688    0.000213
689    0.000124
690    0.000291
691    0.000336
692    0.000156
693    0.000267
694    0.000104
695    0.000270
696    0.000206
697    0.000336
698    0.000231
699    0.000183
700    0.000344
701    0.000160
702    0.000266
703    0.000293
704    0.000272
705    0.000246
706    0.000339
707    0.000175
708    0.000284
709    0.000282
710    0.000211
711    0.000161
712    0.000279
713    0.000120
714    0.000248
715    0.000225
716    0.000156
717    0.000232
718    0.000153
719    0.000263
720    0.000205
721    0.000300
722    0.000194
723    0.000202
724    0.000488
725    0.000247
726    0.000345
727    0.000210
728    0.000191
729    0.000192
730    0.000180
731    0.000202
732    0.000358
733    0.000403
734    0.000287
735    0.000177
736    0.000285
737    0.000171
738    0.000207
739    0.000329
740    0.000324
741    0.000283
742    0.000261
743    0.000212
744    0.000217
745    0.000188
746    0.000178
747    0.000294
748    0.000308
749    0.000315
750    0.000359
751    0.000210
752    0.000323
753    0.000199
754    0.000255
755    0.000349
756    0.000239
757    0.000174
758    0.000277
759    0.000182
760    0.000314
761    0.000324
762    0.000211
763    0.000223
764    0.000372
765    0.000199
766    0.000157
767    0.000220
768    0.000251
769    0.000169
770    0.000176
771    0.000107
772    0.000224
773    0.000161
774    0.000150
775    0.000241
776    0.000268
777    0.000166
778    0.000228
779    0.000218
780    0.000159
781    0.000193
782    0.000278
783    0.000133
784    0.000113
785    0.000202
786    0.000364
787    0.000213
788    0.000206
789    0.000222
790    0.000333
791    0.000203
792    0.000163
793    0.000285
794    0.000101
795    0.000263
796    0.000211
797    0.000066
798    0.000164
799    0.000360
800    0.000151
801    0.000187
802    0.000102
803    0.000130
804    0.000144
805    0.000183
806    0.000113
807    0.000228
808    0.000147
809    0.000235
810    0.000162
811    0.000111
812    0.000147
813    0.000185
814    0.000055
815    0.000273
816    0.000093
817    0.000080
818    0.000380
819    0.000148
820    0.000185
821    0.000243
822    0.000222
823    0.000262
824    0.000452
825    0.000517
