  1    0.065835
  2    0.054531
  3    0.042412
  4    0.031067
  5    0.025883
  6    0.015213
  7    0.021437
  8    0.009098
  9    0.010097
 10    0.008973
 11    0.015949
 12    0.004824
 13    0.008962
 14    0.010656
 15    0.011715
 16    0.004857
 17    0.008822
 18    0.003854
 19    0.006460
 20    0.006031
 21    0.005895
 22    0.006136
 23    0.003160
 24    0.006671
 25    0.004128
 26    0.004066
 27    0.004655
 28    0.004550
 29    0.005231
 30    0.005940
 31    0.007339
 32    0.003622
 33    0.004771
 34    0.005307
 35    0.005628
 36    0.004918
 37    0.006265
 38    0.005288
 39    0.003776
 40    0.004496
 41    0.004688
 42    0.003355
 43    0.003217
 44    0.003503
 45    0.004968
 46    0.004374
 47    0.003142
 48    0.003187
 49    0.003410
 50    0.002992
 51    0.002767
 52    0.002761
 53    0.002595
 54    0.002422
 55    0.003638
 56    0.002423
 57    0.002396
 58    0.002623
 59    0.001987
 60    0.003266
 61    0.002231
 62    0.002265
 63    0.003972
 64    0.002452
 65    0.003248
 66    0.003139
 67    0.002816
 68    0.001551
 69    0.002363
 70    0.002067
 71    0.002867
 72    0.002547
 73    0.001548
 74    0.001788
 75    0.002179
 76    0.001298
 77    0.002389
 78    0.001154
 79    0.002014
 80    0.003613
 81    0.002224
 82    0.001881
 83    0.001313
 84    0.002104
 85    0.003208
 86    0.001311
 87    0.001965
 88    0.002055
 89    0.001814
 90    0.001771
 91    0.002160
 92    0.001772
 93    0.001939
 94    0.001006
 95    0.001297
 96    0.001996
 97    0.001608
 98    0.001435
 99    0.001415
100    0.001202
101    0.002193
102    0.000872
103    0.001584
104    0.000826
105    0.001329
106    0.000989
107    0.000886
108    0.001512
109    0.000773
110    0.001455
111    0.000855
112    0.001074
113    0.001697
114    0.001010
115    0.000896
116    0.001544
117    0.001585
118    0.001105
119    0.001342
120    0.001116
121    0.000738
122    0.001268
123    0.001055
124    0.001850
125    0.001367
126    0.000960
127    0.000713
128    0.001633
129    0.001252
130    0.001455
131    0.001558
132    0.001191
133    0.001207
134    0.001139
135    0.000958
136    0.000743
137    0.001156
138    0.000890
139    0.000666
140    0.001660
141    0.000929
142    0.001032
143    0.001455
144    0.001338
145    0.001688
146    0.001282
147    0.001827
148    0.000933
149    0.001540
150    0.000823
151    0.000888
152    0.001419
153    0.001094
154    0.000906
155    0.001112
156    0.000936
157    0.001338
158    0.001223
159    0.001384
160    0.000876
161    0.001246
162    0.001384
163    0.001223
164    0.001297
165    0.001458
166    0.001104
167    0.000632
168    0.001953
169    0.001156
170    0.001334
171    0.001354
172    0.001025
173    0.000859
174    0.001460
175    0.001308
176    0.001190
177    0.000901
178    0.001292
179    0.000934
180    0.001187
181    0.000888
182    0.000833
183    0.001084
184    0.000710
185    0.000927
186    0.000858
187    0.000934
188    0.000908
189    0.001177
190    0.000833
191    0.001042
192    0.000921
193    0.000751
194    0.001184
195    0.001011
196    0.001148
197    0.001666
198    0.000560
199    0.000940
200    0.000832
201    0.000818
202    0.001170
203    0.001130
204    0.001166
205    0.000583
206    0.000701
207    0.000988
208    0.001150
209    0.000622
210    0.000947
211    0.000436
212    0.001184
213    0.000531
214    0.000920
215    0.001053
216    0.000985
217    0.001110
218    0.000879
219    0.001202
220    0.001321
221    0.000667
222    0.000837
223    0.001027
224    0.000573
225    0.000681
226    0.000789
227    0.001136
228    0.000751
229    0.000608
230    0.000846
231    0.000939
232    0.000677
233    0.000571
234    0.000900
235    0.000596
236    0.000813
237    0.000907
238    0.000681
239    0.000617
240    0.000421
241    0.000516
242    0.000579
243    0.000843
244    0.000819
245    0.000635
246    0.000665
247    0.000620
248    0.000587
249    0.000511
250    0.000878
251    0.000872
252    0.000790
253    0.000666
254    0.000665
255    0.001007
256    0.000476
257    0.000601
258    0.000622
259    0.000462
260    0.001132
261    0.000850
262    0.001173
263    0.000509
264    0.000500
265    0.000469
266    0.000553
267    0.000469
268    0.000674
269    0.000822
270    0.000945
271    0.000570
272    0.000954
273    0.000607
274    0.000680
275    0.000763
276    0.000555
277    0.001007
278    0.000730
279    0.001191
280    0.000687
281    0.000800
282    0.000833
283    0.001009
284    0.001124
285    0.000697
286    0.000832
287    0.001155
288    0.000731
289    0.000860
290    0.000627
291    0.000763
292    0.000562
293    0.000881
294    0.000650
295    0.000598
296    0.000581
297    0.000751
298    0.000710
299    0.000540
300    0.000644
301    0.000401
302    0.000723
303    0.000542
304    0.000816
305    0.000693
306    0.000722
307    0.000491
308    0.000683
309    0.000350
310    0.000270
311    0.000524
312    0.000289
313    0.000453
314    0.000489
315    0.000770
316    0.000467
317    0.000575
318    0.000462
319    0.000660
320    0.000368
321    0.000455
322    0.000772
323    0.000407
324    0.000567
325    0.000533
326    0.000601
327    0.001044
328    0.000683
329    0.000450
330    0.000600
331    0.000603
332    0.000401
333    0.000370
334    0.000523
335    0.000574
336    0.000420
337    0.000613
338    0.000466
339    0.000656
340    0.000412
341    0.000396
342    0.000968
343    0.000736
344    0.000699
345    0.000469
346    0.000623
347    0.000578
348    0.000460
349    0.000590
350    0.000539
351    0.000693
352    0.000480
353    0.000297
354    0.000556
355    0.000215
356    0.000625
357    0.000676
358    0.000620
359    0.000868
360    0.000601
361    0.000675
362    0.000598
363    0.000613
364    0.000441
365    0.000440
366    0.000930
367    0.000632
368    0.000227
369    0.000700
370    0.000525
371    0.000869
372    0.000454
373    0.000879
374    0.000452
375    0.000618
376    0.000374
377    0.000380
378    0.000503
379    0.000374
380    0.000268
381    0.000458
382    0.000320
383    0.000478
384    0.000397
385    0.000311
386    0.000429
387    0.000450
388    0.000493
389    0.000678
390    0.000548
391    0.000758
392    0.000531
393    0.000592
394    0.000468
395    0.000777
396    0.000359
397    0.000385
398    0.000266
399    0.000420
400    0.000524
401    0.000327
402    0.000460
403    0.000434
404    0.000396
405    0.000270
406    0.000347
407    0.000621
408    0.000352
409    0.000378
410    0.000562
411    0.000561
412    0.000472
413    0.000409
414    0.000512
415    0.000611
416    0.000251
417    0.000377
418    0.000440
419    0.000405
420    0.000468
421    0.000304
422    0.000303
423    0.000310
424    0.000275
425    0.000353
426    0.000499
427    0.000331
428    0.000291
429    0.000409
430    0.000323
431    0.000443
432    0.000324
433    0.000346
434    0.000348
435    0.000466
436    0.000479
437    0.000264
438    0.000427
439    0.000384
440    0.000380
441    0.000469
442    0.000393
443    0.000394
444    0.000549
445    0.000472
446    0.000593
447    0.000516
448    0.000567
449    0.000406
450    0.000329
451    0.000349
452    0.000595
453    0.000322
454    0.000446
455    0.000454
456    0.000439
457    0.000436
458    0.000441
459    0.000447
460    0.000333
461    0.000423
462    0.000382
463    0.000387
464    0.000391
465    0.000642
466    0.000463
467    0.000360
468    0.000361
469    0.000595
470    0.000378
471    0.000327
472    0.000440
473    0.000312
474    0.000175
475    0.000453
476    0.000391
477    0.000262
478    0.000305
479    0.000293
480    0.000402
481    0.000365
482    0.000295
483    0.000344
484    0.000348
485    0.000388
486    0.000448
487    0.000334
488    0.000442
489    0.000370
490    0.000239
491    0.000294
492    0.000396
493    0.000427
494    0.000370
495    0.000416
496    0.000490
497    0.000408
498    0.000313
499    0.000276
500    0.000295
501    0.000308
502    0.000368
503    0.000413
504    0.000278
505    0.000424
506    0.000286
507    0.000400
508    0.000419
509    0.000409
510    0.000377
511    0.000351
512    0.000306
513    0.000350
514    0.000416
515    0.000462
516    0.000378
517    0.000344
518    0.000274
519    0.000297
520    0.000351
521    0.000250
522    0.000308
523    0.000339
524    0.000289
525    0.000484
526    0.000447
527    0.000413
528    0.000210
529    0.000418
530    0.000451
531    0.000445
532    0.000646
533    0.000415
534    0.000316
535    0.000224
536    0.000298
537    0.000338
538    0.000371
539    0.000383
540    0.000384
541    0.000306
542    0.000399
543    0.000326
544    0.000408
545    0.000328
546    0.000348
547    0.000271
548    0.000492
549    0.000303
550    0.000385
551    0.000314
552    0.000203
553    0.000402
554    0.000460
555    0.000349
556    0.000254
557    0.000411
558    0.000390
559    0.000539
560    0.000281
561    0.000408
562    0.000585
563    0.000308
564    0.000534
565    0.000325
566    0.000340
567    0.000422
568    0.000252
569    0.000250
570    0.000484
571    0.000390
572    0.000318
573    0.000454
574    0.000279
575    0.000359
576    0.000313
577    0.000300
578    0.000356
579    0.000258
580    0.000332
581    0.000223
582    0.000361
583    0.000258
584    0.000388
585    0.000389
586    0.000207
587    0.000290
588    0.000297
589    0.000255
590    0.000276
591    0.000254
592    0.000303
593    0.000319
594    0.000280
595    0.000309
596    0.000376
597    0.000282
598    0.000233
599    0.000439
600    0.000368
601    0.000288
602    0.000354
603    0.000474
604    0.000343
605    0.000289
606    0.000284
607    0.000359
608    0.000428
609    0.000198
610    0.000244
611    0.000273
612    0.000235
613    0.000466
614    0.000313
615    0.000308
616    0.000460
617    0.000283
618    0.000414
619    0.000350
620    0.000255
621    0.000278
622    0.000345
623    0.000348
624    0.000368
625    0.000390
626    0.000261
627    0.000252
628    0.000229
629    0.000321
630    0.000309
631    0.000332
632    0.000217
633    0.000335
634    0.000294
635    0.000290
636    0.000374
637    0.000497
638    0.000502
639    0.000257
640    0.000442
641    0.000328
642    0.000324
643    0.000244
644    0.000339
645    0.000508
646    0.000339
647    0.000331
648    0.000348
649    0.000386
650    0.000353
651    0.000335
652    0.000182
653    0.000406
654    0.000267
655    0.000260
656    0.000298
657    0.000425
658    0.000294
659    0.000355
660    0.000311
661    0.000447
662    0.000592
663    0.000324
664    0.000212
665    0.000223
666    0.000271
667    0.000261
668    0.000228
669    0.000280
670    0.000229
671    0.000262
672    0.000344
673    0.000367
674    0.000278
675    0.000249
676    0.000261
677    0.000350
678    0.000368
679    0.000317
680    0.000247
681    0.000252
682    0.000341
683    0.000280
684    0.000250
685    0.000337
686    0.000302
687    0.000194
688    0.000316
689    0.000320
690    0.000335
691    0.000242
692    0.000212
693    0.000288
694    0.000314
695    0.000332
696    0.000265
697    0.000194
698    0.000195
699    0.000284
700    0.000143
701    0.000214
702    0.000129
703    0.000312
704    0.000239
705    0.000283
706    0.000457
707    0.000165
708    0.000257
709    0.000237
710    0.000214
711    0.000230
712    0.000233
713    0.000259
714    0.000221
715    0.000288
716    0.000255
717    0.000193
718    0.000234
719    0.000216
720    0.000257
721    0.000426
722    0.000183
723    0.000391
724    0.000229
725    0.000259
726    0.000198
727    0.000354
728    0.000286
729    0.000311
730    0.000261
731    0.000262
732    0.000232
733    0.000320
734    0.000214
735    0.000260
736    0.000321
737    0.000272
738    0.000284
739    0.000237
740    0.000315
741    0.000205
742    0.000182
743    0.000133
744    0.000211
745    0.000417
746    0.000237
747    0.000316
748    0.000249
749    0.000337
750    0.000231
751    0.000190
752    0.000231
753    0.000317
754    0.000286
755    0.000180
756    0.000325
757    0.000381
758    0.000258
759    0.000190
760    0.000239
761    0.000357
762    0.000175
763    0.000150
764    0.000363
765    0.000206
766    0.000104
767    0.000194
768    0.000288
769    0.000252
770    0.000220
771    0.000228
772    0.000188
773    0.000328
774    0.000166
775    0.000228
776    0.000226
777    0.000218
778    0.000342
779    0.000292
780    0.000225
781    0.000226
782    0.000249
783    0.000182
784    0.000304
785    0.000128
786    0.000188
787    0.000300
788    0.000153
789    0.000250
790    0.000393
791    0.000246
792    0.000223
793    0.000354
794    0.000316
795    0.000290
796    0.000097
797    0.000287
798    0.000220
799    0.000190
800    0.000157
801    0.000097
802    0.000301
803    0.000217
804    0.000326
805    0.000148
806    0.000184
807    0.000288
808    0.000191
809    0.000166
810    0.000329
811    0.000257
812    0.000284
813    0.000086
814    0.000177
815    0.000081
816    0.000157
817    0.000104
818    0.000305
819    0.000276
820    0.000151
821    0.000401
822    0.000272
823    0.000161
824    0.000201
825    0.000314
