  1    0.122458
  2    0.073641
  3    0.022501
  4    0.049154
  5    0.023811
  6    0.025274
  7    0.019984
  8    0.014564
  9    0.013255
 10    0.003386
 11    0.008692
 12    0.011144
 13    0.005358
 14    0.009901
 15    0.007504
 16    0.005724
 17    0.006080
 18    0.007280
 19    0.004752
 20    0.005712
 21    0.005014
 22    0.006161
 23    0.008383
 24    0.004676
 25    0.004353
 26    0.004414
 27    0.005230
 28    0.005309
 29    0.003078
 30    0.001908
 31    0.005497
 32    0.002287
 33    0.003147
 34    0.003777
 35    0.004999
 36    0.004333
 37    0.005389
 38    0.004812
 39    0.002324
 40    0.005778
 41    0.002388
 42    0.003924
 43    0.002569
 44    0.004067
 45    0.002494
 46    0.004364
 47    0.002818
 48    0.003745
 49    0.002568
 50    0.001811
 51    0.004291
 52    0.002180
 53    0.001880
 54    0.001508
 55    0.002020
 56    0.001787
 57    0.001704
 58    0.002014
 59    0.001468
 60    0.001618
 61    0.002210
 62    0.001345
 63    0.002267
 64    0.002546
 65    0.002137
 66    0.001655
 67    0.001916
 68    0.001591
 69    0.002028
 70    0.001021
 71    0.001806
 72    0.002023
 73    0.002618
 74    0.001381
 75    0.001594
 76    0.001810
 77    0.002266
 78    0.001898
 79    0.002381
 80    0.001964
 81    0.001401
 82    0.001248
 83    0.001264
 84    0.002017
 85    0.001447
 86    0.001561
 87    0.001114
 88    0.001355
 89    0.001823
 90    0.001585
 91    0.000935
 92    0.001414
 93    0.001548
 94    0.001424
 95    0.001292
 96    0.002192
 97    0.001690
 98    0.001081
 99    0.001749
100    0.000954
101    0.001195
102    0.001596
103    0.001432
104    0.001072
105    0.001218
106    0.000775
107    0.000896
108    0.001698
109    0.001682
110    0.001830
111    0.000992
112    0.001153
113    0.001653
114    0.001345
115    0.001420
116    0.001743
117    0.001099
118    0.003022
119    0.001028
120    0.002266
121    0.001989
122    0.001515
123    0.000941
124    0.001141
125    0.000879
126    0.001069
127    0.001085
128    0.001137
129    0.001316
130    0.000918
131    0.001561
132    0.000769
133    0.001119
134    0.001286
135    0.000773
136    0.000728
137    0.001128
138    0.001820
139    0.001146
140    0.000756
141    0.001419
142    0.001734
143    0.001008
144    0.000713
145    0.000912
146    0.000709
147    0.000548
148    0.000739
149    0.001346
150    0.001175
151    0.001640
152    0.000785
153    0.000858
154    0.001146
155    0.001269
156    0.001216
157    0.001120
158    0.000662
159    0.000741
160    0.001381
161    0.000785
162    0.000767
163    0.001251
164    0.000816
165    0.000870
166    0.000935
167    0.001275
168    0.000762
169    0.000972
170    0.000743
171    0.001464
172    0.000964
173    0.000983
174    0.000739
175    0.000918
176    0.001045
177    0.000815
178    0.001048
179    0.001151
180    0.001033
181    0.000614
182    0.001043
183    0.000543
184    0.000522
185    0.000612
186    0.001332
187    0.000856
188    0.001346
189    0.000608
190    0.001036
191    0.000722
192    0.000988
193    0.000910
194    0.000721
195    0.000811
196    0.000615
197    0.000853
198    0.000771
199    0.000779
200    0.000844
201    0.000626
202    0.000834
203    0.001026
204    0.000580
205    0.000389
206    0.000662
207    0.001053
208    0.000801
209    0.000779
210    0.000763
211    0.000571
212    0.000844
213    0.001095
214    0.000843
215    0.000609
216    0.000537
217    0.000880
218    0.000555
219    0.000617
220    0.000702
221    0.000639
222    0.000661
223    0.000591
224    0.001058
225    0.000377
226    0.000542
227    0.000592
228    0.000920
229    0.000923
230    0.000425
231    0.000682
232    0.000789
233    0.000585
234    0.000317
235    0.000855
236    0.001079
237    0.000571
238    0.000854
239    0.000621
240    0.000580
241    0.000670
242    0.000568
243    0.000862
244    0.000811
245    0.000718
246    0.000563
247    0.000421
248    0.001009
249    0.000677
250    0.000427
251    0.000430
252    0.000873
253    0.000610
254    0.000708
255    0.000750
256    0.000426
257    0.000755
258    0.000775
259    0.000483
260    0.000916
261    0.000645
262    0.000533
263    0.000509
264    0.000661
265    0.000528
266    0.000701
267    0.000408
268    0.000283
269    0.000661
270    0.000533
271    0.000558
272    0.000306
273    0.000400
274    0.000613
275    0.000613
276    0.000396
277    0.000546
278    0.000755
279    0.000576
280    0.000670
281    0.000679
282    0.000714
283    0.000758
284    0.000476
285    0.000655
286    0.000670
287    0.000575
288    0.000360
289    0.000897
290    0.000598
291    0.000525
292    0.000727
293    0.000525
294    0.000534
295    0.000441
296    0.000542
297    0.000551
298    0.000625
299    0.000730
300    0.000683
301    0.000513
302    0.000721
303    0.000567
304    0.000561
305    0.000530
306    0.000770
307    0.000549
308    0.000478
309    0.000489
310    0.000589
311    0.000361
312    0.000830
313    0.000784
314    0.000635
315    0.000547
316    0.000664
317    0.000394
318    0.000757
319    0.000577
320    0.000566
321    0.000685
322    0.000574
323    0.000414
324    0.000549
325    0.000524
326    0.000550
327    0.000416
328    0.000366
329    0.000531
330    0.000432
331    0.000682
332    0.000645
333    0.000489
334    0.000478
335    0.000616
336    0.000518
337    0.000798
338    0.000550
339    0.000706
340    0.000361
341    0.000615
342    0.000516
343    0.000414
344    0.000550
345    0.000231
346    0.000533
347    0.000698
348    0.000586
349    0.000382
350    0.000414
351    0.000479
352    0.000362
353    0.000908
354    0.000717
355    0.000378
356    0.000911
357    0.000658
358    0.000376
359    0.000391
360    0.000300
361    0.000421
362    0.000401
363    0.000388
364    0.000641
365    0.000544
366    0.000292
367    0.000587
368    0.000408
369    0.000471
370    0.000584
371    0.000328
372    0.000447
373    0.000301
374    0.000458
375    0.000439
376    0.000773
377    0.000412
378    0.000410
379    0.000430
380    0.000570
381    0.000324
382    0.000410
383    0.000422
384    0.000713
385    0.000690
386    0.000476
387    0.000420
388    0.000472
389    0.000567
390    0.000479
391    0.000428
392    0.000402
393    0.000731
394    0.000688
395    0.000434
396    0.000294
397    0.000316
398    0.000554
399    0.000446
400    0.000545
401    0.000499
402    0.000405
403    0.000517
404    0.000431
405    0.000594
406    0.000664
407    0.000633
408    0.000337
409    0.000644
410    0.000676
411    0.000359
412    0.000376
413    0.000311
414    0.000289
415    0.000316
416    0.000897
417    0.000386
418    0.000486
419    0.000418
420    0.000359
421    0.000416
422    0.000549
423    0.000335
424    0.000465
425    0.000320
426    0.000201
427    0.000387
428    0.000346
429    0.000518
430    0.000389
431    0.000520
432    0.000480
433    0.000458
434    0.000609
435    0.000531
436    0.000402
437    0.000336
438    0.000402
439    0.000496
440    0.000451
441    0.000495
442    0.000336
443    0.000282
444    0.000499
445    0.000252
446    0.000273
447    0.000310
448    0.000142
449    0.000342
450    0.000464
451    0.000366
452    0.000279
453    0.000411
454    0.000414
455    0.000385
456    0.000285
457    0.000303
458    0.000279
459    0.000334
460    0.000269
461    0.000332
462    0.000347
463    0.000367
464    0.000408
465    0.000347
466    0.000203
467    0.000454
468    0.000302
469    0.000327
470    0.000303
471    0.000582
472    0.000325
473    0.000366
474    0.000397
475    0.000323
476    0.000317
477    0.000308
478    0.000328
479    0.000312
480    0.000341
481    0.000517
482    0.000306
483    0.000460
484    0.000336
485    0.000321
486    0.000261
487    0.000401
488    0.000430
489    0.000328
490    0.000344
491    0.000333
492    0.000436
493    0.000317
494    0.000389
495    0.000408
496    0.000357
497    0.000427
498    0.000506
499    0.000381
500    0.000422
501    0.000281
502    0.000285
503    0.000217
504    0.000344
505    0.000293
506    0.000438
507    0.000247
508    0.000257
509    0.000272
510    0.000259
511    0.000307
512    0.000319
513    0.000361
514    0.000203
515    0.000264
516    0.000368
517    0.000352
518    0.000293
519    0.000342
520    0.000328
521    0.000297
522    0.000203
523    0.000352
524    0.000290
525    0.000316
526    0.000430
527    0.000259
528    0.000415
529    0.000319
530    0.000328
531    0.000270
532    0.000310
533    0.000393
534    0.000429
535    0.000260
536    0.000213
537    0.000358
538    0.000206
539    0.000628
540    0.000375
541    0.000221
542    0.000231
543    0.000445
544    0.000311
545    0.000306
546    0.000142
547    0.000389
548    0.000428
549    0.000275
550    0.000337
551    0.000269
552    0.000369
553    0.000355
554    0.000354
555    0.000330
556    0.000284
557    0.000307
558    0.000275
559    0.000402
560    0.000343
561    0.000248
562    0.000293
563    0.000393
564    0.000342
565    0.000323
566    0.000328
567    0.000354
568    0.000215
569    0.000518
570    0.000361
571    0.000212
572    0.000318
573    0.000291
574    0.000258
575    0.000206
576    0.000218
577    0.000289
578    0.000228
579    0.000297
580    0.000211
581    0.000245
582    0.000318
583    0.000416
584    0.000317
585    0.000307
586    0.000272
587    0.000345
588    0.000195
589    0.000324
590    0.000257
591    0.000396
592    0.000218
593    0.000201
594    0.000273
595    0.000205
596    0.000247
597    0.000270
598    0.000240
599    0.000321
600    0.000240
601    0.000314
602    0.000233
603    0.000321
604    0.000260
605    0.000357
606    0.000275
607    0.000231
608    0.000288
609    0.000281
610    0.000196
611    0.000369
612    0.000268
613    0.000257
614    0.000237
615    0.000265
616    0.000298
617    0.000261
618    0.000285
619    0.000337
620    0.000252
621    0.000326
622    0.000253
623    0.000329
624    0.000423
625    0.000255
626    0.000349
627    0.000251
628    0.000379
629    0.000197
630    0.000206
631    0.000211
632    0.000240
633    0.000202
634    0.000259
635    0.000181
636    0.000276
637    0.000302
638    0.000200
639    0.000275
640    0.000262
641    0.000331
642    0.000220
643    0.000252
644    0.000240
645    0.000276
646    0.000299
647    0.000364
648    0.000235
649    0.000224
650    0.000319
651    0.000254
652    0.000307
653    0.000222
654    0.000282
655    0.000182
656    0.000257
657    0.000334
658    0.000265
659    0.000244
660    0.000336
661    0.000251
662    0.000252
663    0.000238
664    0.000178
665    0.000243
666    0.000221
667    0.000170
668    0.000262
669    0.000275
670    0.000379
671    0.000264
672    0.000233
673    0.000400
674    0.000256
675    0.000260
676    0.000303
677    0.000205
678    0.000238
679    0.000273
680    0.000375
681    0.000290
682    0.000273
683    0.000296
684    0.000321
685    0.000206
686    0.000267
687    0.000234
688    0.000240
689    0.000189
690    0.000198
691    0.000235
692    0.000238
693    0.000244
694    0.000234
695    0.000424
696    0.000179
697    0.000250
698    0.000247
699    0.000158
700    0.000100
701    0.000269
702    0.000205
703    0.000155
704    0.000145
705    0.000193
706    0.000195
707    0.000263
708    0.000140
709    0.000196
710    0.000242
711    0.000183
712    0.000196
713    0.000201
714    0.000231
715    0.000283
716    0.000200
717    0.000283
718    0.000196
719    0.000142
720    0.000212
721    0.000260
722    0.000267
723    0.000195
724    0.000216
725    0.000371
726    0.000151
727    0.000279
728    0.000226
729    0.000176
730    0.000207
731    0.000363
732    0.000265
733    0.000196
734    0.000336
735    0.000317
736    0.000181
737    0.000233
738    0.000200
739    0.000235
740    0.000246
741    0.000386
742    0.000251
743    0.000214
744    0.000246
745    0.000334
746    0.000191
747    0.000121
748    0.000187
749    0.000227
750    0.000190
751    0.000220
752    0.000155
753    0.000270
754    0.000257
755    0.000288
756    0.000232
757    0.000216
758    0.000291
759    0.000263
760    0.000247
761    0.000174
762    0.000217
763    0.000220
764    0.000160
765    0.000119
766    0.000176
767    0.000186
768    0.000202
769    0.000170
770    0.000256
771    0.000226
772    0.000323
773    0.000177
774    0.000273
775    0.000164
776    0.000213
777    0.000215
778    0.000209
779    0.000160
780    0.000306
781    0.000159
782    0.000162
783    0.000237
784    0.000227
785    0.000142
786    0.000175
787    0.000139
788    0.000233
789    0.000170
790    0.000231
791    0.000279
792    0.000159
793    0.000158
794    0.000225
795    0.000223
796    0.000102
797    0.000125
798    0.000148
799    0.000222
800    0.000147
801    0.000159
802    0.000231
803    0.000049
804    0.000190
805    0.000105
806    0.000141
807    0.000248
808    0.000153
809    0.000212
810    0.000202
811    0.000147
812    0.000050
813    0.000136
814    0.000142
815    0.000264
816    0.000363
817    0.000329
818    0.000298
819    0.000224
820    0.000477
821    0.000198
822    0.000184
823    0.000312
824    0.000047
825    0.000503
