  1    0.136986
  2    0.068179
  3    0.028680
  4    0.035511
  5    0.020261
  6    0.020691
  7    0.017913
  8    0.007685
  9    0.014683
 10    0.005644
 11    0.005800
 12    0.007975
 13    0.005717
 14    0.008942
 15    0.009391
 16    0.008917
 17    0.004800
 18    0.006310
 19    0.009490
 20    0.003809
 21    0.008364
 22    0.008105
 23    0.007200
 24    0.006405
 25    0.003544
 26    0.006051
 27    0.005166
 28    0.003511
 29    0.004594
 30    0.004401
 31    0.004173
 32    0.003021
 33    0.005453
 34    0.003499
 35    0.003213
 36    0.003548
 37    0.004108
 38    0.002124
 39    0.004684
 40    0.003988
 41    0.004646
 42    0.002526
 43    0.003305
 44    0.003514
 45    0.003905
 46    0.002578
 47    0.004181
 48    0.003411
 49    0.003511
 50    0.003491
 51    0.002810
 52    0.002745
 53    0.002453
 54    0.002338
 55    0.002933
 56    0.001573
 57    0.001802
 58    0.001954
 59    0.001467
 60    0.001042
 61    0.001569
 62    0.001977
 63    0.001456
 64    0.001419
 65    0.002829
 66    0.001952
 67    0.002087
 68    0.001702
 69    0.001089
 70    0.000848
 71    0.002007
 72    0.001590
 73    0.002616
 74    0.001203
 75    0.002686
 76    0.001991
 77    0.001347
 78    0.000970
 79    0.001322
 80    0.001948
 81    0.001119
 82    0.001198
 83    0.001795
 84    0.001153
 85    0.001643
 86    0.002417
 87    0.001385
 88    0.001409
 89    0.001576
 90    0.003153
 91    0.001447
 92    0.001263
 93    0.001390
 94    0.001818
 95    0.001587
 96    0.001655
 97    0.001060
 98    0.001456
 99    0.001405
100    0.000858
101    0.000989
102    0.001440
103    0.001466
104    0.001418
105    0.001180
106    0.002278
107    0.001318
108    0.001279
109    0.002336
110    0.001517
111    0.001783
112    0.001390
113    0.001179
114    0.001901
115    0.001482
116    0.000682
117    0.001013
118    0.001402
119    0.001424
120    0.001951
121    0.001393
122    0.001347
123    0.001255
124    0.001396
125    0.001021
126    0.000928
127    0.001487
128    0.001240
129    0.001412
130    0.000820
131    0.001192
132    0.001058
133    0.001035
134    0.001265
135    0.001896
136    0.000951
137    0.001716
138    0.001418
139    0.001261
140    0.001146
141    0.001374
142    0.001198
143    0.000962
144    0.001943
145    0.000787
146    0.001096
147    0.001443
148    0.001569
149    0.000943
150    0.001458
151    0.000921
152    0.000840
153    0.001002
154    0.000861
155    0.001604
156    0.000825
157    0.001367
158    0.000620
159    0.001057
160    0.000597
161    0.000908
162    0.001197
163    0.001079
164    0.000738
165    0.000972
166    0.000802
167    0.000954
168    0.001031
169    0.000737
170    0.001164
171    0.001125
172    0.000993
173    0.001276
174    0.000702
175    0.000732
176    0.000851
177    0.000749
178    0.000815
179    0.000804
180    0.000906
181    0.000876
182    0.000912
183    0.000707
184    0.000768
185    0.000950
186    0.000736
187    0.000479
188    0.000919
189    0.000868
190    0.000410
191    0.000904
192    0.000745
193    0.001081
194    0.000660
195    0.000854
196    0.000801
197    0.001068
198    0.000720
199    0.000852
200    0.000824
201    0.000582
202    0.000669
203    0.001089
204    0.000427
205    0.000797
206    0.001011
207    0.000769
208    0.000772
209    0.000807
210    0.000665
211    0.000591
212    0.000541
213    0.000650
214    0.000609
215    0.000605
216    0.000748
217    0.000619
218    0.000643
219    0.000527
220    0.000542
221    0.000746
222    0.000595
223    0.000821
224    0.000833
225    0.000873
226    0.000609
227    0.000867
228    0.000750
229    0.000658
230    0.000645
231    0.000488
232    0.000790
233    0.000961
234    0.000916
235    0.000681
236    0.000984
237    0.000907
238    0.000583
239    0.000725
240    0.000703
241    0.000738
242    0.000937
243    0.000736
244    0.000859
245    0.000427
246    0.001127
247    0.001013
248    0.000934
249    0.000611
250    0.000737
251    0.000951
252    0.001054
253    0.000529
254    0.000992
255    0.000612
256    0.000877
257    0.000483
258    0.000551
259    0.000889
260    0.000626
261    0.000554
262    0.001240
263    0.000633
264    0.000567
265    0.000538
266    0.000432
267    0.000292
268    0.000375
269    0.000547
270    0.000753
271    0.000284
272    0.000639
273    0.000575
274    0.000410
275    0.000513
276    0.000496
277    0.000567
278    0.000467
279    0.000625
280    0.000738
281    0.000552
282    0.000445
283    0.000405
284    0.000819
285    0.000541
286    0.000483
287    0.000437
288    0.000455
289    0.000722
290    0.000729
291    0.000382
292    0.000517
293    0.000461
294    0.000774
295    0.000448
296    0.000461
297    0.000722
298    0.000593
299    0.000415
300    0.000467
301    0.000623
302    0.000664
303    0.000497
304    0.000288
305    0.000253
306    0.000312
307    0.000324
308    0.000478
309    0.000468
310    0.000517
311    0.000484
312    0.000365
313    0.000449
314    0.000262
315    0.000693
316    0.000749
317    0.000581
318    0.000327
319    0.000204
320    0.000480
321    0.000503
322    0.000558
323    0.000310
324    0.000682
325    0.000619
326    0.000647
327    0.000568
328    0.000567
329    0.000286
330    0.000613
331    0.000469
332    0.000282
333    0.000956
334    0.000505
335    0.000570
336    0.000776
337    0.000647
338    0.000261
339    0.000397
340    0.000377
341    0.000501
342    0.000581
343    0.000410
344    0.000456
345    0.000533
346    0.000659
347    0.000697
348    0.000533
349    0.000407
350    0.000386
351    0.000560
352    0.000418
353    0.000419
354    0.000514
355    0.000338
356    0.000375
357    0.000679
358    0.000432
359    0.000325
360    0.000426
361    0.000325
362    0.000487
363    0.000508
364    0.000437
365    0.000336
366    0.000527
367    0.000599
368    0.000860
369    0.000321
370    0.000487
371    0.000553
372    0.000374
373    0.000451
374    0.000498
375    0.000484
376    0.000461
377    0.000491
378    0.000550
379    0.000511
380    0.000482
381    0.000501
382    0.000628
383    0.000364
384    0.000512
385    0.000346
386    0.000456
387    0.000564
388    0.000860
389    0.000345
390    0.000683
391    0.000328
392    0.000265
393    0.000396
394    0.000469
395    0.000508
396    0.000356
397    0.000552
398    0.000398
399    0.000458
400    0.000394
401    0.000401
402    0.000354
403    0.000732
404    0.000460
405    0.000612
406    0.000398
407    0.000416
408    0.000552
409    0.000308
410    0.000325
411    0.000585
412    0.000494
413    0.000586
414    0.000493
415    0.000264
416    0.000661
417    0.000311
418    0.000345
419    0.000402
420    0.000526
421    0.000348
422    0.000461
423    0.000473
424    0.000707
425    0.000387
426    0.000583
427    0.000520
428    0.000408
429    0.000663
430    0.000570
431    0.000313
432    0.000368
433    0.000435
434    0.000329
435    0.000355
436    0.000333
437    0.000291
438    0.000427
439    0.000536
440    0.000601
441    0.000390
442    0.000503
443    0.000399
444    0.000380
445    0.000552
446    0.000282
447    0.000522
448    0.000216
449    0.000467
450    0.000409
451    0.000432
452    0.000360
453    0.000604
454    0.000174
455    0.000388
456    0.000461
457    0.000384
458    0.000475
459    0.000632
460    0.000445
461    0.000257
462    0.000399
463    0.000232
464    0.000417
465    0.000307
466    0.000398
467    0.000249
468    0.000414
469    0.000224
470    0.000460
471    0.000332
472    0.000347
473    0.000362
474    0.000415
475    0.000518
476    0.000433
477    0.000359
478    0.000365
479    0.000310
480    0.000331
481    0.000355
482    0.000335
483    0.000410
484    0.000426
485    0.000352
486    0.000411
487    0.000393
488    0.000286
489    0.000463
490    0.000117
491    0.000253
492    0.000248
493    0.000446
494    0.000193
495    0.000441
496    0.000216
497    0.000555
498    0.000376
499    0.000254
500    0.000395
501    0.000266
502    0.000472
503    0.000341
504    0.000234
505    0.000365
506    0.000356
507    0.000285
508    0.000330
509    0.000474
510    0.000275
511    0.000206
512    0.000431
513    0.000275
514    0.000320
515    0.000276
516    0.000372
517    0.000340
518    0.000444
519    0.000172
520    0.000411
521    0.000350
522    0.000302
523    0.000234
524    0.000339
525    0.000255
526    0.000253
527    0.000458
528    0.000264
529    0.000395
530    0.000374
531    0.000240
532    0.000216
533    0.000306
534    0.000245
535    0.000180
536    0.000686
537    0.000277
538    0.000495
539    0.000303
540    0.000289
541    0.000419
542    0.000224
543    0.000543
544    0.000325
545    0.000195
546    0.000380
547    0.000293
548    0.000411
549    0.000384
550    0.000359
551    0.000275
552    0.000401
553    0.000298
554    0.000362
555    0.000361
556    0.000300
557    0.000290
558    0.000284
559    0.000410
560    0.000450
561    0.000445
562    0.000323
563    0.000284
564    0.000270
565    0.000303
566    0.000281
567    0.000303
568    0.000136
569    0.000321
570    0.000245
571    0.000240
572    0.000358
573    0.000304
574    0.000310
575    0.000271
576    0.000368
577    0.000380
578    0.000293
579    0.000337
580    0.000273
581    0.000244
582    0.000246
583    0.000244
584    0.000300
585    0.000230
586    0.000306
587    0.000276
588    0.000216
589    0.000266
590    0.000199
591    0.000235
592    0.000381
593    0.000342
594    0.000266
595    0.000284
596    0.000367
597    0.000340
598    0.000314
599    0.000313
600    0.000256
601    0.000346
602    0.000373
603    0.000211
604    0.000212
605    0.000227
606    0.000333
607    0.000217
608    0.000157
609    0.000328
610    0.000194
611    0.000301
612    0.000268
613    0.000251
614    0.000275
615    0.000225
616    0.000194
617    0.000279
618    0.000264
619    0.000258
620    0.000235
621    0.000197
622    0.000274
623    0.000263
624    0.000387
625    0.000195
626    0.000341
627    0.000197
628    0.000260
629    0.000400
630    0.000256
631    0.000132
632    0.000350
633    0.000284
634    0.000248
635    0.000331
636    0.000259
637    0.000221
638    0.000199
639    0.000207
640    0.000213
641    0.000242
642    0.000292
643    0.000285
644    0.000210
645    0.000266
646    0.000188
647    0.000321
648    0.000262
649    0.000312
650    0.000288
651    0.000188
652    0.000285
653    0.000348
654    0.000257
655    0.000259
656    0.000146
657    0.000315
658    0.000210
659    0.000240
660    0.000237
661    0.000204
662    0.000260
663    0.000281
664    0.000348
665    0.000215
666    0.000202
667    0.000309
668    0.000310
669    0.000162
670    0.000354
671    0.000451
672    0.000209
673    0.000265
674    0.000356
675    0.000321
676    0.000233
677    0.000399
678    0.000217
679    0.000277
680    0.000317
681    0.000320
682    0.000340
683    0.000290
684    0.000187
685    0.000205
686    0.000213
687    0.000248
688    0.000288
689    0.000261
690    0.000197
691    0.000184
692    0.000366
693    0.000207
694    0.000165
695    0.000311
696    0.000367
697    0.000307
698    0.000193
699    0.000323
700    0.000189
701    0.000164
702    0.000464
703    0.000222
704    0.000156
705    0.000269
706    0.000280
707    0.000206
708    0.000207
709    0.000235
710    0.000280
711    0.000250
712    0.000237
713    0.000288
714    0.000241
715    0.000237
716    0.000232
717    0.000242
718    0.000355
719    0.000212
720    0.000306
721    0.000263
722    0.000331
723    0.000285
724    0.000266
725    0.000266
726    0.000317
727    0.000183
728    0.000262
729    0.000348
730    0.000314
731    0.000189
732    0.000233
733    0.000344
734    0.000237
735    0.000199
736    0.000263
737    0.000257
738    0.000400
739    0.000374
740    0.000339
741    0.000314
742    0.000322
743    0.000215
744    0.000269
745    0.000122
746    0.000169
747    0.000301
748    0.000177
749    0.000298
750    0.000221
751    0.000285
752    0.000230
753    0.000210
754    0.000196
755    0.000181
756    0.000228
757    0.000174
758    0.000226
759    0.000184
760    0.000190
761    0.000173
762    0.000301
763    0.000250
764    0.000115
765    0.000101
766    0.000188
767    0.000118
768    0.000171
769    0.000147
770    0.000112
771    0.000243
772    0.000343
773    0.000162
774    0.000190
775    0.000217
776    0.000311
777    0.000107
778    0.000335
779    0.000225
780    0.000293
781    0.000212
782    0.000199
783    0.000193
784    0.000221
785    0.000134
786    0.000269
787    0.000283
788    0.000250
789    0.000239
790    0.000247
791    0.000456
792    0.000117
793    0.000202
794    0.000363
795    0.000213
796    0.000281
797    0.000230
798    0.000128
799    0.000167
800    0.000261
801    0.000200
802    0.000446
803    0.000331
804    0.000146
805    0.000148
806    0.000327
807    0.000369
808    0.000174
809    0.000202
810    0.000156
811    0.000181
812    0.000185
813    0.000271
814    0.000067
815    0.000107
816    0.000169
817    0.000273
818    0.000198
819    0.000233
820    0.000374
821    0.000412
822    0.000308
823    0.000234
824    0.000062
825    0.000566
