  1    0.136574
  2    0.083095
  3    0.023168
  4    0.040747
  5    0.032954
  6    0.032586
  7    0.017727
  8    0.005865
  9    0.009118
 10    0.013949
 11    0.012380
 12    0.011266
 13    0.007428
 14    0.002945
 15    0.010993
 16    0.011203
 17    0.011810
 18    0.004046
 19    0.003077
 20    0.010563
 21    0.004951
 22    0.005211
 23    0.004870
 24    0.001575
 25    0.001818
 26    0.005333
 27    0.003889
 28    0.005960
 29    0.007002
 30    0.005879
 31    0.002310
 32    0.002377
 33    0.003573
 34    0.003946
 35    0.003137
 36    0.005886
 37    0.002383
 38    0.001226
 39    0.005037
 40    0.002851
 41    0.003023
 42    0.005770
 43    0.003015
 44    0.002970
 45    0.003849
 46    0.003458
 47    0.003085
 48    0.003904
 49    0.003574
 50    0.002612
 51    0.001533
 52    0.001704
 53    0.003613
 54    0.001947
 55    0.002957
 56    0.002550
 57    0.001081
 58    0.003769
 59    0.001393
 60    0.002506
 61    0.001533
 62    0.001776
 63    0.000336
 64    0.001286
 65    0.001087
 66    0.000797
 67    0.004072
 68    0.001416
 69    0.001345
 70    0.001672
 71    0.001093
 72    0.003360
 73    0.001017
 74    0.002535
 75    0.000810
 76    0.002545
 77    0.002326
 78    0.000827
 79    0.000800
 80    0.001937
 81    0.000969
 82    0.002181
 83    0.000809
 84    0.000685
 85    0.001652
 86    0.002012
 87    0.001606
 88    0.001250
 89    0.001583
 90    0.002262
 91    0.001147
 92    0.001135
 93    0.001187
 94    0.000968
 95    0.000634
 96    0.001032
 97    0.001682
 98    0.002302
 99    0.001886
100    0.001332
101    0.001747
102    0.001314
103    0.001873
104    0.001289
105    0.000648
106    0.000381
107    0.000909
108    0.001388
109    0.000889
110    0.000895
111    0.002310
112    0.000949
113    0.003076
114    0.000905
115    0.000949
116    0.000866
117    0.001048
118    0.000690
119    0.000438
120    0.000843
121    0.001220
122    0.001066
123    0.002075
124    0.001599
125    0.001038
126    0.000847
127    0.001132
128    0.001098
129    0.002228
130    0.000721
131    0.001943
132    0.000946
133    0.000649
134    0.000946
135    0.001427
136    0.000392
137    0.000436
138    0.000775
139    0.000756
140    0.001216
141    0.001820
142    0.000609
143    0.000361
144    0.000565
145    0.001582
146    0.001168
147    0.001109
148    0.000970
149    0.000601
150    0.000366
151    0.000699
152    0.000707
153    0.000614
154    0.000346
155    0.001476
156    0.000701
157    0.001226
158    0.002114
159    0.000680
160    0.000617
161    0.001058
162    0.000811
163    0.001187
164    0.000776
165    0.000828
166    0.000593
167    0.000627
168    0.000601
169    0.001645
170    0.001001
171    0.000940
172    0.000990
173    0.000485
174    0.001140
175    0.000433
176    0.000896
177    0.000286
178    0.000728
179    0.000830
180    0.000905
181    0.000457
182    0.000581
183    0.001008
184    0.000918
185    0.000819
186    0.000675
187    0.001008
188    0.000453
189    0.000559
190    0.000833
191    0.000843
192    0.000636
193    0.000629
194    0.000533
195    0.000770
196    0.000695
197    0.001017
198    0.000498
199    0.000812
200    0.000598
201    0.000787
202    0.001027
203    0.000857
204    0.000711
205    0.001241
206    0.000919
207    0.001035
208    0.000769
209    0.000822
210    0.000673
211    0.000532
212    0.000608
213    0.000859
214    0.000906
215    0.000835
216    0.000709
217    0.000718
218    0.000677
219    0.000341
220    0.000550
221    0.000651
222    0.001002
223    0.000647
224    0.000551
225    0.000469
226    0.000803
227    0.000513
228    0.000734
229    0.000678
230    0.000380
231    0.000627
232    0.000867
233    0.000211
234    0.000408
235    0.000438
236    0.000669
237    0.000848
238    0.000582
239    0.001094
240    0.000397
241    0.000769
242    0.000229
243    0.000827
244    0.000463
245    0.000624
246    0.000410
247    0.000915
248    0.000567
249    0.001283
250    0.001267
251    0.000606
252    0.000516
253    0.000317
254    0.000448
255    0.000580
256    0.000595
257    0.000457
258    0.000439
259    0.000306
260    0.000880
261    0.000271
262    0.000823
263    0.000724
264    0.001185
265    0.000707
266    0.000474
267    0.000235
268    0.000614
269    0.000385
270    0.000505
271    0.000442
272    0.000398
273    0.000704
274    0.000645
275    0.000597
276    0.000892
277    0.000288
278    0.000628
279    0.000477
280    0.000803
281    0.000544
282    0.000793
283    0.000959
284    0.001112
285    0.001008
286    0.000437
287    0.000660
288    0.000292
289    0.000419
290    0.000906
291    0.000516
292    0.000662
293    0.000365
294    0.000460
295    0.000811
296    0.000375
297    0.000377
298    0.000700
299    0.000381
300    0.000308
301    0.000608
302    0.000353
303    0.000470
304    0.000520
305    0.000389
306    0.000207
307    0.000391
308    0.000354
309    0.000396
310    0.000633
311    0.000411
312    0.000372
313    0.000320
314    0.000421
315    0.000572
316    0.000370
317    0.000309
318    0.000530
319    0.000547
320    0.000450
321    0.000322
322    0.000843
323    0.000540
324    0.000359
325    0.000557
326    0.000695
327    0.000254
328    0.000704
329    0.000611
330    0.000382
331    0.000672
332    0.000725
333    0.000536
334    0.000333
335    0.000683
336    0.000345
337    0.000278
338    0.000248
339    0.000239
340    0.000317
341    0.000285
342    0.000548
343    0.000285
344    0.000539
345    0.000463
346    0.000466
347    0.000288
348    0.000508
349    0.000499
350    0.000634
351    0.000586
352    0.000287
353    0.000457
354    0.000274
355    0.000502
356    0.000975
357    0.001055
358    0.000204
359    0.000402
360    0.000719
361    0.001065
362    0.000562
363    0.000400
364    0.000478
365    0.000855
366    0.000702
367    0.000310
368    0.000491
369    0.000628
370    0.000252
371    0.000145
372    0.000275
373    0.000251
374    0.000620
375    0.000371
376    0.000398
377    0.000493
378    0.000531
379    0.000294
380    0.000632
381    0.000432
382    0.000374
383    0.000728
384    0.000270
385    0.000471
386    0.000230
387    0.000399
388    0.000191
389    0.000416
390    0.000550
391    0.000579
392    0.000332
393    0.000637
394    0.000813
395    0.000231
396    0.000445
397    0.000430
398    0.000307
399    0.000389
400    0.000191
401    0.000255
402    0.000373
403    0.000341
404    0.000341
405    0.000599
406    0.000232
407    0.000273
408    0.000431
409    0.000447
410    0.000544
411    0.000349
412    0.000306
413    0.000259
414    0.000374
415    0.000263
416    0.000388
417    0.000407
418    0.000228
419    0.000409
420    0.000367
421    0.000221
422    0.000306
423    0.000328
424    0.000220
425    0.000082
426    0.000372
427    0.000485
428    0.000249
429    0.000241
430    0.000505
431    0.000384
432    0.000453
433    0.000483
434    0.000747
435    0.000223
436    0.000461
437    0.000307
438    0.000411
439    0.000348
440    0.001102
441    0.000478
442    0.000976
443    0.000331
444    0.000330
445    0.000525
446    0.000813
447    0.000470
448    0.000354
449    0.000263
450    0.000426
451    0.000271
452    0.000211
453    0.000228
454    0.000876
455    0.000673
456    0.000425
457    0.000286
458    0.000366
459    0.000278
460    0.000363
461    0.000480
462    0.000308
463    0.000675
464    0.000263
465    0.000569
466    0.000263
467    0.000578
468    0.000449
469    0.000212
470    0.000437
471    0.000550
472    0.000396
473    0.000329
474    0.000454
475    0.000598
476    0.000285
477    0.000534
478    0.000236
479    0.000302
480    0.000309
481    0.000194
482    0.000407
483    0.000388
484    0.000268
485    0.000171
486    0.000318
487    0.000230
488    0.000545
489    0.000436
490    0.000361
491    0.000277
492    0.000539
493    0.000285
494    0.000476
495    0.000292
496    0.000231
497    0.000248
498    0.000302
499    0.000249
500    0.000373
501    0.000282
502    0.000144
503    0.000177
504    0.000205
505    0.000533
506    0.000437
507    0.000428
508    0.000452
509    0.000324
510    0.000336
511    0.000225
512    0.000289
513    0.000264
514    0.000258
515    0.000131
516    0.000390
517    0.000193
518    0.000387
519    0.000070
520    0.000584
521    0.000196
522    0.000302
523    0.000185
524    0.000349
525    0.000328
526    0.000343
527    0.000397
528    0.000291
529    0.000393
530    0.000637
531    0.000294
532    0.000436
533    0.000416
534    0.000312
535    0.000149
536    0.000297
537    0.000379
538    0.000254
539    0.000253
540    0.000091
541    0.000179
542    0.000221
543    0.000151
544    0.000180
545    0.000170
546    0.000195
547    0.000476
548    0.000368
549    0.000395
550    0.000191
551    0.000160
552    0.000211
553    0.000264
554    0.000282
555    0.000224
556    0.000437
557    0.000305
558    0.000177
559    0.000310
560    0.000339
561    0.000195
562    0.000353
563    0.000159
564    0.000439
565    0.000162
566    0.000344
567    0.000207
568    0.000125
569    0.000502
570    0.000274
571    0.000210
572    0.000354
573    0.000196
574    0.000210
575    0.000245
576    0.000395
577    0.000178
578    0.000196
579    0.000086
580    0.000106
581    0.000164
582    0.000237
583    0.000180
584    0.000271
585    0.000262
586    0.000223
587    0.000291
588    0.000104
589    0.000176
590    0.000291
591    0.000400
592    0.000170
593    0.000228
594    0.000193
595    0.000284
596    0.000227
597    0.000397
598    0.000120
599    0.000232
600    0.000257
601    0.000231
602    0.000170
603    0.000216
604    0.000112
605    0.000272
606    0.000206
607    0.000195
608    0.000151
609    0.000189
610    0.000208
611    0.000190
612    0.000157
613    0.000261
614    0.000167
615    0.000133
616    0.000245
617    0.000253
618    0.000261
619    0.000233
620    0.000204
621    0.000145
622    0.000198
623    0.000228
624    0.000203
625    0.000251
626    0.000160
627    0.000189
628    0.000178
629    0.000216
630    0.000298
631    0.000166
632    0.000275
633    0.000215
634    0.000093
635    0.000083
636    0.000137
637    0.000234
638    0.000270
639    0.000374
640    0.000232
641    0.000535
642    0.000243
643    0.000342
644    0.000166
645    0.000337
646    0.000326
647    0.000059
648    0.000303
649    0.000214
650    0.000326
651    0.000137
652    0.000278
653    0.000316
654    0.000190
655    0.000126
656    0.000198
657    0.000285
658    0.000220
659    0.000506
660    0.000250
661    0.000289
662    0.000303
663    0.000296
664    0.000263
665    0.000243
666    0.000106
667    0.000203
668    0.000326
669    0.000274
670    0.000379
671    0.000235
672    0.000268
673    0.000192
674    0.000356
675    0.000257
676    0.000247
677    0.000353
678    0.000223
679    0.000264
680    0.000273
681    0.000224
682    0.000274
683    0.000261
684    0.000308
685    0.000221
686    0.000272
687    0.000197
688    0.000216
689    0.000233
690    0.000213
691    0.000229
692    0.000233
693    0.000208
694    0.000242
695    0.000203
696    0.000156
697    0.000208
698    0.000172
699    0.000207
700    0.000110
701    0.000165
702    0.000288
703    0.000192
704    0.000326
705    0.000235
706    0.000159
707    0.000206
708    0.000285
709    0.000311
710    0.000114
711    0.000134
712    0.000241
713    0.000135
714    0.000269
715    0.000131
716    0.000142
717    0.000187
718    0.000191
719    0.000212
720    0.000140
721    0.000200
722    0.000346
723    0.000148
724    0.000125
725    0.000155
726    0.000125
727    0.000222
728    0.000215
729    0.000222
730    0.000126
731    0.000174
732    0.000336
733    0.000249
734    0.000275
735    0.000340
736    0.000204
737    0.000247
738    0.000236
739    0.000173
740    0.000268
741    0.000232
742    0.000149
743    0.000286
744    0.000203
745    0.000210
746    0.000169
747    0.000166
748    0.000231
749    0.000402
750    0.000147
751    0.000135
752    0.000078
753    0.000358
754    0.000273
755    0.000142
756    0.000165
757    0.000221
758    0.000070
759    0.000048
760    0.000152
761    0.000105
762    0.000202
763    0.000233
764    0.000248
765    0.000020
766    0.000254
767    0.000307
768    0.000190
769    0.000196
770    0.000324
771    0.000248
772    0.000174
773    0.000197
774    0.000160
775    0.000267
776    0.000222
777    0.000193
778    0.000036
779    0.000248
780    0.000173
781    0.000299
782    0.000178
783    0.000183
784    0.000138
785    0.000176
786    0.000252
787    0.000281
788    0.000161
789    0.000102
790    0.000212
791    0.000300
792    0.000099
793    0.000120
794    0.000059
795    0.000187
796    0.000262
797    0.000142
798    0.000113
799    0.000097
800    0.000184
801    0.000057
802    0.000107
803    0.000230
804    0.000174
805    0.000079
806    0.000041
807    0.000171
808    0.000102
809    0.000058
810    0.000105
811    0.000352
812    0.000069
813    0.000157
814    0.000052
815    0.000041
816    0.000026
817    0.000109
818    0.000147
819    0.000597
820    0.000017
821    0.000433
822    0.000257
823    0.000427
824    0.000297
825    0.000422
