  1    0.118488
  2    0.066810
  3    0.017711
  4    0.048044
  5    0.031150
  6    0.019408
  7    0.040814
  8    0.007553
  9    0.004337
 10    0.009003
 11    0.004746
 12    0.008938
 13    0.006644
 14    0.012821
 15    0.008506
 16    0.014351
 17    0.005355
 18    0.004964
 19    0.007465
 20    0.006064
 21    0.007211
 22    0.004075
 23    0.007873
 24    0.002198
 25    0.004223
 26    0.006708
 27    0.004931
 28    0.003334
 29    0.005085
 30    0.004262
 31    0.002715
 32    0.008958
 33    0.004200
 34    0.006543
 35    0.003374
 36    0.003933
 37    0.004222
 38    0.002398
 39    0.003880
 40    0.004710
 41    0.004554
 42    0.003828
 43    0.002058
 44    0.002114
 45    0.004727
 46    0.002202
 47    0.003501
 48    0.003216
 49    0.002749
 50    0.003006
 51    0.001430
 52    0.001181
 53    0.002286
 54    0.001941
 55    0.001297
 56    0.001050
 57    0.002434
 58    0.001944
 59    0.003317
 60    0.002912
 61    0.001274
 62    0.002423
 63    0.001417
 64    0.001646
 65    0.000912
 66    0.002027
 67    0.002710
 68    0.000566
 69    0.000560
 70    0.001991
 71    0.001945
 72    0.003326
 73    0.001521
 74    0.000487
 75    0.000686
 76    0.002112
 77    0.002866
 78    0.000612
 79    0.000751
 80    0.004835
 81    0.001051
 82    0.001776
 83    0.001155
 84    0.000780
 85    0.001250
 86    0.001554
 87    0.001099
 88    0.002041
 89    0.001469
 90    0.001782
 91    0.001945
 92    0.001598
 93    0.002347
 94    0.000638
 95    0.001985
 96    0.001538
 97    0.001058
 98    0.001982
 99    0.001063
100    0.001308
101    0.001402
102    0.000937
103    0.001519
104    0.003078
105    0.001706
106    0.001498
107    0.000568
108    0.000332
109    0.000593
110    0.001141
111    0.001695
112    0.001097
113    0.001145
114    0.001745
115    0.000605
116    0.000812
117    0.001353
118    0.001452
119    0.001343
120    0.001424
121    0.002176
122    0.001369
123    0.001245
124    0.002525
125    0.002756
126    0.002346
127    0.001450
128    0.001327
129    0.000826
130    0.001322
131    0.000748
132    0.002087
133    0.000575
134    0.001054
135    0.001215
136    0.001419
137    0.000938
138    0.001230
139    0.001279
140    0.000978
141    0.001128
142    0.001160
143    0.001434
144    0.001097
145    0.001522
146    0.000617
147    0.000986
148    0.001544
149    0.000974
150    0.000645
151    0.001520
152    0.000690
153    0.001296
154    0.001292
155    0.000436
156    0.001311
157    0.000905
158    0.001028
159    0.000886
160    0.000459
161    0.000668
162    0.000760
163    0.001171
164    0.001254
165    0.001050
166    0.000686
167    0.000548
168    0.000857
169    0.001181
170    0.001049
171    0.001059
172    0.001287
173    0.001139
174    0.000810
175    0.000431
176    0.000376
177    0.000652
178    0.001082
179    0.000758
180    0.000622
181    0.000731
182    0.000619
183    0.000420
184    0.000514
185    0.000851
186    0.000645
187    0.001037
188    0.000657
189    0.000792
190    0.001009
191    0.000520
192    0.000959
193    0.000735
194    0.000818
195    0.000664
196    0.000867
197    0.000856
198    0.000606
199    0.000602
200    0.000484
201    0.000778
202    0.000812
203    0.000542
204    0.001793
205    0.000822
206    0.000301
207    0.000955
208    0.000381
209    0.001245
210    0.000192
211    0.000949
212    0.000909
213    0.000613
214    0.001249
215    0.000706
216    0.000452
217    0.001053
218    0.000588
219    0.000266
220    0.000659
221    0.000309
222    0.000933
223    0.000442
224    0.000692
225    0.000353
226    0.000403
227    0.000528
228    0.000763
229    0.000410
230    0.000137
231    0.001251
232    0.000404
233    0.001564
234    0.000672
235    0.000526
236    0.000659
237    0.000763
238    0.000593
239    0.000661
240    0.000330
241    0.000994
242    0.000856
243    0.000915
244    0.000609
245    0.000867
246    0.000432
247    0.000536
248    0.000570
249    0.000535
250    0.000389
251    0.000692
252    0.000369
253    0.000322
254    0.000829
255    0.000663
256    0.000733
257    0.000474
258    0.000332
259    0.000869
260    0.000500
261    0.000445
262    0.000364
263    0.000443
264    0.000918
265    0.000816
266    0.000248
267    0.000687
268    0.000409
269    0.000302
270    0.000643
271    0.001143
272    0.000707
273    0.000708
274    0.000605
275    0.000640
276    0.000665
277    0.000340
278    0.000734
279    0.000614
280    0.000775
281    0.000555
282    0.000465
283    0.000485
284    0.000549
285    0.000571
286    0.000632
287    0.000530
288    0.000989
289    0.000717
290    0.000750
291    0.000416
292    0.000339
293    0.000627
294    0.000344
295    0.000401
296    0.000306
297    0.000596
298    0.000255
299    0.000611
300    0.000435
301    0.000598
302    0.000287
303    0.000413
304    0.000428
305    0.000611
306    0.000673
307    0.000637
308    0.000667
309    0.000422
310    0.000506
311    0.000343
312    0.000533
313    0.000365
314    0.000577
315    0.000705
316    0.000452
317    0.000485
318    0.000625
319    0.000140
320    0.000627
321    0.000512
322    0.000866
323    0.000350
324    0.000307
325    0.000569
326    0.000775
327    0.000756
328    0.000619
329    0.000258
330    0.000627
331    0.000630
332    0.000269
333    0.000912
334    0.000914
335    0.000212
336    0.000729
337    0.000546
338    0.000476
339    0.000652
340    0.000456
341    0.000623
342    0.000331
343    0.001012
344    0.000560
345    0.000410
346    0.000839
347    0.000666
348    0.001058
349    0.000231
350    0.000310
351    0.000165
352    0.000714
353    0.000234
354    0.000732
355    0.000544
356    0.000319
357    0.000517
358    0.000416
359    0.000698
360    0.000392
361    0.000371
362    0.000445
363    0.000618
364    0.000447
365    0.000325
366    0.000127
367    0.000539
368    0.000410
369    0.000990
370    0.000401
371    0.000668
372    0.000535
373    0.000407
374    0.001199
375    0.000430
376    0.000317
377    0.000809
378    0.000465
379    0.000419
380    0.000462
381    0.001011
382    0.000470
383    0.000824
384    0.000368
385    0.000472
386    0.000637
387    0.000429
388    0.000131
389    0.000566
390    0.000607
391    0.000356
392    0.001025
393    0.000413
394    0.000623
395    0.000760
396    0.000362
397    0.000737
398    0.000489
399    0.000728
400    0.000498
401    0.000723
402    0.000358
403    0.000527
404    0.000351
405    0.000602
406    0.000446
407    0.000543
408    0.000580
409    0.000485
410    0.000310
411    0.000521
412    0.000528
413    0.000713
414    0.000393
415    0.000499
416    0.000359
417    0.000180
418    0.000224
419    0.000296
420    0.000403
421    0.000590
422    0.000681
423    0.000429
424    0.000248
425    0.000443
426    0.000510
427    0.000977
428    0.000516
429    0.000494
430    0.000228
431    0.000420
432    0.000549
433    0.000227
434    0.000628
435    0.000346
436    0.000430
437    0.000476
438    0.000399
439    0.000329
440    0.000265
441    0.000272
442    0.000319
443    0.000578
444    0.000362
445    0.000240
446    0.000396
447    0.000423
448    0.000559
449    0.000446
450    0.000378
451    0.000419
452    0.000901
453    0.000290
454    0.000242
455    0.000345
456    0.000427
457    0.000367
458    0.000554
459    0.000228
460    0.000156
461    0.000115
462    0.000515
463    0.000429
464    0.000281
465    0.000273
466    0.000524
467    0.000462
468    0.000491
469    0.000212
470    0.000199
471    0.000373
472    0.000326
473    0.000213
474    0.000405
475    0.000274
476    0.000360
477    0.000629
478    0.000199
479    0.000388
480    0.000476
481    0.000225
482    0.000286
483    0.000190
484    0.000453
485    0.000158
486    0.000468
487    0.000391
488    0.000297
489    0.000332
490    0.000146
491    0.000394
492    0.000356
493    0.000292
494    0.000271
495    0.000189
496    0.000127
497    0.000496
498    0.000501
499    0.000411
500    0.000652
501    0.000363
502    0.000313
503    0.000303
504    0.000427
505    0.000296
506    0.000243
507    0.000348
508    0.000358
509    0.000295
510    0.000538
511    0.000315
512    0.000434
513    0.000369
514    0.000325
515    0.000285
516    0.000398
517    0.000245
518    0.000271
519    0.000337
520    0.000387
521    0.000414
522    0.000167
523    0.000146
524    0.000430
525    0.000365
526    0.000167
527    0.000394
528    0.000177
529    0.000300
530    0.000353
531    0.000284
532    0.000204
533    0.000244
534    0.000377
535    0.000439
536    0.000249
537    0.000361
538    0.000230
539    0.000144
540    0.000211
541    0.000370
542    0.000245
543    0.000331
544    0.000240
545    0.000294
546    0.000324
547    0.000337
548    0.000124
549    0.000293
550    0.000611
551    0.000237
552    0.000446
553    0.000310
554    0.000355
555    0.000305
556    0.000397
557    0.000417
558    0.000325
559    0.000133
560    0.000269
561    0.000191
562    0.000228
563    0.000206
564    0.000376
565    0.000238
566    0.000204
567    0.000183
568    0.000148
569    0.000357
570    0.000297
571    0.000283
572    0.000344
573    0.000201
574    0.000280
575    0.000274
576    0.000157
577    0.000404
578    0.000178
579    0.000249
580    0.000190
581    0.000142
582    0.000346
583    0.000263
584    0.000147
585    0.000118
586    0.000339
587    0.000197
588    0.000233
589    0.000103
590    0.000188
591    0.000312
592    0.000309
593    0.000163
594    0.000403
595    0.000344
596    0.000312
597    0.000166
598    0.000359
599    0.000147
600    0.000369
601    0.000419
602    0.000282
603    0.000203
604    0.000539
605    0.000205
606    0.000448
607    0.000261
608    0.000399
609    0.000178
610    0.000152
611    0.000334
612    0.000157
613    0.000313
614    0.000386
615    0.000220
616    0.000110
617    0.000272
618    0.000341
619    0.000142
620    0.000230
621    0.000324
622    0.000190
623    0.000177
624    0.000297
625    0.000290
626    0.000534
627    0.000442
628    0.000304
629    0.000248
630    0.000287
631    0.000336
632    0.000272
633    0.000165
634    0.000321
635    0.000232
636    0.000410
637    0.000300
638    0.000338
639    0.000188
640    0.000262
641    0.000094
642    0.000172
643    0.000253
644    0.000268
645    0.000276
646    0.000283
647    0.000279
648    0.000277
649    0.000276
650    0.000428
651    0.000145
652    0.000356
653    0.000161
654    0.000208
655    0.000175
656    0.000147
657    0.000150
658    0.000248
659    0.000407
660    0.000363
661    0.000164
662    0.000267
663    0.000343
664    0.000117
665    0.000190
666    0.000466
667    0.000248
668    0.000261
669    0.000345
670    0.000250
671    0.000230
672    0.000159
673    0.000201
674    0.000256
675    0.000264
676    0.000281
677    0.000195
678    0.000182
679    0.000230
680    0.000179
681    0.000286
682    0.000170
683    0.000323
684    0.000317
685    0.000281
686    0.000210
687    0.000179
688    0.000207
689    0.000251
690    0.000135
691    0.000212
692    0.000256
693    0.000158
694    0.000251
695    0.000197
696    0.000310
697    0.000254
698    0.000161
699    0.000187
700    0.000428
701    0.000353
702    0.000165
703    0.000179
704    0.000230
705    0.000228
706    0.000217
707    0.000186
708    0.000353
709    0.000307
710    0.000268
711    0.000237
712    0.000168
713    0.000332
714    0.000233
715    0.000148
716    0.000230
717    0.000330
718    0.000093
719    0.000072
720    0.000266
721    0.000280
722    0.000178
723    0.000125
724    0.000315
725    0.000101
726    0.000329
727    0.000371
728    0.000150
729    0.000356
730    0.000585
731    0.000338
732    0.000166
733    0.000278
734    0.000240
735    0.000304
736    0.000227
737    0.000283
738    0.000187
739    0.000137
740    0.000294
741    0.000455
742    0.000151
743    0.000499
744    0.000293
745    0.000111
746    0.000272
747    0.000243
748    0.000275
749    0.000210
750    0.000182
751    0.000317
752    0.000120
753    0.000175
754    0.000206
755    0.000421
756    0.000109
757    0.000380
758    0.000107
759    0.000114
760    0.000062
761    0.000237
762    0.000103
763    0.000196
764    0.000142
765    0.000110
766    0.000185
767    0.000516
768    0.000208
769    0.000312
770    0.000160
771    0.000108
772    0.000168
773    0.000108
774    0.000152
775    0.000243
776    0.000089
777    0.000153
778    0.000226
779    0.000172
780    0.000396
781    0.000218
782    0.000206
783    0.000260
784    0.000270
785    0.000120
786    0.000293
787    0.000241
788    0.000099
789    0.000400
790    0.000067
791    0.000340
792    0.000305
793    0.000127
794    0.000106
795    0.000028
796    0.000177
797    0.000226
798    0.000153
799    0.000105
800    0.000195
801    0.000071
802    0.000088
803    0.000120
804    0.000052
805    0.000245
806    0.000263
807    0.000163
808    0.000062
809    0.000075
810    0.000175
811    0.000097
812    0.000136
813    0.000125
814    0.000267
815    0.000076
816    0.000206
817    0.000166
818    0.000233
819    0.000389
820    0.000230
821    0.000160
822    0.000329
823    0.000280
824    0.000239
825    0.000471
