  1    0.042612
  2    0.053170
  3    0.038634
  4    0.046018
  5    0.020079
  6    0.022520
  7    0.011761
  8    0.022363
  9    0.007528
 10    0.009077
 11    0.022328
 12    0.014434
 13    0.012117
 14    0.005392
 15    0.011004
 16    0.007072
 17    0.006964
 18    0.005957
 19    0.005182
 20    0.009608
 21    0.008326
 22    0.006098
 23    0.006035
 24    0.004035
 25    0.004429
 26    0.002718
 27    0.005352
 28    0.005563
 29    0.003744
 30    0.007137
 31    0.006319
 32    0.003410
 33    0.004391
 34    0.004332
 35    0.004381
 36    0.002732
 37    0.004369
 38    0.003504
 39    0.004921
 40    0.002615
 41    0.003871
 42    0.002522
 43    0.004095
 44    0.003599
 45    0.002317
 46    0.003870
 47    0.002103
 48    0.002835
 49    0.002651
 50    0.002204
 51    0.002203
 52    0.002867
 53    0.002653
 54    0.002679
 55    0.003936
 56    0.003619
 57    0.002749
 58    0.002266
 59    0.002064
 60    0.004037
 61    0.002886
 62    0.001764
 63    0.001722
 64    0.002020
 65    0.002701
 66    0.002744
 67    0.002405
 68    0.003522
 69    0.002285
 70    0.002030
 71    0.001517
 72    0.001140
 73    0.001900
 74    0.001650
 75    0.003347
 76    0.001669
 77    0.003228
 78    0.001759
 79    0.002020
 80    0.001922
 81    0.001408
 82    0.001212
 83    0.001763
 84    0.001110
 85    0.001833
 86    0.001750
 87    0.001569
 88    0.001353
 89    0.001473
 90    0.001457
 91    0.001238
 92    0.001623
 93    0.002500
 94    0.001912
 95    0.002010
 96    0.002550
 97    0.001823
 98    0.002941
 99    0.002297
100    0.002520
101    0.002261
102    0.001432
103    0.001072
104    0.001613
105    0.001060
106    0.001058
107    0.001406
108    0.000948
109    0.001022
110    0.000630
111    0.001837
112    0.000757
113    0.001673
114    0.001313
115    0.001215
116    0.001242
117    0.000916
118    0.000952
119    0.000963
120    0.001385
121    0.001493
122    0.001933
123    0.001467
124    0.001932
125    0.001268
126    0.001660
127    0.000943
128    0.001126
129    0.001144
130    0.001062
131    0.001512
132    0.001123
133    0.000916
134    0.001074
135    0.001414
136    0.000474
137    0.000883
138    0.001389
139    0.001122
140    0.001059
141    0.002623
142    0.000639
143    0.000979
144    0.000659
145    0.000947
146    0.001015
147    0.001291
148    0.000887
149    0.001442
150    0.001648
151    0.002128
152    0.001029
153    0.001988
154    0.001182
155    0.000940
156    0.000985
157    0.001312
158    0.001836
159    0.001216
160    0.001087
161    0.000729
162    0.000609
163    0.000893
164    0.001259
165    0.001292
166    0.001227
167    0.001054
168    0.001190
169    0.000816
170    0.000832
171    0.001334
172    0.000907
173    0.000647
174    0.000670
175    0.001081
176    0.000958
177    0.000791
178    0.000916
179    0.000927
180    0.001514
181    0.001136
182    0.000921
183    0.000903
184    0.001299
185    0.000909
186    0.001199
187    0.001053
188    0.001062
189    0.000729
190    0.000847
191    0.000757
192    0.001138
193    0.000904
194    0.001132
195    0.001004
196    0.000659
197    0.001112
198    0.000899
199    0.000769
200    0.001103
201    0.000735
202    0.001090
203    0.001284
204    0.000761
205    0.000663
206    0.000960
207    0.000511
208    0.000998
209    0.001305
210    0.001115
211    0.001251
212    0.000703
213    0.001143
214    0.000894
215    0.000740
216    0.001048
217    0.001016
218    0.000854
219    0.000899
220    0.000932
221    0.000742
222    0.000761
223    0.000878
224    0.000727
225    0.000861
226    0.001101
227    0.000707
228    0.000689
229    0.000974
230    0.000935
231    0.001011
232    0.001010
233    0.000821
234    0.000753
235    0.001293
236    0.001282
237    0.001062
238    0.001031
239    0.000661
240    0.000699
241    0.000904
242    0.001087
243    0.001081
244    0.000534
245    0.000877
246    0.000785
247    0.000662
248    0.001101
249    0.001302
250    0.001471
251    0.000617
252    0.000713
253    0.000728
254    0.000748
255    0.001011
256    0.001042
257    0.000940
258    0.000968
259    0.000720
260    0.000875
261    0.000618
262    0.000859
263    0.000708
264    0.000462
265    0.000885
266    0.000646
267    0.000407
268    0.000771
269    0.000461
270    0.000655
271    0.000802
272    0.000673
273    0.001010
274    0.001366
275    0.000949
276    0.000283
277    0.000413
278    0.000788
279    0.000605
280    0.000502
281    0.000419
282    0.000742
283    0.000680
284    0.000725
285    0.000925
286    0.000793
287    0.000652
288    0.000708
289    0.000399
290    0.000730
291    0.000796
292    0.000700
293    0.000785
294    0.000454
295    0.000672
296    0.000668
297    0.000496
298    0.000443
299    0.000929
300    0.000411
301    0.000812
302    0.000858
303    0.000575
304    0.000459
305    0.000437
306    0.000712
307    0.000593
308    0.000407
309    0.000375
310    0.000551
311    0.000739
312    0.000652
313    0.000885
314    0.000748
315    0.000802
316    0.000509
317    0.000631
318    0.000618
319    0.000641
320    0.000534
321    0.000519
322    0.001060
323    0.000457
324    0.000246
325    0.000893
326    0.000553
327    0.000712
328    0.000740
329    0.000500
330    0.000715
331    0.000578
332    0.000733
333    0.000619
334    0.000583
335    0.000462
336    0.000602
337    0.000657
338    0.000597
339    0.000800
340    0.000869
341    0.000686
342    0.000633
343    0.000550
344    0.000502
345    0.000421
346    0.000564
347    0.000555
348    0.000302
349    0.000766
350    0.000769
351    0.000737
352    0.000504
353    0.000241
354    0.000467
355    0.000555
356    0.000354
357    0.000642
358    0.000338
359    0.000588
360    0.000491
361    0.000625
362    0.000345
363    0.000475
364    0.000506
365    0.000412
366    0.000568
367    0.000608
368    0.000362
369    0.000634
370    0.000764
371    0.000593
372    0.000446
373    0.000537
374    0.000383
375    0.000848
376    0.000629
377    0.000674
378    0.000422
379    0.000667
380    0.000469
381    0.000453
382    0.000568
383    0.000576
384    0.000395
385    0.000440
386    0.000472
387    0.000682
388    0.000608
389    0.000406
390    0.000342
391    0.000443
392    0.000290
393    0.000483
394    0.000424
395    0.000295
396    0.000391
397    0.000203
398    0.000644
399    0.000519
400    0.000526
401    0.000406
402    0.000378
403    0.000370
404    0.000610
405    0.000281
406    0.000292
407    0.000479
408    0.000385
409    0.000345
410    0.000494
411    0.000518
412    0.000460
413    0.000366
414    0.000601
415    0.000726
416    0.000640
417    0.000548
418    0.000389
419    0.000587
420    0.000377
421    0.000184
422    0.000528
423    0.000524
424    0.000376
425    0.000318
426    0.000728
427    0.000498
428    0.000343
429    0.000412
430    0.000445
431    0.000457
432    0.000457
433    0.000359
434    0.000423
435    0.000466
436    0.000512
437    0.000272
438    0.000477
439    0.000290
440    0.000371
441    0.000447
442    0.000460
443    0.000452
444    0.000287
445    0.000395
446    0.000474
447    0.000377
448    0.000491
449    0.000424
450    0.000401
451    0.000422
452    0.000333
453    0.000438
454    0.000525
455    0.000521
456    0.000416
457    0.000570
458    0.000396
459    0.000570
460    0.000744
461    0.000495
462    0.000372
463    0.000447
464    0.000459
465    0.000431
466    0.000419
467    0.000417
468    0.000374
469    0.000483
470    0.000416
471    0.000375
472    0.000282
473    0.000499
474    0.000421
475    0.000321
476    0.000477
477    0.000271
478    0.000392
479    0.000345
480    0.000397
481    0.000327
482    0.000524
483    0.000476
484    0.000466
485    0.000287
486    0.000517
487    0.000298
488    0.000276
489    0.000425
490    0.000358
491    0.000322
492    0.000485
493    0.000431
494    0.000350
495    0.000442
496    0.000260
497    0.000553
498    0.000469
499    0.000554
500    0.000233
501    0.000354
502    0.000521
503    0.000520
504    0.000466
505    0.000295
506    0.000262
507    0.000408
508    0.000556
509    0.000639
510    0.000494
511    0.000422
512    0.000341
513    0.000491
514    0.000460
515    0.000338
516    0.000455
517    0.000341
518    0.000384
519    0.000498
520    0.000551
521    0.000343
522    0.000359
523    0.000402
524    0.000368
525    0.000450
526    0.000396
527    0.000430
528    0.000389
529    0.000330
530    0.000428
531    0.000371
532    0.000353
533    0.000369
534    0.000465
535    0.000362
536    0.000370
537    0.000600
538    0.000390
539    0.000376
540    0.000445
541    0.000358
542    0.000340
543    0.000222
544    0.000418
545    0.000357
546    0.000397
547    0.000287
548    0.000286
549    0.000423
550    0.000461
551    0.000313
552    0.000354
553    0.000426
554    0.000421
555    0.000219
556    0.000330
557    0.000317
558    0.000258
559    0.000222
560    0.000269
561    0.000301
562    0.000322
563    0.000333
564    0.000212
565    0.000353
566    0.000356
567    0.000305
568    0.000431
569    0.000249
570    0.000396
571    0.000312
572    0.000430
573    0.000236
574    0.000383
575    0.000275
576    0.000257
577    0.000329
578    0.000347
579    0.000219
580    0.000349
581    0.000371
582    0.000343
583    0.000427
584    0.000347
585    0.000169
586    0.000309
587    0.000413
588    0.000280
589    0.000179
590    0.000289
591    0.000310
592    0.000291
593    0.000534
594    0.000400
595    0.000303
596    0.000350
597    0.000296
598    0.000366
599    0.000266
600    0.000364
601    0.000289
602    0.000357
603    0.000276
604    0.000343
605    0.000373
606    0.000238
607    0.000386
608    0.000306
609    0.000303
610    0.000224
611    0.000397
612    0.000351
613    0.000320
614    0.000303
615    0.000326
616    0.000295
617    0.000474
618    0.000254
619    0.000350
620    0.000299
621    0.000289
622    0.000402
623    0.000365
624    0.000197
625    0.000226
626    0.000373
627    0.000310
628    0.000280
629    0.000332
630    0.000234
631    0.000214
632    0.000240
633    0.000304
634    0.000329
635    0.000264
636    0.000189
637    0.000260
638    0.000387
639    0.000378
640    0.000224
641    0.000205
642    0.000342
643    0.000325
644    0.000251
645    0.000267
646    0.000240
647    0.000294
648    0.000237
649    0.000347
650    0.000263
651    0.000304
652    0.000368
653    0.000375
654    0.000204
655    0.000204
656    0.000213
657    0.000289
658    0.000313
659    0.000259
660    0.000317
661    0.000463
662    0.000275
663    0.000270
664    0.000263
665    0.000325
666    0.000364
667    0.000383
668    0.000339
669    0.000319
670    0.000254
671    0.000266
672    0.000411
673    0.000145
674    0.000272
675    0.000253
676    0.000311
677    0.000251
678    0.000523
679    0.000221
680    0.000352
681    0.000283
682    0.000248
683    0.000281
684    0.000238
685    0.000236
686    0.000249
687    0.000201
688    0.000248
689    0.000324
690    0.000295
691    0.000511
692    0.000351
693    0.000272
694    0.000201
695    0.000309
696    0.000254
697    0.000388
698    0.000223
699    0.000265
700    0.000193
701    0.000188
702    0.000251
703    0.000378
704    0.000212
705    0.000328
706    0.000373
707    0.000183
708    0.000285
709    0.000249
710    0.000226
711    0.000265
712    0.000227
713    0.000206
714    0.000212
715    0.000211
716    0.000184
717    0.000256
718    0.000249
719    0.000158
720    0.000286
721    0.000323
722    0.000270
723    0.000208
724    0.000233
725    0.000362
726    0.000238
727    0.000213
728    0.000253
729    0.000287
730    0.000222
731    0.000265
732    0.000262
733    0.000385
734    0.000434
735    0.000346
736    0.000373
737    0.000403
738    0.000227
739    0.000433
740    0.000193
741    0.000185
742    0.000166
743    0.000310
744    0.000274
745    0.000141
746    0.000192
747    0.000219
748    0.000265
749    0.000209
750    0.000140
751    0.000130
752    0.000334
753    0.000267
754    0.000164
755    0.000214
756    0.000076
757    0.000242
758    0.000150
759    0.000270
760    0.000234
761    0.000205
762    0.000160
763    0.000390
764    0.000207
765    0.000221
766    0.000189
767    0.000197
768    0.000195
769    0.000228
770    0.000365
771    0.000174
772    0.000249
773    0.000167
774    0.000381
775    0.000236
776    0.000157
777    0.000277
778    0.000274
779    0.000246
780    0.000294
781    0.000082
782    0.000177
783    0.000319
784    0.000305
785    0.000152
786    0.000270
787    0.000086
788    0.000271
789    0.000242
790    0.000333
791    0.000262
792    0.000256
793    0.000110
794    0.000179
795    0.000118
796    0.000137
797    0.000244
798    0.000229
799    0.000212
800    0.000293
801    0.000239
802    0.000325
803    0.000210
804    0.000237
805    0.000131
806    0.000147
807    0.000119
808    0.000171
809    0.000200
810    0.000163
811    0.000205
812    0.000193
813    0.000344
814    0.000118
815    0.000220
816    0.000297
817    0.000091
818    0.000239
819    0.000297
820    0.000208
821    0.000285
822    0.000178
823    0.000232
824    0.000317
825    0.000550
