  0.768987
 -0.028221
  0.032367
 -0.116719
  0.531089
 -0.099498
 -0.036544
  0.012526
 -0.117184
  0.072514
 -0.025325
  0.064990
  0.003706
  0.109109
 -0.013943
  0.034472
 -0.130874
 -0.049528
  0.118231
  0.000531
  0.093140
 -0.017734
 -0.028270
  0.011950
  0.015567
  0.019886
  0.030625
  0.005906
  0.040806
 -0.045951
  0.018047
 -0.006384
  0.031310
  0.017614
 -0.008044
  0.037166
  0.008111
 -0.007695
 -0.008656
  0.015598
  0.007740
  0.007015
 -0.021407
  0.023800
 -0.002946
  0.006004
  0.004468
  0.029441
 -0.006798
  0.004943
 -0.015780
 -0.009275
  0.001078
 -0.012335
  0.009626
  0.008978
  0.011385
  0.011132
  0.016573
  0.001369
  0.010570
  0.001149
 -0.004122
  0.014383
 -0.007880
 -0.007135
 -0.002657
  0.007058
  0.005206
 -0.019232
 -0.005426
 -0.000841
  0.002504
 -0.003753
 -0.002222
 -0.002681
  0.003949
  0.012413
  0.003899
 -0.007651
 -0.011575
  0.004090
 -0.000795
  0.012334
 -0.008331
 -0.006901
  0.008910
 -0.004640
  0.011906
 -0.005527
  0.004556
 -0.005405
 -0.000681
  0.015393
  0.014727
  0.010222
  0.005354
  0.001172
  0.000673
 -0.000514
  0.004391
 -0.000058
  0.004277
  0.000277
  0.002301
 -0.000165
  0.002360
  0.005318
  0.003443
 -0.005161
 -0.003950
 -0.004834
  0.003827
  0.002941
 -0.000285
 -0.004156
  0.007079
 -0.007231
 -0.001677
  0.001510
 -0.020094
  0.000939
  0.003970
  0.000955
  0.004089
 -0.003512
 -0.001189
 -0.003170
 -0.001716
  0.000833
  0.005220
  0.005550
 -0.001893
 -0.000940
 -0.002636
  0.001315
  0.001496
 -0.000370
  0.001898
  0.001439
 -0.000062
  0.002988
  0.001796
  0.011092
  0.001553
  0.000453
  0.003869
 -0.001268
 -0.002039
 -0.001577
  0.004846
 -0.005212
  0.001057
  0.000205
 -0.000295
 -0.001789
 -0.000812
 -0.004087
  0.000004
  0.008446
  0.004562
  0.000924
 -0.006906
  0.001528
 -0.000216
  0.004402
  0.000561
 -0.000847
  0.006203
  0.008933
 -0.001350
 -0.002239
  0.004861
 -0.000158
 -0.002900
 -0.002187
  0.002081
 -0.009177
 -0.001902
  0.002096
 -0.004517
 -0.000302
  0.002009
 -0.000806
  0.003453
 -0.002397
 -0.002761
 -0.000805
 -0.008308
  0.003731
 -0.005145
 -0.006212
  0.001467
  0.004865
  0.001182
 -0.000367
  0.003192
  0.017236
 -0.005103
 -0.006443
  0.000213
  0.007855
 -0.000504
  0.000781
  0.000913
  0.009703
  0.000106
 -0.004751
 -0.001053
  0.002827
 -0.000410
 -0.000006
 -0.002697
  0.003293
 -0.001180
 -0.004418
 -0.007020
 -0.000252
  0.003598
  0.003955
  0.002959
  0.002885
  0.000200
  0.004819
 -0.001254
  0.002749
  0.003795
  0.000250
  0.002473
 -0.000062
 -0.006166
  0.000268
 -0.001126
 -0.002176
 -0.000269
  0.000903
 -0.000244
  0.000126
 -0.002373
 -0.001565
  0.001364
 -0.002450
 -0.001058
  0.001360
 -0.000793
  0.003359
 -0.000302
 -0.000648
  0.000066
 -0.000946
 -0.000205
 -0.001930
 -0.003078
 -0.000868
 -0.001824
 -0.001170
  0.002236
  0.001508
 -0.001602
  0.001235
 -0.001549
 -0.001616
 -0.001524
 -0.000751
  0.001065
 -0.002550
  0.002752
 -0.001794
  0.001300
 -0.003205
 -0.001791
  0.000722
  0.000998
 -0.003227
  0.002978
  0.004177
  0.001671
 -0.001946
 -0.001477
 -0.001912
  0.001450
 -0.003187
  0.001482
 -0.000268
  0.000286
 -0.001241
  0.000433
  0.002852
  0.000577
 -0.001121
 -0.003804
 -0.002934
  0.001028
 -0.001050
 -0.002563
 -0.000552
  0.001066
  0.002433
  0.000720
 -0.001834
  0.000592
 -0.001186
  0.000113
 -0.002655
 -0.001242
 -0.001644
 -0.001339
  0.001027
  0.001473
 -0.000199
 -0.000675
 -0.000049
 -0.000326
  0.000769
  0.001229
  0.001447
 -0.000228
 -0.000303
 -0.002524
 -0.001475
 -0.001647
  0.000863
 -0.000882
 -0.000107
 -0.001696
 -0.000832
  0.000845
  0.002356
 -0.000403
 -0.001065
 -0.000230
 -0.000319
 -0.000611
 -0.000038
  0.000408
  0.000623
  0.000957
  0.000262
 -0.001780
  0.000117
 -0.000496
 -0.001427
  0.000827
 -0.000730
  0.001367
 -0.001887
 -0.000280
  0.001883
  0.000816
  0.002694
  0.000735
  0.001409
  0.001818
  0.000118
 -0.004511
 -0.000736
  0.004170
 -0.006622
  0.002102
 -0.001352
  0.000712
 -0.004598
 -0.000257
 -0.000182
  0.000429
  0.000755
  0.001125
  0.002228
 -0.000328
 -0.001300
  0.004130
 -0.002894
  0.007616
  0.004162
 -0.003926
  0.002848
 -0.001181
 -0.002037
  0.001342
  0.000286
  0.001561
  0.000988
  0.000373
  0.000114
  0.000752
  0.000996
  0.000004
  0.001758
  0.000243
  0.000035
  0.003086
 -0.000374
 -0.003478
 -0.002868
 -0.000265
 -0.002034
  0.000719
  0.001162
  0.000333
  0.004093
 -0.000044
  0.001332
 -0.003183
  0.002029
 -0.000666
  0.000356
 -0.000422
 -0.001463
 -0.001093
 -0.003499
  0.002880
  0.001080
 -0.001468
  0.000594
 -0.000464
 -0.000935
 -0.000005
  0.000333
 -0.001694
 -0.002429
  0.000903
 -0.000331
  0.001433
  0.001534
 -0.001388
  0.000394
 -0.002943
 -0.002797
  0.000690
 -0.001361
 -0.001493
 -0.002562
 -0.001078
 -0.001776
 -0.002042
 -0.001003
 -0.003826
  0.001593
  0.000798
 -0.000063
  0.001026
 -0.000786
 -0.002985
  0.000252
 -0.001031
 -0.000888
  0.001660
 -0.000921
  0.005053
  0.000768
  0.000291
  0.001949
  0.002011
 -0.005210
  0.000562
  0.000650
  0.001532
 -0.002442
  0.002936
  0.000096
 -0.004705
 -0.000971
  0.007614
 -0.001054
  0.004722
  0.004601
 -0.005431
 -0.007955
  0.004592
 -0.014887
  0.000291
  0.004909
 -0.000159
 -0.005551
  0.001460
  0.000768
  0.005366
 -0.000027
  0.002953
 -0.001526
  0.001249
  0.001755
 -0.000034
 -0.000779
 -0.004327
  0.000045
  0.001386
 -0.000296
 -0.003500
  0.000650
 -0.004592
  0.002527
  0.002226
  0.000210
 -0.006488
 -0.000782
  0.001091
  0.000310
 -0.000069
  0.000696
 -0.001326
  0.001027
 -0.002380
 -0.001696
  0.000147
  0.000342
 -0.000930
  0.001035
 -0.000604
  0.000971
  0.001458
  0.000761
  0.000159
  0.000797
  0.002375
 -0.000188
 -0.001307
  0.002073
  0.006065
 -0.000080
 -0.001063
 -0.001866
 -0.000377
 -0.000374
  0.000075
 -0.004444
 -0.000397
  0.000544
  0.002049
  0.000452
 -0.000489
 -0.000079
  0.000802
  0.000084
  0.001117
 -0.000202
 -0.001436
  0.000355
  0.000965
 -0.001092
  0.000151
 -0.002780
 -0.000511
 -0.000062
  0.000533
  0.000381
 -0.001182
  0.001464
  0.000173
 -0.001448
  0.001171
 -0.001915
  0.002337
 -0.000356
 -0.000861
 -0.000243
  0.000724
  0.000527
  0.000135
 -0.000801
 -0.000715
  0.000932
  0.000087
 -0.000594
 -0.001682
  0.001709
 -0.000262
 -0.000125
 -0.001177
 -0.000830
  0.000686
 -0.000350
  0.000325
  0.000521
  0.000494
 -0.001291
  0.000327
 -0.000283
  0.000259
 -0.000563
 -0.001238
 -0.000054
 -0.000822
 -0.000294
 -0.000569
  0.000049
 -0.000458
  0.000790
 -0.000599
  0.000214
 -0.000391
 -0.000141
 -0.000409
  0.000552
  0.000105
 -0.000809
 -0.000261
 -0.000061
 -0.000987
  0.000599
  0.000481
 -0.001291
 -0.000204
 -0.000823
  0.001841
  0.000262
  0.000157
 -0.000377
 -0.002013
 -0.000137
 -0.000125
 -0.000898
  0.000459
  0.000575
  0.000293
 -0.001301
  0.000021
 -0.000055
  0.000590
 -0.000106
 -0.000589
  0.000056
 -0.000158
  0.000113
 -0.001369
 -0.000630
  0.000688
 -0.000008
 -0.000626
 -0.000328
 -0.001308
  0.000167
 -0.000095
 -0.000692
  0.000808
 -0.000884
  0.001755
 -0.000099
 -0.001171
  0.000871
 -0.000608
 -0.000484
  0.000184
 -0.001037
 -0.000091
 -0.002264
 -0.000033
 -0.000440
 -0.000554
  0.000092
 -0.000307
  0.000853
  0.000404
  0.000425
 -0.000660
 -0.000025
  0.001197
 -0.000180
 -0.000476
 -0.001807
 -0.000547
  0.001564
  0.000772
  0.000988
 -0.000570
  0.000983
  0.000696
 -0.000680
  0.000942
 -0.000156
 -0.000460
  0.000354
  0.000334
 -0.000640
  0.000314
  0.001359
 -0.001160
  0.001202
  0.000077
  0.000358
 -0.001489
 -0.000357
  0.000195
 -0.001153
  0.000346
 -0.000690
 -0.000294
  0.001515
 -0.000684
 -0.000561
  0.000023
  0.000569
  0.000763
  0.000064
  0.001896
  0.000839
  0.000334
  0.000462
 -0.001876
  0.000349
 -0.001188
  0.000538
  0.000057
 -0.000434
  0.000421
 -0.000589
  0.001387
  0.001805
 -0.001555
  0.000235
  0.000264
 -0.000949
 -0.000656
 -0.000889
 -0.000476
 -0.000128
  0.002297
 -0.002547
  0.000050
 -0.000463
 -0.001535
  0.000350
 -0.000168
  0.001033
 -0.000644
  0.000539
 -0.000343
 -0.000494
 -0.000436
  0.000073
  0.000541
 -0.000237
  0.000921
  0.001171
  0.000150
 -0.000364
 -0.000123
  0.000507
 -0.001052
 -0.000519
  0.000124
 -0.000211
  0.000128
  0.000348
 -0.000985
 -0.000924
 -0.000007
 -0.000447
  0.000113
 -0.000095
 -0.000121
 -0.000129
 -0.000448
 -0.000102
 -0.000106
  0.000274
 -0.000499
  0.000166
 -0.000632
  0.000172
 -0.000702
  0.000691
 -0.000230
 -0.000063
  0.000252
  0.000670
 -0.000113
  0.000384
  0.000329
 -0.000106
  0.000044
  0.000701
  0.000299
 -0.000507
  0.000191
 -0.000363
  0.000387
  0.000116
  0.000115
 -0.000123
  0.000649
 -0.001252
  0.000238
 -0.000225
  0.000582
 -0.000963
 -0.000165
  0.000138
 -0.000085
  0.000158
  0.000067
 -0.000467
 -0.000311
 -0.000327
  0.000066
 -0.000421
  0.000136
 -0.000342
  0.000177
  0.000147
  0.000103
 -0.000084
 -0.000166
  0.000382
  0.000270
  0.000298
  0.000107
  0.000175
 -0.000220
  0.000622
  0.000041
  0.000119
 -0.000075
  0.000008
  0.000773
  0.000081
  0.000241
 -0.000239
  0.000651
  0.000178
 -0.000220
 -0.000007
 -0.000114
 -0.000033
 -0.000105
