 -0.054384
 -0.013195
  0.995073
 -0.006287
  0.047351
 -0.037281
  0.026808
  0.005913
  0.000892
  0.007002
 -0.005743
  0.000506
 -0.013796
 -0.018862
 -0.005527
  0.010567
 -0.013273
 -0.002555
 -0.001223
 -0.006189
  0.003279
 -0.003840
 -0.016111
 -0.005621
 -0.005326
 -0.000663
 -0.003663
  0.002709
 -0.003650
  0.000409
 -0.002690
 -0.002519
  0.001904
 -0.011540
  0.002243
 -0.004210
  0.005254
  0.000199
  0.000529
 -0.001400
  0.000150
  0.000194
 -0.002634
  0.002282
  0.002586
 -0.000391
  0.001094
  0.001056
  0.007848
  0.002711
  0.000075
  0.000276
  0.004251
 -0.000043
 -0.002176
  0.001121
  0.001313
 -0.001141
  0.001572
 -0.002236
  0.002575
 -0.000391
 -0.000377
  0.001597
  0.002932
 -0.002977
 -0.001744
  0.001015
  0.004819
 -0.003497
  0.000319
 -0.002894
  0.000156
  0.000570
  0.000773
  0.000251
 -0.005133
  0.002579
  0.004922
  0.004915
  0.002748
  0.003006
 -0.001884
 -0.000633
  0.000908
  0.000577
 -0.003719
 -0.003358
 -0.004219
  0.000243
  0.002109
 -0.004366
 -0.000295
  0.003074
 -0.000521
  0.003518
  0.000080
  0.000250
 -0.000167
 -0.001766
 -0.001834
  0.001907
 -0.001547
 -0.000276
 -0.002126
 -0.000677
  0.007039
  0.000969
  0.002460
  0.001692
  0.000474
 -0.000594
 -0.001759
  0.001773
 -0.002543
  0.001455
  0.000098
 -0.004642
  0.004212
  0.000549
  0.001244
  0.000863
  0.000078
  0.001722
  0.002984
  0.001305
 -0.000274
 -0.000968
  0.000719
 -0.000094
 -0.000514
 -0.002242
  0.000071
  0.000713
 -0.002303
  0.002198
 -0.001698
  0.000957
 -0.000394
 -0.000148
  0.000229
 -0.000913
 -0.002528
  0.000913
 -0.000844
  0.001355
  0.000702
  0.000093
 -0.000078
 -0.001253
 -0.000420
  0.000142
 -0.000760
  0.000342
 -0.000811
 -0.000380
  0.000005
  0.000581
 -0.000139
  0.000294
 -0.001142
 -0.000183
  0.000112
 -0.000591
  0.000321
 -0.000626
 -0.001506
 -0.000285
 -0.000250
  0.000023
  0.001573
 -0.000466
 -0.000278
 -0.001109
 -0.000719
  0.001511
  0.000296
 -0.000062
 -0.000410
 -0.000811
  0.000563
  0.000253
  0.000389
 -0.001408
 -0.000862
 -0.001106
 -0.000107
 -0.000386
  0.000012
 -0.000180
 -0.000984
  0.002080
 -0.000888
 -0.000773
  0.000245
  0.000526
 -0.000004
 -0.000718
 -0.000506
 -0.001003
 -0.000687
  0.000219
 -0.000676
  0.001923
 -0.000038
 -0.000170
 -0.000933
  0.000106
 -0.000159
  0.000380
  0.001162
  0.001346
  0.000030
  0.000562
 -0.000590
 -0.000849
 -0.000408
 -0.000495
  0.000595
 -0.000293
 -0.000099
 -0.000593
 -0.000004
 -0.000189
 -0.000328
 -0.000720
  0.000046
  0.000377
  0.000039
  0.000399
  0.000467
 -0.000390
  0.000014
 -0.000327
  0.000552
 -0.000275
  0.000726
  0.000828
 -0.000499
 -0.000789
  0.000167
  0.000404
 -0.000438
  0.000375
 -0.000600
 -0.000763
 -0.000166
 -0.000060
 -0.000203
 -0.000160
 -0.000040
  0.000317
 -0.000143
  0.000129
  0.000026
  0.000884
 -0.000130
 -0.000430
 -0.000196
  0.000229
 -0.000009
  0.000691
 -0.000222
 -0.000598
  0.000347
  0.000717
  0.000092
 -0.000495
 -0.000332
  0.001592
  0.000125
  0.000021
  0.000094
  0.001108
  0.000537
 -0.000125
 -0.000711
 -0.000771
 -0.000819
 -0.000654
 -0.001117
 -0.000222
  0.000358
 -0.000492
  0.000150
  0.000287
 -0.000711
  0.000899
  0.000827
  0.000834
  0.000708
  0.000279
 -0.001132
 -0.001026
  0.001192
  0.000486
  0.000278
  0.000062
  0.000069
  0.000083
 -0.000865
 -0.000110
 -0.000192
  0.000361
 -0.000345
  0.000650
  0.000221
  0.000149
  0.000018
  0.000243
  0.000158
  0.000083
 -0.000584
  0.000184
  0.000208
  0.001149
  0.000245
  0.000460
 -0.000285
  0.000335
 -0.000174
  0.000560
 -0.000348
 -0.000806
 -0.000171
 -0.000383
  0.000115
  0.000141
 -0.000286
  0.001073
  0.000017
  0.000013
 -0.000262
 -0.000175
  0.000163
  0.000304
  0.000246
 -0.000191
 -0.000095
  0.000288
  0.000321
 -0.000936
 -0.000138
 -0.001530
  0.000215
  0.000450
  0.000448
  0.000527
 -0.000018
  0.000224
 -0.000094
  0.000332
  0.000160
 -0.000122
 -0.000102
  0.000017
 -0.000358
  0.000078
 -0.000089
 -0.000180
  0.000128
 -0.000249
  0.000567
  0.000380
  0.000273
  0.000072
 -0.000836
  0.000733
 -0.000983
 -0.000224
 -0.000253
 -0.000103
  0.000123
  0.000695
  0.000410
 -0.000652
  0.000218
  0.000046
 -0.000067
  0.000623
 -0.000458
 -0.000488
 -0.000121
  0.000463
  0.001933
 -0.001106
 -0.000348
 -0.000026
  0.001044
 -0.000247
 -0.000126
  0.000517
  0.000289
  0.000367
 -0.000271
 -0.000512
 -0.000053
 -0.000180
  0.000059
  0.000155
  0.000244
  0.000263
  0.000661
 -0.000448
  0.000652
  0.000078
  0.000648
  0.000200
  0.000365
  0.000060
  0.000530
  0.000755
 -0.000441
  0.000472
  0.001040
  0.000214
 -0.000463
  0.000105
 -0.000094
  0.000752
  0.000222
  0.000641
 -0.000012
  0.001279
  0.000330
 -0.000448
  0.000738
 -0.000529
 -0.000009
 -0.000882
  0.000059
  0.000100
  0.000346
 -0.000243
  0.000271
  0.000015
 -0.000742
  0.000256
  0.000510
 -0.000960
 -0.000464
 -0.000390
  0.000712
 -0.000778
 -0.000342
 -0.000211
  0.000432
  0.000383
 -0.000033
 -0.000231
  0.000560
 -0.000627
 -0.000018
  0.000135
 -0.000046
  0.000126
  0.000030
  0.000377
 -0.000446
 -0.000013
  0.000005
  0.000900
 -0.000893
  0.000003
 -0.000375
  0.000051
 -0.000063
  0.000021
 -0.000099
 -0.000479
 -0.000803
 -0.000123
  0.000150
 -0.000392
 -0.000182
 -0.000116
 -0.000869
  0.000269
 -0.000633
  0.000267
  0.000053
  0.000004
 -0.000045
 -0.000023
  0.000455
  0.000103
 -0.000240
  0.000065
  0.000382
 -0.000008
  0.000271
  0.000314
  0.000334
  0.000221
 -0.000308
 -0.000199
 -0.000266
 -0.000078
 -0.000467
  0.000082
 -0.000064
  0.000454
  0.000053
 -0.000166
  0.000381
 -0.000228
  0.000181
  0.000393
 -0.000272
 -0.000830
 -0.000661
  0.000135
  0.000606
 -0.000007
  0.000078
  0.000229
  0.000332
 -0.000124
  0.000366
  0.000471
 -0.000087
 -0.000077
  0.000501
 -0.000197
 -0.000395
 -0.000202
 -0.000247
  0.000293
  0.000023
 -0.000024
  0.000175
 -0.000108
  0.000003
 -0.000068
 -0.000043
 -0.000201
  0.000100
 -0.000011
  0.000052
  0.000078
 -0.000403
  0.000330
 -0.000118
  0.000031
  0.000010
 -0.000175
  0.000099
 -0.000190
  0.000058
  0.000214
  0.000002
 -0.000079
  0.000264
 -0.000350
  0.000131
  0.000073
  0.000263
  0.000061
  0.000115
 -0.000025
  0.000045
  0.000129
  0.000078
  0.000370
 -0.000147
 -0.000051
  0.000425
  0.000014
  0.000122
 -0.000154
  0.000157
 -0.000062
  0.000284
 -0.000028
  0.000028
 -0.000087
 -0.000091
 -0.000122
  0.000031
  0.000164
 -0.000006
 -0.000032
  0.000247
  0.000152
  0.000003
 -0.000059
 -0.000082
  0.000049
 -0.000136
 -0.000108
  0.000047
 -0.000389
 -0.000256
  0.000405
 -0.000220
  0.000120
 -0.000285
  0.000061
  0.000010
  0.000181
  0.000232
  0.000195
  0.000017
 -0.000083
  0.000227
  0.000016
 -0.000033
  0.000245
  0.000244
  0.000225
 -0.000274
 -0.000263
  0.000298
 -0.000032
  0.000330
 -0.000218
  0.000237
 -0.000071
 -0.000075
  0.000006
 -0.000151
 -0.000141
 -0.000391
 -0.000160
  0.000175
 -0.000058
 -0.000050
  0.000188
  0.000122
  0.000061
 -0.000017
 -0.000011
 -0.000026
  0.000240
  0.000416
 -0.000130
 -0.000073
 -0.000110
 -0.000041
 -0.000254
 -0.000039
 -0.000036
 -0.000228
  0.000430
 -0.000406
  0.000045
  0.000151
  0.000124
 -0.000211
 -0.000021
  0.000070
  0.000011
 -0.000185
  0.000353
 -0.000020
  0.000089
  0.000180
 -0.000029
  0.000224
  0.000010
 -0.000035
 -0.000443
 -0.000001
  0.000319
 -0.000133
 -0.000283
  0.000302
  0.000092
 -0.000430
 -0.000212
  0.000055
 -0.000064
 -0.000406
 -0.000463
  0.000166
 -0.000168
 -0.000029
  0.000409
 -0.000050
 -0.000012
  0.000385
 -0.000466
  0.000485
 -0.000326
 -0.000367
 -0.000115
 -0.000135
  0.000127
  0.000235
  0.000346
 -0.000090
 -0.000198
  0.000387
 -0.000012
 -0.000208
 -0.000087
 -0.000278
  0.000404
  0.000544
 -0.000020
  0.000135
  0.000041
  0.000502
 -0.000278
  0.000124
 -0.000293
  0.000556
 -0.000630
 -0.000183
 -0.000289
  0.000562
 -0.000179
 -0.000071
 -0.000022
 -0.000270
  0.000479
  0.000192
  0.000062
 -0.000113
 -0.000156
  0.000288
 -0.000257
  0.000044
 -0.000188
 -0.000122
 -0.000338
 -0.000002
  0.000275
 -0.000150
  0.000634
  0.000032
  0.000001
 -0.000449
  0.000194
 -0.000402
 -0.000062
  0.000086
 -0.000259
 -0.000229
  0.000167
 -0.000193
 -0.000258
 -0.000060
  0.000415
  0.000219
 -0.000033
 -0.000285
  0.000169
  0.000130
  0.000154
 -0.000139
  0.000051
  0.000164
  0.000010
 -0.000068
 -0.000151
  0.000107
 -0.000025
  0.000080
 -0.000097
 -0.000068
 -0.000055
  0.000034
 -0.000045
 -0.000148
 -0.000203
  0.000207
 -0.000064
 -0.000108
  0.000007
  0.000102
 -0.000144
 -0.000057
  0.000022
  0.000075
  0.000077
  0.000093
  0.000107
  0.000328
  0.000317
  0.000143
 -0.000011
 -0.000124
 -0.000106
 -0.000008
  0.000064
 -0.000121
 -0.000095
 -0.000093
 -0.000145
  0.000070
  0.000265
 -0.000032
  0.000091
 -0.000027
 -0.000016
  0.000162
  0.000105
 -0.000040
  0.000034
 -0.000017
  0.000042
  0.000008
 -0.000053
  0.000025
 -0.000039
  0.000031
  0.000032
  0.000169
  0.000033
  0.000111
  0.000023
  0.000014
  0.000015
 -0.000082
  0.000061
  0.000007
  0.000051
 -0.000022
  0.000064
 -0.000041
  0.000053
  0.000053
  0.000153
  0.000043
