  0.111637
  0.031149
  0.058738
  0.007637
 -0.955647
 -0.031351
  0.056167
 -0.152996
  0.014264
 -0.073162
  0.006280
  0.023631
  0.002607
 -0.005442
  0.032905
 -0.016844
 -0.045238
  0.116487
 -0.066271
  0.022048
  0.002067
  0.005314
  0.002835
 -0.020323
 -0.002787
  0.035708
  0.050447
 -0.015079
  0.005329
 -0.012133
 -0.020775
  0.002954
  0.025791
  0.029735
 -0.000566
 -0.012613
  0.004751
  0.031111
 -0.010821
  0.013719
 -0.009649
 -0.007270
  0.006463
 -0.005476
 -0.005024
  0.000782
 -0.004565
  0.000388
  0.001589
  0.008101
 -0.010435
  0.004612
 -0.009032
 -0.003567
  0.000271
  0.019876
  0.000976
  0.017083
 -0.001251
 -0.002002
 -0.003708
  0.007559
 -0.000669
 -0.002889
 -0.013598
 -0.004399
 -0.003184
  0.001330
 -0.000955
  0.002546
  0.002359
 -0.004074
  0.001116
 -0.003097
  0.001835
 -0.000778
 -0.000862
 -0.000750
 -0.004584
  0.001914
  0.000831
 -0.002851
  0.002219
  0.003370
  0.003196
  0.004527
  0.004578
  0.000672
  0.002505
  0.001849
  0.001261
  0.003420
  0.002663
  0.000994
 -0.000800
 -0.000239
 -0.007548
 -0.005716
 -0.004698
 -0.003097
 -0.006108
 -0.000195
  0.002255
 -0.004027
 -0.000925
 -0.001394
 -0.008966
  0.014061
  0.001348
 -0.023914
  0.001283
  0.000675
 -0.003017
  0.015380
  0.005286
  0.003402
  0.006146
  0.003027
  0.000359
  0.005437
  0.004271
 -0.006609
  0.007916
  0.000859
 -0.006789
 -0.005182
 -0.003286
  0.002430
 -0.015892
  0.007434
  0.003604
  0.008858
  0.002243
 -0.012889
 -0.001982
 -0.001253
  0.000868
 -0.001420
  0.000334
  0.002778
  0.007940
 -0.003932
 -0.003422
  0.001290
  0.003726
  0.004210
  0.000245
  0.000669
 -0.005332
 -0.005139
 -0.017549
  0.006857
 -0.005638
  0.001998
  0.000494
 -0.006719
 -0.001676
  0.007921
 -0.007362
  0.003527
  0.004793
  0.000719
 -0.000352
 -0.006152
 -0.005587
 -0.006725
  0.000211
 -0.001938
  0.003082
 -0.001311
 -0.006855
 -0.002541
  0.001367
  0.008391
 -0.002419
 -0.001231
 -0.000305
  0.001583
  0.000966
  0.000032
  0.000603
  0.003528
 -0.002189
  0.000642
  0.004188
  0.000815
 -0.001131
 -0.002192
  0.001974
  0.000218
 -0.003866
  0.001202
 -0.002509
 -0.001817
 -0.001147
 -0.000218
 -0.005213
  0.001373
 -0.002152
  0.000025
  0.001741
 -0.000042
  0.002629
 -0.001619
  0.002012
 -0.003289
 -0.003713
 -0.000549
  0.000412
 -0.001452
  0.000114
 -0.003385
  0.000723
  0.000939
  0.002512
 -0.001573
 -0.000511
 -0.001428
  0.003349
  0.000758
 -0.000530
 -0.001460
 -0.001460
 -0.000467
  0.000755
  0.001488
  0.002463
 -0.001541
  0.001156
  0.001000
 -0.002696
  0.000856
 -0.000693
 -0.001138
  0.000238
  0.000547
 -0.003306
  0.000807
  0.001558
  0.001757
  0.001742
  0.001533
 -0.001931
 -0.000611
  0.002529
 -0.003703
 -0.001193
  0.000515
 -0.000357
  0.001181
 -0.000292
  0.000461
 -0.002224
  0.000780
  0.000364
 -0.001280
  0.000831
 -0.000023
 -0.000718
  0.001570
 -0.000312
  0.002699
  0.001954
  0.002255
 -0.003416
 -0.000698
 -0.000043
 -0.005334
 -0.002322
 -0.001038
  0.004030
 -0.000239
 -0.001409
 -0.002380
 -0.001148
 -0.000609
 -0.001900
  0.000657
  0.000078
 -0.000481
  0.000662
 -0.002282
  0.000155
 -0.003773
  0.001775
  0.000896
  0.001091
 -0.000478
  0.000030
  0.000702
 -0.000394
 -0.000524
 -0.001059
  0.000119
  0.001705
  0.000779
  0.001776
 -0.000618
  0.001782
 -0.002733
  0.000322
  0.000165
 -0.000168
 -0.000485
  0.000408
 -0.001162
 -0.001139
 -0.000992
 -0.001834
 -0.000769
  0.001171
 -0.000748
 -0.000131
 -0.000273
  0.001740
  0.000254
  0.000602
 -0.000356
 -0.002215
  0.000149
 -0.000025
 -0.000897
  0.000612
 -0.000520
 -0.000136
 -0.000506
 -0.000841
 -0.000368
 -0.002177
 -0.000159
  0.001086
  0.000326
 -0.000068
  0.000599
 -0.000474
  0.000809
  0.002033
 -0.001852
  0.000480
 -0.000670
  0.000351
  0.001555
 -0.001879
  0.000477
 -0.000759
 -0.000167
  0.000587
  0.000271
  0.000831
 -0.001924
 -0.000292
 -0.000691
 -0.000576
  0.002463
 -0.002541
  0.001328
  0.001629
 -0.000732
 -0.001191
  0.001970
  0.002592
 -0.000163
  0.003945
 -0.001433
 -0.000439
  0.000239
  0.001066
  0.001236
  0.000975
  0.000854
  0.001773
  0.000146
 -0.000126
  0.000762
 -0.001573
  0.000343
  0.000139
  0.000437
  0.000559
 -0.000839
 -0.001094
 -0.000529
 -0.000591
  0.000826
 -0.001014
 -0.000970
 -0.003308
  0.002436
  0.000547
  0.000564
  0.000649
  0.000581
 -0.000339
 -0.000627
 -0.002543
 -0.001983
  0.001692
 -0.000069
  0.000487
 -0.001850
 -0.001293
 -0.000277
 -0.000242
 -0.000473
  0.000435
 -0.000917
 -0.000070
  0.001646
  0.001718
  0.003064
 -0.002636
 -0.001315
 -0.001478
  0.001701
  0.000398
  0.001195
  0.000688
 -0.001207
  0.000428
 -0.001821
 -0.003812
 -0.003831
  0.000858
 -0.002078
  0.000517
 -0.002015
  0.000173
 -0.000478
 -0.000721
 -0.002202
  0.001161
  0.000703
 -0.001773
 -0.000322
  0.002466
 -0.001605
 -0.001083
 -0.000934
 -0.000346
 -0.002165
 -0.002533
 -0.000699
 -0.002369
 -0.001881
  0.000080
  0.000045
 -0.002544
  0.003975
 -0.000814
  0.000407
  0.000852
  0.002148
 -0.001558
  0.002334
  0.001723
 -0.002211
 -0.003071
 -0.003272
 -0.000570
  0.000643
  0.002149
 -0.000394
 -0.000720
  0.000799
 -0.004679
 -0.000723
 -0.004320
 -0.001032
  0.001538
 -0.000540
  0.001472
  0.000874
  0.000844
  0.001713
 -0.000955
  0.001953
  0.001175
 -0.002361
  0.002023
  0.001259
  0.000908
  0.003344
 -0.001204
  0.000574
  0.001033
 -0.001791
  0.000706
  0.000512
  0.000120
 -0.000410
  0.005826
  0.003474
  0.002909
  0.000116
 -0.000757
  0.002570
  0.000542
  0.002540
 -0.000023
  0.000080
 -0.000732
  0.000669
 -0.000188
  0.003219
  0.001298
 -0.000293
 -0.000014
  0.000864
  0.000199
  0.000605
 -0.001996
  0.000695
  0.002579
  0.001159
  0.001832
 -0.002406
  0.001930
 -0.003611
 -0.000036
 -0.000200
 -0.001656
  0.005420
 -0.000474
  0.000560
 -0.002779
  0.002573
 -0.002457
  0.000467
 -0.000995
 -0.000905
 -0.000101
  0.000704
  0.000352
 -0.000171
 -0.001183
 -0.000881
  0.000180
  0.000857
  0.000285
 -0.000530
 -0.000657
  0.000857
  0.000245
 -0.001391
 -0.000305
 -0.000062
 -0.000790
 -0.000293
 -0.000569
  0.001022
 -0.000753
 -0.000218
  0.001216
  0.000186
 -0.000621
 -0.000217
 -0.000296
  0.000635
 -0.000127
 -0.000061
  0.000520
  0.000095
 -0.000761
  0.000783
 -0.000277
 -0.000125
  0.001175
  0.000147
 -0.000396
 -0.000763
 -0.000665
  0.000179
 -0.000448
  0.000109
 -0.000193
 -0.001137
 -0.000052
 -0.000267
 -0.000068
 -0.000378
  0.000987
 -0.001925
 -0.001499
 -0.000679
  0.000793
 -0.000822
 -0.000191
  0.000223
  0.000063
 -0.000015
  0.000278
 -0.000156
 -0.000369
 -0.000146
  0.000453
  0.000321
  0.000302
 -0.000321
 -0.000109
  0.001054
 -0.000499
  0.000118
 -0.000846
  0.000779
 -0.000601
 -0.000040
  0.000243
  0.000884
  0.001335
 -0.000217
  0.000047
 -0.001039
 -0.000594
  0.000478
  0.000070
 -0.001357
 -0.000184
  0.000320
  0.000135
  0.000689
  0.000354
  0.000623
 -0.000356
  0.000537
  0.000570
 -0.000325
 -0.000534
 -0.000301
 -0.000013
 -0.000178
  0.000811
 -0.000196
 -0.000785
 -0.000026
 -0.000593
  0.000005
  0.000513
  0.000229
 -0.000211
  0.002379
 -0.000793
  0.000956
 -0.000225
  0.000761
 -0.001457
  0.000752
 -0.000860
 -0.000227
 -0.001169
  0.000278
 -0.001248
  0.001469
 -0.000904
  0.000644
  0.000344
 -0.000111
  0.000431
  0.000129
  0.000720
 -0.000598
 -0.000202
 -0.000334
  0.000122
  0.000254
 -0.000570
  0.001658
 -0.000304
  0.000134
 -0.000473
 -0.000792
  0.000134
 -0.000294
  0.000200
  0.000015
  0.001121
  0.000699
  0.000184
 -0.000643
  0.000118
 -0.000373
  0.000136
 -0.000011
  0.000347
  0.000159
 -0.000301
 -0.000185
 -0.000753
 -0.000249
  0.000261
 -0.000077
 -0.000095
  0.000104
  0.000266
  0.000005
 -0.000253
  0.000441
 -0.000113
 -0.000348
  0.000175
  0.000103
  0.000632
  0.000267
 -0.000395
  0.000178
  0.000474
  0.000335
 -0.000772
 -0.000312
 -0.000415
 -0.000898
  0.000151
  0.000102
 -0.000444
 -0.000037
 -0.000434
  0.000521
  0.001377
  0.000049
 -0.000041
  0.000474
  0.000412
 -0.000305
 -0.000564
 -0.000237
 -0.000326
 -0.000269
 -0.000356
 -0.000167
 -0.000090
  0.000595
 -0.000446
  0.000201
  0.000087
 -0.000105
 -0.000750
  0.000555
 -0.000075
  0.000329
  0.000592
 -0.000522
  0.000735
 -0.000870
  0.000020
 -0.000330
  0.000101
  0.000395
  0.000209
  0.000488
 -0.000068
 -0.000242
 -0.000100
 -0.000255
  0.000092
  0.000087
  0.000402
  0.000285
 -0.000255
 -0.000529
  0.000157
 -0.000513
  0.000357
 -0.000018
  0.000362
  0.000165
  0.000220
  0.000573
  0.000395
 -0.000082
 -0.000392
  0.000423
 -0.000510
 -0.000448
  0.000231
 -0.000146
 -0.000116
  0.000508
  0.000041
 -0.000082
  0.000795
  0.000558
  0.000047
 -0.000161
 -0.000638
 -0.000004
  0.000207
 -0.000052
 -0.000041
  0.000301
 -0.000587
 -0.000170
 -0.000204
  0.000130
  0.000148
 -0.000180
  0.000632
 -0.000708
 -0.000384
 -0.000225
  0.000223
 -0.000428
 -0.000898
  0.000446
  0.001746
  0.000325
 -0.000076
  0.000406
  0.000110
  0.000057
 -0.000409
 -0.000196
 -0.000136
 -0.000188
  0.000188
  0.000067
 -0.000176
  0.000157
  0.000004
  0.000376
 -0.000120
 -0.000232
 -0.000208
  0.000140
  0.000120
  0.000171
  0.000075
