 -0.877446
 -0.263351
  0.069021
 -0.152955
  0.118084
 -0.064181
 -0.192417
  0.201889
 -0.096001
  0.018088
 -0.041361
  0.010118
 -0.009272
  0.017272
 -0.034305
  0.025087
  0.097348
 -0.029465
 -0.036944
  0.001686
 -0.006511
  0.064165
 -0.002331
 -0.008494
 -0.025053
 -0.028743
 -0.003576
  0.013968
  0.001632
  0.005299
 -0.000210
 -0.004262
 -0.004280
 -0.000053
  0.000983
  0.001477
 -0.003087
 -0.000015
 -0.020951
  0.004345
 -0.003103
  0.005060
  0.005340
 -0.000586
  0.011722
  0.001956
  0.002371
  0.003864
  0.005721
 -0.005591
  0.004591
  0.001691
 -0.005337
  0.004088
  0.004409
 -0.004029
 -0.005986
 -0.000860
 -0.014901
 -0.005521
 -0.006956
  0.001134
 -0.002999
 -0.005425
  0.004658
  0.002945
 -0.005239
 -0.010931
  0.002409
  0.006270
  0.002291
 -0.003989
  0.001658
 -0.001486
  0.000493
  0.003091
  0.000851
 -0.003352
 -0.003243
  0.006423
  0.004071
 -0.000179
 -0.000794
 -0.001440
  0.000240
  0.001192
 -0.000776
 -0.001063
  0.000118
  0.000341
 -0.001277
  0.006655
  0.002087
  0.005583
 -0.001548
  0.000583
  0.009006
  0.003563
  0.010008
  0.006448
 -0.012385
  0.009036
  0.009261
 -0.002858
  0.011459
  0.001133
  0.002377
 -0.000993
 -0.033703
 -0.000342
 -0.003972
 -0.004166
 -0.005835
 -0.003980
  0.003690
 -0.007057
 -0.011896
  0.002632
  0.004987
  0.003732
  0.003590
  0.008259
  0.005196
  0.001501
 -0.001460
 -0.001032
  0.000981
 -0.000151
 -0.000323
  0.001788
 -0.001735
  0.009160
  0.004564
 -0.001155
  0.001925
  0.006669
 -0.002590
 -0.001175
 -0.001783
 -0.009108
  0.003539
  0.000779
 -0.001222
 -0.001739
 -0.002586
  0.000327
 -0.000939
  0.000323
  0.004116
 -0.001470
  0.000446
 -0.000713
 -0.002551
 -0.003928
  0.001504
  0.001681
  0.001064
  0.001587
 -0.002601
  0.000437
 -0.001816
  0.002618
  0.000855
  0.001466
  0.000120
  0.004706
  0.002953
 -0.001720
 -0.000776
 -0.000537
  0.000668
  0.001413
 -0.002248
  0.006814
  0.002925
  0.000514
  0.003386
 -0.006874
 -0.003880
 -0.001481
 -0.003402
 -0.001667
 -0.003160
 -0.001478
  0.010092
  0.005459
  0.004032
  0.004758
  0.002925
 -0.000142
 -0.000775
 -0.002085
  0.002293
  0.005794
  0.003761
 -0.002338
 -0.000533
  0.002172
 -0.002446
 -0.002314
 -0.001717
  0.002514
  0.000360
  0.001371
  0.004089
 -0.000737
  0.001068
  0.000409
  0.001245
  0.000202
 -0.000622
  0.000199
 -0.001031
 -0.000412
  0.000083
  0.000476
 -0.000849
 -0.001631
  0.000854
 -0.001741
  0.000484
  0.000436
 -0.000767
 -0.000458
  0.000472
 -0.000360
  0.000005
  0.000530
  0.000202
 -0.000559
  0.003158
 -0.000928
 -0.000025
  0.000159
 -0.000302
  0.001352
 -0.000036
 -0.000951
  0.000715
  0.000670
  0.000623
 -0.001136
  0.001200
  0.000110
  0.000809
 -0.001484
 -0.000963
  0.001017
  0.002785
  0.000486
  0.000687
 -0.000687
 -0.000373
  0.000707
 -0.001994
  0.000809
  0.000058
  0.000322
  0.000457
 -0.000248
  0.000391
 -0.000646
  0.001153
 -0.000774
  0.000405
  0.000434
  0.001088
 -0.000144
  0.000415
 -0.001251
 -0.002276
  0.000283
 -0.001284
  0.001612
  0.000903
  0.000025
 -0.000485
 -0.001793
  0.002224
  0.001108
  0.001302
  0.000581
 -0.000447
 -0.000473
  0.001630
  0.001137
 -0.003038
 -0.000357
 -0.000288
 -0.001284
 -0.002771
 -0.001830
 -0.001509
 -0.000456
  0.001602
 -0.002196
 -0.001994
 -0.000603
 -0.001401
  0.001584
  0.000077
 -0.006130
  0.000169
 -0.001649
  0.000071
 -0.001346
 -0.001129
  0.000497
 -0.000145
 -0.002737
  0.002710
 -0.000005
 -0.000054
 -0.000777
  0.000370
 -0.001006
 -0.000394
 -0.001551
 -0.000623
  0.000610
  0.000159
  0.000142
 -0.000061
 -0.000508
  0.000100
  0.001511
 -0.001154
  0.000846
 -0.000221
 -0.000270
 -0.001924
 -0.000063
  0.000623
 -0.001269
  0.001373
 -0.000474
  0.001580
 -0.000770
 -0.000412
  0.000268
 -0.000491
  0.001011
  0.000385
  0.001009
 -0.000202
  0.000532
  0.001490
 -0.000877
 -0.000232
  0.000672
 -0.001014
  0.000452
  0.000178
 -0.000180
 -0.001255
  0.000001
 -0.000108
 -0.000481
  0.000002
 -0.000602
  0.000614
  0.000244
 -0.000731
 -0.000133
 -0.000084
 -0.000549
 -0.000879
  0.000332
 -0.000148
 -0.001226
 -0.000442
 -0.001610
  0.000183
 -0.000337
  0.000231
 -0.000498
  0.001243
  0.000680
  0.000620
 -0.001681
 -0.000035
 -0.000333
  0.000275
  0.000804
 -0.000576
 -0.000365
 -0.000679
 -0.000434
  0.000515
 -0.000612
  0.000202
 -0.001864
  0.000779
 -0.001338
 -0.000521
 -0.000501
 -0.000143
  0.000567
  0.000496
 -0.000128
  0.000886
  0.000903
  0.000027
 -0.000973
 -0.002333
 -0.000104
  0.000182
  0.000538
 -0.000105
  0.000434
  0.000773
  0.000018
 -0.000255
  0.001409
 -0.001593
 -0.000679
  0.000067
  0.000265
 -0.000132
  0.000084
  0.000673
  0.000330
 -0.001372
  0.000650
  0.001196
 -0.001502
 -0.000119
 -0.002965
  0.000136
  0.000009
 -0.000395
 -0.000800
  0.002453
 -0.000696
 -0.000442
 -0.001157
 -0.004600
 -0.002936
 -0.000784
 -0.001733
 -0.000742
  0.001140
  0.000103
  0.005273
 -0.004249
  0.000674
 -0.001124
 -0.010372
 -0.002500
  0.000640
  0.000229
  0.003459
  0.000175
  0.006391
  0.008147
  0.001865
  0.000782
 -0.001624
  0.000690
 -0.004023
 -0.001280
  0.001304
  0.000413
 -0.000632
 -0.001113
 -0.001501
  0.000111
 -0.000979
  0.000400
  0.000553
  0.000117
 -0.000988
  0.000593
 -0.000591
 -0.000912
  0.000573
  0.001132
 -0.000398
 -0.000510
 -0.002563
  0.000652
  0.000382
  0.000280
 -0.000735
 -0.001108
 -0.001024
 -0.001488
  0.000973
  0.001031
  0.001431
  0.000396
 -0.000853
  0.000195
  0.000757
  0.000105
 -0.000511
  0.000411
  0.000337
 -0.000157
  0.000886
 -0.000482
  0.000440
  0.000482
  0.001026
 -0.000541
  0.000661
  0.000204
 -0.000352
  0.000162
 -0.000394
  0.000355
 -0.000382
  0.000334
  0.000015
  0.000797
 -0.000383
 -0.000744
  0.000467
 -0.000265
 -0.000364
 -0.000020
 -0.000299
 -0.000827
  0.000778
  0.001117
  0.000856
 -0.000167
  0.000567
 -0.000597
  0.000211
 -0.000064
  0.000175
  0.000071
  0.000124
  0.000085
 -0.000288
 -0.000060
 -0.000165
  0.001565
 -0.000063
  0.001017
 -0.000412
 -0.000008
  0.000455
  0.000079
  0.000377
 -0.000287
 -0.000753
 -0.000305
  0.000414
 -0.000677
  0.000773
  0.000227
  0.000114
  0.000143
 -0.000222
 -0.000008
 -0.000026
 -0.001087
  0.000316
 -0.000128
  0.000222
 -0.001810
 -0.000163
  0.001064
 -0.000018
  0.000281
  0.000868
 -0.000183
  0.000092
  0.000168
  0.000642
  0.000000
 -0.001215
 -0.000044
  0.000732
  0.000987
 -0.000415
 -0.000176
 -0.000374
 -0.000459
  0.000160
  0.000857
 -0.000080
 -0.000420
  0.000169
  0.000054
 -0.000235
 -0.000520
  0.000237
  0.000058
 -0.000319
  0.000814
  0.000402
  0.000072
  0.000167
  0.000104
 -0.000160
 -0.000042
  0.000393
  0.000150
 -0.000238
 -0.000032
  0.000453
 -0.000001
  0.000311
 -0.000114
  0.000500
 -0.000440
  0.000004
 -0.000541
  0.000178
  0.000342
 -0.000312
 -0.000197
  0.000464
 -0.000852
 -0.000532
 -0.000538
 -0.000388
  0.000221
 -0.000094
 -0.000247
  0.001215
 -0.000120
 -0.000627
 -0.000239
 -0.000489
  0.000150
  0.000476
  0.000051
 -0.000112
  0.000862
 -0.000079
 -0.000171
 -0.000389
 -0.000076
  0.000115
  0.000059
 -0.000458
  0.000079
  0.000857
  0.001544
  0.000566
  0.000313
 -0.000128
  0.000767
  0.002087
 -0.000255
 -0.000368
  0.000819
  0.000956
 -0.000053
  0.000467
  0.000104
  0.000652
  0.000900
  0.000280
 -0.000525
 -0.000032
  0.000044
 -0.000126
 -0.000024
  0.000282
  0.000055
  0.000249
  0.000207
 -0.000359
 -0.000107
 -0.000474
  0.000101
 -0.000127
  0.001176
  0.000065
 -0.000147
 -0.000497
  0.000144
  0.000935
 -0.000520
 -0.000397
 -0.000076
 -0.000089
  0.000036
  0.000152
 -0.000435
  0.000076
 -0.000171
  0.000058
 -0.000629
 -0.000655
 -0.000977
  0.000122
  0.000339
  0.000448
 -0.000104
 -0.000828
  0.000023
 -0.000308
 -0.000051
  0.000461
  0.000051
 -0.000406
 -0.000368
  0.000232
  0.000056
 -0.000071
  0.000148
  0.000402
 -0.000082
  0.000084
 -0.000080
 -0.000264
 -0.000504
 -0.000175
 -0.000396
 -0.000234
  0.001046
  0.000225
 -0.000231
  0.000442
 -0.000059
  0.000039
  0.000109
  0.000470
  0.000108
  0.000161
  0.000269
  0.000065
  0.000789
  0.000125
  0.000200
 -0.000280
  0.000094
  0.000329
  0.000811
  0.000474
 -0.000299
  0.000459
  0.000337
  0.000126
  0.000144
  0.000154
  0.000124
 -0.000059
  0.000043
  0.000028
  0.000189
 -0.000061
 -0.000248
  0.000024
 -0.000098
 -0.000002
 -0.000070
  0.000026
 -0.000376
 -0.000245
 -0.000294
 -0.000068
 -0.000154
  0.000003
 -0.000260
 -0.000072
 -0.000036
  0.000065
  0.000086
  0.000082
 -0.000115
 -0.000041
 -0.000021
 -0.000038
 -0.000443
  0.000105
 -0.000036
 -0.000070
 -0.000104
 -0.000038
  0.000264
 -0.000006
 -0.000384
 -0.000009
  0.000051
 -0.000014
  0.000156
  0.000041
  0.000029
 -0.000238
  0.000020
  0.000097
  0.000002
 -0.000070
 -0.000004
  0.000384
  0.000029
  0.000029
  0.000048
 -0.000040
  0.000070
 -0.000039
  0.000058
  0.000019
 -0.000115
  0.000143
 -0.000063
 -0.000050
 -0.000026
  0.000043
  0.000102
  0.000121
 -0.000029
 -0.000041
  0.000161
 -0.000002
 -0.000028
  0.000016
  0.000109
  0.000092
  0.000033
  0.000039
  0.000037
 -0.000082
 -0.000221
 -0.000171
  0.000028
 -0.000060
 -0.000015
