  0.334997
 -0.019205
 -0.038959
  0.061587
 -0.767269
 -0.517744
  0.131010
 -0.007242
 -0.000284
  0.016671
 -0.040572
 -0.029058
  0.009273
  0.007114
 -0.013579
 -0.004636
 -0.039087
 -0.014256
  0.004032
  0.001323
  0.000679
 -0.001884
  0.009455
 -0.000194
  0.000847
  0.008934
  0.010685
 -0.024522
 -0.008550
  0.003349
  0.006278
  0.009357
 -0.000170
 -0.009869
  0.006653
  0.014944
 -0.001330
 -0.004423
  0.002979
  0.001130
 -0.002861
  0.007695
 -0.006478
 -0.001895
  0.003752
  0.003482
  0.004131
  0.003753
  0.004188
 -0.000065
  0.000362
 -0.011513
 -0.001378
  0.010783
  0.002064
 -0.003105
  0.002697
  0.004732
  0.007923
 -0.005373
 -0.000857
  0.000929
  0.011373
  0.003008
  0.007916
  0.002813
 -0.008489
  0.000255
  0.003177
 -0.000511
 -0.001178
  0.004948
  0.000049
 -0.002030
  0.007343
  0.003228
 -0.001737
  0.001722
  0.002575
  0.001887
  0.003570
  0.000337
  0.001181
 -0.003297
  0.002957
 -0.000193
  0.001494
 -0.002258
 -0.001070
 -0.000420
 -0.001986
 -0.002958
  0.001574
  0.002560
  0.001512
  0.003847
  0.003756
 -0.001454
 -0.000744
 -0.006174
 -0.001017
  0.002024
  0.001488
  0.000064
  0.001590
 -0.000340
 -0.001159
  0.000656
  0.001208
  0.000171
 -0.000464
  0.000504
  0.000475
  0.000312
  0.001104
 -0.001399
 -0.000844
  0.000972
 -0.000416
  0.000864
  0.001356
 -0.004020
  0.007298
 -0.000493
  0.001320
  0.001966
 -0.000725
 -0.002069
 -0.004951
  0.005455
  0.003380
  0.000275
  0.005980
 -0.003766
  0.000091
  0.001149
  0.001351
  0.001124
 -0.001195
  0.002740
  0.001476
 -0.002439
  0.000729
  0.001612
  0.003314
 -0.001177
  0.005189
  0.001806
  0.000098
 -0.004706
 -0.001660
 -0.000559
 -0.000150
 -0.001479
 -0.001781
 -0.001778
 -0.000842
  0.000824
  0.000483
 -0.000417
 -0.001659
 -0.001436
 -0.002482
 -0.001765
 -0.000077
 -0.000703
  0.000037
 -0.002009
 -0.001159
  0.001894
  0.000868
  0.000799
 -0.000815
 -0.000934
  0.001037
  0.000612
  0.002103
  0.000147
 -0.000705
  0.000034
  0.000592
 -0.000928
 -0.001653
  0.000653
 -0.000496
  0.000251
  0.001947
  0.002661
 -0.001198
 -0.000722
 -0.001046
 -0.000467
 -0.002038
  0.001245
 -0.001782
  0.000224
 -0.000254
 -0.001185
 -0.000429
  0.000515
  0.000585
 -0.000398
 -0.000565
  0.000127
  0.000231
 -0.000323
 -0.000522
 -0.000809
 -0.001092
  0.000000
 -0.000354
 -0.000514
 -0.000677
  0.001343
 -0.000797
 -0.000394
  0.000910
  0.000264
 -0.000825
  0.000050
 -0.001226
  0.001591
  0.000125
  0.001271
  0.002126
 -0.000534
 -0.000232
  0.000115
 -0.000815
 -0.000414
  0.002202
 -0.003735
  0.001343
  0.000141
 -0.000522
  0.001417
  0.001589
 -0.000161
 -0.001666
 -0.000777
 -0.001850
 -0.002360
 -0.000580
 -0.001524
  0.000719
  0.000084
  0.000994
  0.000801
 -0.001337
  0.000478
 -0.000591
 -0.001190
 -0.002656
 -0.000641
 -0.000384
 -0.000266
 -0.001232
 -0.000785
  0.002822
  0.000599
  0.001824
 -0.000281
 -0.001411
 -0.000132
 -0.000728
  0.000347
  0.002355
  0.000154
  0.003993
 -0.002707
  0.002275
  0.000314
  0.001804
 -0.000919
  0.002135
 -0.000065
  0.002058
 -0.002046
 -0.000616
  0.000366
 -0.000167
 -0.000624
 -0.000775
  0.000263
 -0.000485
  0.001502
  0.001172
  0.001470
  0.000173
 -0.000815
 -0.000314
  0.000528
  0.000962
  0.001318
  0.000714
 -0.000249
  0.001264
  0.000731
 -0.000963
 -0.000358
 -0.001052
 -0.000213
  0.001837
  0.000006
  0.000955
  0.000470
 -0.001286
 -0.000168
 -0.001183
 -0.000665
 -0.002408
 -0.000050
  0.001302
 -0.000664
 -0.000762
 -0.000712
 -0.000039
 -0.002194
  0.000863
  0.000934
  0.001131
 -0.000231
  0.000828
 -0.000624
  0.000274
  0.000877
 -0.000484
 -0.000024
  0.000874
 -0.000813
 -0.001076
 -0.000545
 -0.000143
 -0.000537
  0.000629
 -0.000114
  0.000086
 -0.000218
  0.000453
  0.000899
 -0.000146
 -0.000217
 -0.000100
 -0.001226
  0.000041
  0.000408
  0.000655
  0.000514
 -0.000581
 -0.000453
  0.000853
  0.000552
 -0.000610
  0.000253
  0.000655
  0.000047
 -0.000562
 -0.000539
  0.000549
 -0.000405
  0.000912
 -0.000044
 -0.000677
 -0.000221
 -0.000103
 -0.000388
  0.000029
  0.000367
  0.000234
 -0.000556
 -0.000094
  0.000072
 -0.000816
  0.000678
 -0.000540
 -0.000451
  0.000625
 -0.000152
 -0.000486
 -0.000004
  0.000137
  0.000467
 -0.000583
  0.000133
 -0.000232
  0.000017
 -0.000085
  0.000553
  0.000328
 -0.000204
 -0.000145
 -0.000688
 -0.000482
  0.000643
 -0.000228
  0.001186
 -0.000260
  0.001120
  0.000297
 -0.000624
  0.001046
  0.000075
 -0.000813
  0.000045
 -0.000329
  0.000284
 -0.000129
  0.000261
  0.000077
  0.000515
 -0.000343
  0.000063
 -0.000995
  0.000439
  0.000103
  0.000361
 -0.000039
 -0.000760
 -0.000017
  0.000061
 -0.000788
  0.000831
 -0.000412
 -0.000072
 -0.000065
 -0.000579
  0.000243
 -0.000275
 -0.000111
  0.000686
  0.000397
  0.000008
 -0.000292
 -0.000145
  0.000673
 -0.000257
  0.000023
  0.000018
 -0.000238
  0.000860
  0.000078
  0.000121
 -0.000283
 -0.000250
  0.000197
 -0.000098
  0.000029
  0.000593
 -0.000159
 -0.000679
  0.000809
  0.000177
  0.000131
  0.000349
  0.000438
  0.000234
 -0.000376
 -0.000089
 -0.000473
 -0.000986
  0.000343
 -0.000292
 -0.000430
 -0.000277
 -0.000941
 -0.000416
 -0.000357
 -0.000039
  0.000421
 -0.000044
  0.000540
  0.000206
  0.000822
 -0.000488
  0.000230
  0.000279
  0.000327
 -0.000549
  0.000100
 -0.000058
  0.000257
 -0.000997
 -0.000837
  0.000597
  0.000070
  0.000455
  0.000921
 -0.000279
 -0.000751
 -0.000460
 -0.000062
  0.000757
 -0.000481
 -0.001577
  0.000413
  0.001084
 -0.000392
  0.001201
 -0.000519
 -0.000409
  0.002271
 -0.000559
  0.000513
 -0.000480
 -0.000880
 -0.000122
 -0.000057
  0.000154
 -0.000419
 -0.000407
  0.000005
 -0.000900
  0.000424
 -0.000516
  0.000178
 -0.000498
 -0.000166
  0.000388
  0.000051
  0.000589
 -0.000066
 -0.000135
  0.000192
 -0.000407
 -0.000722
 -0.000059
  0.000460
  0.000401
  0.000265
 -0.000079
 -0.000478
 -0.000014
  0.000447
  0.000346
  0.000096
  0.000269
 -0.000125
  0.000092
  0.000292
 -0.000333
 -0.000096
 -0.000767
 -0.000052
 -0.000027
  0.000569
  0.000198
 -0.000284
 -0.001245
  0.000055
 -0.000519
 -0.000427
  0.000065
 -0.000021
 -0.000463
 -0.000901
  0.000306
  0.000272
  0.000627
 -0.000095
  0.000315
  0.000024
  0.000622
 -0.000183
  0.000064
 -0.000057
 -0.000420
 -0.000483
 -0.000069
 -0.000832
 -0.000014
 -0.001245
 -0.000058
  0.000429
  0.000196
 -0.000301
  0.000314
  0.000478
 -0.000227
  0.000554
  0.000234
 -0.000134
  0.000262
  0.000049
  0.000258
 -0.000073
  0.000335
  0.000244
  0.000065
 -0.000102
 -0.000378
  0.000545
 -0.000063
 -0.000058
  0.000174
  0.000326
  0.000113
 -0.000170
 -0.000139
  0.000291
  0.000081
  0.000335
  0.000161
 -0.000316
  0.000245
  0.000045
 -0.000088
 -0.000127
 -0.000112
  0.000146
  0.000126
  0.000042
 -0.000109
 -0.000010
 -0.000171
  0.000113
 -0.000175
  0.000238
 -0.000064
 -0.000282
  0.000042
 -0.000337
  0.000255
 -0.000591
  0.000113
  0.000032
 -0.000279
  0.000112
  0.000058
  0.000104
 -0.000164
  0.000015
  0.000386
 -0.000000
  0.000140
  0.000362
  0.000181
  0.000166
  0.000091
  0.000087
 -0.000121
  0.000227
 -0.000409
  0.000450
  0.000296
 -0.000347
 -0.000394
  0.000171
  0.000106
 -0.000233
 -0.000391
  0.000216
 -0.000063
  0.000180
 -0.000078
 -0.000159
  0.000377
  0.000067
  0.000065
  0.000115
 -0.000256
 -0.000222
 -0.000240
  0.000201
  0.000128
 -0.000294
  0.000083
 -0.000137
 -0.000156
  0.000336
  0.000238
 -0.000046
 -0.000361
 -0.000248
  0.000051
 -0.000638
  0.000143
  0.000341
 -0.000069
 -0.000458
 -0.000170
  0.000133
  0.000198
  0.000084
  0.000739
 -0.000589
  0.000015
 -0.000104
  0.000177
 -0.000530
 -0.000637
 -0.000365
  0.000412
 -0.000014
 -0.000012
 -0.000595
  0.000642
 -0.000565
  0.000161
  0.000776
 -0.000261
  0.000665
  0.000342
 -0.000005
  0.000097
  0.000134
  0.000219
  0.000298
 -0.000229
 -0.000295
 -0.000125
 -0.000199
  0.000191
  0.000052
  0.000031
 -0.000147
 -0.000172
 -0.000100
 -0.000115
 -0.000061
 -0.000201
 -0.000165
 -0.000157
 -0.000182
  0.000052
  0.000036
 -0.000071
 -0.000016
  0.000218
  0.000054
 -0.000291
  0.000045
  0.000026
 -0.000325
  0.000155
 -0.000379
  0.000360
 -0.000108
  0.000102
 -0.000715
  0.000108
 -0.000301
 -0.000172
  0.000168
 -0.000075
 -0.000134
 -0.000320
 -0.000193
  0.000026
  0.000120
  0.000050
  0.000370
 -0.000081
 -0.000258
 -0.000119
  0.000269
 -0.000291
  0.000092
  0.000175
  0.000144
 -0.000297
  0.000061
 -0.000289
 -0.000093
 -0.000476
 -0.000082
 -0.000085
 -0.000022
 -0.000008
  0.000202
  0.000265
 -0.000239
  0.000269
 -0.000083
 -0.000036
  0.000148
  0.000383
  0.000092
 -0.000298
  0.000037
 -0.000012
  0.000000
  0.000226
 -0.000474
 -0.000194
  0.000197
  0.000056
  0.000010
  0.000021
 -0.000209
 -0.000659
 -0.000001
 -0.000004
  0.000366
  0.000229
  0.000124
 -0.000160
 -0.000244
  0.000028
 -0.000071
  0.000268
  0.000111
  0.000054
  0.000161
 -0.000005
  0.000207
 -0.000116
 -0.000077
  0.000169
 -0.000230
 -0.000058
 -0.000155
 -0.000004
 -0.000064
  0.000031
  0.000213
  0.000017
 -0.000011
 -0.000057
  0.000030
 -0.000075
 -0.000027
  0.000031
 -0.000008
  0.000012
  0.000080
