  0.062924
  0.042248
  0.148477
 -0.160828
  0.957786
 -0.139668
 -0.025969
 -0.025417
  0.000013
 -0.023249
  0.045142
  0.001552
  0.030114
  0.013220
  0.004658
 -0.009869
 -0.003051
 -0.013154
 -0.023576
 -0.006417
 -0.009997
 -0.001483
  0.012003
  0.012283
 -0.001280
 -0.007935
 -0.001303
  0.000560
 -0.004858
  0.002395
 -0.002166
 -0.016439
 -0.000867
  0.004280
 -0.005918
 -0.004495
  0.012640
  0.003727
 -0.006320
  0.002916
 -0.001346
 -0.013245
 -0.012192
  0.002283
  0.000567
  0.009909
 -0.005268
 -0.012080
 -0.008991
 -0.001909
  0.007612
 -0.006000
  0.003733
 -0.001790
 -0.000844
  0.005306
  0.006178
 -0.005051
  0.002530
  0.001007
 -0.000212
 -0.001341
 -0.000418
 -0.004886
 -0.004260
 -0.002974
  0.004564
 -0.006890
  0.004981
  0.001959
  0.004416
  0.003883
 -0.001157
 -0.002523
  0.001633
 -0.005440
  0.002563
 -0.003837
  0.009824
 -0.000804
  0.003925
 -0.002179
 -0.000596
 -0.001789
 -0.006777
 -0.000553
 -0.000573
  0.000525
  0.002020
 -0.003316
 -0.003588
  0.007384
 -0.002832
  0.012021
 -0.001447
  0.003955
  0.002294
 -0.000501
 -0.001331
  0.007426
  0.002119
  0.000444
  0.004646
  0.000950
  0.004816
  0.000345
  0.003316
 -0.002476
 -0.001645
  0.003530
 -0.002071
 -0.000694
 -0.000121
 -0.004786
  0.000287
 -0.004010
 -0.000590
 -0.000817
  0.000133
  0.001226
  0.002190
  0.001270
  0.000501
  0.000724
  0.000937
  0.003561
 -0.001864
 -0.001334
 -0.002653
  0.005142
  0.002860
  0.002974
 -0.001992
  0.002340
 -0.006030
  0.001130
 -0.001574
  0.000111
  0.000244
 -0.003638
  0.000341
  0.000354
  0.000903
 -0.001088
 -0.001544
 -0.001650
  0.001308
  0.002420
  0.001302
 -0.003535
 -0.002613
 -0.000059
 -0.002349
 -0.000666
 -0.000968
  0.000632
 -0.001676
 -0.001711
  0.002296
  0.000239
 -0.001311
  0.000070
 -0.000453
 -0.001587
  0.002719
  0.002808
  0.000001
  0.000209
  0.000208
 -0.001461
 -0.000223
  0.000938
  0.002715
 -0.000765
 -0.002115
  0.000814
  0.002502
  0.002158
  0.003172
 -0.001044
  0.003837
  0.001350
  0.002759
 -0.001882
 -0.001819
 -0.000765
  0.002263
  0.001783
  0.003667
 -0.001253
 -0.000897
 -0.000550
  0.002067
 -0.000884
 -0.000632
  0.000001
 -0.001929
  0.001222
 -0.000107
 -0.000372
  0.001995
  0.003080
 -0.000587
 -0.002342
 -0.001206
  0.001465
 -0.000314
  0.001068
 -0.001456
  0.000565
 -0.001504
 -0.001793
  0.002443
  0.000598
  0.000504
 -0.000819
 -0.002567
 -0.001944
 -0.000437
  0.000561
 -0.003127
  0.000007
  0.000059
  0.001312
  0.001091
  0.003458
 -0.002880
  0.000614
 -0.000638
 -0.001393
  0.000183
 -0.001473
 -0.000156
 -0.002107
  0.000977
 -0.000151
  0.000643
 -0.001295
 -0.000029
 -0.000003
 -0.002818
  0.001874
  0.001704
  0.001782
  0.002924
  0.000745
  0.001595
 -0.000803
  0.001453
  0.000208
 -0.004563
  0.000210
  0.000535
 -0.001387
 -0.001034
 -0.000234
  0.001557
  0.000288
  0.000085
  0.000922
 -0.000986
  0.000808
  0.000251
  0.000401
 -0.001604
  0.000447
 -0.001765
  0.001186
 -0.002303
  0.000584
 -0.000857
 -0.001337
 -0.000162
  0.000765
  0.000632
  0.000297
 -0.000921
 -0.000741
 -0.000620
  0.000760
 -0.000309
 -0.000957
 -0.002066
 -0.000698
 -0.000825
 -0.000373
  0.001388
 -0.000520
 -0.001019
  0.001425
  0.000124
 -0.000645
 -0.002233
 -0.001007
  0.000710
  0.001029
  0.000472
 -0.000505
 -0.001293
  0.000470
  0.000031
 -0.001416
 -0.000493
  0.001198
 -0.000896
  0.000561
 -0.000617
 -0.001372
 -0.000050
 -0.000005
 -0.001332
  0.000107
 -0.000772
 -0.000010
 -0.000152
  0.000447
  0.000190
  0.000281
  0.000387
 -0.000564
 -0.000244
 -0.000612
  0.000336
 -0.000242
 -0.000976
 -0.000443
  0.000167
 -0.000085
 -0.000238
  0.000996
 -0.000623
  0.000486
  0.000086
  0.001305
 -0.000282
  0.000095
 -0.000438
 -0.000216
  0.000423
 -0.000439
  0.001433
 -0.001064
 -0.000626
  0.000275
  0.000829
  0.000483
  0.000301
  0.000251
 -0.000850
 -0.000453
 -0.000257
 -0.001245
  0.000235
 -0.000661
  0.000491
  0.000634
  0.000736
 -0.001915
  0.000124
 -0.000609
 -0.001316
  0.000531
 -0.000210
  0.001048
  0.000211
 -0.001334
 -0.000088
  0.000049
 -0.000571
  0.000554
 -0.000519
 -0.001163
  0.000252
 -0.000185
 -0.001192
  0.000384
  0.000414
 -0.001201
  0.000447
  0.001366
 -0.000627
 -0.003122
  0.000505
 -0.000672
  0.000365
  0.001710
 -0.000870
 -0.001273
 -0.000915
 -0.000790
  0.001114
 -0.000139
  0.000295
  0.000311
  0.000508
 -0.000732
  0.000110
  0.001773
 -0.000455
 -0.000439
  0.002012
  0.000873
  0.000751
  0.001025
  0.002979
  0.000684
  0.001796
 -0.000265
 -0.001198
 -0.001451
  0.000245
  0.002498
  0.000961
 -0.000612
 -0.000226
 -0.000962
  0.000047
  0.001138
  0.000424
  0.001270
  0.000228
  0.000613
  0.000201
  0.000341
 -0.000430
 -0.000343
  0.000664
 -0.000349
 -0.000634
 -0.001116
  0.000082
  0.002340
 -0.000546
 -0.000597
 -0.001563
  0.000877
 -0.000959
  0.001778
 -0.001594
  0.000551
 -0.000515
 -0.000258
 -0.000095
  0.000663
 -0.000257
  0.001168
 -0.000449
  0.000858
  0.001329
  0.000640
 -0.001107
  0.000316
  0.000490
 -0.000211
  0.001483
 -0.000224
 -0.000084
 -0.000142
 -0.000666
 -0.001253
 -0.000190
  0.001057
  0.000367
 -0.000051
  0.000082
 -0.000254
  0.000253
 -0.000570
 -0.000445
 -0.000724
 -0.000361
 -0.000274
 -0.000326
 -0.000298
 -0.000778
  0.000075
  0.000617
  0.000728
  0.000025
  0.000610
 -0.000917
  0.000013
 -0.000181
 -0.000131
 -0.000059
  0.000023
 -0.000880
 -0.000208
  0.000300
  0.000228
 -0.000486
  0.000681
  0.000790
 -0.000105
 -0.000873
  0.000785
 -0.000054
 -0.000278
  0.001480
 -0.002759
  0.002290
 -0.000042
  0.001657
  0.000522
 -0.001231
 -0.001029
 -0.001071
 -0.000669
  0.000399
 -0.001321
 -0.000228
 -0.000831
  0.000502
 -0.000214
  0.000253
  0.000204
  0.000205
  0.000495
  0.000095
 -0.001005
 -0.000673
 -0.000009
  0.002147
  0.000159
  0.000811
  0.000258
 -0.000321
  0.000499
  0.000153
 -0.000577
 -0.000490
 -0.001272
  0.001465
  0.000070
  0.000609
  0.001102
 -0.001141
  0.000438
  0.000261
 -0.000679
  0.001164
 -0.000501
 -0.000448
 -0.000058
  0.001170
  0.000750
 -0.000426
 -0.000573
  0.000258
 -0.000717
 -0.000433
 -0.000121
 -0.000119
  0.000163
  0.001065
 -0.000418
 -0.001579
 -0.000012
 -0.000539
 -0.000559
 -0.000205
 -0.000197
  0.000174
  0.000315
  0.000147
  0.000656
 -0.000207
  0.000145
 -0.000360
  0.000403
 -0.000491
 -0.000274
  0.000142
 -0.000024
 -0.000050
  0.000201
  0.001150
 -0.000168
 -0.000061
  0.000253
  0.000284
 -0.000127
 -0.000039
  0.000024
 -0.000984
  0.000142
  0.000292
  0.000251
 -0.000677
 -0.000114
  0.000346
 -0.000329
  0.000803
 -0.000638
 -0.000017
  0.001109
  0.001053
 -0.000927
  0.000949
  0.000336
  0.000560
 -0.000219
  0.000170
  0.000344
 -0.000197
 -0.000189
 -0.000143
 -0.000198
 -0.001098
  0.000956
 -0.000490
  0.000540
  0.001070
  0.000823
  0.000906
 -0.000844
 -0.000018
  0.000316
  0.000118
  0.000581
 -0.000156
 -0.000033
  0.000377
  0.000117
 -0.000681
 -0.000685
 -0.001056
  0.000709
  0.000405
  0.000064
  0.000667
 -0.000679
 -0.000213
 -0.000185
  0.001644
 -0.002417
 -0.000148
 -0.000563
 -0.000137
  0.000421
  0.000154
 -0.001039
 -0.000781
  0.000779
  0.000075
  0.000016
 -0.000175
 -0.000380
 -0.000296
  0.000845
 -0.000237
 -0.000984
 -0.000003
  0.000592
  0.000403
 -0.000197
 -0.000267
 -0.000416
 -0.000257
 -0.000103
 -0.000546
 -0.000298
 -0.000454
 -0.000136
 -0.000871
 -0.000502
 -0.002120
 -0.000116
  0.000839
 -0.001239
  0.000250
 -0.000140
 -0.000836
  0.000286
 -0.000261
  0.000295
 -0.000247
 -0.000034
 -0.000343
 -0.000670
  0.000581
 -0.000226
  0.000034
  0.000577
 -0.000092
  0.001047
  0.000075
 -0.000906
 -0.001397
  0.000391
  0.000049
 -0.000949
  0.000500
 -0.000761
 -0.000643
 -0.000060
 -0.000321
  0.000456
  0.000104
  0.000297
 -0.000298
  0.000624
 -0.000230
  0.000085
 -0.000415
 -0.000238
 -0.000082
 -0.000320
  0.000115
 -0.000268
  0.000782
 -0.000232
  0.000069
  0.000033
 -0.000334
  0.000270
 -0.001126
 -0.000698
 -0.000515
  0.001600
 -0.000545
 -0.000040
 -0.000309
  0.000065
 -0.001219
 -0.000270
 -0.000718
  0.000188
 -0.000252
 -0.000506
 -0.000066
 -0.000128
  0.000043
  0.000182
 -0.000299
 -0.000128
 -0.000116
 -0.000088
  0.000408
  0.000132
 -0.000221
  0.000442
 -0.000150
  0.000226
 -0.000050
  0.000239
  0.000121
 -0.000596
 -0.000658
 -0.001437
 -0.000757
  0.000229
  0.000067
 -0.000122
  0.000685
 -0.000038
 -0.001141
 -0.000360
  0.000242
  0.000564
 -0.000362
  0.000585
 -0.000219
  0.000268
  0.000516
  0.000277
 -0.000512
 -0.000575
 -0.000222
  0.000094
 -0.000167
  0.000215
 -0.000623
 -0.000436
  0.000124
  0.000703
 -0.000310
 -0.000509
 -0.000025
  0.000092
  0.000360
 -0.000065
 -0.000399
 -0.000058
 -0.000268
  0.000039
 -0.001259
 -0.000192
 -0.000138
 -0.000074
  0.000175
 -0.000742
  0.000004
 -0.000092
 -0.000065
 -0.000475
 -0.000297
 -0.000021
 -0.000126
 -0.000328
  0.000007
  0.000070
  0.000166
  0.000265
 -0.000056
 -0.000192
  0.000091
 -0.000055
 -0.000210
  0.000119
 -0.000070
 -0.000221
  0.000077
 -0.000146
 -0.000078
  0.000081
 -0.000097
  0.000121
  0.000150
  0.000784
  0.000233
  0.000231
 -0.000074
  0.000022
 -0.000277
