 -0.022613
  0.002948
  0.094576
  0.048100
  0.908486
  0.237230
  0.208774
 -0.171753
  0.042671
  0.067277
 -0.017944
  0.017729
 -0.046899
  0.000476
 -0.006661
  0.015627
  0.022283
  0.033209
 -0.036412
 -0.017698
 -0.000117
 -0.031747
 -0.001911
  0.049558
 -0.018769
 -0.028478
 -0.046662
 -0.010655
  0.018212
  0.007180
  0.007291
  0.004191
  0.009975
  0.003091
  0.012090
  0.039118
  0.001810
  0.000829
  0.011510
 -0.000842
  0.014007
 -0.003568
  0.000709
 -0.020761
 -0.001139
  0.003452
  0.003943
  0.003042
 -0.001389
 -0.000891
  0.000346
 -0.002838
 -0.013327
  0.003166
 -0.019868
 -0.005491
  0.000197
  0.010233
 -0.016112
 -0.000035
  0.006091
 -0.013133
  0.001959
 -0.001319
  0.013416
  0.001301
  0.042497
  0.007305
  0.008953
  0.000129
 -0.000896
  0.008022
  0.015124
  0.013937
 -0.003707
  0.003220
 -0.002013
 -0.004931
  0.003831
 -0.045229
 -0.001583
 -0.008135
  0.002089
 -0.009581
 -0.006786
  0.004388
 -0.010524
 -0.006994
 -0.002493
 -0.006059
  0.010459
  0.009769
  0.000672
  0.000681
 -0.008754
 -0.007339
 -0.008812
 -0.004648
 -0.016857
  0.002050
 -0.000465
 -0.004933
 -0.001614
 -0.005974
  0.006123
  0.007218
  0.000126
  0.000858
 -0.005374
 -0.002539
  0.002885
  0.002281
  0.001801
  0.000594
 -0.003932
  0.002561
 -0.001010
  0.000651
  0.000106
  0.007972
  0.003437
  0.004890
 -0.002129
 -0.001032
  0.003549
  0.004734
  0.007067
 -0.006861
  0.001174
  0.001557
  0.001730
  0.000847
  0.001020
 -0.003615
 -0.001398
  0.003045
 -0.001991
  0.001838
 -0.007640
 -0.003768
  0.011591
  0.000426
  0.003059
 -0.002605
  0.009609
 -0.001477
  0.003259
 -0.012309
 -0.006112
 -0.002033
  0.002637
 -0.005928
  0.005273
  0.001590
  0.005542
 -0.002988
 -0.002408
 -0.003998
  0.000038
  0.002265
 -0.003285
  0.002096
  0.000196
 -0.003560
 -0.001517
 -0.001737
  0.003456
  0.000972
 -0.004289
 -0.001733
  0.003404
 -0.003102
 -0.004124
  0.005376
 -0.002470
 -0.001160
 -0.001809
  0.000947
 -0.005952
  0.001885
  0.000496
 -0.000308
  0.000180
 -0.000248
 -0.000955
  0.003460
 -0.000532
 -0.001709
  0.000358
 -0.000186
  0.000462
 -0.001178
 -0.003246
 -0.004112
  0.006145
 -0.002027
  0.000293
  0.002692
  0.007092
 -0.003766
  0.003947
 -0.006789
  0.003767
 -0.002639
  0.004702
  0.002380
  0.001368
  0.006750
 -0.000386
 -0.001295
  0.004083
 -0.005623
  0.007225
  0.004596
 -0.001913
 -0.000630
 -0.000323
  0.002709
 -0.001622
  0.006367
 -0.003984
  0.000559
  0.000067
  0.002164
  0.002281
  0.000736
  0.001284
 -0.001419
  0.004223
  0.002355
 -0.005421
  0.000307
 -0.001527
 -0.000333
 -0.000854
  0.000404
 -0.003990
  0.000656
 -0.000800
  0.000761
 -0.001883
  0.005655
  0.002899
  0.001016
 -0.002526
 -0.002409
 -0.003998
  0.013082
 -0.003688
  0.004665
 -0.002714
 -0.005547
  0.001752
  0.000088
 -0.007663
  0.002154
 -0.002456
  0.000195
 -0.001648
 -0.000439
  0.003306
 -0.001476
  0.001515
 -0.004758
  0.000359
 -0.004783
 -0.004743
 -0.000195
  0.002895
 -0.001535
  0.001288
  0.001502
  0.006621
  0.000611
 -0.000159
  0.002533
  0.001180
 -0.000071
  0.000936
 -0.001309
 -0.000257
 -0.001123
 -0.000604
  0.000680
 -0.002733
  0.000502
 -0.000541
 -0.000510
  0.001414
 -0.000775
  0.000936
 -0.000120
  0.001140
  0.002116
 -0.005213
 -0.000675
  0.008825
  0.003948
 -0.002032
  0.004420
  0.001434
 -0.000948
  0.000525
  0.004012
 -0.002768
 -0.000071
  0.000747
 -0.000687
 -0.001041
 -0.002361
  0.000510
 -0.002179
 -0.000867
  0.002375
 -0.000872
  0.000730
 -0.000786
  0.002208
 -0.000340
 -0.000863
 -0.003077
  0.000652
 -0.000331
 -0.002068
  0.002048
  0.001708
  0.001643
 -0.000065
  0.001308
  0.000752
 -0.003448
 -0.000612
  0.000575
 -0.000250
  0.002695
 -0.002482
 -0.000265
  0.002567
  0.001608
  0.001480
  0.001935
  0.000246
 -0.002148
 -0.004438
  0.000137
 -0.000519
  0.000830
  0.002987
  0.000834
  0.002872
  0.000918
  0.001046
  0.005800
 -0.002657
 -0.001277
  0.003104
 -0.005606
  0.002324
 -0.000935
  0.001408
  0.004207
  0.002785
 -0.000747
 -0.001153
  0.001250
 -0.000131
 -0.002881
 -0.000458
  0.000060
  0.001326
  0.002816
 -0.001725
  0.000754
  0.002572
 -0.000066
 -0.000919
  0.001132
  0.000725
  0.001186
 -0.000977
  0.000418
 -0.001492
  0.000969
 -0.000618
 -0.001213
  0.000896
  0.000448
 -0.002232
  0.001073
  0.000666
  0.000059
 -0.000334
  0.000194
 -0.001839
 -0.000155
  0.002920
 -0.001553
 -0.001095
  0.001694
  0.000212
  0.000588
 -0.000671
 -0.000229
 -0.000105
 -0.000096
  0.000194
  0.000490
  0.001054
  0.000108
 -0.000376
  0.000533
 -0.000134
  0.000005
  0.000966
 -0.000224
 -0.000249
 -0.000033
 -0.000660
  0.000357
  0.000293
  0.000431
  0.000618
  0.000236
  0.001032
  0.000387
 -0.000154
  0.000245
  0.000348
  0.000392
  0.001601
 -0.000987
  0.000572
 -0.000355
 -0.000354
  0.001436
  0.001795
  0.000345
  0.000144
 -0.000483
 -0.000620
 -0.000175
 -0.000451
  0.000536
 -0.000050
  0.000433
 -0.001132
  0.001053
 -0.000811
  0.002916
 -0.002227
 -0.000573
 -0.000517
 -0.000224
  0.005044
 -0.005862
  0.003442
  0.002480
 -0.002433
  0.004611
 -0.001379
  0.005725
 -0.000523
  0.005113
  0.000595
  0.001378
 -0.005798
 -0.004233
  0.000596
 -0.000006
  0.001296
  0.000297
  0.000715
 -0.001504
 -0.002127
  0.004081
  0.001162
  0.000302
  0.000345
  0.001174
 -0.000483
 -0.000013
 -0.000043
 -0.000197
 -0.000629
  0.001452
  0.000047
 -0.000653
  0.000755
  0.000283
 -0.000265
 -0.001932
  0.000604
  0.000409
 -0.000051
  0.000979
  0.001278
  0.000314
  0.000727
 -0.000457
  0.000848
 -0.000138
  0.000152
 -0.000442
  0.000723
  0.000757
 -0.001750
 -0.001539
  0.000590
  0.001384
 -0.002641
 -0.000715
 -0.000026
  0.002168
  0.002709
  0.006032
  0.001511
  0.001468
  0.000240
  0.001582
  0.000312
  0.000519
 -0.001471
 -0.000880
  0.002183
  0.000304
  0.000413
  0.000533
  0.000219
 -0.000628
 -0.001532
  0.000169
  0.000025
 -0.000898
  0.000062
  0.001027
 -0.000537
  0.000421
  0.000225
 -0.000693
  0.000596
 -0.001192
 -0.000553
 -0.001125
  0.001374
  0.000380
  0.000213
  0.001190
 -0.001449
  0.000845
 -0.000908
  0.000130
 -0.000170
  0.000035
  0.000274
  0.001544
  0.001289
  0.000607
  0.001001
  0.000556
  0.000358
 -0.001035
  0.001493
  0.000023
 -0.000639
  0.000778
 -0.000622
  0.000162
  0.000129
 -0.000875
 -0.000052
 -0.001272
 -0.000660
  0.001184
  0.001081
  0.001089
 -0.000189
  0.000338
 -0.002571
 -0.000069
  0.000007
  0.001226
 -0.003174
 -0.001563
  0.002614
 -0.000051
  0.000636
 -0.004319
 -0.002098
 -0.001836
 -0.000456
  0.004761
 -0.002508
 -0.001782
  0.000885
 -0.002570
 -0.001406
  0.000028
  0.004278
 -0.000935
 -0.001392
 -0.000629
 -0.000820
  0.001339
  0.000124
 -0.002308
  0.000187
  0.000515
  0.001672
  0.001045
  0.002037
  0.000832
  0.002399
  0.002100
  0.000318
 -0.000258
  0.001687
 -0.001265
  0.000675
  0.001259
  0.003237
  0.002265
 -0.001192
 -0.001520
 -0.000328
 -0.000541
  0.000230
  0.000232
  0.000155
  0.000842
 -0.000279
 -0.001038
 -0.003096
  0.000812
 -0.000046
  0.001799
  0.000691
  0.000892
  0.002480
 -0.000938
  0.001253
 -0.000680
 -0.000363
 -0.001005
 -0.000463
 -0.000518
  0.002069
 -0.000406
 -0.000244
  0.000300
  0.000401
  0.000173
  0.000992
 -0.000259
 -0.000146
 -0.000217
 -0.000773
  0.000886
 -0.000638
  0.000788
 -0.000241
 -0.000160
  0.000909
  0.000679
  0.000215
  0.000393
  0.000068
 -0.000943
 -0.000005
 -0.000533
 -0.000102
  0.000975
 -0.001930
  0.000439
 -0.000195
  0.000071
  0.001022
  0.001769
  0.001230
 -0.000157
 -0.001235
 -0.000815
  0.001164
  0.000509
  0.000642
  0.000279
 -0.000067
  0.000330
 -0.000234
 -0.000511
  0.001033
 -0.000178
  0.000673
 -0.000330
 -0.001346
 -0.000733
  0.000192
 -0.000457
 -0.000011
  0.001256
  0.000378
  0.000460
  0.000850
 -0.000509
 -0.001179
 -0.000816
  0.000169
  0.001228
 -0.000500
  0.000968
 -0.000963
 -0.000129
  0.001231
  0.000820
  0.001165
 -0.000618
  0.000240
 -0.000695
 -0.000177
  0.000782
 -0.001424
 -0.000697
  0.000443
 -0.000096
  0.000752
 -0.000511
  0.000358
  0.000580
 -0.000238
 -0.000002
 -0.000181
 -0.000246
 -0.000178
  0.000597
  0.000788
 -0.000996
  0.000061
 -0.000436
  0.000193
  0.001175
 -0.000084
 -0.000349
 -0.000672
  0.000881
  0.000023
  0.000284
 -0.000065
  0.000578
  0.000519
 -0.000582
  0.000082
 -0.000503
 -0.000069
 -0.001775
  0.000903
  0.000158
  0.000458
  0.000103
  0.000018
  0.000698
  0.000493
 -0.001375
  0.000445
  0.000055
  0.001395
 -0.003277
  0.000396
 -0.001973
 -0.001017
  0.000633
 -0.002389
  0.001586
 -0.000109
  0.000200
  0.002033
 -0.000497
 -0.000232
 -0.000080
 -0.000606
 -0.000019
 -0.000472
  0.000352
  0.000225
  0.000452
 -0.001371
 -0.000480
  0.001182
  0.003067
 -0.001554
 -0.000572
  0.000049
 -0.000434
 -0.000210
  0.001250
 -0.001404
 -0.001140
 -0.000231
 -0.001205
  0.000502
 -0.000257
 -0.000497
 -0.001240
 -0.000625
 -0.000070
  0.000321
 -0.000854
  0.000023
 -0.000239
  0.000459
  0.000075
 -0.000737
  0.000025
  0.000160
 -0.000101
  0.000286
 -0.000126
 -0.000107
 -0.000063
  0.000094
  0.000071
  0.000360
 -0.000094
 -0.000277
 -0.000186
 -0.000093
 -0.000047
