  0.074086
  0.133540
 -0.982375
 -0.072873
 -0.022522
  0.040333
  0.020528
 -0.025111
  0.008991
 -0.029017
  0.008903
  0.014375
 -0.012637
  0.011177
  0.001386
 -0.004443
  0.007539
  0.014949
 -0.014435
  0.006184
 -0.003461
 -0.005110
  0.005619
  0.007499
 -0.007232
  0.001992
 -0.000774
  0.006551
 -0.000719
 -0.001067
 -0.002036
 -0.002060
  0.005185
  0.001238
  0.005617
  0.002122
  0.002316
 -0.007495
  0.003690
 -0.000573
  0.001775
  0.005172
  0.003478
  0.002236
  0.002060
 -0.001525
 -0.005807
  0.010422
 -0.001108
  0.002301
  0.005112
  0.004110
 -0.000330
 -0.000738
  0.000892
  0.001966
 -0.001590
  0.000580
 -0.000491
 -0.001225
 -0.001205
  0.000526
 -0.000487
 -0.000019
 -0.000692
 -0.006560
  0.001321
  0.001531
 -0.000233
 -0.000912
 -0.000029
  0.000250
 -0.002410
  0.000259
  0.002236
  0.001158
 -0.000257
 -0.000437
  0.001593
  0.001003
 -0.001111
 -0.000977
 -0.000036
 -0.000549
  0.001262
 -0.000701
  0.002494
 -0.000028
  0.002032
  0.001236
  0.002214
 -0.000999
  0.000675
 -0.000517
 -0.001858
 -0.004686
  0.001375
  0.002679
 -0.001078
 -0.000452
 -0.001427
  0.000224
  0.001076
  0.001265
  0.005485
  0.001344
  0.000909
  0.001657
  0.000562
 -0.001789
  0.000852
 -0.002407
 -0.001081
 -0.000163
 -0.001527
 -0.001721
 -0.000082
 -0.002755
  0.002056
  0.001201
 -0.003483
  0.001081
 -0.002039
  0.003358
 -0.001134
 -0.000075
 -0.001953
 -0.002329
 -0.001071
 -0.000721
 -0.001305
  0.002760
  0.000502
 -0.000420
  0.001103
  0.001437
  0.002590
  0.001625
  0.001994
 -0.000200
 -0.001344
 -0.000049
 -0.002324
 -0.001458
 -0.000520
 -0.001169
 -0.001308
  0.002476
 -0.001445
  0.000496
 -0.000072
 -0.000792
  0.001536
  0.000229
 -0.001902
  0.001233
 -0.000033
  0.001226
  0.001263
 -0.001086
 -0.000467
 -0.000285
 -0.000579
 -0.001094
 -0.000080
  0.000870
  0.001194
 -0.000384
  0.000945
 -0.000350
  0.000876
  0.001489
 -0.001607
 -0.000410
 -0.000464
 -0.000077
  0.000950
  0.000942
 -0.000977
  0.001066
 -0.000176
 -0.000973
  0.000874
 -0.000782
 -0.000206
  0.000087
  0.000055
 -0.000561
  0.000015
 -0.001133
 -0.000593
  0.000014
  0.000847
  0.000351
  0.000764
  0.000005
  0.000527
 -0.000898
  0.000111
  0.000085
 -0.000104
  0.000123
  0.000491
 -0.000567
  0.000941
 -0.000599
  0.000613
 -0.001719
 -0.000769
  0.000852
 -0.000159
  0.000518
  0.001457
  0.000484
  0.000769
 -0.000724
 -0.000359
 -0.000247
  0.000918
  0.000072
 -0.000089
  0.000066
  0.000538
  0.000176
  0.000572
 -0.000354
  0.000263
  0.000815
 -0.000066
  0.000268
  0.000438
 -0.001586
 -0.000031
  0.000092
 -0.000500
  0.000642
  0.000130
 -0.000343
 -0.000773
 -0.000852
  0.000479
  0.000586
 -0.000776
 -0.000053
 -0.000548
 -0.000253
  0.000051
  0.000628
  0.000347
 -0.000104
  0.000127
  0.000350
 -0.000610
 -0.000507
 -0.000388
 -0.000234
  0.000084
  0.000454
  0.000328
 -0.000243
 -0.000456
  0.000604
 -0.000210
  0.000488
 -0.000062
  0.000404
 -0.000830
 -0.000469
  0.000223
 -0.000480
  0.000525
 -0.000975
  0.000533
 -0.000296
 -0.000270
 -0.000057
  0.000345
 -0.000270
 -0.000141
  0.000616
 -0.000162
 -0.000460
 -0.000143
 -0.000315
 -0.000432
 -0.000014
  0.000092
  0.000082
  0.000439
  0.000033
  0.000817
  0.001087
  0.000472
  0.000052
 -0.000046
  0.000182
 -0.000299
  0.000295
  0.000027
  0.000681
  0.000265
  0.000565
  0.000861
 -0.000441
 -0.000316
 -0.000572
  0.000206
  0.000081
 -0.001089
  0.000137
 -0.000291
  0.000232
 -0.000127
  0.001053
 -0.000332
 -0.000556
  0.000213
 -0.000844
  0.000312
  0.000272
  0.000002
  0.000444
  0.000252
  0.000664
  0.000557
  0.000066
 -0.000913
  0.000345
 -0.000436
 -0.000025
 -0.000715
 -0.000264
  0.000402
  0.000382
 -0.000040
 -0.000456
 -0.000172
 -0.000018
  0.000866
 -0.000935
 -0.000240
 -0.000142
 -0.000209
  0.000816
 -0.000300
 -0.000420
  0.000773
  0.000934
 -0.000166
  0.000037
 -0.000082
  0.000307
  0.000083
 -0.000821
  0.000573
  0.000067
 -0.000091
 -0.000630
  0.000059
  0.001185
 -0.000471
 -0.000670
 -0.000660
  0.000941
 -0.000566
 -0.000396
  0.000462
 -0.000278
 -0.000669
 -0.000427
  0.000293
 -0.000302
 -0.000681
 -0.000052
 -0.000645
  0.000406
  0.001191
 -0.000809
 -0.000421
 -0.000233
  0.001421
 -0.000872
 -0.001154
  0.000344
 -0.000687
  0.000033
 -0.000719
 -0.000441
  0.000064
 -0.000434
 -0.000075
  0.000214
 -0.000792
 -0.000181
  0.000278
 -0.000635
 -0.000365
 -0.000210
 -0.000096
  0.000676
  0.000665
 -0.000943
 -0.000293
  0.000739
  0.001119
  0.000096
 -0.000481
 -0.000572
 -0.000396
 -0.000035
 -0.000419
 -0.000679
  0.000317
  0.000443
  0.000134
  0.000156
 -0.000398
  0.000376
 -0.000406
 -0.001340
 -0.000364
  0.000198
 -0.000841
 -0.000069
  0.001022
 -0.000062
  0.000430
 -0.001216
  0.000552
 -0.000563
  0.000654
 -0.000313
  0.000282
 -0.000008
 -0.000461
 -0.000566
 -0.000556
  0.000915
 -0.000448
  0.000154
  0.000122
  0.000706
 -0.000152
 -0.001190
  0.000882
  0.000525
 -0.000187
 -0.000592
  0.000371
  0.000329
  0.000067
 -0.000200
 -0.000027
 -0.000316
 -0.000664
  0.000174
 -0.000271
  0.000099
 -0.000581
  0.000896
 -0.000022
  0.000135
 -0.000730
  0.000139
 -0.000296
 -0.001044
 -0.000130
 -0.000429
  0.000504
 -0.000855
  0.000211
  0.000099
  0.000282
 -0.000144
 -0.000284
  0.000520
  0.000213
  0.000155
 -0.000282
  0.000211
 -0.000327
 -0.000158
  0.000363
 -0.000130
  0.000396
  0.000426
  0.000151
  0.000625
 -0.000398
  0.000679
 -0.000150
 -0.000362
 -0.000002
  0.000158
 -0.000108
 -0.000209
 -0.000818
  0.000605
  0.000258
  0.000154
 -0.000452
 -0.000440
  0.000235
  0.000148
  0.000110
  0.000132
  0.000265
 -0.000216
 -0.000448
  0.000195
  0.000352
 -0.000452
 -0.000117
  0.000115
  0.000203
 -0.000166
 -0.000328
 -0.000360
 -0.000046
  0.000353
  0.000170
  0.000111
 -0.000394
 -0.000262
  0.002525
  0.000637
 -0.000167
 -0.000024
  0.000127
  0.000316
 -0.000440
  0.000117
 -0.000132
  0.000213
  0.000163
 -0.000034
 -0.000460
 -0.000053
 -0.000315
 -0.000449
 -0.000204
  0.000212
  0.000325
  0.000028
  0.000455
  0.000301
  0.000260
 -0.000086
 -0.000535
  0.000086
  0.000275
  0.000278
  0.000277
 -0.000127
  0.000370
 -0.000036
 -0.000313
 -0.000164
  0.000040
 -0.000271
  0.000284
  0.000110
  0.000113
  0.000327
 -0.000280
 -0.000112
 -0.000278
 -0.000212
 -0.000045
  0.000017
 -0.000066
  0.000193
 -0.000205
 -0.000056
 -0.000206
 -0.000161
  0.000376
 -0.000227
  0.000189
 -0.000295
  0.000123
  0.000342
 -0.000038
 -0.000034
 -0.000200
 -0.000204
 -0.000047
 -0.000046
  0.000145
  0.000061
  0.000550
  0.000156
  0.000427
 -0.000258
  0.000260
  0.000075
 -0.000439
 -0.000790
  0.000438
 -0.000127
 -0.000178
 -0.000111
 -0.000072
 -0.000093
 -0.000103
 -0.000134
  0.000027
 -0.000404
 -0.000517
 -0.000252
  0.000274
 -0.000045
 -0.000564
  0.000294
  0.000069
  0.000328
  0.000230
 -0.000031
 -0.000057
 -0.000299
  0.000180
  0.000031
 -0.000344
  0.000586
 -0.000440
 -0.000201
  0.000225
  0.000091
 -0.000104
 -0.000317
 -0.000115
 -0.000164
 -0.000092
 -0.000090
 -0.000039
 -0.000304
  0.000127
  0.000042
  0.000012
 -0.000320
  0.000258
 -0.000294
  0.000487
 -0.000646
 -0.000104
  0.000284
  0.000069
  0.000132
  0.000153
 -0.000482
  0.000358
  0.000233
 -0.000163
 -0.000186
 -0.000380
 -0.000232
 -0.000062
 -0.000376
  0.000052
 -0.000334
 -0.000263
 -0.000576
 -0.000363
  0.000380
 -0.000221
  0.000432
 -0.000207
 -0.000619
 -0.000197
 -0.000041
 -0.000055
  0.000121
 -0.000700
  0.000031
 -0.000947
 -0.000062
 -0.000091
 -0.000495
 -0.000120
 -0.000173
 -0.000114
  0.000026
 -0.000130
 -0.000001
 -0.000124
  0.000230
 -0.000193
  0.000448
 -0.000346
 -0.000560
  0.000347
  0.000174
 -0.000043
 -0.000044
  0.000321
  0.000623
  0.000607
  0.000259
  0.000129
  0.000122
 -0.000089
  0.000451
 -0.000035
  0.000074
  0.000126
  0.000050
 -0.000745
 -0.000071
 -0.000803
 -0.000409
  0.000043
  0.000371
  0.000167
 -0.000002
  0.000682
 -0.000254
  0.000178
  0.000426
 -0.000585
  0.000372
 -0.000133
 -0.000007
  0.000114
 -0.000403
  0.000010
 -0.000787
 -0.000026
  0.000064
  0.000634
  0.001613
  0.000294
  0.000152
  0.000076
  0.000350
 -0.000972
 -0.000365
  0.000724
 -0.000031
 -0.000700
 -0.000397
 -0.000561
  0.000569
 -0.000274
 -0.000454
 -0.000329
  0.000132
 -0.001051
 -0.000087
 -0.000018
 -0.000230
  0.000365
  0.000152
 -0.000396
  0.000223
  0.000165
 -0.000389
  0.000128
 -0.000064
  0.000338
 -0.000172
 -0.000063
 -0.000334
 -0.000468
  0.000135
  0.000184
  0.000531
 -0.000859
 -0.000118
  0.000199
  0.000390
 -0.000103
  0.000172
  0.000464
 -0.000111
 -0.000386
  0.000998
  0.000645
 -0.000407
 -0.000371
 -0.000051
  0.000276
 -0.000099
  0.000050
  0.000503
  0.000166
  0.001126
  0.000146
  0.000181
 -0.000338
  0.000413
 -0.000894
 -0.000363
  0.000038
  0.000695
  0.000182
 -0.000236
 -0.000290
  0.000028
 -0.000325
 -0.000071
  0.000116
 -0.000016
 -0.000412
 -0.000227
 -0.000154
 -0.000134
 -0.000330
  0.000043
 -0.000641
  0.000137
 -0.000496
  0.000170
  0.000165
 -0.000208
  0.000325
 -0.000086
 -0.000128
 -0.000146
 -0.000039
 -0.000119
 -0.000063
 -0.000479
  0.000018
 -0.000135
 -0.000048
