 -0.105693
 -0.139875
  0.977773
  0.003285
  0.063929
  0.015713
 -0.048501
  0.061129
 -0.018879
  0.000249
 -0.010665
  0.014468
  0.032174
 -0.002002
  0.004025
 -0.004700
  0.001978
 -0.006355
 -0.007923
  0.004360
  0.008351
  0.005164
  0.001751
 -0.000841
  0.005457
 -0.002560
  0.000098
  0.007143
 -0.000017
 -0.000083
  0.002895
  0.008229
  0.000967
 -0.002008
 -0.004067
  0.000541
 -0.004437
  0.005016
  0.002156
  0.005366
 -0.002698
 -0.001084
  0.001588
  0.001209
 -0.001062
 -0.000307
 -0.001608
  0.002108
  0.001079
 -0.000730
 -0.003931
  0.000075
 -0.003848
  0.000472
  0.003327
  0.002192
 -0.001155
 -0.005856
  0.001480
  0.000323
 -0.000359
  0.002964
 -0.000163
 -0.001088
  0.001971
  0.000086
 -0.004502
 -0.001337
 -0.000649
  0.000253
  0.000604
 -0.001577
  0.000390
 -0.001571
 -0.000028
  0.001327
 -0.000161
  0.000410
  0.000106
 -0.003218
 -0.000486
  0.000135
 -0.000209
 -0.000194
  0.000483
 -0.000645
 -0.003398
 -0.003557
  0.000081
 -0.001944
  0.004092
  0.003367
 -0.003457
 -0.000534
 -0.001117
 -0.000232
 -0.001047
 -0.005927
 -0.000418
  0.001827
  0.001132
 -0.004596
 -0.000048
 -0.000071
 -0.002313
 -0.000706
 -0.000283
 -0.000685
 -0.003205
  0.000609
 -0.001163
  0.000926
  0.000274
  0.000043
  0.000553
  0.000677
 -0.000270
  0.003915
  0.001850
 -0.001838
 -0.000887
 -0.000430
 -0.000278
 -0.000548
 -0.002251
  0.001860
 -0.000286
 -0.000950
  0.000829
 -0.000265
 -0.001018
 -0.003704
 -0.000560
 -0.000382
  0.000126
 -0.003085
 -0.000995
 -0.001757
  0.000156
  0.001195
  0.000665
  0.000597
 -0.000753
  0.001751
  0.000185
  0.001494
  0.000565
  0.000400
  0.000440
 -0.002111
  0.000067
 -0.000211
  0.000609
  0.000801
 -0.000218
  0.001961
  0.000600
 -0.001037
  0.000861
  0.000436
 -0.000732
 -0.000128
 -0.000924
  0.001141
 -0.000302
  0.000568
  0.000985
  0.000171
 -0.000975
 -0.000997
 -0.000095
  0.000063
  0.000327
 -0.000664
  0.000723
  0.000513
 -0.000009
  0.000061
  0.000164
  0.000876
 -0.000235
  0.000676
  0.000505
  0.001086
 -0.000697
 -0.000022
  0.000219
  0.000594
 -0.000601
 -0.000426
 -0.000218
  0.000460
  0.000470
 -0.000261
 -0.000103
 -0.000061
  0.000710
  0.000174
  0.000369
  0.000378
 -0.000140
 -0.000687
 -0.000023
 -0.001427
 -0.000029
 -0.000625
  0.000195
 -0.000682
 -0.000908
 -0.000520
  0.000439
 -0.000365
 -0.000657
  0.000268
  0.000452
 -0.000620
  0.000171
  0.000254
  0.000053
 -0.000078
  0.000614
 -0.000555
  0.000362
  0.000131
  0.000665
  0.000412
 -0.000373
 -0.000888
 -0.000077
 -0.000063
  0.000706
  0.000469
 -0.000185
  0.000389
 -0.000406
 -0.000363
  0.000336
  0.000164
  0.000678
  0.000813
  0.000670
  0.000031
  0.000019
 -0.000567
  0.000020
  0.000545
 -0.000237
  0.000470
 -0.000246
 -0.000606
  0.000550
  0.000240
  0.000002
  0.000668
 -0.000116
  0.000081
  0.000032
  0.000069
  0.000412
 -0.000147
  0.000091
  0.000043
 -0.000555
  0.000255
  0.000377
 -0.000059
 -0.000253
 -0.000215
  0.000076
 -0.000221
  0.000205
  0.000499
 -0.000351
  0.000168
  0.000690
  0.000029
 -0.000393
 -0.000282
 -0.000588
 -0.000198
 -0.000622
 -0.000178
  0.000840
  0.000633
  0.000102
  0.000002
  0.000494
 -0.000724
  0.000185
  0.000604
  0.000747
 -0.000295
 -0.000325
  0.000103
  0.000932
 -0.000017
 -0.000805
 -0.000383
  0.000484
 -0.000140
  0.000086
  0.000334
 -0.000257
  0.000520
 -0.000388
 -0.000355
 -0.000622
  0.000213
 -0.000227
 -0.000104
  0.000469
  0.000610
 -0.000315
  0.000580
 -0.000335
 -0.001362
 -0.000144
  0.000962
 -0.000274
  0.000201
 -0.000857
 -0.000917
 -0.000092
 -0.000178
  0.000645
  0.000155
  0.000418
 -0.000288
 -0.000208
 -0.000052
 -0.000645
 -0.000295
 -0.000571
  0.000292
 -0.000242
 -0.000703
 -0.000880
 -0.000260
 -0.000834
 -0.000418
 -0.000441
  0.000234
 -0.000245
  0.000360
 -0.000353
  0.000677
 -0.000210
  0.000868
 -0.000081
  0.000920
  0.000020
  0.000485
  0.000579
  0.000290
  0.000027
  0.000789
 -0.000383
  0.000287
 -0.000329
 -0.000065
  0.000433
  0.000545
 -0.000449
  0.001155
 -0.000090
  0.000185
  0.000256
  0.000058
 -0.000240
 -0.000880
  0.000678
 -0.001044
 -0.000373
 -0.000478
  0.000257
 -0.000532
  0.000014
 -0.000259
 -0.000971
  0.000194
  0.000400
  0.000508
 -0.001152
 -0.000162
 -0.000789
  0.000767
  0.000492
 -0.000138
  0.000499
 -0.000782
 -0.000585
  0.001326
  0.000446
  0.000412
 -0.000155
  0.000256
  0.000016
 -0.000578
  0.000545
 -0.000784
 -0.000044
 -0.000033
  0.000081
 -0.000480
  0.000080
  0.000803
  0.000196
 -0.000491
 -0.000190
  0.000586
  0.000245
 -0.000663
  0.001287
  0.000730
 -0.001297
  0.000304
  0.000013
  0.000698
 -0.001263
 -0.000082
  0.001126
 -0.000441
 -0.000040
  0.000153
  0.001268
  0.000096
 -0.000385
 -0.000575
  0.001421
 -0.000023
 -0.000642
  0.000952
 -0.000856
 -0.000529
 -0.000574
  0.000092
 -0.000561
  0.000050
 -0.000463
  0.000420
  0.000089
  0.000343
  0.001150
  0.000418
  0.000022
  0.000520
  0.000667
 -0.000610
 -0.000544
 -0.001275
  0.000233
  0.000742
  0.000432
 -0.000455
  0.000065
 -0.000735
  0.000331
  0.000442
 -0.000037
 -0.000349
 -0.000421
  0.000363
 -0.000573
 -0.000174
  0.001057
  0.000392
 -0.000089
 -0.000168
 -0.000322
  0.000295
  0.000192
  0.000960
 -0.000540
  0.000408
  0.000007
 -0.000184
  0.000028
 -0.000398
  0.000026
  0.000081
 -0.000295
 -0.000314
  0.000794
  0.000202
  0.000542
  0.000399
 -0.000363
  0.000243
  0.000341
 -0.000235
  0.000424
  0.000594
 -0.000339
 -0.000499
  0.000004
  0.000714
  0.000514
  0.000091
 -0.001020
  0.000254
  0.000860
 -0.000056
 -0.000018
  0.000029
 -0.000108
 -0.000795
  0.000761
  0.000066
 -0.000359
 -0.000288
  0.000133
  0.000078
 -0.000163
 -0.000054
 -0.000116
  0.000655
  0.001217
 -0.000622
  0.000483
  0.000098
 -0.000380
 -0.000086
 -0.000392
  0.000202
  0.000036
 -0.000076
  0.000352
 -0.000244
  0.000034
 -0.000941
  0.000023
 -0.000495
  0.000090
  0.000189
  0.000184
 -0.000109
 -0.000273
  0.000033
  0.000030
 -0.000028
  0.000494
  0.000322
 -0.000054
  0.000194
  0.000303
 -0.000037
  0.000092
 -0.000322
 -0.000217
  0.000348
  0.000147
  0.000320
 -0.000042
  0.000090
  0.000637
 -0.000122
  0.000097
  0.000545
 -0.000013
  0.000190
 -0.000371
 -0.000140
  0.000151
  0.000002
 -0.000868
 -0.000182
  0.000117
 -0.000082
 -0.000081
  0.000402
  0.000064
  0.000156
  0.000228
 -0.000155
 -0.000453
  0.000199
 -0.000538
 -0.000187
 -0.000249
  0.000133
  0.000790
  0.000301
 -0.000240
 -0.000077
 -0.000329
 -0.000426
 -0.000516
 -0.000107
 -0.000084
  0.000181
 -0.000132
 -0.000029
  0.000641
 -0.000202
 -0.000351
  0.000783
  0.000251
 -0.000010
 -0.000178
 -0.000101
 -0.000191
 -0.000573
  0.000306
  0.000247
 -0.000196
  0.000193
 -0.000292
  0.000154
  0.000055
  0.000012
  0.000259
  0.000025
 -0.000020
 -0.000260
  0.000232
 -0.000084
  0.000115
 -0.000163
 -0.000081
 -0.000115
 -0.000002
 -0.000171
  0.000504
  0.000415
 -0.000457
 -0.000013
  0.000555
 -0.000200
  0.000371
 -0.000049
  0.000445
 -0.000452
  0.000052
  0.000081
 -0.000217
  0.000089
 -0.000247
  0.000402
 -0.000614
 -0.000391
  0.000606
 -0.000647
  0.000460
  0.000197
 -0.000736
 -0.000029
 -0.000008
  0.000289
  0.000766
 -0.000060
 -0.000084
  0.000121
 -0.000275
  0.000225
 -0.000077
  0.000594
 -0.000166
 -0.000797
 -0.000830
  0.000868
 -0.000595
  0.000398
 -0.000272
  0.000587
 -0.000320
 -0.000445
  0.000291
 -0.000364
  0.001025
  0.000182
 -0.000110
  0.000318
 -0.000514
 -0.000280
  0.000356
  0.001210
  0.001034
  0.000141
  0.000528
 -0.000228
  0.000117
  0.000204
  0.000449
  0.001011
 -0.000478
 -0.001144
 -0.000111
  0.000301
  0.000201
  0.000381
 -0.000106
  0.000312
  0.000210
 -0.000123
 -0.000113
  0.000477
  0.000072
  0.000782
  0.000409
 -0.000189
 -0.000150
 -0.000355
  0.000267
 -0.000209
  0.000507
  0.000299
  0.000213
 -0.001268
 -0.000165
 -0.000079
  0.000423
  0.000002
  0.000359
  0.000675
  0.000010
  0.000144
 -0.000120
 -0.000065
  0.000607
 -0.000096
 -0.000330
 -0.000669
  0.000068
  0.000346
  0.000828
  0.000201
  0.000680
 -0.000226
  0.000189
 -0.000367
 -0.000634
  0.000836
 -0.000232
  0.000274
  0.000196
 -0.000356
  0.000313
 -0.000254
 -0.000349
 -0.000075
 -0.000192
 -0.000569
 -0.000034
 -0.000043
  0.000001
 -0.000005
 -0.000359
 -0.000130
  0.000231
 -0.000483
 -0.000058
  0.000268
  0.000301
 -0.000105
  0.000060
 -0.000077
 -0.000215
 -0.000253
  0.000006
 -0.000014
  0.000548
 -0.000389
  0.000160
  0.000654
 -0.000361
  0.000026
 -0.000018
  0.000159
 -0.000022
  0.000019
  0.000669
  0.000188
  0.000253
 -0.000137
 -0.000811
 -0.000027
 -0.000206
  0.000396
 -0.000212
  0.000466
 -0.000139
  0.000787
  0.000264
 -0.000098
 -0.000500
 -0.000321
  0.000957
  0.000099
  0.000139
 -0.000772
  0.001036
 -0.000198
  0.000869
  0.000050
 -0.000199
 -0.000012
 -0.000249
  0.000192
 -0.000844
 -0.000169
  0.000188
  0.000302
  0.000317
  0.000087
 -0.000886
 -0.000196
 -0.000341
  0.000020
 -0.000081
  0.000571
  0.000195
 -0.000140
  0.000418
 -0.000119
 -0.000247
  0.000090
  0.000231
  0.000075
 -0.000084
  0.000277
 -0.000199
  0.000261
  0.000023
  0.000198
 -0.000004
