  0.032059
  0.003111
  0.993465
  0.034553
  0.001312
 -0.013353
 -0.029493
 -0.077881
 -0.028453
 -0.015147
  0.006454
 -0.011460
 -0.012328
 -0.007940
 -0.000227
  0.005959
 -0.000837
 -0.019230
 -0.012241
 -0.019426
 -0.010047
 -0.005585
 -0.005552
  0.002401
 -0.003437
 -0.002991
  0.010855
 -0.001842
 -0.019076
  0.002844
 -0.000128
 -0.002541
 -0.001688
 -0.001690
 -0.009396
  0.002571
  0.000621
  0.002279
 -0.004150
  0.002663
 -0.006031
 -0.001756
 -0.007652
 -0.002713
  0.000484
  0.001314
 -0.000106
  0.002401
 -0.000731
 -0.007797
  0.002379
 -0.004585
 -0.002424
  0.000748
 -0.001506
 -0.000296
 -0.004261
 -0.000947
 -0.002185
  0.000924
 -0.000895
  0.001085
 -0.001052
 -0.000449
  0.003038
 -0.000288
 -0.001120
  0.000512
  0.004346
  0.000136
 -0.002292
  0.001146
  0.000286
 -0.002688
  0.000817
  0.000189
  0.000204
 -0.000500
 -0.000391
 -0.001960
  0.000212
  0.001105
  0.000293
 -0.000600
 -0.002317
 -0.000060
 -0.001941
  0.001227
 -0.000536
  0.000492
 -0.001464
 -0.000884
  0.000075
  0.001949
  0.001606
  0.001920
 -0.000805
 -0.002626
 -0.000819
 -0.002173
  0.000714
 -0.001937
 -0.000627
 -0.000975
 -0.002430
 -0.003372
  0.000779
  0.000152
  0.000930
  0.002861
 -0.000336
  0.000165
  0.000656
  0.000065
 -0.000442
  0.000065
  0.000721
  0.000158
  0.001100
 -0.001911
  0.001149
 -0.001154
  0.000734
  0.000995
  0.000098
 -0.000638
  0.000843
  0.000923
 -0.000434
  0.000586
 -0.000017
  0.000361
 -0.000448
 -0.000611
  0.000310
 -0.001070
 -0.000108
 -0.000572
 -0.000990
  0.000084
 -0.000128
 -0.001206
  0.000018
  0.001363
 -0.000009
 -0.000236
  0.000820
 -0.001568
 -0.000339
 -0.000951
 -0.000780
 -0.000589
 -0.000877
 -0.000800
 -0.000437
 -0.001430
  0.000437
  0.000454
  0.001466
 -0.000268
 -0.000997
  0.000061
  0.000550
 -0.000532
 -0.000896
 -0.001113
  0.000336
  0.000161
 -0.000091
 -0.000286
  0.001133
  0.000384
  0.000512
  0.000924
  0.000369
 -0.000157
 -0.000729
  0.000002
  0.000788
 -0.000206
 -0.000175
  0.000935
 -0.000108
  0.001239
  0.000517
 -0.000021
 -0.000056
  0.000318
  0.000504
  0.000024
  0.000629
 -0.000833
  0.001113
 -0.000374
 -0.000501
  0.000531
  0.000667
 -0.000292
 -0.000144
 -0.000062
  0.000638
  0.000140
  0.000001
 -0.000246
 -0.000411
  0.000014
  0.000216
 -0.000201
 -0.000017
 -0.000520
 -0.000656
  0.000546
 -0.000079
 -0.000369
 -0.000328
 -0.000292
 -0.000803
 -0.000149
 -0.000087
  0.000570
 -0.000526
  0.000069
  0.000655
  0.000338
  0.000481
 -0.000650
  0.000048
 -0.000407
  0.000160
 -0.000131
 -0.000471
 -0.000015
  0.000038
 -0.000264
 -0.000444
 -0.001159
  0.000000
 -0.000360
  0.000727
  0.001027
 -0.000125
 -0.000143
 -0.000013
 -0.000052
  0.000675
  0.000264
  0.000217
 -0.000323
 -0.000952
  0.000910
 -0.000514
  0.001176
 -0.000168
 -0.001553
 -0.000364
  0.000190
  0.000124
  0.000199
  0.000302
  0.000136
  0.000565
  0.000398
  0.000219
  0.000201
 -0.000657
  0.000622
  0.000210
 -0.000147
  0.000478
 -0.000393
 -0.000130
  0.000906
 -0.000702
 -0.000919
  0.000705
  0.000381
  0.000336
 -0.000280
  0.000902
 -0.000156
  0.000127
  0.000204
 -0.000287
 -0.000196
 -0.000702
 -0.000943
  0.000378
  0.000218
  0.000323
 -0.001021
 -0.000462
  0.000244
  0.000241
 -0.000061
 -0.000994
 -0.000803
  0.001502
 -0.000040
 -0.000346
  0.000083
  0.000194
  0.000059
  0.000186
  0.000032
  0.000038
 -0.000017
  0.000051
  0.000061
  0.000036
  0.000135
 -0.000102
 -0.000648
  0.000312
 -0.000701
 -0.000578
 -0.000256
  0.000135
 -0.000223
  0.000104
  0.000697
  0.000401
  0.000227
  0.000005
  0.000408
 -0.000199
  0.000228
  0.000056
 -0.000658
  0.000471
  0.000393
 -0.000228
 -0.000287
  0.000238
  0.000622
  0.000191
  0.000299
 -0.000195
 -0.000134
  0.000313
 -0.000173
  0.000381
  0.000100
 -0.000205
 -0.000188
 -0.000149
  0.000165
 -0.000082
  0.000200
  0.000081
 -0.000220
 -0.000353
 -0.000616
 -0.001109
  0.000003
  0.001179
  0.000140
  0.000186
 -0.000232
  0.000141
  0.000025
  0.000270
  0.000733
 -0.000479
 -0.000103
 -0.000232
 -0.000514
  0.000116
  0.000235
  0.000223
  0.000192
  0.000562
 -0.000257
 -0.000605
 -0.000076
 -0.000221
  0.000241
 -0.000265
  0.000101
 -0.000136
 -0.000995
  0.000071
  0.000315
 -0.000238
  0.000522
 -0.000399
  0.000407
  0.001142
  0.000016
 -0.000135
 -0.001701
  0.000655
  0.000315
 -0.000738
  0.000055
  0.001123
 -0.000123
 -0.000187
 -0.000176
 -0.001100
  0.000853
 -0.000501
 -0.000014
  0.000572
  0.000130
 -0.000309
 -0.000192
 -0.000231
  0.000125
 -0.000040
  0.000740
  0.000284
  0.000335
 -0.000307
 -0.000189
 -0.001143
  0.000649
  0.000166
 -0.000002
 -0.000555
 -0.000601
 -0.000771
  0.000086
 -0.000134
  0.000141
 -0.000289
 -0.000070
 -0.000438
  0.000034
  0.000143
  0.000234
 -0.000499
 -0.000200
  0.000330
  0.000208
 -0.000351
  0.000086
  0.000194
 -0.000930
 -0.000147
 -0.000173
  0.000346
  0.000190
 -0.000277
 -0.000145
 -0.000145
  0.000220
  0.000178
 -0.000301
  0.000516
  0.001115
  0.000223
 -0.001058
  0.000569
 -0.000611
 -0.000259
  0.000485
  0.000557
 -0.000185
  0.000650
  0.000511
  0.000933
 -0.000398
 -0.000244
 -0.000486
  0.000260
  0.000258
 -0.000439
 -0.000026
  0.000622
  0.000174
 -0.000105
  0.000384
 -0.000006
  0.000203
  0.000350
 -0.000161
 -0.000572
  0.000621
  0.000465
  0.000395
  0.000070
 -0.000051
  0.000235
 -0.000535
 -0.000170
 -0.000675
  0.000066
  0.000441
  0.000193
 -0.000314
 -0.000827
 -0.000174
  0.000001
 -0.000058
 -0.000589
  0.000303
 -0.000009
 -0.000128
 -0.000477
 -0.000395
 -0.001355
  0.000195
  0.000528
 -0.000399
  0.000113
  0.000605
 -0.000346
  0.000086
 -0.000236
  0.000140
 -0.000315
  0.000441
 -0.000413
 -0.000157
  0.000147
 -0.001043
 -0.000184
  0.000281
  0.000240
 -0.000447
  0.000079
 -0.000026
  0.000532
 -0.000224
  0.000247
 -0.000277
 -0.000450
  0.001068
 -0.001241
  0.000114
  0.000900
 -0.000134
  0.001295
 -0.000996
 -0.000645
  0.001007
  0.000491
  0.000153
  0.000277
  0.000496
  0.000427
  0.000408
 -0.000032
  0.000828
 -0.000192
  0.000454
 -0.000032
 -0.000300
  0.000732
  0.000168
  0.000638
 -0.000019
  0.000339
  0.000294
  0.000126
  0.000760
  0.000408
 -0.000176
  0.000042
  0.000367
  0.000003
  0.000060
 -0.000526
 -0.000170
  0.000067
 -0.000405
  0.000006
  0.000536
  0.000698
 -0.000023
 -0.000420
  0.000510
  0.000030
  0.000081
  0.000290
 -0.000755
 -0.000249
 -0.000018
  0.000361
 -0.000074
 -0.000187
 -0.000410
 -0.000126
  0.000161
  0.000030
  0.000306
  0.000430
 -0.000319
  0.000169
  0.000014
 -0.000182
 -0.000108
 -0.000326
  0.000098
 -0.000271
  0.000401
 -0.000069
  0.000224
 -0.000173
  0.000102
  0.000113
 -0.000199
 -0.000157
  0.000121
 -0.000073
  0.000206
  0.000181
 -0.000233
  0.000288
 -0.000216
 -0.000229
 -0.000197
 -0.000196
  0.000051
  0.000232
  0.000119
  0.000092
 -0.000102
 -0.000154
  0.000008
 -0.000287
  0.000107
 -0.000147
 -0.000005
 -0.000086
  0.000152
  0.000034
 -0.000555
 -0.000886
 -0.000235
  0.000089
 -0.000217
  0.000105
 -0.000177
  0.000091
 -0.000120
  0.000009
  0.000194
 -0.000335
  0.000322
  0.000149
 -0.000451
  0.000045
  0.000560
  0.000321
  0.000395
 -0.000381
 -0.000125
 -0.000124
 -0.000285
 -0.000036
 -0.000728
  0.000026
  0.000330
 -0.000344
  0.000210
  0.000027
 -0.000148
 -0.000213
  0.000141
  0.000179
 -0.000729
  0.000096
  0.000403
  0.000334
  0.000309
  0.000215
  0.000065
  0.000333
 -0.000391
  0.000170
  0.000346
 -0.000344
 -0.000299
  0.000108
  0.000239
 -0.000020
 -0.000047
 -0.000176
  0.000009
  0.000020
 -0.000095
  0.000143
  0.000122
  0.000100
  0.000042
 -0.000059
 -0.000174
  0.000312
 -0.000011
  0.000271
 -0.000342
  0.000191
 -0.000166
  0.000068
  0.000335
 -0.000127
 -0.000058
  0.000515
 -0.000160
  0.000639
 -0.000268
  0.000122
  0.000322
  0.000326
 -0.000225
 -0.000324
  0.000146
  0.000098
  0.000166
  0.000073
 -0.000731
  0.000033
  0.000207
 -0.000313
  0.000131
 -0.000063
 -0.000246
 -0.000014
  0.000270
 -0.000148
  0.000113
  0.000073
 -0.000067
 -0.000223
 -0.000142
 -0.000235
 -0.000104
  0.000278
 -0.000085
  0.000031
 -0.000280
  0.000232
 -0.000512
 -0.000128
 -0.000105
 -0.000011
 -0.000014
  0.000129
  0.000160
 -0.000078
  0.000320
  0.000053
  0.000236
 -0.000236
  0.000077
 -0.000203
  0.000331
  0.000003
 -0.000044
  0.000027
 -0.000061
  0.000092
  0.000021
 -0.000265
  0.000015
  0.000024
  0.000124
 -0.000119
  0.000108
 -0.000034
 -0.000010
 -0.000115
  0.000137
 -0.000521
  0.000048
  0.000146
  0.000030
  0.000022
  0.000185
  0.000003
  0.000096
  0.000146
  0.000162
 -0.000193
  0.000450
  0.000022
 -0.000097
  0.000099
  0.000084
  0.000127
  0.000049
  0.000089
 -0.000008
  0.000021
 -0.000057
  0.000052
  0.000044
  0.000002
 -0.000158
 -0.000027
  0.000171
 -0.000029
  0.000173
 -0.000043
  0.000054
 -0.000321
  0.000220
 -0.000256
 -0.000089
  0.000044
 -0.000157
  0.000016
 -0.000038
  0.000084
  0.000049
 -0.000075
  0.000060
  0.000137
  0.000004
  0.000045
 -0.000028
  0.000026
  0.000015
  0.000074
 -0.000063
  0.000052
  0.000038
  0.000074
  0.000035
  0.000011
  0.000079
 -0.000042
  0.000067
 -0.000014
