 -0.223949
  0.036015
 -0.016244
 -0.448472
  0.738789
  0.118523
 -0.353763
 -0.040318
 -0.097530
  0.079042
 -0.043752
 -0.027562
  0.017338
  0.015864
 -0.005031
  0.123646
  0.014227
  0.007462
  0.003827
 -0.031202
 -0.028624
  0.002064
 -0.024179
  0.034050
  0.021310
 -0.049326
 -0.016465
 -0.014402
 -0.006555
  0.005726
  0.006983
  0.003558
 -0.005389
 -0.011657
  0.002477
 -0.008135
  0.012406
  0.008129
 -0.018404
  0.012809
 -0.005068
  0.015106
 -0.001688
  0.029182
  0.005168
 -0.022321
 -0.003550
  0.006995
  0.021177
  0.014053
  0.014619
  0.006281
 -0.002767
 -0.000721
  0.040848
  0.008784
 -0.006110
 -0.000473
  0.021450
 -0.009704
 -0.009884
 -0.004054
  0.006376
  0.000778
 -0.000280
  0.012958
 -0.009583
 -0.003560
 -0.001358
 -0.001506
  0.009707
 -0.013410
 -0.012034
 -0.002958
  0.013166
  0.014215
  0.008333
  0.003333
  0.003443
  0.001461
  0.008565
  0.007111
 -0.005881
 -0.000517
 -0.013100
 -0.003172
 -0.002922
  0.005023
 -0.005038
  0.006196
 -0.027536
  0.017370
  0.006105
  0.022769
  0.001508
  0.005095
 -0.007808
 -0.004129
  0.007362
 -0.007711
 -0.006588
 -0.000178
 -0.013989
 -0.004382
 -0.001326
 -0.010615
  0.001883
 -0.001090
  0.000141
  0.009081
 -0.018983
 -0.007068
 -0.010695
 -0.021603
 -0.004055
 -0.002073
 -0.007732
 -0.002253
  0.003582
  0.010304
  0.005095
 -0.005747
 -0.004761
  0.031558
 -0.005595
  0.000469
 -0.024791
  0.001258
  0.010543
  0.017268
  0.016257
 -0.018653
  0.001339
 -0.009989
  0.002291
  0.000352
  0.001444
 -0.011621
 -0.004295
 -0.012586
  0.000832
 -0.010728
  0.006352
  0.008505
 -0.006394
 -0.000885
 -0.009812
  0.003128
  0.006535
 -0.011463
  0.003756
  0.005191
  0.006876
 -0.005137
  0.002535
 -0.001475
  0.004698
 -0.002956
 -0.005063
  0.008028
  0.001126
  0.009279
 -0.002668
  0.000552
  0.000829
 -0.002049
 -0.001025
  0.001620
 -0.001377
  0.001935
 -0.002704
  0.000596
 -0.001765
 -0.003537
  0.001355
 -0.001520
 -0.001143
  0.005974
 -0.009917
  0.004608
 -0.004312
  0.002595
  0.000935
 -0.000059
  0.003606
 -0.005349
  0.006742
  0.000197
  0.000239
 -0.004572
 -0.000133
  0.003550
  0.000064
  0.002020
  0.001365
 -0.002617
 -0.000285
  0.000663
  0.002889
 -0.002102
 -0.001002
 -0.002113
  0.000478
  0.001360
  0.001071
 -0.000597
 -0.002238
 -0.001106
 -0.002988
  0.004226
 -0.000645
 -0.002530
  0.000137
  0.000860
 -0.001682
 -0.000108
  0.004992
 -0.002553
  0.002948
  0.003847
  0.002123
  0.001405
  0.002522
 -0.000779
  0.001633
 -0.000163
 -0.000149
  0.000491
  0.000839
 -0.001181
  0.000211
  0.000982
 -0.002357
 -0.001574
  0.004919
 -0.001672
  0.000043
 -0.003345
  0.000394
  0.004888
 -0.000782
 -0.000843
 -0.005126
 -0.001358
  0.000694
  0.000936
 -0.000698
  0.000775
  0.000880
 -0.005963
 -0.001240
  0.002835
  0.000007
  0.003890
  0.003890
  0.001861
 -0.006568
  0.007941
  0.001893
  0.005512
  0.002805
  0.008760
 -0.001931
  0.001398
 -0.001462
 -0.003654
  0.003365
  0.001807
 -0.006843
 -0.001558
  0.007317
  0.001524
  0.001015
  0.003070
 -0.001117
 -0.000187
  0.001125
  0.002780
  0.001286
 -0.000343
  0.001781
 -0.000735
  0.000922
 -0.004977
 -0.002377
 -0.002798
 -0.003166
  0.000236
 -0.000293
 -0.008155
  0.000212
  0.000799
 -0.001944
  0.001380
 -0.000262
  0.000414
 -0.000211
 -0.002180
  0.003104
 -0.001116
  0.001344
 -0.001387
  0.003666
  0.005533
 -0.001124
 -0.003706
 -0.002205
 -0.000449
 -0.000340
 -0.003629
 -0.001997
 -0.001502
 -0.000572
 -0.001143
  0.000824
  0.000674
  0.000531
 -0.001645
 -0.000830
 -0.002481
 -0.000450
  0.002821
 -0.001623
 -0.001133
 -0.001844
  0.001744
 -0.000493
  0.001510
  0.002622
  0.001819
 -0.003204
 -0.002314
  0.000256
  0.000101
 -0.000167
 -0.000572
  0.000218
 -0.000404
 -0.006836
 -0.002386
  0.001988
 -0.006475
 -0.000071
  0.002626
  0.000248
 -0.001226
  0.008987
  0.000792
 -0.001951
 -0.000055
 -0.001791
 -0.001040
  0.000271
  0.001759
 -0.003395
 -0.001404
  0.005267
  0.002455
 -0.002090
  0.000394
 -0.000748
 -0.001385
 -0.000678
 -0.000783
  0.001754
  0.002300
  0.008027
  0.000506
 -0.000260
 -0.005621
  0.002380
 -0.006383
  0.002750
 -0.001717
 -0.001064
 -0.003271
 -0.003454
  0.002608
 -0.000109
 -0.001886
  0.001093
 -0.000357
 -0.000316
  0.001721
  0.002399
 -0.002086
  0.001593
 -0.000047
 -0.002933
  0.002246
 -0.003911
  0.004680
 -0.001676
  0.001318
 -0.001510
 -0.001002
 -0.000390
 -0.001960
  0.001598
 -0.000728
  0.004552
  0.004051
  0.001674
 -0.001474
  0.000274
  0.002192
 -0.001038
 -0.003478
  0.000374
 -0.000507
 -0.002490
  0.001124
 -0.008527
  0.002375
 -0.003846
  0.000091
 -0.001093
  0.000132
  0.000385
 -0.001763
 -0.003928
 -0.002357
  0.002714
  0.001106
 -0.007617
  0.003376
  0.005891
  0.002865
  0.003074
  0.001527
  0.006352
  0.007358
  0.001536
  0.003103
  0.001411
  0.003967
 -0.000354
 -0.003994
  0.006054
  0.000944
 -0.000162
 -0.000239
 -0.000622
  0.001918
 -0.001011
 -0.001165
  0.002447
  0.002386
 -0.000208
 -0.000070
  0.000258
 -0.000892
 -0.001177
 -0.004023
  0.001023
 -0.003231
 -0.000866
  0.003094
 -0.003516
  0.001677
  0.004168
 -0.001760
  0.001202
  0.002265
  0.000576
  0.000060
 -0.004187
  0.002254
  0.004617
 -0.002346
 -0.009465
  0.001726
  0.001592
 -0.003924
  0.000773
  0.001008
  0.000425
  0.002906
 -0.003131
 -0.000438
 -0.001478
 -0.001353
  0.001964
 -0.000845
 -0.004987
  0.001202
 -0.000981
 -0.001153
  0.001286
 -0.002867
 -0.001636
 -0.000235
  0.001526
 -0.000990
 -0.000403
  0.000904
 -0.000351
 -0.001330
 -0.001659
  0.000031
  0.000566
 -0.001186
  0.000991
 -0.000071
 -0.000085
  0.000620
  0.000380
 -0.000466
  0.000998
  0.002526
  0.000084
 -0.001100
  0.001176
  0.001401
  0.002743
 -0.002336
 -0.001991
  0.000889
  0.003232
  0.003351
 -0.000545
  0.002946
  0.000958
 -0.000579
  0.006097
 -0.001176
  0.001338
  0.003925
  0.000284
  0.001940
 -0.001322
 -0.000575
  0.004670
  0.001514
 -0.000504
 -0.001501
 -0.000179
  0.003132
  0.003522
 -0.001683
  0.000681
 -0.001264
  0.000850
 -0.002675
 -0.002628
 -0.000303
  0.000395
 -0.002770
  0.001772
 -0.002674
  0.000678
 -0.000625
  0.000983
  0.001123
  0.000657
  0.000648
  0.000292
  0.002868
 -0.001826
 -0.001247
 -0.001628
  0.002005
 -0.001169
  0.001202
 -0.001578
  0.000259
  0.000449
  0.002417
 -0.000025
  0.000212
  0.000057
 -0.001023
 -0.000408
  0.000830
  0.001384
  0.000479
 -0.001116
  0.000303
  0.000703
 -0.002939
  0.000672
 -0.000317
 -0.000844
 -0.001698
  0.001788
  0.000853
 -0.000488
  0.001740
 -0.000830
 -0.000610
 -0.000195
  0.000475
  0.001370
  0.000286
  0.000054
 -0.000902
 -0.001223
  0.000290
  0.000572
 -0.000356
 -0.000773
  0.000233
  0.003655
  0.000126
 -0.000183
  0.000731
  0.002133
  0.001563
  0.000827
 -0.000275
  0.000762
  0.000223
 -0.000060
  0.000427
  0.000479
 -0.000073
 -0.000708
  0.000715
  0.000021
  0.000060
 -0.001186
  0.000278
 -0.000491
 -0.001373
  0.000324
 -0.000347
  0.000505
  0.000830
  0.001220
  0.000007
  0.001390
  0.000363
  0.000036
  0.001093
  0.000803
 -0.000589
  0.000662
  0.000248
 -0.000543
  0.000211
 -0.000025
 -0.000644
  0.000462
  0.000082
  0.000608
  0.000425
  0.000347
  0.000887
 -0.000258
  0.000892
  0.001476
  0.000909
  0.000498
 -0.000148
  0.001456
 -0.000936
 -0.001601
 -0.000660
 -0.000397
  0.001126
  0.000670
 -0.001639
  0.000742
 -0.000016
  0.001757
  0.000509
 -0.001076
 -0.000903
 -0.002134
  0.000048
  0.000480
  0.000324
  0.002578
  0.001352
 -0.001655
  0.000272
 -0.001133
  0.004788
  0.001185
 -0.003072
  0.001373
 -0.002250
  0.000679
 -0.001244
  0.000939
 -0.000604
 -0.001287
  0.001176
  0.001436
 -0.001938
 -0.001385
  0.002468
  0.000549
 -0.000089
 -0.000513
  0.000567
 -0.000943
  0.001497
  0.001879
  0.001453
  0.002364
  0.001873
  0.000101
  0.002963
 -0.000128
  0.001859
  0.001289
  0.000602
  0.003429
  0.005012
  0.002253
 -0.000307
  0.002291
 -0.001725
  0.001987
  0.003134
 -0.001913
 -0.004101
  0.003150
  0.000421
 -0.004917
 -0.003612
 -0.002270
  0.000154
  0.007937
 -0.004135
 -0.001054
  0.000389
 -0.000343
  0.000514
  0.002617
  0.001122
  0.000580
  0.000541
  0.002098
  0.002571
 -0.003850
  0.002085
 -0.000297
  0.002864
 -0.000634
  0.000384
 -0.001838
 -0.001696
  0.003693
  0.001552
 -0.004206
  0.000140
  0.000178
 -0.001082
 -0.000489
  0.005901
  0.001226
  0.001043
  0.001147
 -0.000119
 -0.000856
  0.000530
 -0.000511
  0.001110
 -0.001319
 -0.001078
  0.000041
  0.000526
 -0.000904
  0.003016
  0.000113
 -0.001140
  0.000132
 -0.000075
  0.000018
  0.000170
  0.004469
 -0.000068
 -0.000049
 -0.000252
 -0.000758
 -0.004682
  0.001907
 -0.000006
  0.002289
  0.000645
  0.000834
 -0.001230
  0.000843
 -0.000646
  0.001054
  0.001679
 -0.000120
 -0.000806
  0.001194
  0.001437
 -0.001251
 -0.001036
 -0.003853
  0.000735
 -0.000642
  0.001640
 -0.000042
 -0.001488
  0.000229
  0.000696
 -0.000390
 -0.000616
 -0.000608
  0.000377
  0.000057
 -0.000476
 -0.004792
  0.005939
  0.000514
 -0.001097
  0.000037
 -0.000496
 -0.001087
  0.000001
 -0.000367
 -0.000344
 -0.000047
 -0.000627
 -0.000350
  0.000274
 -0.001579
  0.001145
 -0.000203
