  1    0.023593
  2    0.028093
  3    0.013803
  4    0.051330
  5    0.110589
  6    0.058980
  7    0.030349
  8    0.012411
  9    0.011050
 10    0.017233
 11    0.008819
 12    0.006436
 13    0.008590
 14    0.015365
 15    0.007202
 16    0.008084
 17    0.002598
 18    0.007327
 19    0.006873
 20    0.005467
 21    0.005281
 22    0.009127
 23    0.001890
 24    0.005235
 25    0.005734
 26    0.004773
 27    0.003527
 28    0.004181
 29    0.003922
 30    0.003836
 31    0.003596
 32    0.005403
 33    0.003208
 34    0.003058
 35    0.003750
 36    0.005279
 37    0.005474
 38    0.004037
 39    0.005334
 40    0.002451
 41    0.003947
 42    0.004673
 43    0.003201
 44    0.002295
 45    0.001441
 46    0.002536
 47    0.004258
 48    0.002634
 49    0.002534
 50    0.003558
 51    0.002804
 52    0.003193
 53    0.002754
 54    0.002312
 55    0.001756
 56    0.002648
 57    0.001496
 58    0.001613
 59    0.002470
 60    0.001859
 61    0.000851
 62    0.001520
 63    0.002849
 64    0.001779
 65    0.002609
 66    0.002061
 67    0.000789
 68    0.001412
 69    0.001559
 70    0.002112
 71    0.002001
 72    0.003047
 73    0.001289
 74    0.002005
 75    0.000963
 76    0.001003
 77    0.002245
 78    0.001838
 79    0.001846
 80    0.000644
 81    0.001203
 82    0.001423
 83    0.003881
 84    0.001178
 85    0.001737
 86    0.001475
 87    0.001617
 88    0.001339
 89    0.001097
 90    0.002641
 91    0.001887
 92    0.001214
 93    0.002345
 94    0.002373
 95    0.001607
 96    0.002938
 97    0.001725
 98    0.001392
 99    0.001847
100    0.002629
101    0.000987
102    0.000947
103    0.001674
104    0.001648
105    0.000971
106    0.000743
107    0.001724
108    0.001127
109    0.002977
110    0.001750
111    0.001237
112    0.001454
113    0.001843
114    0.001244
115    0.001432
116    0.001021
117    0.001826
118    0.000832
119    0.001885
120    0.000919
121    0.001831
122    0.002405
123    0.001697
124    0.000721
125    0.001237
126    0.001865
127    0.000978
128    0.001147
129    0.001161
130    0.002562
131    0.001117
132    0.001864
133    0.000608
134    0.000930
135    0.001289
136    0.001140
137    0.001036
138    0.001912
139    0.000557
140    0.000760
141    0.000587
142    0.001863
143    0.000677
144    0.000844
145    0.001135
146    0.000743
147    0.001228
148    0.001294
149    0.001416
150    0.000579
151    0.002113
152    0.001631
153    0.000463
154    0.001485
155    0.001353
156    0.000657
157    0.000562
158    0.000469
159    0.000900
160    0.001951
161    0.000771
162    0.000650
163    0.000515
164    0.001034
165    0.000468
166    0.001166
167    0.000830
168    0.000864
169    0.001076
170    0.000728
171    0.000650
172    0.001020
173    0.000491
174    0.000972
175    0.000953
176    0.000686
177    0.000949
178    0.000550
179    0.000433
180    0.000463
181    0.001699
182    0.000857
183    0.000362
184    0.001608
185    0.000633
186    0.000603
187    0.000326
188    0.000456
189    0.000367
190    0.000646
191    0.000872
192    0.000817
193    0.001240
194    0.000679
195    0.000718
196    0.000910
197    0.001510
198    0.000510
199    0.000591
200    0.000739
201    0.001359
202    0.000910
203    0.000484
204    0.000428
205    0.000656
206    0.000718
207    0.000279
208    0.000491
209    0.000772
210    0.000642
211    0.000714
212    0.000728
213    0.000581
214    0.000469
215    0.000797
216    0.000553
217    0.000278
218    0.000629
219    0.000887
220    0.000756
221    0.000343
222    0.000754
223    0.000704
224    0.000981
225    0.000570
226    0.000561
227    0.001111
228    0.001186
229    0.000441
230    0.000750
231    0.000468
232    0.000994
233    0.000855
234    0.001167
235    0.000553
236    0.000826
237    0.000639
238    0.000695
239    0.000591
240    0.000669
241    0.000546
242    0.000519
243    0.001107
244    0.000520
245    0.001007
246    0.000674
247    0.000696
248    0.000929
249    0.000877
250    0.000495
251    0.000403
252    0.001296
253    0.000943
254    0.000638
255    0.000718
256    0.000983
257    0.000726
258    0.000430
259    0.000488
260    0.000416
261    0.000585
262    0.000520
263    0.000560
264    0.000323
265    0.000706
266    0.000309
267    0.000259
268    0.000414
269    0.000304
270    0.000615
271    0.000490
272    0.000695
273    0.000617
274    0.000678
275    0.000956
276    0.000363
277    0.000736
278    0.000503
279    0.000655
280    0.000290
281    0.000655
282    0.000607
283    0.000483
284    0.000805
285    0.000517
286    0.000621
287    0.000513
288    0.000649
289    0.000223
290    0.000272
291    0.000711
292    0.000548
293    0.000577
294    0.000207
295    0.000627
296    0.000361
297    0.000368
298    0.000288
299    0.000866
300    0.000920
301    0.000375
302    0.000351
303    0.000645
304    0.000458
305    0.000299
306    0.000420
307    0.000540
308    0.000745
309    0.000390
310    0.000415
311    0.000606
312    0.000411
313    0.000497
314    0.000217
315    0.000412
316    0.000756
317    0.000318
318    0.000364
319    0.000471
320    0.000324
321    0.000420
322    0.000212
323    0.000474
324    0.000624
325    0.001054
326    0.000550
327    0.000523
328    0.000321
329    0.000545
330    0.000481
331    0.000818
332    0.000780
333    0.000514
334    0.000469
335    0.000614
336    0.000645
337    0.000314
338    0.000728
339    0.000693
340    0.000232
341    0.000306
342    0.000660
343    0.000463
344    0.000524
345    0.000535
346    0.000536
347    0.000549
348    0.000509
349    0.000659
350    0.000530
351    0.000368
352    0.000634
353    0.000455
354    0.000499
355    0.000329
356    0.000627
357    0.000319
358    0.000473
359    0.000722
360    0.000414
361    0.000607
362    0.000574
363    0.000425
364    0.000465
365    0.000541
366    0.000626
367    0.000450
368    0.000591
369    0.000733
370    0.000899
371    0.000723
372    0.000522
373    0.000523
374    0.000330
375    0.000874
376    0.000540
377    0.000512
378    0.000505
379    0.001008
380    0.000238
381    0.000897
382    0.000319
383    0.000783
384    0.000528
385    0.000249
386    0.000548
387    0.000274
388    0.001076
389    0.000276
390    0.001048
391    0.000378
392    0.000619
393    0.000555
394    0.000410
395    0.000755
396    0.000921
397    0.001139
398    0.000609
399    0.000484
400    0.000738
401    0.000406
402    0.000437
403    0.000266
404    0.000474
405    0.000375
406    0.000418
407    0.000535
408    0.000418
409    0.000216
410    0.000391
411    0.000444
412    0.000407
413    0.000397
414    0.000544
415    0.000848
416    0.000509
417    0.000619
418    0.000431
419    0.000492
420    0.000362
421    0.000527
422    0.000638
423    0.000465
424    0.000430
425    0.000393
426    0.000418
427    0.000423
428    0.000186
429    0.000833
430    0.000331
431    0.000241
432    0.000595
433    0.000640
434    0.000370
435    0.000496
436    0.000393
437    0.000385
438    0.000459
439    0.000267
440    0.000411
441    0.000459
442    0.000276
443    0.000448
444    0.000344
445    0.000380
446    0.000228
447    0.000535
448    0.000709
449    0.000490
450    0.000264
451    0.000434
452    0.000293
453    0.000386
454    0.000292
455    0.000306
456    0.000253
457    0.000340
458    0.000550
459    0.000288
460    0.000293
461    0.000403
462    0.000275
463    0.000596
464    0.000223
465    0.000287
466    0.000273
467    0.000281
468    0.000231
469    0.000370
470    0.000759
471    0.000371
472    0.000434
473    0.000291
474    0.000207
475    0.000312
476    0.000361
477    0.000695
478    0.000378
479    0.000296
480    0.000296
481    0.000416
482    0.000269
483    0.000185
484    0.000528
485    0.000313
486    0.000629
487    0.000224
488    0.000433
489    0.000341
490    0.000333
491    0.000243
492    0.000262
493    0.000292
494    0.000277
495    0.000508
496    0.000201
497    0.000285
498    0.000507
499    0.000198
500    0.000467
501    0.000847
502    0.000273
503    0.000135
504    0.000314
505    0.000326
506    0.000317
507    0.000232
508    0.000352
509    0.000422
510    0.000412
511    0.000431
512    0.000336
513    0.000241
514    0.000253
515    0.000492
516    0.000290
517    0.000573
518    0.000395
519    0.000275
520    0.000333
521    0.000255
522    0.000282
523    0.000344
524    0.000349
525    0.000233
526    0.000100
527    0.000309
528    0.000346
529    0.000305
530    0.000313
531    0.000403
532    0.000514
533    0.000281
534    0.000391
535    0.000727
536    0.000183
537    0.000164
538    0.000362
539    0.000233
540    0.000240
541    0.000230
542    0.000159
543    0.000267
544    0.000206
545    0.000149
546    0.000307
547    0.000136
548    0.000215
549    0.000309
550    0.000244
551    0.000246
552    0.000368
553    0.000266
554    0.000192
555    0.000227
556    0.000340
557    0.000402
558    0.000332
559    0.000316
560    0.000452
561    0.000256
562    0.000258
563    0.000182
564    0.000275
565    0.000236
566    0.000233
567    0.000429
568    0.000106
569    0.000291
570    0.000297
571    0.000217
572    0.000278
573    0.000250
574    0.000255
575    0.000316
576    0.000251
577    0.000228
578    0.000325
579    0.000378
580    0.000199
581    0.000283
582    0.000175
583    0.000417
584    0.000126
585    0.000259
586    0.000448
587    0.000353
588    0.000309
589    0.000152
590    0.000396
591    0.000259
592    0.000279
593    0.000167
594    0.000172
595    0.000209
596    0.000309
597    0.000269
598    0.000233
599    0.000182
600    0.000320
601    0.000267
602    0.000475
603    0.000327
604    0.000360
605    0.000355
606    0.000331
607    0.000314
608    0.000227
609    0.000253
610    0.000260
611    0.000266
612    0.000179
613    0.000192
614    0.000510
615    0.000437
616    0.000250
617    0.000345
618    0.000250
619    0.000303
620    0.000264
621    0.000084
622    0.000278
623    0.000171
624    0.000408
625    0.000285
626    0.000176
627    0.000410
628    0.000188
629    0.000195
630    0.000397
631    0.000112
632    0.000176
633    0.000627
634    0.000181
635    0.000381
636    0.000188
637    0.000300
638    0.000438
639    0.000232
640    0.000278
641    0.000172
642    0.000197
643    0.000240
644    0.000218
645    0.000151
646    0.000271
647    0.000270
648    0.000167
649    0.000265
650    0.000332
651    0.000163
652    0.000207
653    0.000159
654    0.000133
655    0.000467
656    0.000289
657    0.000314
658    0.000257
659    0.000125
660    0.000269
661    0.000230
662    0.000451
663    0.000362
664    0.000199
665    0.000341
666    0.000266
667    0.000282
668    0.000221
669    0.000331
670    0.000261
671    0.000358
672    0.000417
673    0.000364
674    0.000211
675    0.000211
676    0.000365
677    0.000155
678    0.000297
679    0.000496
680    0.000252
681    0.000259
682    0.000435
683    0.000382
684    0.000165
685    0.000404
686    0.000422
687    0.000447
688    0.000123
689    0.000180
690    0.000219
691    0.000327
692    0.000204
693    0.000190
694    0.000399
695    0.000200
696    0.000221
697    0.000144
698    0.000258
699    0.000213
700    0.000343
701    0.000137
702    0.000238
703    0.000225
704    0.000197
705    0.000204
706    0.000245
707    0.000146
708    0.000227
709    0.000323
710    0.000201
711    0.000218
712    0.000258
713    0.000284
714    0.000121
715    0.000128
716    0.000203
717    0.000125
718    0.000160
719    0.000341
720    0.000160
721    0.000214
722    0.000243
723    0.000224
724    0.000230
725    0.000205
726    0.000253
727    0.000383
728    0.000283
729    0.000484
730    0.000409
731    0.000187
732    0.000120
733    0.000203
734    0.000206
735    0.000201
736    0.000293
737    0.000353
738    0.000205
739    0.000250
740    0.000162
741    0.000236
742    0.000439
743    0.000235
744    0.000139
745    0.000194
746    0.000227
747    0.000216
748    0.000096
749    0.000165
750    0.000211
751    0.000090
752    0.000431
753    0.000226
754    0.000216
755    0.000050
756    0.000207
757    0.000218
758    0.000088
759    0.000206
760    0.000257
761    0.000140
762    0.000293
763    0.000065
764    0.000110
765    0.000378
766    0.000080
767    0.000210
768    0.000131
769    0.000204
770    0.000113
771    0.000197
772    0.000584
773    0.000212
774    0.000353
775    0.000133
776    0.000187
777    0.000046
778    0.000196
779    0.000219
780    0.000234
781    0.000090
782    0.000105
783    0.000356
784    0.000126
785    0.000251
786    0.000112
787    0.000247
788    0.000249
789    0.000172
790    0.000126
791    0.000084
792    0.000281
793    0.000353
794    0.000236
795    0.000207
796    0.000414
797    0.000103
798    0.000276
799    0.000214
800    0.000169
801    0.000192
802    0.000141
803    0.000073
804    0.000190
805    0.000136
806    0.000084
807    0.000170
808    0.000151
809    0.000193
810    0.000139
811    0.000312
812    0.000342
813    0.000187
814    0.000201
815    0.000074
816    0.000099
817    0.000350
818    0.000141
819    0.000404
820    0.000258
821    0.000264
822    0.000189
823    0.000239
824    0.000121
825    0.000655
