  1    0.021492
  2    0.015868
  3    0.101858
  4    0.021078
  5    0.077496
  6    0.042805
  7    0.026059
  8    0.021197
  9    0.036539
 10    0.022212
 11    0.010451
 12    0.005953
 13    0.011350
 14    0.017008
 15    0.003778
 16    0.005672
 17    0.003605
 18    0.001560
 19    0.001478
 20    0.005133
 21    0.004608
 22    0.003948
 23    0.005989
 24    0.001745
 25    0.013882
 26    0.007121
 27    0.007031
 28    0.007822
 29    0.004479
 30    0.006601
 31    0.007265
 32    0.002929
 33    0.005539
 34    0.005627
 35    0.001325
 36    0.005535
 37    0.003295
 38    0.007769
 39    0.001963
 40    0.003559
 41    0.004588
 42    0.003650
 43    0.003354
 44    0.004563
 45    0.003225
 46    0.002672
 47    0.003813
 48    0.002018
 49    0.003428
 50    0.002722
 51    0.003372
 52    0.002983
 53    0.001237
 54    0.001855
 55    0.002589
 56    0.004097
 57    0.001912
 58    0.001921
 59    0.002194
 60    0.004355
 61    0.003100
 62    0.001724
 63    0.002060
 64    0.002708
 65    0.001942
 66    0.002496
 67    0.001082
 68    0.001902
 69    0.002282
 70    0.002212
 71    0.001524
 72    0.001100
 73    0.000762
 74    0.001256
 75    0.001521
 76    0.002712
 77    0.001367
 78    0.000863
 79    0.000653
 80    0.001121
 81    0.001650
 82    0.001965
 83    0.002990
 84    0.001320
 85    0.001603
 86    0.000507
 87    0.001647
 88    0.001494
 89    0.001164
 90    0.001590
 91    0.001751
 92    0.000643
 93    0.001377
 94    0.001046
 95    0.000803
 96    0.001471
 97    0.001326
 98    0.001197
 99    0.000808
100    0.000781
101    0.000831
102    0.001393
103    0.000993
104    0.002981
105    0.001662
106    0.002792
107    0.003378
108    0.001417
109    0.001461
110    0.000969
111    0.001049
112    0.001473
113    0.000830
114    0.001985
115    0.000661
116    0.002796
117    0.000955
118    0.000595
119    0.001756
120    0.001312
121    0.000353
122    0.000434
123    0.001894
124    0.001265
125    0.000726
126    0.000918
127    0.001617
128    0.001558
129    0.002779
130    0.000941
131    0.000855
132    0.000756
133    0.001193
134    0.001832
135    0.000708
136    0.001093
137    0.001516
138    0.000502
139    0.000980
140    0.001035
141    0.000703
142    0.000938
143    0.001419
144    0.000962
145    0.001052
146    0.000530
147    0.000965
148    0.000557
149    0.000481
150    0.000654
151    0.001056
152    0.000572
153    0.000991
154    0.000828
155    0.000987
156    0.001117
157    0.001431
158    0.000966
159    0.000856
160    0.001044
161    0.000538
162    0.000561
163    0.000609
164    0.001090
165    0.001268
166    0.000557
167    0.001613
168    0.000736
169    0.001116
170    0.001253
171    0.000762
172    0.001067
173    0.000839
174    0.000516
175    0.000768
176    0.001150
177    0.001297
178    0.000832
179    0.001099
180    0.000570
181    0.000673
182    0.000803
183    0.000825
184    0.000973
185    0.000646
186    0.000320
187    0.000803
188    0.000218
189    0.000926
190    0.000543
191    0.000816
192    0.000711
193    0.001069
194    0.000245
195    0.000549
196    0.000686
197    0.000651
198    0.001532
199    0.001188
200    0.000721
201    0.000951
202    0.001013
203    0.000515
204    0.000827
205    0.000514
206    0.000519
207    0.000330
208    0.000709
209    0.000510
210    0.000589
211    0.000957
212    0.001001
213    0.000710
214    0.000403
215    0.000669
216    0.000369
217    0.000464
218    0.000291
219    0.000274
220    0.000659
221    0.000853
222    0.000813
223    0.000585
224    0.000350
225    0.000440
226    0.000610
227    0.000347
228    0.000426
229    0.000599
230    0.000579
231    0.000755
232    0.000829
233    0.000712
234    0.000282
235    0.000662
236    0.000441
237    0.000649
238    0.000667
239    0.000285
240    0.000892
241    0.000639
242    0.000507
243    0.000751
244    0.000685
245    0.000384
246    0.000168
247    0.000352
248    0.000644
249    0.000782
250    0.000327
251    0.000677
252    0.000328
253    0.000632
254    0.000498
255    0.000497
256    0.000730
257    0.000698
258    0.000759
259    0.000420
260    0.001004
261    0.000488
262    0.000724
263    0.000509
264    0.000313
265    0.000523
266    0.000394
267    0.000601
268    0.000595
269    0.000609
270    0.000594
271    0.000764
272    0.000412
273    0.000663
274    0.000578
275    0.000382
276    0.000470
277    0.000419
278    0.000959
279    0.000683
280    0.000856
281    0.000523
282    0.000543
283    0.000689
284    0.000869
285    0.000602
286    0.000642
287    0.000295
288    0.000425
289    0.000195
290    0.000367
291    0.000961
292    0.000536
293    0.000373
294    0.000610
295    0.000625
296    0.000601
297    0.000270
298    0.000261
299    0.000423
300    0.000659
301    0.000234
302    0.000693
303    0.001030
304    0.000403
305    0.000407
306    0.000554
307    0.000395
308    0.000359
309    0.000485
310    0.000580
311    0.000407
312    0.000391
313    0.000466
314    0.000536
315    0.000956
316    0.000348
317    0.000361
318    0.000380
319    0.000504
320    0.000446
321    0.000627
322    0.000421
323    0.000519
324    0.000389
325    0.000360
326    0.000463
327    0.000337
328    0.000287
329    0.000807
330    0.000550
331    0.000291
332    0.000530
333    0.000367
334    0.000400
335    0.000586
336    0.000495
337    0.000398
338    0.000563
339    0.000374
340    0.000765
341    0.000429
342    0.000362
343    0.000394
344    0.000607
345    0.000391
346    0.000355
347    0.000217
348    0.000569
349    0.000548
350    0.000838
351    0.000700
352    0.000610
353    0.000358
354    0.000428
355    0.000504
356    0.000411
357    0.000529
358    0.000417
359    0.000408
360    0.000301
361    0.000690
362    0.000418
363    0.000335
364    0.000451
365    0.000329
366    0.000398
367    0.000427
368    0.000240
369    0.000500
370    0.000777
371    0.000523
372    0.000286
373    0.000296
374    0.000543
375    0.000318
376    0.000420
377    0.000424
378    0.000466
379    0.000429
380    0.000264
381    0.000479
382    0.000415
383    0.000325
384    0.000666
385    0.000385
386    0.000377
387    0.000303
388    0.001067
389    0.000404
390    0.000696
391    0.000692
392    0.000406
393    0.000402
394    0.000277
395    0.000302
396    0.000374
397    0.000361
398    0.000195
399    0.000358
400    0.000590
401    0.000228
402    0.000559
403    0.000505
404    0.000355
405    0.000334
406    0.000377
407    0.000577
408    0.000417
409    0.000220
410    0.000266
411    0.000547
412    0.000491
413    0.000673
414    0.000326
415    0.000312
416    0.000774
417    0.000405
418    0.000219
419    0.000384
420    0.000153
421    0.000235
422    0.000370
423    0.000426
424    0.000171
425    0.000271
426    0.000400
427    0.000435
428    0.000171
429    0.000441
430    0.000226
431    0.000514
432    0.000352
433    0.000158
434    0.000421
435    0.000394
436    0.000364
437    0.000460
438    0.000158
439    0.000243
440    0.000431
441    0.000352
442    0.000408
443    0.000632
444    0.000452
445    0.000271
446    0.000330
447    0.000123
448    0.000164
449    0.000312
450    0.000645
451    0.000335
452    0.000334
453    0.000485
454    0.000192
455    0.000395
456    0.000167
457    0.000360
458    0.000117
459    0.000334
460    0.000319
461    0.000406
462    0.000204
463    0.000407
464    0.000290
465    0.000421
466    0.000166
467    0.000126
468    0.000251
469    0.000606
470    0.000239
471    0.000220
472    0.000305
473    0.000330
474    0.000278
475    0.000401
476    0.000212
477    0.000263
478    0.000146
479    0.000210
480    0.000261
481    0.000291
482    0.000187
483    0.000338
484    0.000278
485    0.000160
486    0.000342
487    0.000247
488    0.000329
489    0.000419
490    0.000438
491    0.000206
492    0.000369
493    0.000385
494    0.000386
495    0.000466
496    0.000303
497    0.000286
498    0.000358
499    0.000273
500    0.000354
501    0.000402
502    0.000248
503    0.000551
504    0.000157
505    0.000469
506    0.000386
507    0.000439
508    0.000388
509    0.000531
510    0.000210
511    0.000545
512    0.000459
513    0.000270
514    0.000316
515    0.000211
516    0.000197
517    0.000337
518    0.000155
519    0.000459
520    0.000140
521    0.000277
522    0.000591
523    0.000194
524    0.000180
525    0.000413
526    0.000115
527    0.000294
528    0.000240
529    0.000458
530    0.000464
531    0.000220
532    0.000242
533    0.000393
534    0.000311
535    0.000308
536    0.000381
537    0.000250
538    0.000238
539    0.000327
540    0.000350
541    0.000184
542    0.000208
543    0.000251
544    0.000250
545    0.000299
546    0.000129
547    0.000350
548    0.000213
549    0.000297
550    0.000384
551    0.000160
552    0.000175
553    0.000495
554    0.000249
555    0.000263
556    0.000390
557    0.000139
558    0.000335
559    0.000176
560    0.000217
561    0.000162
562    0.000420
563    0.000146
564    0.000187
565    0.000303
566    0.000297
567    0.000204
568    0.000211
569    0.000205
570    0.000162
571    0.000303
572    0.000128
573    0.000656
574    0.000351
575    0.000222
576    0.000330
577    0.000254
578    0.000179
579    0.000358
580    0.000093
581    0.000200
582    0.000131
583    0.000143
584    0.000195
585    0.000191
586    0.000087
587    0.000224
588    0.000259
589    0.000269
590    0.000176
591    0.000182
592    0.000248
593    0.000180
594    0.000153
595    0.000266
596    0.000206
597    0.000138
598    0.000095
599    0.000369
600    0.000292
601    0.000292
602    0.000388
603    0.000170
604    0.000234
605    0.000261
606    0.000136
607    0.000329
608    0.000229
609    0.000426
610    0.000170
611    0.000146
612    0.000159
613    0.000206
614    0.000249
615    0.000117
616    0.000155
617    0.000309
618    0.000334
619    0.000269
620    0.000258
621    0.000206
622    0.000172
623    0.000198
624    0.000135
625    0.000420
626    0.000294
627    0.000245
628    0.000195
629    0.000302
630    0.000230
631    0.000331
632    0.000295
633    0.000309
634    0.000322
635    0.000167
636    0.000192
637    0.000252
638    0.000262
639    0.000157
640    0.000311
641    0.000301
642    0.000247
643    0.000178
644    0.000302
645    0.000108
646    0.000323
647    0.000273
648    0.000241
649    0.000190
650    0.000293
651    0.000253
652    0.000238
653    0.000197
654    0.000180
655    0.000112
656    0.000219
657    0.000227
658    0.000253
659    0.000191
660    0.000182
661    0.000090
662    0.000215
663    0.000200
664    0.000474
665    0.000162
666    0.000270
667    0.000172
668    0.000228
669    0.000175
670    0.000228
671    0.000171
672    0.000190
673    0.000187
674    0.000181
675    0.000282
676    0.000317
677    0.000149
678    0.000376
679    0.000450
680    0.000487
681    0.000252
682    0.000260
683    0.000295
684    0.000204
685    0.000105
686    0.000172
687    0.000088
688    0.000128
689    0.000253
690    0.000174
691    0.000114
692    0.000065
693    0.000134
694    0.000221
695    0.000295
696    0.000199
697    0.000143
698    0.000225
699    0.000258
700    0.000189
701    0.000203
702    0.000321
703    0.000223
704    0.000075
705    0.000359
706    0.000233
707    0.000090
708    0.000227
709    0.000230
710    0.000257
711    0.000162
712    0.000201
713    0.000174
714    0.000173
715    0.000117
716    0.000160
717    0.000107
718    0.000273
719    0.000143
720    0.000283
721    0.000162
722    0.000241
723    0.000333
724    0.000289
725    0.000369
726    0.000217
727    0.000093
728    0.000295
729    0.000296
730    0.000297
731    0.000160
732    0.000281
733    0.000277
734    0.000219
735    0.000280
736    0.000117
737    0.000117
738    0.000221
739    0.000239
740    0.000288
741    0.000123
742    0.000331
743    0.000129
744    0.000327
745    0.000133
746    0.000142
747    0.000189
748    0.000219
749    0.000202
750    0.000057
751    0.000123
752    0.000228
753    0.000166
754    0.000289
755    0.000095
756    0.000303
757    0.000170
758    0.000220
759    0.000146
760    0.000155
761    0.000296
762    0.000129
763    0.000205
764    0.000182
765    0.000307
766    0.000145
767    0.000200
768    0.000154
769    0.000141
770    0.000147
771    0.000247
772    0.000161
773    0.000122
774    0.000211
775    0.000251
776    0.000164
777    0.000099
778    0.000115
779    0.000099
780    0.000278
781    0.000204
782    0.000297
783    0.000219
784    0.000056
785    0.000196
786    0.000248
787    0.000102
788    0.000231
789    0.000096
790    0.000147
791    0.000172
792    0.000123
793    0.000094
794    0.000220
795    0.000112
796    0.000173
797    0.000221
798    0.000087
799    0.000048
800    0.000111
801    0.000075
802    0.000160
803    0.000192
804    0.000168
805    0.000089
806    0.000167
807    0.000073
808    0.000137
809    0.000139
810    0.000128
811    0.000062
812    0.000128
813    0.000103
814    0.000110
815    0.000186
816    0.000084
817    0.000169
818    0.000144
819    0.000098
820    0.000267
821    0.000332
822    0.000230
823    0.000087
824    0.000331
825    0.000591
