  1    0.065724
  2    0.026944
  3    0.022230
  4    0.020145
  5    0.095616
  6    0.056808
  7    0.018936
  8    0.013529
  9    0.011372
 10    0.020018
 11    0.019196
 12    0.001517
 13    0.007527
 14    0.005346
 15    0.002973
 16    0.008719
 17    0.005349
 18    0.005160
 19    0.004523
 20    0.007429
 21    0.006653
 22    0.005906
 23    0.011528
 24    0.007548
 25    0.012180
 26    0.007416
 27    0.005014
 28    0.003450
 29    0.002941
 30    0.004064
 31    0.004467
 32    0.006275
 33    0.002319
 34    0.002794
 35    0.001572
 36    0.005748
 37    0.005125
 38    0.002928
 39    0.001755
 40    0.003458
 41    0.002529
 42    0.004058
 43    0.005290
 44    0.003008
 45    0.004093
 46    0.003704
 47    0.002787
 48    0.004294
 49    0.004590
 50    0.001202
 51    0.002333
 52    0.002700
 53    0.002887
 54    0.002525
 55    0.001821
 56    0.002891
 57    0.001930
 58    0.000967
 59    0.001470
 60    0.001726
 61    0.004857
 62    0.000981
 63    0.000976
 64    0.001876
 65    0.001258
 66    0.001504
 67    0.001195
 68    0.001914
 69    0.000700
 70    0.003734
 71    0.001244
 72    0.001353
 73    0.001815
 74    0.004132
 75    0.002005
 76    0.002027
 77    0.001307
 78    0.000517
 79    0.002743
 80    0.000912
 81    0.001011
 82    0.001335
 83    0.004788
 84    0.001202
 85    0.000388
 86    0.000639
 87    0.001368
 88    0.000912
 89    0.002371
 90    0.001494
 91    0.001487
 92    0.004770
 93    0.001110
 94    0.001042
 95    0.001248
 96    0.003367
 97    0.001245
 98    0.001783
 99    0.001015
100    0.003089
101    0.002648
102    0.000947
103    0.001314
104    0.001058
105    0.002064
106    0.001669
107    0.001170
108    0.000451
109    0.001329
110    0.000806
111    0.001195
112    0.000588
113    0.000386
114    0.000405
115    0.000948
116    0.002499
117    0.001885
118    0.000594
119    0.000649
120    0.001049
121    0.001106
122    0.001541
123    0.000783
124    0.003169
125    0.001466
126    0.002086
127    0.000971
128    0.001159
129    0.001482
130    0.001324
131    0.001613
132    0.001015
133    0.001286
134    0.001301
135    0.001047
136    0.000980
137    0.001013
138    0.001461
139    0.001197
140    0.000765
141    0.001065
142    0.001017
143    0.000458
144    0.001898
145    0.000317
146    0.001152
147    0.001159
148    0.000791
149    0.000890
150    0.000824
151    0.001435
152    0.000683
153    0.000612
154    0.002204
155    0.000711
156    0.001748
157    0.000701
158    0.001488
159    0.000967
160    0.002648
161    0.000682
162    0.001257
163    0.000514
164    0.001031
165    0.001037
166    0.000313
167    0.000903
168    0.000745
169    0.001321
170    0.001094
171    0.001086
172    0.001774
173    0.000938
174    0.001355
175    0.000530
176    0.000943
177    0.001100
178    0.001284
179    0.001454
180    0.000524
181    0.001984
182    0.000419
183    0.001136
184    0.000386
185    0.000584
186    0.000994
187    0.000502
188    0.000292
189    0.000275
190    0.000559
191    0.000711
192    0.000968
193    0.000953
194    0.000792
195    0.000781
196    0.000685
197    0.000840
198    0.000571
199    0.000392
200    0.000507
201    0.000887
202    0.000896
203    0.000463
204    0.000539
205    0.000884
206    0.000183
207    0.000679
208    0.000845
209    0.000717
210    0.001196
211    0.000926
212    0.000826
213    0.000803
214    0.000979
215    0.000548
216    0.000566
217    0.000861
218    0.000888
219    0.001219
220    0.000415
221    0.000796
222    0.000562
223    0.000914
224    0.000623
225    0.000581
226    0.000671
227    0.000637
228    0.001841
229    0.000517
230    0.000775
231    0.000730
232    0.000395
233    0.000631
234    0.000679
235    0.000912
236    0.000428
237    0.000886
238    0.000547
239    0.000784
240    0.000685
241    0.000714
242    0.000501
243    0.000460
244    0.000543
245    0.000723
246    0.000945
247    0.000663
248    0.000767
249    0.000859
250    0.000736
251    0.000921
252    0.000425
253    0.000588
254    0.000901
255    0.001116
256    0.000554
257    0.000350
258    0.000438
259    0.000438
260    0.000381
261    0.000322
262    0.001543
263    0.000743
264    0.000879
265    0.000724
266    0.000866
267    0.000264
268    0.001219
269    0.000989
270    0.000594
271    0.000462
272    0.000687
273    0.000426
274    0.000371
275    0.000626
276    0.000689
277    0.000366
278    0.000400
279    0.000731
280    0.000693
281    0.000347
282    0.000552
283    0.000586
284    0.000428
285    0.000662
286    0.000565
287    0.000447
288    0.000340
289    0.000348
290    0.000603
291    0.000441
292    0.000197
293    0.000604
294    0.000927
295    0.000561
296    0.000628
297    0.000552
298    0.000523
299    0.001379
300    0.000970
301    0.000326
302    0.000386
303    0.000374
304    0.000891
305    0.000578
306    0.000325
307    0.000431
308    0.000528
309    0.000336
310    0.000704
311    0.000375
312    0.000689
313    0.000715
314    0.000303
315    0.000384
316    0.000830
317    0.000361
318    0.000911
319    0.000555
320    0.000437
321    0.000789
322    0.000751
323    0.000312
324    0.000462
325    0.000536
326    0.000336
327    0.000705
328    0.000243
329    0.000449
330    0.000243
331    0.000479
332    0.000605
333    0.000212
334    0.000263
335    0.000458
336    0.000479
337    0.000649
338    0.000704
339    0.000740
340    0.000832
341    0.000505
342    0.000484
343    0.000432
344    0.000595
345    0.000317
346    0.000718
347    0.000323
348    0.000509
349    0.000482
350    0.000399
351    0.000395
352    0.000486
353    0.000754
354    0.000444
355    0.000961
356    0.000320
357    0.000621
358    0.000635
359    0.000385
360    0.000605
361    0.000330
362    0.000516
363    0.000332
364    0.000563
365    0.000401
366    0.000926
367    0.000795
368    0.000381
369    0.000368
370    0.000657
371    0.000963
372    0.000656
373    0.000498
374    0.000667
375    0.000366
376    0.000439
377    0.000399
378    0.000395
379    0.000318
380    0.000858
381    0.000920
382    0.000434
383    0.000715
384    0.000372
385    0.000501
386    0.000345
387    0.000352
388    0.000439
389    0.000248
390    0.000714
391    0.000375
392    0.000518
393    0.000551
394    0.000490
395    0.000442
396    0.000353
397    0.000447
398    0.000560
399    0.000608
400    0.000752
401    0.000563
402    0.000612
403    0.000679
404    0.000644
405    0.000425
406    0.000699
407    0.000289
408    0.000618
409    0.000662
410    0.000407
411    0.000510
412    0.000457
413    0.000295
414    0.000269
415    0.000375
416    0.000222
417    0.000403
418    0.000312
419    0.000293
420    0.000441
421    0.000624
422    0.000315
423    0.000339
424    0.000562
425    0.000232
426    0.000334
427    0.000266
428    0.000375
429    0.000374
430    0.000289
431    0.000624
432    0.000389
433    0.000257
434    0.000340
435    0.000199
436    0.000255
437    0.000335
438    0.000651
439    0.000279
440    0.000449
441    0.000262
442    0.000284
443    0.000328
444    0.000268
445    0.000447
446    0.000353
447    0.000477
448    0.000428
449    0.000194
450    0.000317
451    0.000416
452    0.000474
453    0.000689
454    0.000572
455    0.000222
456    0.000303
457    0.000403
458    0.000437
459    0.000513
460    0.000442
461    0.000318
462    0.000398
463    0.000186
464    0.000363
465    0.000651
466    0.000370
467    0.000374
468    0.000383
469    0.000400
470    0.000282
471    0.000293
472    0.000340
473    0.000336
474    0.000232
475    0.000264
476    0.000283
477    0.000334
478    0.000274
479    0.000228
480    0.000718
481    0.000323
482    0.000261
483    0.000219
484    0.000307
485    0.000343
486    0.000738
487    0.000158
488    0.000344
489    0.000186
490    0.000313
491    0.000302
492    0.000250
493    0.000279
494    0.000218
495    0.000309
496    0.000262
497    0.000265
498    0.000561
499    0.000236
500    0.000265
501    0.000461
502    0.000257
503    0.000310
504    0.000218
505    0.000381
506    0.000285
507    0.000411
508    0.000392
509    0.000306
510    0.000582
511    0.000471
512    0.000479
513    0.000436
514    0.000367
515    0.000123
516    0.000312
517    0.000384
518    0.000420
519    0.000296
520    0.000240
521    0.000645
522    0.000250
523    0.000236
524    0.000411
525    0.000251
526    0.000397
527    0.000277
528    0.000272
529    0.000354
530    0.000086
531    0.000245
532    0.000566
533    0.000152
534    0.000358
535    0.000585
536    0.000296
537    0.000398
538    0.000085
539    0.000375
540    0.000320
541    0.000134
542    0.000554
543    0.000225
544    0.000311
545    0.000471
546    0.000686
547    0.000076
548    0.000269
549    0.000284
550    0.000566
551    0.000514
552    0.000319
553    0.000275
554    0.000253
555    0.000348
556    0.000343
557    0.000401
558    0.000200
559    0.000247
560    0.000252
561    0.000283
562    0.000294
563    0.000266
564    0.000152
565    0.000092
566    0.000321
567    0.000217
568    0.000168
569    0.000261
570    0.000036
571    0.000242
572    0.000317
573    0.000140
574    0.000393
575    0.000425
576    0.000326
577    0.000078
578    0.000365
579    0.000184
580    0.000234
581    0.000291
582    0.000477
583    0.000259
584    0.000274
585    0.000175
586    0.000244
587    0.000248
588    0.000136
589    0.000343
590    0.000239
591    0.000193
592    0.000242
593    0.000174
594    0.000282
595    0.000238
596    0.000344
597    0.000213
598    0.000296
599    0.000419
600    0.000287
601    0.000263
602    0.000192
603    0.000186
604    0.000189
605    0.000248
606    0.000237
607    0.000528
608    0.000101
609    0.000341
610    0.000302
611    0.000277
612    0.000300
613    0.000494
614    0.000239
615    0.000257
616    0.000527
617    0.000108
618    0.000347
619    0.000565
620    0.000305
621    0.000404
622    0.000263
623    0.000325
624    0.000295
625    0.000104
626    0.000297
627    0.000215
628    0.000337
629    0.000148
630    0.000094
631    0.000315
632    0.000318
633    0.000291
634    0.000171
635    0.000214
636    0.000344
637    0.000288
638    0.000210
639    0.000255
640    0.000320
641    0.000330
642    0.000281
643    0.000296
644    0.000235
645    0.000211
646    0.000366
647    0.000127
648    0.000263
649    0.000209
650    0.000183
651    0.000351
652    0.000138
653    0.000397
654    0.000229
655    0.000199
656    0.000113
657    0.000162
658    0.000196
659    0.000363
660    0.000391
661    0.000105
662    0.000151
663    0.000176
664    0.000413
665    0.000287
666    0.000200
667    0.000209
668    0.000178
669    0.000160
670    0.000095
671    0.000278
672    0.000154
673    0.000201
674    0.000206
675    0.000352
676    0.000340
677    0.000353
678    0.000257
679    0.000347
680    0.000149
681    0.000223
682    0.000299
683    0.000253
684    0.000171
685    0.000448
686    0.000249
687    0.000312
688    0.000467
689    0.000253
690    0.000308
691    0.000292
692    0.000342
693    0.000300
694    0.000153
695    0.000386
696    0.000281
697    0.000239
698    0.000175
699    0.000160
700    0.000120
701    0.000143
702    0.000151
703    0.000261
704    0.000316
705    0.000153
706    0.000294
707    0.000337
708    0.000126
709    0.000357
710    0.000245
711    0.000331
712    0.000105
713    0.000256
714    0.000182
715    0.000369
716    0.000302
717    0.000181
718    0.000249
719    0.000194
720    0.000094
721    0.000155
722    0.000114
723    0.000290
724    0.000277
725    0.000116
726    0.000256
727    0.000172
728    0.000286
729    0.000099
730    0.000604
731    0.000107
732    0.000393
733    0.000281
734    0.000306
735    0.000259
736    0.000204
737    0.000174
738    0.000218
739    0.000516
740    0.000195
741    0.000278
742    0.000311
743    0.000080
744    0.000205
745    0.000260
746    0.000263
747    0.000172
748    0.000423
749    0.000217
750    0.000195
751    0.000112
752    0.000125
753    0.000162
754    0.000124
755    0.000228
756    0.000145
757    0.000128
758    0.000141
759    0.000364
760    0.000139
761    0.000220
762    0.000083
763    0.000119
764    0.000303
765    0.000116
766    0.000346
767    0.000105
768    0.000188
769    0.000187
770    0.000095
771    0.000163
772    0.000277
773    0.000260
774    0.000214
775    0.000175
776    0.000148
777    0.000066
778    0.000159
779    0.000262
780    0.000081
781    0.000080
782    0.000123
783    0.000101
784    0.000165
785    0.000300
786    0.000156
787    0.000095
788    0.000347
789    0.000139
790    0.000169
791    0.000154
792    0.000396
793    0.000300
794    0.000310
795    0.000425
796    0.000189
797    0.000220
798    0.000097
799    0.000131
800    0.000242
801    0.000082
802    0.000154
803    0.000114
804    0.000054
805    0.000073
806    0.000268
807    0.000113
808    0.000187
809    0.000089
810    0.000132
811    0.000083
812    0.000595
813    0.000145
814    0.000159
815    0.000298
816    0.000192
817    0.000247
818    0.000190
819    0.000189
820    0.000067
821    0.000096
822    0.000280
823    0.000191
824    0.000147
825    0.000539
