  1    0.023912
  2    0.025790
  3    0.011429
  4    0.015652
  5    0.124239
  6    0.062009
  7    0.038878
  8    0.030363
  9    0.004338
 10    0.007080
 11    0.012764
 12    0.005704
 13    0.008312
 14    0.008344
 15    0.003087
 16    0.013103
 17    0.011518
 18    0.007345
 19    0.009507
 20    0.004365
 21    0.004280
 22    0.005221
 23    0.007104
 24    0.003306
 25    0.005232
 26    0.004211
 27    0.006422
 28    0.004261
 29    0.003205
 30    0.007180
 31    0.008761
 32    0.002555
 33    0.004792
 34    0.002797
 35    0.005352
 36    0.004386
 37    0.008797
 38    0.004528
 39    0.003238
 40    0.002815
 41    0.002406
 42    0.006051
 43    0.003554
 44    0.001763
 45    0.003122
 46    0.003385
 47    0.002722
 48    0.004940
 49    0.003600
 50    0.001923
 51    0.004250
 52    0.001828
 53    0.002948
 54    0.001746
 55    0.000978
 56    0.003160
 57    0.001771
 58    0.002638
 59    0.002906
 60    0.000903
 61    0.004135
 62    0.001753
 63    0.001478
 64    0.002490
 65    0.001255
 66    0.001180
 67    0.000783
 68    0.000691
 69    0.001399
 70    0.001487
 71    0.001525
 72    0.000864
 73    0.002470
 74    0.001078
 75    0.002068
 76    0.001805
 77    0.002277
 78    0.000960
 79    0.003106
 80    0.001984
 81    0.001383
 82    0.001016
 83    0.001913
 84    0.001729
 85    0.001404
 86    0.001409
 87    0.001693
 88    0.002508
 89    0.002127
 90    0.001510
 91    0.002420
 92    0.001455
 93    0.001077
 94    0.002460
 95    0.001423
 96    0.001138
 97    0.001200
 98    0.001494
 99    0.000938
100    0.001723
101    0.001790
102    0.000862
103    0.000792
104    0.000856
105    0.000638
106    0.000874
107    0.000908
108    0.001353
109    0.001896
110    0.002395
111    0.000859
112    0.001782
113    0.000769
114    0.001315
115    0.002017
116    0.001631
117    0.001987
118    0.000946
119    0.000995
120    0.001751
121    0.002312
122    0.000863
123    0.000930
124    0.003577
125    0.000848
126    0.000842
127    0.003169
128    0.000638
129    0.001483
130    0.000480
131    0.000894
132    0.000918
133    0.000681
134    0.001686
135    0.001371
136    0.001035
137    0.001374
138    0.001113
139    0.001318
140    0.001085
141    0.001324
142    0.001513
143    0.000582
144    0.000852
145    0.000863
146    0.001534
147    0.000925
148    0.000844
149    0.001053
150    0.000695
151    0.000820
152    0.000345
153    0.000925
154    0.001472
155    0.001572
156    0.001290
157    0.000709
158    0.000587
159    0.000910
160    0.001404
161    0.000993
162    0.000964
163    0.001448
164    0.001446
165    0.001334
166    0.001135
167    0.000657
168    0.001451
169    0.001025
170    0.001856
171    0.001597
172    0.000702
173    0.001169
174    0.000540
175    0.000595
176    0.000758
177    0.001008
178    0.001172
179    0.001010
180    0.000486
181    0.001280
182    0.000550
183    0.000939
184    0.000868
185    0.000486
186    0.000745
187    0.001034
188    0.000968
189    0.000715
190    0.001053
191    0.001177
192    0.000671
193    0.001079
194    0.000752
195    0.000601
196    0.000540
197    0.000724
198    0.000747
199    0.000945
200    0.001076
201    0.000831
202    0.000795
203    0.001462
204    0.000904
205    0.001233
206    0.000569
207    0.000653
208    0.000774
209    0.000895
210    0.001373
211    0.000646
212    0.001045
213    0.000567
214    0.000792
215    0.000985
216    0.000592
217    0.001219
218    0.000657
219    0.000611
220    0.000505
221    0.001047
222    0.000698
223    0.000610
224    0.001143
225    0.000580
226    0.000606
227    0.000966
228    0.001241
229    0.000506
230    0.000586
231    0.000888
232    0.000515
233    0.001710
234    0.000678
235    0.000513
236    0.001492
237    0.000567
238    0.000218
239    0.000580
240    0.000748
241    0.000511
242    0.000634
243    0.000291
244    0.001052
245    0.000347
246    0.000705
247    0.000454
248    0.000860
249    0.001034
250    0.000301
251    0.000309
252    0.000514
253    0.000324
254    0.000438
255    0.000364
256    0.000382
257    0.000469
258    0.000640
259    0.000655
260    0.000554
261    0.000418
262    0.000389
263    0.000726
264    0.000318
265    0.000639
266    0.000462
267    0.000293
268    0.000613
269    0.000967
270    0.000901
271    0.000308
272    0.000493
273    0.001079
274    0.000295
275    0.000445
276    0.000647
277    0.000629
278    0.000357
279    0.000284
280    0.000244
281    0.000483
282    0.001192
283    0.000466
284    0.000607
285    0.000357
286    0.000549
287    0.000599
288    0.000786
289    0.000483
290    0.000615
291    0.000326
292    0.000258
293    0.001106
294    0.000409
295    0.000343
296    0.000314
297    0.000430
298    0.000572
299    0.000480
300    0.000401
301    0.000216
302    0.000397
303    0.000452
304    0.000099
305    0.000630
306    0.000459
307    0.000529
308    0.001241
309    0.000635
310    0.000395
311    0.000417
312    0.000507
313    0.000694
314    0.000733
315    0.000469
316    0.000340
317    0.000356
318    0.000676
319    0.000303
320    0.000473
321    0.000564
322    0.000382
323    0.000346
324    0.000268
325    0.000639
326    0.000253
327    0.000556
328    0.000385
329    0.000506
330    0.000884
331    0.000748
332    0.000124
333    0.000376
334    0.000465
335    0.000639
336    0.000813
337    0.000381
338    0.000727
339    0.000301
340    0.000452
341    0.000568
342    0.000398
343    0.000517
344    0.000437
345    0.000527
346    0.000419
347    0.000497
348    0.000559
349    0.000527
350    0.000413
351    0.000729
352    0.000446
353    0.000728
354    0.000294
355    0.000461
356    0.000397
357    0.000450
358    0.000232
359    0.000772
360    0.001319
361    0.000431
362    0.000368
363    0.000611
364    0.000697
365    0.000722
366    0.000696
367    0.000558
368    0.000330
369    0.000578
370    0.000254
371    0.000605
372    0.001017
373    0.000744
374    0.000341
375    0.000483
376    0.000467
377    0.000634
378    0.000438
379    0.000786
380    0.000463
381    0.000328
382    0.000324
383    0.000404
384    0.000424
385    0.000472
386    0.000525
387    0.000717
388    0.000301
389    0.000523
390    0.000348
391    0.000334
392    0.000469
393    0.000525
394    0.000858
395    0.000346
396    0.000260
397    0.000302
398    0.000499
399    0.000420
400    0.000312
401    0.000568
402    0.000313
403    0.000367
404    0.000500
405    0.000518
406    0.000220
407    0.000518
408    0.000308
409    0.000245
410    0.000244
411    0.000302
412    0.000230
413    0.000417
414    0.000289
415    0.000986
416    0.000510
417    0.000528
418    0.000408
419    0.000249
420    0.000679
421    0.000541
422    0.000198
423    0.000282
424    0.000268
425    0.000681
426    0.000384
427    0.000313
428    0.000460
429    0.000318
430    0.000367
431    0.000379
432    0.000503
433    0.000482
434    0.000118
435    0.000426
436    0.000659
437    0.000921
438    0.000645
439    0.000509
440    0.000370
441    0.000208
442    0.000490
443    0.000182
444    0.000933
445    0.000377
446    0.000579
447    0.000619
448    0.000513
449    0.000699
450    0.000574
451    0.000592
452    0.000843
453    0.000802
454    0.000647
455    0.000686
456    0.000471
457    0.000329
458    0.000410
459    0.000236
460    0.000284
461    0.000793
462    0.000258
463    0.000379
464    0.000302
465    0.000245
466    0.000303
467    0.000380
468    0.000221
469    0.000283
470    0.000389
471    0.000283
472    0.000299
473    0.000263
474    0.000433
475    0.000486
476    0.000248
477    0.000342
478    0.000340
479    0.000260
480    0.000396
481    0.000293
482    0.000344
483    0.000413
484    0.000617
485    0.000163
486    0.000381
487    0.000553
488    0.000356
489    0.000399
490    0.000469
491    0.000391
492    0.000228
493    0.000458
494    0.000448
495    0.000345
496    0.000613
497    0.000198
498    0.000221
499    0.000218
500    0.000457
501    0.000378
502    0.000257
503    0.000509
504    0.000347
505    0.000516
506    0.000255
507    0.000543
508    0.000217
509    0.000467
510    0.000178
511    0.000437
512    0.000523
513    0.000333
514    0.000157
515    0.000308
516    0.000225
517    0.000351
518    0.000254
519    0.000285
520    0.000329
521    0.000384
522    0.000268
523    0.000376
524    0.000151
525    0.000233
526    0.000330
527    0.000324
528    0.000692
529    0.000389
530    0.000346
531    0.000359
532    0.000173
533    0.000175
534    0.000170
535    0.000372
536    0.000451
537    0.000572
538    0.000206
539    0.000366
540    0.000309
541    0.000226
542    0.000392
543    0.000540
544    0.000436
545    0.000213
546    0.000250
547    0.000168
548    0.000425
549    0.000188
550    0.000484
551    0.000361
552    0.000297
553    0.000286
554    0.000121
555    0.000351
556    0.000293
557    0.000327
558    0.000283
559    0.000491
560    0.000363
561    0.000191
562    0.000232
563    0.000131
564    0.000312
565    0.000401
566    0.000310
567    0.000088
568    0.000114
569    0.000324
570    0.000128
571    0.000140
572    0.000202
573    0.000106
574    0.000154
575    0.000302
576    0.000283
577    0.000302
578    0.000135
579    0.000326
580    0.000137
581    0.000245
582    0.000237
583    0.000372
584    0.000189
585    0.000211
586    0.000208
587    0.000196
588    0.000136
589    0.000203
590    0.000234
591    0.000167
592    0.000231
593    0.000149
594    0.000202
595    0.000223
596    0.000260
597    0.000161
598    0.000182
599    0.000220
600    0.000257
601    0.000239
602    0.000156
603    0.000223
604    0.000151
605    0.000239
606    0.000415
607    0.000369
608    0.000385
609    0.000310
610    0.000241
611    0.000335
612    0.000120
613    0.000152
614    0.000223
615    0.000143
616    0.000497
617    0.000079
618    0.000127
619    0.000369
620    0.000367
621    0.000106
622    0.000175
623    0.000157
624    0.000369
625    0.000268
626    0.000309
627    0.000452
628    0.000253
629    0.000252
630    0.000249
631    0.000354
632    0.000410
633    0.000137
634    0.000194
635    0.000238
636    0.000236
637    0.000254
638    0.000228
639    0.000252
640    0.000393
641    0.000398
642    0.000267
643    0.000424
644    0.000324
645    0.000192
646    0.000379
647    0.000294
648    0.000200
649    0.000159
650    0.000167
651    0.000238
652    0.000332
653    0.000151
654    0.000282
655    0.000241
656    0.000221
657    0.000202
658    0.000242
659    0.000373
660    0.000252
661    0.000157
662    0.000171
663    0.000336
664    0.000154
665    0.000418
666    0.000199
667    0.000310
668    0.000191
669    0.000206
670    0.000235
671    0.000328
672    0.000272
673    0.000193
674    0.000220
675    0.000284
676    0.000312
677    0.000217
678    0.000327
679    0.000387
680    0.000373
681    0.000184
682    0.000281
683    0.000420
684    0.000291
685    0.000260
686    0.000200
687    0.000188
688    0.000416
689    0.000197
690    0.000228
691    0.000413
692    0.000258
693    0.000240
694    0.000184
695    0.000414
696    0.000200
697    0.000236
698    0.000176
699    0.000318
700    0.000146
701    0.000213
702    0.000191
703    0.000217
704    0.000280
705    0.000239
706    0.000175
707    0.000228
708    0.000227
709    0.000367
710    0.000279
711    0.000246
712    0.000320
713    0.000271
714    0.000304
715    0.000247
716    0.000237
717    0.000134
718    0.000093
719    0.000200
720    0.000309
721    0.000227
722    0.000210
723    0.000185
724    0.000309
725    0.000104
726    0.000203
727    0.000144
728    0.000358
729    0.000306
730    0.000379
731    0.000130
732    0.000205
733    0.000347
734    0.000427
735    0.000210
736    0.000196
737    0.000070
738    0.000309
739    0.000139
740    0.000252
741    0.000156
742    0.000172
743    0.000241
744    0.000310
745    0.000313
746    0.000152
747    0.000362
748    0.000194
749    0.000174
750    0.000160
751    0.000150
752    0.000126
753    0.000099
754    0.000233
755    0.000172
756    0.000269
757    0.000195
758    0.000434
759    0.000106
760    0.000115
761    0.000186
762    0.000268
763    0.000195
764    0.000065
765    0.000172
766    0.000084
767    0.000290
768    0.000321
769    0.000137
770    0.000216
771    0.000158
772    0.000072
773    0.000196
774    0.000348
775    0.000176
776    0.000127
777    0.000332
778    0.000116
779    0.000218
780    0.000130
781    0.000273
782    0.000155
783    0.000213
784    0.000239
785    0.000162
786    0.000215
787    0.000259
788    0.000402
789    0.000044
790    0.000138
791    0.000279
792    0.000192
793    0.000197
794    0.000108
795    0.000219
796    0.000210
797    0.000060
798    0.000187
799    0.000205
800    0.000183
801    0.000052
802    0.000093
803    0.000103
804    0.000200
805    0.000113
806    0.000070
807    0.000196
808    0.000176
809    0.000212
810    0.000225
811    0.000033
812    0.000252
813    0.000214
814    0.000073
815    0.000094
816    0.000560
817    0.000131
818    0.000324
819    0.000244
820    0.000301
821    0.000090
822    0.000069
823    0.000265
824    0.000237
825    0.000553
