  1    0.011446
  2    0.033434
  3    0.448389
  4    0.021800
  5    0.051773
  6    0.034219
  7    0.007304
  8    0.012324
  9    0.012394
 10    0.007439
 11    0.010832
 12    0.007364
 13    0.004825
 14    0.001274
 15    0.008930
 16    0.006555
 17    0.007557
 18    0.004935
 19    0.004338
 20    0.002158
 21    0.002931
 22    0.002101
 23    0.001915
 24    0.002632
 25    0.006229
 26    0.002214
 27    0.002757
 28    0.001791
 29    0.003080
 30    0.002859
 31    0.003687
 32    0.001650
 33    0.003064
 34    0.003168
 35    0.002160
 36    0.003040
 37    0.001895
 38    0.002032
 39    0.001963
 40    0.001846
 41    0.001514
 42    0.002913
 43    0.001787
 44    0.001780
 45    0.001578
 46    0.001929
 47    0.000744
 48    0.002900
 49    0.002799
 50    0.001797
 51    0.002191
 52    0.001889
 53    0.001430
 54    0.001829
 55    0.001845
 56    0.001092
 57    0.001831
 58    0.001894
 59    0.000985
 60    0.001059
 61    0.001498
 62    0.002343
 63    0.002081
 64    0.001178
 65    0.000914
 66    0.000699
 67    0.001038
 68    0.001200
 69    0.000849
 70    0.001330
 71    0.000879
 72    0.001163
 73    0.000720
 74    0.000582
 75    0.000909
 76    0.000834
 77    0.000886
 78    0.000648
 79    0.000686
 80    0.001031
 81    0.001295
 82    0.000739
 83    0.001005
 84    0.000655
 85    0.000732
 86    0.001131
 87    0.000543
 88    0.000296
 89    0.001117
 90    0.000472
 91    0.001230
 92    0.000640
 93    0.000276
 94    0.000612
 95    0.000475
 96    0.001174
 97    0.000875
 98    0.001318
 99    0.000561
100    0.000636
101    0.000594
102    0.001029
103    0.001050
104    0.000754
105    0.000828
106    0.001251
107    0.000695
108    0.001071
109    0.000973
110    0.000334
111    0.001151
112    0.001106
113    0.000287
114    0.001274
115    0.000556
116    0.000546
117    0.000565
118    0.000977
119    0.001557
120    0.000418
121    0.000443
122    0.000507
123    0.000629
124    0.000336
125    0.001124
126    0.000515
127    0.000131
128    0.000400
129    0.001631
130    0.000314
131    0.000476
132    0.000495
133    0.000822
134    0.000567
135    0.000985
136    0.000676
137    0.000798
138    0.000467
139    0.000975
140    0.000557
141    0.000436
142    0.000430
143    0.000307
144    0.001019
145    0.000769
146    0.000378
147    0.000378
148    0.000617
149    0.000306
150    0.000735
151    0.000672
152    0.000538
153    0.000840
154    0.000813
155    0.000743
156    0.000545
157    0.000668
158    0.000453
159    0.000889
160    0.000190
161    0.000438
162    0.000131
163    0.000326
164    0.000604
165    0.000500
166    0.000449
167    0.000229
168    0.000747
169    0.000646
170    0.000433
171    0.000550
172    0.000370
173    0.000471
174    0.000499
175    0.000844
176    0.000395
177    0.000341
178    0.000298
179    0.000684
180    0.000336
181    0.000245
182    0.000469
183    0.000344
184    0.000342
185    0.000134
186    0.000271
187    0.000245
188    0.000166
189    0.000283
190    0.000296
191    0.000328
192    0.000551
193    0.000278
194    0.000455
195    0.000554
196    0.000338
197    0.000351
198    0.000333
199    0.000245
200    0.000129
201    0.000334
202    0.000360
203    0.000305
204    0.000542
205    0.000250
206    0.000196
207    0.000276
208    0.000258
209    0.000320
210    0.000441
211    0.000286
212    0.000352
213    0.000267
214    0.000257
215    0.000225
216    0.000366
217    0.000158
218    0.000355
219    0.000838
220    0.000344
221    0.000210
222    0.000192
223    0.000196
224    0.000274
225    0.000545
226    0.000270
227    0.000308
228    0.000265
229    0.000358
230    0.000214
231    0.000201
232    0.000412
233    0.000334
234    0.000403
235    0.000366
236    0.000773
237    0.000379
238    0.000315
239    0.000305
240    0.000212
241    0.000311
242    0.000543
243    0.000319
244    0.000346
245    0.000410
246    0.000504
247    0.000276
248    0.000228
249    0.000242
250    0.000282
251    0.000311
252    0.000426
253    0.000331
254    0.000332
255    0.000417
256    0.000407
257    0.000217
258    0.000351
259    0.000313
260    0.000445
261    0.000279
262    0.000452
263    0.000435
264    0.000267
265    0.000286
266    0.000218
267    0.000210
268    0.000257
269    0.000474
270    0.000165
271    0.000157
272    0.000475
273    0.000215
274    0.000260
275    0.000273
276    0.000159
277    0.000348
278    0.000237
279    0.000310
280    0.000350
281    0.000146
282    0.000269
283    0.000240
284    0.000299
285    0.000125
286    0.000197
287    0.000203
288    0.000262
289    0.000240
290    0.000293
291    0.000111
292    0.000332
293    0.000440
294    0.000270
295    0.000286
296    0.000594
297    0.000212
298    0.000323
299    0.000113
300    0.000146
301    0.000212
302    0.000289
303    0.000229
304    0.000435
305    0.000195
306    0.000356
307    0.000288
308    0.000192
309    0.000191
310    0.000177
311    0.000272
312    0.000181
313    0.000354
314    0.000217
315    0.000353
316    0.000168
317    0.000116
318    0.000283
319    0.000198
320    0.000260
321    0.000176
322    0.000274
323    0.000232
324    0.000287
325    0.000151
326    0.000262
327    0.000198
328    0.000258
329    0.000238
330    0.000268
331    0.000196
332    0.000395
333    0.000231
334    0.000078
335    0.000146
336    0.000329
337    0.000186
338    0.000180
339    0.000288
340    0.000209
341    0.000093
342    0.000252
343    0.000270
344    0.000294
345    0.000218
346    0.000233
347    0.000146
348    0.000232
349    0.000305
350    0.000253
351    0.000305
352    0.000281
353    0.000286
354    0.000090
355    0.000254
356    0.000314
357    0.000199
358    0.000345
359    0.000271
360    0.000340
361    0.000364
362    0.000190
363    0.000168
364    0.000222
365    0.000147
366    0.000263
367    0.000156
368    0.000174
369    0.000184
370    0.000229
371    0.000221
372    0.000106
373    0.000463
374    0.000125
375    0.000456
376    0.000428
377    0.000169
378    0.000210
379    0.000212
380    0.000237
381    0.000247
382    0.000300
383    0.000287
384    0.000141
385    0.000150
386    0.000344
387    0.000139
388    0.000383
389    0.000174
390    0.000290
391    0.000217
392    0.000352
393    0.000181
394    0.000179
395    0.000287
396    0.000174
397    0.000267
398    0.000233
399    0.000502
400    0.000275
401    0.000494
402    0.000244
403    0.000271
404    0.000159
405    0.000184
406    0.000160
407    0.000334
408    0.000229
409    0.000304
410    0.000218
411    0.000253
412    0.000126
413    0.000227
414    0.000260
415    0.000205
416    0.000159
417    0.000174
418    0.000201
419    0.000330
420    0.000202
421    0.000198
422    0.000284
423    0.000182
424    0.000286
425    0.000187
426    0.000204
427    0.000143
428    0.000191
429    0.000291
430    0.000169
431    0.000163
432    0.000226
433    0.000204
434    0.000146
435    0.000235
436    0.000162
437    0.000228
438    0.000273
439    0.000148
440    0.000157
441    0.000226
442    0.000157
443    0.000137
444    0.000301
445    0.000229
446    0.000162
447    0.000302
448    0.000299
449    0.000269
450    0.000110
451    0.000125
452    0.000154
453    0.000218
454    0.000123
455    0.000201
456    0.000229
457    0.000201
458    0.000135
459    0.000211
460    0.000211
461    0.000263
462    0.000149
463    0.000185
464    0.000149
465    0.000232
466    0.000138
467    0.000245
468    0.000249
469    0.000202
470    0.000183
471    0.000175
472    0.000086
473    0.000196
474    0.000122
475    0.000206
476    0.000113
477    0.000169
478    0.000181
479    0.000203
480    0.000134
481    0.000066
482    0.000274
483    0.000159
484    0.000300
485    0.000165
486    0.000228
487    0.000151
488    0.000137
489    0.000101
490    0.000257
491    0.000309
492    0.000156
493    0.000171
494    0.000177
495    0.000128
496    0.000140
497    0.000156
498    0.000194
499    0.000173
500    0.000289
501    0.000340
502    0.000298
503    0.000169
504    0.000090
505    0.000173
506    0.000215
507    0.000360
508    0.000179
509    0.000167
510    0.000135
511    0.000179
512    0.000213
513    0.000073
514    0.000194
515    0.000100
516    0.000124
517    0.000172
518    0.000114
519    0.000112
520    0.000152
521    0.000164
522    0.000139
523    0.000125
524    0.000107
525    0.000165
526    0.000113
527    0.000059
528    0.000161
529    0.000082
530    0.000247
531    0.000145
532    0.000226
533    0.000216
534    0.000338
535    0.000116
536    0.000164
537    0.000221
538    0.000120
539    0.000135
540    0.000185
541    0.000186
542    0.000142
543    0.000143
544    0.000148
545    0.000181
546    0.000130
547    0.000127
548    0.000172
549    0.000141
550    0.000202
551    0.000121
552    0.000098
553    0.000124
554    0.000133
555    0.000127
556    0.000126
557    0.000085
558    0.000239
559    0.000102
560    0.000214
561    0.000207
562    0.000113
563    0.000177
564    0.000215
565    0.000103
566    0.000109
567    0.000124
568    0.000163
569    0.000112
570    0.000251
571    0.000126
572    0.000103
573    0.000330
574    0.000208
575    0.000148
576    0.000095
577    0.000104
578    0.000107
579    0.000158
580    0.000167
581    0.000100
582    0.000143
583    0.000124
584    0.000109
585    0.000062
586    0.000165
587    0.000132
588    0.000117
589    0.000099
590    0.000170
591    0.000148
592    0.000082
593    0.000054
594    0.000082
595    0.000110
596    0.000104
597    0.000120
598    0.000102
599    0.000144
600    0.000202
601    0.000083
602    0.000098
603    0.000254
604    0.000135
605    0.000177
606    0.000122
607    0.000126
608    0.000196
609    0.000168
610    0.000166
611    0.000127
612    0.000195
613    0.000074
614    0.000119
615    0.000061
616    0.000151
617    0.000093
618    0.000149
619    0.000058
620    0.000276
621    0.000099
622    0.000156
623    0.000217
624    0.000118
625    0.000172
626    0.000156
627    0.000122
628    0.000077
629    0.000136
630    0.000132
631    0.000142
632    0.000212
633    0.000142
634    0.000199
635    0.000156
636    0.000074
637    0.000072
638    0.000145
639    0.000111
640    0.000077
641    0.000115
642    0.000109
643    0.000121
644    0.000122
645    0.000087
646    0.000157
647    0.000148
648    0.000085
649    0.000065
650    0.000125
651    0.000261
652    0.000097
653    0.000115
654    0.000136
655    0.000150
656    0.000073
657    0.000159
658    0.000136
659    0.000174
660    0.000159
661    0.000088
662    0.000253
663    0.000072
664    0.000112
665    0.000203
666    0.000162
667    0.000109
668    0.000142
669    0.000110
670    0.000171
671    0.000114
672    0.000117
673    0.000106
674    0.000147
675    0.000108
676    0.000127
677    0.000172
678    0.000047
679    0.000179
680    0.000143
681    0.000095
682    0.000152
683    0.000086
684    0.000167
685    0.000106
686    0.000162
687    0.000133
688    0.000101
689    0.000092
690    0.000086
691    0.000131
692    0.000184
693    0.000119
694    0.000217
695    0.000164
696    0.000096
697    0.000179
698    0.000119
699    0.000078
700    0.000091
701    0.000114
702    0.000116
703    0.000080
704    0.000151
705    0.000140
706    0.000101
707    0.000077
708    0.000138
709    0.000086
710    0.000120
711    0.000052
712    0.000101
713    0.000086
714    0.000117
715    0.000102
716    0.000119
717    0.000124
718    0.000079
719    0.000055
720    0.000066
721    0.000088
722    0.000068
723    0.000110
724    0.000115
725    0.000156
726    0.000122
727    0.000123
728    0.000138
729    0.000065
730    0.000169
731    0.000086
732    0.000135
733    0.000092
734    0.000137
735    0.000176
736    0.000099
737    0.000132
738    0.000191
739    0.000137
740    0.000081
741    0.000089
742    0.000082
743    0.000088
744    0.000113
745    0.000129
746    0.000113
747    0.000099
748    0.000079
749    0.000092
750    0.000089
751    0.000115
752    0.000058
753    0.000057
754    0.000169
755    0.000112
756    0.000105
757    0.000086
758    0.000138
759    0.000055
760    0.000055
761    0.000119
762    0.000113
763    0.000024
764    0.000080
765    0.000166
766    0.000043
767    0.000155
768    0.000102
769    0.000062
770    0.000094
771    0.000141
772    0.000127
773    0.000127
774    0.000072
775    0.000157
776    0.000017
777    0.000162
778    0.000126
779    0.000124
780    0.000125
781    0.000029
782    0.000117
783    0.000098
784    0.000116
785    0.000066
786    0.000050
787    0.000135
788    0.000200
789    0.000067
790    0.000093
791    0.000097
792    0.000064
793    0.000082
794    0.000131
795    0.000155
796    0.000144
797    0.000093
798    0.000048
799    0.000045
800    0.000059
801    0.000174
802    0.000066
803    0.000155
804    0.000052
805    0.000101
806    0.000053
807    0.000070
808    0.000028
809    0.000045
810    0.000088
811    0.000056
812    0.000037
813    0.000178
814    0.000322
815    0.000050
816    0.000058
817    0.000101
818    0.000100
819    0.000029
820    0.000104
821    0.000008
822    0.000155
823    0.000024
824    0.000241
825    0.000438
