 -0.115376
  0.030485
  0.036467
  0.029671
 -0.704304
  0.487622
 -0.008476
 -0.451090
 -0.144554
 -0.080655
  0.001876
 -0.016793
 -0.032585
  0.051664
  0.082725
 -0.015041
 -0.040026
  0.043397
 -0.003052
  0.006850
  0.018817
  0.006596
 -0.010668
 -0.012684
  0.012658
  0.009143
 -0.014554
  0.000210
 -0.007458
  0.014755
 -0.006560
 -0.006917
 -0.008363
  0.002476
  0.001388
  0.002503
 -0.003167
  0.017428
  0.006218
  0.000203
  0.009051
 -0.003439
 -0.004446
 -0.000855
 -0.009753
 -0.005425
 -0.010435
  0.008510
 -0.000089
 -0.003237
  0.005897
  0.007244
 -0.005314
 -0.000026
 -0.001490
  0.001437
 -0.004262
  0.006498
 -0.002641
  0.001980
  0.000624
  0.000608
 -0.007261
  0.005876
 -0.002124
 -0.000368
 -0.006945
  0.000061
 -0.000890
  0.004046
 -0.003996
  0.003343
 -0.002547
 -0.001254
  0.000146
  0.004368
  0.000319
 -0.002262
  0.001342
 -0.001448
 -0.000372
 -0.003180
 -0.003064
 -0.001648
 -0.002706
  0.004317
 -0.004423
  0.002488
 -0.002136
  0.002096
  0.002330
  0.000196
 -0.000456
  0.001644
  0.000681
 -0.003883
 -0.001521
 -0.001539
 -0.005233
 -0.007076
 -0.007860
 -0.002231
 -0.002192
 -0.002349
 -0.002491
 -0.000679
 -0.000920
 -0.005517
 -0.001616
  0.000449
  0.000330
 -0.001779
  0.000574
  0.000311
  0.001888
  0.000975
  0.001086
 -0.000111
  0.002197
  0.001673
  0.006165
  0.007084
 -0.001852
 -0.002311
 -0.000284
  0.007578
  0.004869
  0.000588
 -0.009180
 -0.000977
  0.011364
  0.003270
  0.001440
  0.001805
 -0.000913
  0.000519
  0.006685
  0.003522
 -0.001359
 -0.000718
  0.000166
  0.001993
 -0.001176
  0.003588
 -0.000148
  0.001730
  0.001413
  0.002062
  0.003602
 -0.001107
 -0.001612
 -0.001534
  0.000037
 -0.000451
  0.001091
 -0.001209
  0.001313
 -0.000489
  0.001037
  0.001486
 -0.001785
 -0.000779
  0.002793
  0.000389
  0.001327
 -0.002071
  0.003419
 -0.003442
 -0.001739
 -0.001148
 -0.002475
 -0.002483
  0.001486
 -0.001493
  0.001228
  0.001457
 -0.002089
 -0.000096
 -0.001230
 -0.001806
  0.000902
  0.000538
 -0.005565
 -0.001100
 -0.000701
  0.006359
  0.001787
 -0.004079
 -0.004026
 -0.001673
  0.002424
 -0.001935
 -0.000347
  0.002881
  0.000432
  0.004245
  0.000754
 -0.000918
 -0.001181
  0.000732
  0.001115
  0.000106
  0.002044
  0.000552
  0.000771
  0.001584
 -0.000046
 -0.001149
 -0.000524
 -0.000803
 -0.001497
 -0.000148
 -0.000639
 -0.000452
  0.001707
  0.000218
  0.000349
  0.000733
  0.000833
  0.001046
  0.000473
  0.000572
 -0.001339
  0.001075
  0.000628
 -0.001126
 -0.002286
 -0.000569
 -0.001101
 -0.001221
  0.001813
  0.000487
 -0.002462
  0.000246
 -0.000482
 -0.001372
  0.000315
 -0.000235
  0.000990
  0.002270
 -0.000149
 -0.001812
  0.000094
 -0.000396
 -0.000844
 -0.000716
 -0.001801
 -0.001368
  0.000005
  0.000441
 -0.000362
  0.000040
  0.000864
  0.001338
  0.000980
  0.000906
  0.000216
  0.000433
 -0.000621
  0.002471
  0.002732
 -0.000738
 -0.001485
 -0.002623
  0.000687
 -0.000942
  0.002038
 -0.000165
  0.001585
  0.000168
 -0.000204
 -0.000540
  0.000938
 -0.000379
  0.000265
 -0.001169
  0.001303
  0.000429
  0.000116
  0.000619
 -0.000150
  0.000134
  0.001177
 -0.000648
 -0.001516
  0.000442
  0.000598
  0.000068
  0.000296
 -0.002613
 -0.000653
  0.001000
 -0.000419
  0.000842
  0.000058
 -0.000128
 -0.000420
 -0.000346
  0.000539
  0.000773
 -0.000018
  0.000089
  0.000443
  0.000816
  0.000122
  0.000584
  0.000347
 -0.000549
  0.000447
 -0.000523
 -0.001218
  0.000515
  0.000537
  0.000603
  0.000491
  0.000523
  0.000514
 -0.001395
  0.000679
 -0.000360
  0.000460
 -0.000153
  0.000156
 -0.000911
 -0.000450
 -0.000526
 -0.001075
 -0.001483
  0.000778
  0.000618
 -0.000957
 -0.000175
 -0.000543
 -0.000590
 -0.000955
  0.000079
 -0.000238
 -0.000123
 -0.000519
 -0.001341
 -0.000135
 -0.000074
  0.000500
  0.000281
  0.000802
  0.000111
  0.000133
 -0.000478
  0.000102
  0.000552
 -0.001505
  0.000225
 -0.000999
  0.000959
  0.000853
  0.001926
 -0.000230
  0.000248
 -0.000567
 -0.001041
  0.000695
  0.000162
  0.001158
 -0.001930
  0.000031
  0.000174
 -0.000550
  0.000417
 -0.001785
 -0.000293
  0.001512
  0.000247
 -0.000616
  0.000112
  0.000328
  0.001266
 -0.000859
  0.001580
  0.001258
  0.002139
 -0.000500
  0.003009
 -0.001672
 -0.000813
 -0.001154
 -0.001038
 -0.000939
 -0.001108
  0.001736
  0.000674
 -0.000170
  0.000507
 -0.001707
 -0.001192
  0.000613
  0.000423
  0.000954
 -0.001239
 -0.001284
  0.000682
 -0.001843
 -0.001823
  0.001189
  0.000670
 -0.000458
 -0.000019
  0.000602
 -0.000425
 -0.000242
  0.000105
 -0.001022
  0.001106
 -0.000756
  0.001091
 -0.000778
  0.000683
  0.000471
  0.000593
  0.001344
 -0.000675
  0.000106
  0.000449
 -0.000498
  0.000664
  0.000369
 -0.000039
 -0.000303
  0.000913
  0.000953
  0.002186
 -0.000649
 -0.000689
  0.001664
 -0.000299
  0.000184
  0.000702
  0.000281
 -0.000570
 -0.000820
 -0.001848
  0.000858
  0.000815
  0.000771
  0.000211
 -0.000207
 -0.001143
  0.000224
  0.000422
 -0.000329
  0.000403
  0.000066
  0.000791
 -0.000592
 -0.000550
  0.000494
 -0.000928
 -0.000104
  0.000433
 -0.000079
  0.000018
  0.000074
  0.000022
 -0.000278
  0.000775
 -0.000183
  0.000451
  0.000112
  0.000840
 -0.000203
 -0.000117
 -0.000183
 -0.000890
 -0.000490
 -0.000305
 -0.000214
 -0.000027
  0.000119
  0.000602
  0.000298
  0.000012
  0.000623
  0.000073
  0.000304
 -0.000061
 -0.000131
 -0.000901
  0.000186
 -0.000034
  0.000588
 -0.000513
 -0.000150
 -0.000091
 -0.000069
  0.000307
 -0.000167
  0.000805
 -0.000371
  0.000356
  0.000073
 -0.000249
 -0.000203
 -0.000708
  0.000339
 -0.000251
  0.000173
 -0.000023
  0.000226
 -0.000221
  0.000002
 -0.000008
  0.000185
  0.000501
  0.000189
 -0.001230
 -0.000225
 -0.000182
 -0.000003
  0.000871
  0.000113
 -0.000586
  0.000924
 -0.000644
  0.000553
  0.000168
 -0.000381
  0.000429
  0.000262
 -0.000686
 -0.000473
  0.000086
 -0.000143
 -0.000744
  0.000415
 -0.000190
  0.000345
 -0.000877
 -0.000509
  0.000787
  0.000536
  0.000276
 -0.000026
  0.000060
 -0.000159
 -0.000103
  0.000427
  0.000499
 -0.000711
  0.000535
 -0.000850
 -0.000288
  0.001180
 -0.000162
 -0.001050
 -0.000628
  0.000026
  0.000342
 -0.000945
  0.000223
 -0.000753
 -0.000870
  0.000042
 -0.000565
 -0.000098
  0.000012
 -0.000739
 -0.000018
  0.000216
 -0.000600
  0.000173
  0.000077
  0.000297
 -0.000780
 -0.000101
 -0.000472
  0.000110
  0.000184
  0.000364
  0.000146
  0.001767
  0.000259
  0.000193
 -0.000462
 -0.000729
 -0.000345
  0.000138
  0.000503
  0.000748
  0.000102
 -0.000041
 -0.000582
 -0.000287
  0.000064
  0.000357
 -0.000003
  0.000260
  0.000071
 -0.000259
  0.000043
  0.000034
 -0.000262
  0.000288
  0.000009
 -0.000547
 -0.000003
 -0.000709
 -0.000300
  0.000786
  0.000134
 -0.000258
  0.000056
 -0.000215
  0.000238
 -0.000359
 -0.000323
  0.000110
  0.000017
  0.000224
 -0.000097
 -0.000087
 -0.000163
 -0.000121
  0.000046
  0.000100
  0.000122
  0.000051
  0.000011
  0.000134
 -0.000532
  0.000671
  0.000001
 -0.000287
 -0.000165
  0.000516
 -0.000272
 -0.000239
  0.000499
  0.000648
 -0.000053
 -0.000173
  0.000251
 -0.000104
 -0.000248
 -0.000368
  0.000114
 -0.000102
  0.000042
  0.000583
  0.000332
  0.000555
  0.000734
 -0.000564
 -0.000749
  0.000321
  0.000525
 -0.000655
 -0.000774
 -0.000540
 -0.000070
 -0.000268
 -0.000406
  0.000132
  0.000037
  0.000038
  0.000266
 -0.000046
 -0.000345
  0.000179
  0.000007
 -0.000599
 -0.000242
 -0.000045
  0.000836
 -0.000161
 -0.000233
  0.000123
  0.000011
 -0.000028
 -0.000146
 -0.000388
  0.000086
 -0.000331
  0.000639
  0.000026
 -0.000502
  0.000856
 -0.000308
 -0.000316
 -0.000234
  0.000338
  0.000051
 -0.000078
 -0.000114
  0.000423
 -0.000089
  0.000344
  0.000716
 -0.000531
 -0.000673
  0.000107
 -0.000406
  0.000477
 -0.000132
  0.000079
 -0.000149
 -0.000109
 -0.000049
 -0.000256
  0.000431
 -0.000614
  0.000245
  0.000176
 -0.000187
 -0.000061
  0.000293
  0.000037
 -0.000183
 -0.000107
 -0.000010
 -0.000092
 -0.000005
  0.000139
 -0.000176
 -0.000028
 -0.000045
  0.000309
 -0.000380
  0.000156
 -0.000462
 -0.000278
 -0.000420
  0.000459
 -0.000181
  0.000234
  0.000049
 -0.000516
 -0.000725
  0.000516
 -0.000464
  0.000021
 -0.000273
  0.000031
  0.000418
  0.000181
  0.000313
  0.000199
  0.000095
 -0.000169
  0.000103
 -0.000261
 -0.000098
 -0.000123
 -0.000050
 -0.000387
 -0.000310
  0.000155
  0.000142
  0.000323
  0.000368
  0.000494
 -0.000065
 -0.000264
  0.000757
 -0.001046
  0.000574
 -0.000536
 -0.000176
 -0.000416
  0.000155
  0.000245
 -0.000033
 -0.000225
 -0.000635
  0.000189
 -0.000064
 -0.000026
 -0.000217
  0.000407
 -0.000532
 -0.000293
  0.000432
 -0.000186
 -0.000023
  0.000274
  0.000308
  0.000347
  0.000206
  0.000129
  0.000532
 -0.000155
 -0.000194
  0.000362
  0.000137
  0.000535
  0.000144
  0.001034
 -0.000384
 -0.000326
  0.000314
  0.000106
 -0.000198
  0.000005
  0.000101
  0.000195
 -0.000296
 -0.000012
 -0.000345
 -0.000102
 -0.000063
  0.000450
 -0.000231
  0.000048
 -0.000021
  0.000049
 -0.000213
 -0.000015
  0.000131
 -0.000095
 -0.000062
 -0.000002
 -0.000042
 -0.000007
 -0.000037
  0.000033
  0.000042
  0.000006
