  0.484409
 -0.235549
 -0.838463
 -0.024083
 -0.018860
 -0.052408
 -0.012404
 -0.028147
  0.010862
  0.026651
 -0.016786
  0.006374
  0.014837
 -0.002068
 -0.006774
 -0.001317
 -0.006891
 -0.015012
  0.004341
 -0.000456
  0.000044
  0.010380
  0.000018
  0.000116
  0.000972
  0.006510
 -0.001904
  0.000805
  0.000315
 -0.001323
  0.001424
  0.001096
 -0.000924
  0.000117
  0.001442
  0.002291
 -0.002591
  0.000513
  0.000288
 -0.000343
 -0.000731
  0.002575
 -0.004418
  0.000366
  0.001083
  0.001136
 -0.001705
 -0.002293
 -0.000102
 -0.000016
  0.002689
  0.000448
  0.004562
 -0.005055
 -0.002942
 -0.002961
 -0.000444
 -0.000269
  0.002197
  0.002705
  0.000358
  0.000018
  0.000057
  0.000110
 -0.000687
  0.001804
  0.001850
 -0.000525
  0.003291
 -0.000525
  0.000680
  0.000405
 -0.000454
  0.000862
 -0.002834
  0.000316
  0.000308
  0.000572
 -0.000828
  0.000005
 -0.000227
 -0.000187
 -0.001507
  0.000208
  0.000477
 -0.000065
 -0.000087
 -0.000884
 -0.000815
  0.000156
  0.000592
  0.000807
  0.000339
 -0.000622
 -0.000653
  0.001012
 -0.001473
  0.000053
  0.000078
  0.000439
 -0.000421
 -0.000295
  0.000067
 -0.000635
  0.001503
 -0.000499
  0.001667
 -0.000867
 -0.000309
 -0.000431
 -0.000067
 -0.000127
  0.000793
 -0.001432
 -0.000074
 -0.000474
 -0.000951
  0.001121
 -0.002487
 -0.001053
  0.000077
  0.000780
  0.003745
  0.000148
  0.001388
 -0.000002
 -0.001331
  0.000390
  0.000871
  0.000699
 -0.000875
 -0.000134
  0.000544
 -0.001211
  0.000053
 -0.000289
  0.000370
  0.001764
  0.000835
  0.001017
 -0.000054
  0.002179
  0.000217
 -0.000402
 -0.000484
  0.000321
 -0.000128
  0.000481
 -0.000044
  0.003014
 -0.001392
 -0.000714
  0.000703
 -0.001063
  0.000045
  0.000504
  0.001617
 -0.000778
 -0.003445
 -0.000938
  0.001021
 -0.000367
  0.001287
  0.000115
 -0.002258
  0.001153
  0.000775
 -0.000489
  0.001131
 -0.003307
  0.000825
 -0.000251
 -0.001846
  0.000215
 -0.000660
 -0.000169
 -0.000198
  0.001826
 -0.000633
 -0.001138
 -0.000384
  0.001522
 -0.000720
 -0.001633
 -0.000089
 -0.001472
 -0.000519
  0.000156
  0.000740
 -0.001241
 -0.001013
  0.000482
 -0.000451
  0.001595
  0.000505
  0.001296
 -0.000098
 -0.000503
 -0.000157
  0.000091
 -0.000316
  0.001715
 -0.000037
  0.000142
 -0.000481
 -0.000331
 -0.000987
  0.000609
  0.000521
 -0.000354
 -0.000072
 -0.000691
  0.000791
  0.000108
 -0.000200
 -0.000122
 -0.000169
 -0.000084
  0.000091
 -0.000035
 -0.000407
 -0.000223
 -0.000053
 -0.000152
  0.000117
  0.000202
  0.000641
 -0.000483
 -0.000357
  0.000400
 -0.000245
 -0.000010
 -0.000192
 -0.000569
  0.000263
  0.000013
 -0.000701
 -0.000281
 -0.000202
 -0.000490
  0.000360
  0.000380
  0.000463
  0.000646
 -0.000848
 -0.001473
 -0.000600
 -0.000473
 -0.000489
 -0.000051
  0.000069
  0.001302
 -0.000540
  0.000556
  0.000342
  0.000541
  0.000533
 -0.000066
  0.000107
 -0.000084
  0.000254
  0.000181
 -0.000334
 -0.000380
 -0.000267
  0.000690
 -0.000020
 -0.000589
 -0.000070
 -0.000010
 -0.000204
 -0.000396
 -0.000247
 -0.000174
  0.000552
 -0.000195
  0.000187
  0.000171
  0.000227
  0.000201
  0.000317
 -0.000367
 -0.000128
 -0.000183
  0.000223
  0.000398
  0.000329
 -0.000037
 -0.000199
  0.000032
  0.000389
 -0.000105
 -0.000154
  0.000021
  0.000121
  0.000267
  0.000555
 -0.000171
 -0.000143
  0.000194
  0.000054
 -0.000022
  0.000273
 -0.000011
 -0.000252
 -0.000386
 -0.000276
  0.000425
 -0.000018
 -0.000011
  0.000114
  0.000086
 -0.000490
 -0.000015
  0.000205
  0.000187
 -0.000188
 -0.000004
 -0.000302
  0.000078
 -0.000228
 -0.000264
  0.000141
  0.000179
  0.000233
 -0.000058
 -0.000324
  0.000041
  0.000051
 -0.000326
  0.000251
 -0.000387
  0.000286
  0.000022
  0.000124
 -0.000066
 -0.000076
 -0.000070
 -0.000028
  0.000134
  0.000090
 -0.000100
 -0.000292
 -0.000247
 -0.000386
  0.000179
 -0.000841
 -0.000345
 -0.000409
  0.000236
 -0.000466
  0.000123
  0.000024
 -0.000103
  0.000288
  0.000366
  0.000461
 -0.000087
 -0.000062
 -0.000197
  0.000099
  0.000068
  0.000157
  0.000040
 -0.000007
 -0.000176
  0.000300
  0.000227
 -0.000115
  0.000585
  0.000433
  0.000907
  0.000127
  0.000116
  0.000183
  0.000261
  0.000024
 -0.000036
 -0.000200
  0.000219
  0.000270
  0.000019
 -0.000013
 -0.000015
 -0.000053
 -0.000074
  0.000158
 -0.000029
 -0.000113
  0.000135
  0.000082
  0.000267
 -0.000007
 -0.000014
  0.000371
 -0.000030
 -0.000166
  0.000123
  0.000264
 -0.000134
 -0.000147
  0.000009
 -0.000036
 -0.000081
  0.000402
 -0.000332
  0.000030
  0.000055
  0.000219
  0.000155
 -0.000170
  0.000242
  0.000008
  0.000057
  0.000301
 -0.000055
  0.000101
 -0.000055
 -0.000488
  0.000298
  0.000047
  0.000098
 -0.000562
  0.000138
 -0.000618
 -0.000319
  0.000030
 -0.000219
 -0.000270
 -0.000359
 -0.000177
 -0.000184
  0.000089
 -0.000241
 -0.000526
 -0.000073
 -0.000461
 -0.000145
 -0.000165
  0.000056
 -0.000244
 -0.000071
  0.000153
 -0.000009
  0.000151
 -0.000068
 -0.000089
  0.000156
 -0.000480
  0.000155
  0.000047
  0.000293
 -0.000359
 -0.000092
  0.000186
  0.000089
 -0.000003
  0.000125
 -0.000058
 -0.000143
 -0.000099
 -0.000237
  0.000051
 -0.000212
  0.000085
 -0.000042
  0.000439
 -0.000108
  0.000534
 -0.000227
  0.000008
 -0.000206
 -0.000039
 -0.000732
  0.000505
  0.000015
  0.000134
  0.001046
  0.000022
  0.000141
 -0.000066
  0.000185
 -0.000245
 -0.000266
  0.000293
  0.000281
  0.000300
 -0.000158
  0.000285
  0.000039
  0.000066
 -0.000070
  0.000112
  0.000175
 -0.000031
  0.000080
  0.000010
 -0.000270
 -0.000043
 -0.000109
 -0.000050
 -0.000165
  0.000158
  0.000209
  0.000003
  0.000267
 -0.000268
  0.000109
  0.000080
 -0.000008
  0.000121
 -0.000029
 -0.000065
  0.000066
  0.000100
  0.000076
  0.000007
  0.000136
 -0.000003
  0.000077
  0.000060
 -0.000029
 -0.000007
 -0.000068
  0.000073
  0.000052
 -0.000028
 -0.000113
 -0.000042
 -0.000050
  0.000307
 -0.000136
 -0.000314
 -0.000178
 -0.000246
  0.000025
  0.000071
 -0.000066
  0.000016
 -0.000121
 -0.000005
  0.000046
  0.000127
  0.000038
 -0.000111
  0.000116
 -0.000030
  0.000108
  0.000070
  0.000057
 -0.000092
  0.000042
 -0.000038
 -0.000128
  0.000139
  0.000021
 -0.000005
  0.000030
  0.000032
  0.000169
 -0.000017
  0.000209
 -0.000276
 -0.000067
  0.000025
  0.000065
 -0.000131
  0.000155
  0.000094
 -0.000062
  0.000065
  0.000033
  0.000053
 -0.000180
  0.000012
  0.000250
 -0.000054
  0.000155
  0.000092
 -0.000081
  0.000131
  0.000033
 -0.000034
  0.000017
 -0.000066
  0.000036
 -0.000028
  0.000012
 -0.000072
 -0.000053
 -0.000015
  0.000194
  0.000101
  0.000004
  0.000024
  0.000080
 -0.000021
 -0.000045
  0.000052
 -0.000047
  0.000082
 -0.000071
 -0.000182
  0.000058
  0.000047
 -0.000160
 -0.000026
 -0.000086
 -0.000008
 -0.000096
  0.000037
  0.000038
 -0.000154
 -0.000108
 -0.000163
 -0.000048
 -0.000052
  0.000034
  0.000102
 -0.000154
 -0.000082
  0.000201
 -0.000088
  0.000006
  0.000129
  0.000183
  0.000103
 -0.000102
  0.000005
 -0.000036
 -0.000043
 -0.000000
 -0.000017
  0.000001
 -0.000047
  0.000017
 -0.000268
 -0.000081
  0.000224
 -0.000085
 -0.000052
  0.000056
  0.000028
  0.000143
 -0.000005
  0.000068
 -0.000096
 -0.000042
 -0.000034
  0.000100
 -0.000089
  0.000008
 -0.000007
  0.000054
  0.000039
 -0.000153
 -0.000230
  0.000044
 -0.000097
  0.000126
 -0.000081
  0.000002
 -0.000079
  0.000046
  0.000064
  0.000037
  0.000050
 -0.000013
  0.000010
  0.000088
 -0.000054
  0.000033
  0.000078
 -0.000000
 -0.000069
  0.000039
 -0.000051
  0.000062
 -0.000086
 -0.000046
 -0.000029
 -0.000075
  0.000085
 -0.000030
  0.000038
 -0.000041
 -0.000005
 -0.000069
 -0.000005
  0.000038
 -0.000077
 -0.000031
  0.000023
  0.000054
  0.000013
  0.000028
  0.000016
  0.000044
 -0.000006
 -0.000015
  0.000081
 -0.000002
  0.000006
  0.000018
 -0.000014
 -0.000061
 -0.000054
 -0.000005
 -0.000059
  0.000060
  0.000082
  0.000091
 -0.000016
 -0.000002
  0.000016
 -0.000023
  0.000015
  0.000046
 -0.000019
  0.000002
  0.000034
  0.000056
 -0.000034
 -0.000028
  0.000055
 -0.000034
 -0.000134
 -0.000061
 -0.000092
 -0.000041
  0.000085
  0.000024
  0.000017
 -0.000004
  0.000001
  0.000077
 -0.000020
 -0.000055
 -0.000008
 -0.000133
 -0.000032
 -0.000020
  0.000008
 -0.000074
 -0.000065
 -0.000040
 -0.000016
 -0.000022
 -0.000032
 -0.000002
 -0.000014
 -0.000075
  0.000051
  0.000017
  0.000078
 -0.000012
 -0.000019
 -0.000017
  0.000008
  0.000011
  0.000006
  0.000019
  0.000041
 -0.000008
 -0.000035
  0.000006
  0.000017
  0.000037
 -0.000004
  0.000044
  0.000038
 -0.000017
 -0.000031
 -0.000043
 -0.000041
 -0.000013
  0.000001
  0.000019
 -0.000026
 -0.000074
 -0.000002
  0.000070
  0.000017
 -0.000037
 -0.000038
 -0.000007
 -0.000009
  0.000045
 -0.000021
 -0.000090
  0.000056
  0.000054
 -0.000024
 -0.000003
 -0.000042
 -0.000031
 -0.000040
  0.000062
 -0.000012
 -0.000024
  0.000026
 -0.000032
  0.000006
  0.000021
 -0.000004
 -0.000011
 -0.000000
 -0.000004
  0.000010
  0.000022
  0.000039
  0.000012
  0.000015
  0.000040
 -0.000015
 -0.000007
 -0.000017
  0.000000
  0.000002
  0.000011
  0.000022
  0.000005
 -0.000000
  0.000010
  0.000007
