 -0.008620
  0.034947
  0.992727
 -0.062914
 -0.032515
  0.062518
 -0.028257
  0.012202
  0.039619
  0.004350
  0.005503
  0.006866
 -0.010419
 -0.004113
 -0.017816
  0.009882
 -0.001862
 -0.005509
 -0.003623
 -0.004900
 -0.000952
  0.013803
 -0.001577
  0.013144
 -0.001914
 -0.000815
  0.003064
 -0.010809
  0.008099
  0.003472
  0.000774
  0.007061
 -0.002476
  0.004123
  0.005944
 -0.002869
 -0.006688
 -0.000540
  0.001825
  0.007011
  0.001633
  0.004094
 -0.001009
  0.000982
  0.004163
  0.003886
 -0.005164
  0.000624
  0.003642
 -0.002088
 -0.001049
  0.001779
 -0.001693
  0.000314
  0.000587
 -0.001057
 -0.001674
 -0.001753
  0.000432
  0.000308
  0.000497
 -0.000966
 -0.003056
  0.002906
 -0.000498
 -0.002201
 -0.000585
  0.000724
 -0.000779
 -0.000499
 -0.000363
  0.000558
 -0.001950
 -0.002825
 -0.000286
 -0.001261
  0.001076
  0.000394
 -0.000786
 -0.000051
  0.001093
  0.001565
 -0.001364
 -0.002036
  0.000143
 -0.002034
 -0.000007
 -0.001011
 -0.000439
  0.001336
 -0.000360
  0.002425
 -0.001028
 -0.001555
  0.000278
  0.000837
 -0.001460
  0.000323
  0.000391
 -0.000015
 -0.000489
 -0.000588
 -0.000557
  0.000315
 -0.000787
 -0.000809
 -0.001154
  0.001457
  0.000683
  0.000312
  0.000321
  0.000065
 -0.000573
 -0.000281
 -0.000381
 -0.001279
  0.000492
 -0.000161
 -0.000004
  0.000251
  0.000017
 -0.001746
  0.000555
 -0.000369
 -0.000282
 -0.001461
  0.000105
  0.000249
 -0.000466
  0.000286
 -0.000110
 -0.000690
 -0.001163
  0.000657
  0.000366
 -0.000656
 -0.000476
 -0.002081
  0.000530
  0.000052
 -0.000673
  0.000837
 -0.000268
  0.000253
 -0.001043
 -0.000942
 -0.001218
  0.001032
 -0.000483
  0.000038
 -0.000575
 -0.000203
 -0.000584
  0.000617
 -0.000952
  0.000344
  0.000727
 -0.000071
 -0.000365
 -0.000222
  0.000529
 -0.000348
  0.000548
  0.000859
 -0.000557
  0.000315
 -0.000116
 -0.000177
  0.000526
 -0.000649
  0.000222
  0.000841
  0.000326
 -0.000251
 -0.000128
  0.000093
  0.000080
  0.000247
 -0.000063
 -0.000126
 -0.000075
  0.000318
  0.000039
 -0.000346
  0.000748
 -0.000364
 -0.000749
  0.000647
 -0.001179
  0.000733
 -0.000152
  0.000537
 -0.000150
  0.000772
 -0.000549
  0.000958
  0.000041
  0.001037
  0.000734
  0.000465
 -0.000078
  0.000276
 -0.000290
 -0.000084
 -0.000043
 -0.000074
  0.000257
  0.000306
 -0.000628
 -0.000145
 -0.000160
  0.000472
 -0.000572
  0.000371
  0.000275
  0.000220
 -0.000072
 -0.000085
 -0.000229
  0.000063
  0.000362
  0.000039
 -0.000024
 -0.000369
 -0.000158
  0.000372
  0.000004
  0.000755
  0.000282
  0.000135
 -0.000892
  0.000352
 -0.000342
  0.000132
 -0.000439
  0.000089
 -0.000012
 -0.000023
  0.000508
 -0.000071
  0.000184
 -0.000087
  0.000014
  0.000030
 -0.000284
 -0.000045
 -0.000314
 -0.000011
  0.000208
 -0.000096
  0.000303
  0.000345
  0.000279
  0.000479
  0.000073
  0.000194
  0.000292
  0.000175
 -0.000363
 -0.000160
 -0.000363
  0.000333
  0.000003
  0.000892
 -0.000527
 -0.000356
 -0.000640
 -0.000373
 -0.000455
 -0.000463
 -0.000531
 -0.000375
  0.000241
 -0.000103
  0.000034
  0.000257
 -0.000083
  0.000121
 -0.000613
  0.000084
  0.000007
 -0.000153
 -0.000486
 -0.000270
 -0.000150
 -0.000142
  0.000114
  0.000192
  0.000183
 -0.000229
 -0.000148
  0.000336
  0.000077
  0.000149
  0.000637
 -0.000537
  0.000884
  0.000327
 -0.000477
 -0.000344
 -0.000924
 -0.000031
 -0.000305
  0.000410
  0.000017
  0.000341
 -0.000053
  0.000090
  0.000163
  0.000469
 -0.000122
  0.000060
 -0.000081
  0.000077
 -0.000115
  0.000319
  0.000147
 -0.000037
  0.000111
 -0.000210
  0.000032
  0.000157
 -0.000055
 -0.000156
  0.000263
  0.000168
  0.000091
 -0.000056
  0.000090
  0.000316
  0.000192
  0.000369
  0.000449
  0.000117
 -0.000317
  0.000373
 -0.000051
 -0.000011
 -0.000081
 -0.000345
 -0.000060
  0.000166
 -0.000328
 -0.000011
  0.000086
 -0.000177
  0.000619
 -0.000167
 -0.000099
  0.000536
  0.000036
 -0.000230
  0.000180
  0.000575
 -0.000257
 -0.000455
 -0.000600
  0.000788
  0.000407
 -0.000123
  0.000002
 -0.000141
  0.000088
 -0.000219
 -0.000056
  0.000025
  0.000395
  0.000158
 -0.000264
  0.000016
 -0.000254
  0.000038
 -0.000094
  0.000119
  0.000230
  0.000096
 -0.000046
 -0.000044
 -0.000261
  0.000086
  0.000059
 -0.000147
  0.000168
  0.000056
 -0.000024
 -0.000036
 -0.000001
  0.000047
  0.000323
  0.000017
 -0.000102
  0.000041
  0.000080
 -0.000351
  0.000098
 -0.000367
 -0.000208
  0.000244
  0.000163
  0.000163
 -0.000003
 -0.000069
 -0.000045
 -0.000141
 -0.000116
 -0.000009
  0.000007
  0.000012
 -0.000006
  0.000044
  0.000056
 -0.000098
 -0.000204
 -0.000035
 -0.000254
  0.000166
  0.000494
  0.000018
  0.000135
 -0.000194
  0.000036
 -0.000018
 -0.000364
  0.000295
  0.000048
 -0.000370
 -0.000066
  0.000155
 -0.000070
 -0.000132
  0.000225
 -0.000235
 -0.000124
 -0.000524
  0.000016
 -0.000543
  0.000015
  0.000111
  0.000262
  0.000105
  0.000274
 -0.000424
  0.000160
  0.000157
  0.000146
 -0.000232
 -0.000264
 -0.000662
 -0.000098
  0.000685
  0.000280
 -0.000174
  0.000022
 -0.000114
  0.000386
  0.000052
 -0.000023
 -0.000287
  0.000239
  0.000066
 -0.000273
  0.000117
 -0.000392
 -0.000105
 -0.000348
 -0.000359
 -0.000015
 -0.000063
  0.000132
  0.000185
  0.000047
  0.000034
 -0.000462
 -0.000049
 -0.000123
 -0.000162
  0.000246
 -0.000025
  0.000122
 -0.000040
  0.000242
  0.000091
 -0.000046
  0.000107
 -0.000262
 -0.000426
 -0.000012
 -0.000267
 -0.000105
 -0.000258
 -0.000210
  0.000119
  0.000081
  0.000014
  0.000063
 -0.000054
  0.000168
  0.000200
 -0.000289
  0.000068
  0.000028
 -0.000114
  0.000461
 -0.000011
  0.000171
  0.000052
 -0.000007
 -0.000392
  0.000158
  0.000217
 -0.000051
 -0.000271
 -0.000199
 -0.000280
 -0.000015
 -0.000058
 -0.000034
  0.000184
 -0.000010
  0.000183
 -0.000101
 -0.000163
 -0.000155
 -0.000112
  0.000201
  0.000228
  0.000005
 -0.000258
  0.000449
  0.000156
  0.000525
 -0.000167
 -0.000072
  0.000088
  0.000121
  0.000254
  0.000209
 -0.000013
 -0.000049
 -0.000142
  0.000072
  0.000064
  0.000031
 -0.000117
 -0.000101
  0.000166
 -0.000193
 -0.000106
 -0.000203
 -0.000171
 -0.000091
 -0.000064
 -0.000079
 -0.000053
  0.000065
 -0.000070
  0.000168
  0.000046
 -0.000035
 -0.000054
 -0.000029
  0.000178
  0.000027
 -0.000036
  0.000087
  0.000165
  0.000077
  0.000045
  0.000167
 -0.000420
 -0.000212
 -0.000002
 -0.000082
  0.000063
 -0.000271
 -0.000100
  0.000347
 -0.000186
 -0.000146
 -0.000551
  0.000444
  0.000424
  0.000198
  0.000018
  0.000138
 -0.000062
 -0.000070
 -0.000228
  0.000078
  0.000100
 -0.000046
  0.000064
 -0.000138
 -0.000245
 -0.000082
  0.000003
 -0.000042
 -0.000140
 -0.000271
  0.000631
 -0.000171
 -0.000130
 -0.000171
  0.000367
 -0.000355
  0.000004
 -0.000174
 -0.000148
 -0.000098
  0.000083
  0.000104
  0.000063
  0.000064
 -0.000233
  0.000138
 -0.000058
 -0.000021
  0.000077
  0.000297
  0.000134
  0.000032
  0.000055
  0.000091
 -0.000076
 -0.000060
 -0.000384
  0.000241
  0.000096
  0.000081
 -0.000159
 -0.000245
  0.000005
 -0.000283
 -0.000104
  0.000080
 -0.000104
  0.000085
  0.000028
 -0.000065
 -0.000111
  0.000037
  0.000063
 -0.000017
  0.000169
 -0.000014
 -0.000032
  0.000006
  0.000027
  0.000069
  0.000206
 -0.000023
 -0.000181
 -0.000166
 -0.000152
  0.000230
  0.000086
 -0.000286
 -0.000104
  0.000092
 -0.000125
 -0.000125
 -0.000125
 -0.000204
 -0.000061
  0.000234
 -0.000026
  0.000156
 -0.000232
  0.000047
 -0.000289
  0.000125
  0.000000
  0.000097
  0.000185
 -0.000373
  0.000048
 -0.000252
 -0.000091
  0.000148
  0.000063
 -0.000110
 -0.000121
  0.000138
  0.000291
 -0.000340
 -0.000022
  0.000251
  0.000020
  0.000067
 -0.000038
  0.000018
 -0.000118
  0.000243
 -0.000118
  0.000076
  0.000023
  0.000058
 -0.000081
 -0.000023
 -0.000081
  0.000164
 -0.000192
 -0.000195
  0.000084
  0.000054
  0.000249
 -0.000148
 -0.000101
  0.000397
  0.000279
  0.000011
  0.000037
 -0.000047
 -0.000097
  0.000155
 -0.000030
 -0.000086
  0.000006
  0.000117
 -0.000069
 -0.000069
 -0.000150
  0.000132
 -0.000044
  0.000191
  0.000090
  0.000034
  0.000307
  0.000189
  0.000106
 -0.000156
  0.000115
  0.000267
 -0.000082
  0.000168
  0.000422
  0.000011
 -0.000346
 -0.000246
  0.000030
 -0.000162
 -0.000158
 -0.000045
  0.000041
  0.000287
 -0.000225
 -0.000444
 -0.000153
 -0.000068
 -0.000249
 -0.000007
  0.000166
  0.000070
 -0.000080
 -0.000260
  0.000002
 -0.000035
 -0.000009
 -0.000053
 -0.000056
  0.000012
 -0.000143
 -0.000150
  0.000028
  0.000032
 -0.000093
 -0.000134
  0.000105
 -0.000072
 -0.000128
 -0.000027
  0.000018
  0.000020
  0.000050
  0.000014
  0.000043
  0.000027
  0.000038
  0.000079
  0.000022
 -0.000041
 -0.000074
  0.000105
  0.000043
  0.000007
 -0.000096
  0.000075
 -0.000038
  0.000017
  0.000042
 -0.000195
  0.000017
  0.000187
 -0.000027
  0.000045
 -0.000005
  0.000017
 -0.000035
  0.000076
  0.000022
 -0.000076
  0.000053
 -0.000019
 -0.000092
 -0.000068
  0.000059
 -0.000064
 -0.000012
  0.000030
 -0.000059
  0.000020
  0.000003
  0.000021
  0.000070
  0.000010
 -0.000104
  0.000004
  0.000015
  0.000035
 -0.000055
 -0.000075
  0.000047
  0.000012
 -0.000044
 -0.000080
