  0.221008
  0.050800
 -0.960488
 -0.112717
 -0.027332
 -0.052837
  0.070686
  0.047945
 -0.004674
  0.000643
 -0.002589
  0.030802
  0.003037
  0.000405
  0.011136
  0.000747
  0.003846
  0.007496
  0.002857
  0.004508
 -0.002410
 -0.003335
  0.005936
 -0.007187
  0.013541
 -0.011424
 -0.007581
 -0.005602
 -0.008454
 -0.010377
 -0.005697
  0.001105
  0.003868
 -0.007530
 -0.004206
  0.004514
 -0.006367
 -0.005176
  0.003212
 -0.003790
  0.002401
 -0.006346
 -0.002856
 -0.005323
 -0.000432
 -0.002688
  0.002693
  0.002359
  0.006842
 -0.003521
  0.001099
 -0.002452
  0.002413
 -0.003793
 -0.000976
 -0.002657
  0.000344
 -0.001138
 -0.001499
 -0.003129
  0.001299
  0.002650
 -0.000624
  0.001790
  0.000108
 -0.000371
 -0.000555
  0.000499
  0.003066
 -0.000447
  0.000094
  0.000810
 -0.000979
 -0.000079
 -0.000919
  0.002308
  0.001460
  0.002489
 -0.001836
  0.000726
  0.000095
  0.000497
  0.000112
  0.001494
  0.000941
  0.001751
 -0.001220
  0.001493
  0.000018
 -0.001678
 -0.000671
 -0.000828
 -0.000098
  0.000418
 -0.000775
 -0.002331
 -0.001349
 -0.000310
  0.002843
  0.000332
  0.001989
 -0.001434
 -0.001292
 -0.001061
  0.001080
 -0.000596
  0.000543
  0.000155
 -0.001089
 -0.000212
 -0.001197
 -0.000681
 -0.002350
  0.000571
 -0.001641
 -0.000999
 -0.000207
 -0.000145
 -0.000012
  0.000308
 -0.000112
 -0.000355
 -0.000935
  0.000624
  0.000657
 -0.000393
  0.000102
 -0.000156
  0.001281
  0.000146
 -0.000140
  0.000655
  0.000341
  0.000912
 -0.000871
  0.000783
  0.000761
 -0.000231
  0.001088
 -0.000519
 -0.000192
  0.000285
 -0.000376
 -0.000089
 -0.000573
 -0.000294
  0.000329
  0.000528
  0.000193
 -0.000046
  0.000017
 -0.000521
 -0.000069
  0.000902
 -0.001413
 -0.000202
  0.000238
 -0.001254
 -0.000101
  0.000053
  0.000222
  0.000056
  0.000778
 -0.000450
 -0.000043
 -0.000324
  0.000541
 -0.000301
  0.000022
  0.000173
  0.000647
 -0.000197
 -0.000605
  0.000266
 -0.000860
 -0.000018
 -0.000314
  0.000005
  0.000147
  0.000129
  0.000174
 -0.000243
  0.000159
  0.000215
  0.000084
  0.000096
 -0.000524
 -0.000022
 -0.000188
 -0.000251
  0.000349
 -0.000155
 -0.000126
  0.000305
 -0.000107
  0.000201
 -0.000029
 -0.000066
 -0.000059
  0.000743
  0.000031
  0.000229
 -0.000211
 -0.000241
 -0.000165
 -0.000302
 -0.000146
  0.000080
  0.000400
 -0.000048
 -0.000004
  0.000318
 -0.000029
 -0.000184
 -0.000236
 -0.000180
  0.000282
  0.000121
 -0.000189
 -0.000200
  0.000380
 -0.000078
  0.000858
 -0.000036
  0.000735
 -0.000250
 -0.000185
 -0.000420
 -0.000002
 -0.000153
 -0.000150
 -0.000979
 -0.000104
 -0.001070
 -0.000246
  0.000029
  0.000479
 -0.000092
 -0.000109
 -0.000083
  0.000210
 -0.000015
  0.000097
 -0.000128
 -0.000238
 -0.000296
  0.000192
  0.000247
  0.000182
 -0.000558
  0.000156
  0.000315
 -0.000567
 -0.000358
  0.000060
 -0.000055
 -0.000232
  0.000083
  0.000053
  0.000672
  0.000389
 -0.000658
 -0.000024
  0.000030
  0.000580
 -0.000029
  0.000116
  0.000585
 -0.000054
  0.000256
 -0.000633
 -0.000312
  0.000363
  0.000327
 -0.000116
  0.000293
  0.000771
  0.000101
 -0.000856
  0.000108
 -0.000814
  0.000236
  0.000282
  0.000293
 -0.000457
 -0.000531
 -0.000402
 -0.000156
 -0.000057
  0.000406
 -0.000269
 -0.000260
  0.000330
  0.000025
  0.000346
  0.000378
 -0.000051
  0.000086
 -0.000099
 -0.000290
 -0.000539
 -0.000099
  0.000284
 -0.000245
  0.000251
  0.000101
  0.000091
 -0.000148
 -0.000129
 -0.000241
 -0.000160
 -0.000268
  0.000027
  0.000473
  0.000071
  0.000146
  0.000019
  0.000039
 -0.000032
 -0.000271
  0.000205
  0.000131
  0.000145
  0.000295
  0.000550
  0.000045
  0.000414
  0.000265
  0.000001
 -0.000283
  0.000098
  0.000156
 -0.000123
  0.000628
  0.000038
 -0.000067
 -0.000193
  0.000166
 -0.000150
  0.000063
 -0.000194
  0.000332
 -0.000134
 -0.000365
 -0.000159
  0.000074
  0.000030
  0.000250
 -0.000216
  0.000066
  0.000074
  0.000046
  0.000209
 -0.000301
  0.000155
 -0.000120
 -0.000287
 -0.000333
 -0.000185
 -0.000267
  0.000631
 -0.000214
  0.000055
 -0.000120
  0.000408
  0.000531
  0.000051
  0.000039
 -0.000116
  0.000093
  0.000175
 -0.000057
 -0.000001
  0.000108
 -0.000170
  0.000141
 -0.000030
  0.000191
  0.000107
  0.000011
 -0.000330
 -0.000013
  0.000594
 -0.000126
  0.000175
 -0.000006
 -0.000370
  0.000252
  0.000012
 -0.000013
 -0.000043
 -0.000166
 -0.000653
  0.000213
 -0.000072
 -0.000088
 -0.000202
 -0.000378
 -0.000294
 -0.000035
 -0.000296
 -0.000530
 -0.000153
  0.000131
  0.000035
 -0.000659
  0.000116
  0.000502
 -0.000484
  0.000116
 -0.000048
 -0.000077
  0.000231
 -0.000147
 -0.000005
 -0.000164
  0.000056
  0.000034
 -0.000048
 -0.000060
  0.000082
 -0.000086
  0.000110
  0.000084
 -0.000159
 -0.000468
  0.000012
  0.000096
 -0.000020
  0.000113
  0.000085
  0.000466
 -0.000007
  0.000516
 -0.000083
  0.000198
  0.000445
 -0.000290
 -0.000185
 -0.000069
  0.000032
  0.000094
  0.000103
  0.000061
  0.000051
  0.000014
 -0.000211
  0.000044
 -0.000137
  0.000149
 -0.000118
  0.000045
 -0.000027
 -0.000280
 -0.000184
  0.000293
  0.000015
  0.000090
  0.000057
 -0.000013
 -0.000468
  0.000079
 -0.000050
  0.000244
 -0.000095
  0.000021
  0.000305
  0.000198
 -0.000084
 -0.000125
  0.000078
 -0.000020
  0.000054
 -0.000681
  0.000127
  0.000331
  0.000354
 -0.000416
  0.000413
  0.000568
 -0.000026
  0.000232
 -0.000160
 -0.000100
  0.000298
 -0.000033
  0.000047
 -0.000264
 -0.000037
  0.000006
  0.000186
  0.000219
 -0.000039
 -0.000059
  0.000010
 -0.000002
 -0.000334
  0.000031
 -0.000059
 -0.000242
  0.000278
  0.000127
  0.000094
  0.000101
 -0.000029
 -0.000268
  0.000183
  0.000173
  0.000227
 -0.000506
 -0.000025
 -0.000007
 -0.000268
 -0.000145
 -0.000106
  0.000144
 -0.000317
  0.000062
 -0.000321
 -0.000409
 -0.000155
 -0.000037
 -0.000670
  0.000231
  0.000200
  0.000221
 -0.000051
  0.000614
 -0.000101
 -0.000007
  0.000042
  0.000188
 -0.000005
 -0.000157
 -0.000228
 -0.000178
 -0.000059
 -0.000085
 -0.000084
 -0.000007
  0.000048
  0.000225
 -0.000204
  0.000119
 -0.000051
  0.000168
  0.000141
 -0.000138
 -0.000023
 -0.000024
 -0.000117
  0.000491
 -0.000003
 -0.000211
  0.000375
 -0.000226
  0.000257
 -0.000196
 -0.000102
  0.000349
  0.000004
  0.000014
  0.000042
 -0.000095
 -0.000068
 -0.000158
  0.000377
  0.000021
 -0.000008
  0.000077
 -0.000054
 -0.000072
 -0.000077
 -0.000188
  0.000095
  0.000070
  0.000143
  0.000026
  0.000059
  0.000281
  0.000281
  0.000084
 -0.000066
  0.000045
  0.000061
 -0.000251
 -0.000353
  0.000040
  0.000100
  0.000147
  0.000143
  0.000119
 -0.000405
  0.000025
 -0.000165
 -0.000031
 -0.000078
  0.000001
  0.000075
 -0.000142
 -0.000086
  0.000331
 -0.000433
  0.000167
  0.000044
 -0.000403
  0.000112
  0.000016
  0.000007
 -0.000008
 -0.000204
 -0.000040
 -0.000167
  0.000011
 -0.000091
  0.000156
 -0.000208
 -0.000033
  0.000184
 -0.000212
 -0.000083
 -0.000155
  0.000227
 -0.000231
  0.000071
 -0.000082
 -0.000346
 -0.000296
  0.000224
 -0.000266
  0.000520
  0.000259
 -0.000119
 -0.000434
  0.000111
 -0.000062
 -0.000268
 -0.000053
 -0.000391
  0.000667
 -0.000036
  0.000167
 -0.000183
  0.000297
  0.000179
  0.000029
  0.000757
  0.000331
  0.000282
  0.000221
 -0.000045
  0.000217
 -0.000401
  0.000263
  0.000545
  0.000423
  0.000112
 -0.000174
  0.000476
 -0.000274
 -0.000219
  0.000273
 -0.000332
  0.000190
 -0.000178
 -0.000469
 -0.000263
  0.000126
 -0.000267
  0.000919
  0.000057
  0.000389
 -0.000192
  0.000153
 -0.000117
  0.000256
  0.000201
  0.000105
  0.000179
 -0.000208
 -0.000002
  0.000103
 -0.000022
  0.000293
  0.000972
  0.000425
 -0.000509
  0.000465
 -0.000405
  0.000271
  0.000365
 -0.000124
 -0.000065
 -0.000026
  0.000356
 -0.000284
 -0.000130
  0.000075
  0.000031
 -0.000222
 -0.000007
  0.000016
 -0.000001
  0.000092
 -0.000162
  0.000080
  0.000027
  0.000049
 -0.000295
 -0.000174
 -0.000145
 -0.000289
 -0.000010
 -0.000037
  0.000193
  0.000088
 -0.000153
 -0.000020
  0.000106
  0.000061
  0.000045
  0.000319
  0.000056
 -0.000188
  0.000222
  0.000042
  0.000011
 -0.000057
 -0.000021
 -0.000267
  0.000462
 -0.000020
 -0.000087
  0.000061
  0.000018
  0.000052
 -0.000099
 -0.000289
  0.000070
 -0.000110
  0.000690
 -0.000009
 -0.000128
 -0.000124
 -0.000461
  0.000436
  0.000065
 -0.000033
  0.000084
 -0.000063
  0.000100
  0.000093
  0.000032
 -0.000029
  0.000303
 -0.000003
 -0.000183
 -0.000134
 -0.000048
  0.000055
  0.000092
  0.000069
 -0.000031
 -0.000139
  0.000054
 -0.000013
  0.000167
  0.000021
 -0.000063
 -0.000084
 -0.000006
 -0.000003
  0.000125
 -0.000009
  0.000084
 -0.000059
  0.000048
  0.000012
  0.000056
 -0.000030
 -0.000065
 -0.000100
 -0.000024
  0.000008
  0.000007
  0.000043
 -0.000007
 -0.000107
 -0.000048
  0.000052
  0.000064
  0.000058
  0.000004
 -0.000135
  0.000056
 -0.000081
 -0.000149
  0.000017
 -0.000069
 -0.000203
 -0.000085
  0.000052
  0.000069
  0.000037
 -0.000030
  0.000073
  0.000019
 -0.000099
  0.000052
  0.000033
 -0.000150
 -0.000061
  0.000057
 -0.000013
  0.000021
 -0.000056
 -0.000004
  0.000030
 -0.000000
 -0.000001
  0.000018
 -0.000017
  0.000004
 -0.000056
  0.000086
