  0.091729
  0.088189
 -0.029440
  0.463936
  0.039019
  0.021506
 -0.751065
 -0.415176
 -0.007183
  0.014007
 -0.026389
 -0.003089
  0.021993
 -0.000889
 -0.014881
  0.003001
  0.013438
 -0.022273
 -0.036782
 -0.008219
  0.020223
  0.012539
 -0.002384
  0.018737
 -0.034708
 -0.034280
  0.010507
  0.014628
  0.029798
 -0.036062
 -0.009773
  0.019383
 -0.030874
 -0.002005
  0.036526
  0.018458
  0.033019
 -0.007282
  0.019531
 -0.032903
  0.044347
 -0.030859
 -0.020809
 -0.016214
 -0.011072
 -0.001677
 -0.009102
 -0.013220
 -0.033009
  0.010504
 -0.003874
  0.001777
  0.010779
 -0.008924
  0.014178
 -0.007919
 -0.013340
  0.002703
  0.000509
  0.000153
 -0.000823
  0.004719
  0.000870
  0.002795
  0.014534
 -0.006606
  0.003809
  0.000009
 -0.005854
  0.004240
  0.004900
 -0.010457
  0.003284
 -0.001209
 -0.000766
 -0.001155
  0.002734
 -0.003190
  0.008564
  0.002840
 -0.005378
 -0.011493
  0.013762
  0.000906
  0.013469
  0.007178
 -0.003873
 -0.001906
  0.011378
 -0.001019
  0.003386
 -0.002766
 -0.002328
  0.007102
 -0.004928
 -0.001622
 -0.003429
  0.000784
  0.003547
  0.001626
 -0.003973
  0.006095
 -0.006393
  0.004456
 -0.002555
  0.008496
 -0.004611
  0.004144
  0.007476
  0.001815
 -0.005598
  0.000348
 -0.001163
 -0.007219
  0.002836
  0.002684
 -0.001287
 -0.000163
  0.000893
  0.003517
  0.005922
 -0.003211
 -0.002187
  0.000490
  0.003672
  0.002174
  0.001193
  0.003733
  0.002490
 -0.002009
 -0.001824
 -0.006755
  0.004106
  0.013866
 -0.000513
  0.003296
 -0.001858
 -0.006144
  0.012112
  0.005118
  0.000553
  0.002513
  0.004494
 -0.000222
 -0.000077
  0.014532
  0.008662
 -0.007635
  0.006842
  0.000426
  0.003769
  0.001723
  0.001926
  0.001085
  0.003180
  0.005189
  0.002625
  0.003061
  0.012286
 -0.007838
 -0.006320
 -0.002482
  0.000360
 -0.002367
 -0.005027
 -0.004079
 -0.001283
 -0.014728
  0.004621
 -0.003377
 -0.001828
 -0.001741
 -0.003070
 -0.003107
  0.003945
  0.005726
  0.002708
 -0.001548
  0.002432
 -0.004397
 -0.001965
  0.009095
 -0.004977
 -0.003010
  0.005664
  0.000474
 -0.000258
  0.000310
 -0.000735
 -0.003509
  0.000480
  0.001748
  0.002379
  0.003329
  0.005684
  0.001974
 -0.001015
  0.000380
  0.002245
 -0.000827
 -0.004297
  0.005192
 -0.003031
  0.003698
  0.003397
 -0.013449
  0.004035
 -0.006101
 -0.000667
  0.002687
 -0.000569
  0.005306
  0.004017
 -0.015530
  0.000706
 -0.000801
  0.007404
 -0.007536
 -0.002334
 -0.001516
 -0.001635
 -0.000122
 -0.002061
  0.006065
  0.010563
 -0.000587
 -0.006066
 -0.001026
 -0.001276
 -0.000190
 -0.005082
  0.016424
 -0.005680
 -0.000346
  0.001060
  0.005499
 -0.001139
 -0.004448
 -0.001568
 -0.001012
 -0.000452
  0.006006
 -0.003087
 -0.003757
  0.002239
 -0.001865
  0.004677
  0.001675
  0.000565
 -0.011018
 -0.002031
  0.001149
  0.004124
  0.000131
 -0.003902
  0.004704
 -0.001460
  0.003905
 -0.003750
 -0.000948
 -0.002894
 -0.002180
 -0.002288
  0.001670
 -0.005864
  0.005746
  0.002319
  0.008048
  0.002321
 -0.001268
 -0.005292
  0.009393
  0.000799
  0.000407
  0.003424
 -0.004173
 -0.003261
 -0.001379
  0.000447
 -0.000145
  0.000901
  0.001123
  0.001261
 -0.002507
  0.001841
 -0.004646
  0.005566
  0.001341
 -0.000129
 -0.004439
 -0.008490
 -0.006562
  0.000136
  0.000008
  0.004640
  0.014000
 -0.001261
  0.005213
  0.001853
  0.001727
  0.005506
  0.004486
 -0.001880
  0.000700
 -0.001414
 -0.001044
  0.000100
  0.001401
 -0.000487
 -0.001052
  0.000740
  0.001171
  0.000896
 -0.001392
  0.000528
  0.000187
 -0.000465
 -0.000561
  0.000731
  0.000566
  0.004181
 -0.000120
  0.000427
 -0.000478
 -0.001613
 -0.000291
  0.000380
 -0.001335
 -0.000543
 -0.001532
  0.000975
 -0.002027
 -0.000532
  0.001021
 -0.003616
  0.000499
  0.001326
  0.000910
 -0.003422
  0.000670
 -0.000114
  0.000112
 -0.000717
 -0.002957
  0.002194
  0.001261
  0.001013
  0.001410
  0.004448
  0.005477
  0.001322
 -0.000296
  0.001590
 -0.003816
  0.000970
 -0.001703
  0.005652
 -0.000029
  0.001566
  0.000567
  0.001261
 -0.002869
  0.001624
 -0.002713
  0.004846
 -0.002859
 -0.000183
 -0.000178
 -0.000744
 -0.004624
 -0.003436
 -0.000657
  0.008660
  0.002009
 -0.000735
 -0.003752
  0.000666
 -0.000024
  0.002585
 -0.002912
  0.000690
  0.005640
  0.000729
 -0.004902
  0.000034
 -0.002423
  0.002028
 -0.002285
 -0.001781
  0.000582
 -0.004758
 -0.002213
  0.000283
  0.002820
 -0.003846
  0.001029
  0.002001
 -0.003351
  0.003878
 -0.003998
  0.002230
 -0.004981
  0.000657
  0.003205
 -0.000808
  0.002217
 -0.003222
 -0.002962
  0.002214
  0.001739
  0.000935
 -0.001204
  0.000942
  0.001200
  0.000631
 -0.001078
 -0.003833
  0.003031
  0.001742
 -0.007341
  0.002028
 -0.001211
  0.001011
  0.000357
 -0.000873
  0.001263
  0.001497
  0.004356
  0.005506
 -0.005640
  0.004076
 -0.000782
  0.001731
 -0.000741
 -0.001232
  0.001133
  0.003302
 -0.001142
 -0.000409
 -0.004730
 -0.010233
  0.004574
  0.001049
  0.002249
 -0.006203
 -0.001355
 -0.000369
  0.000275
  0.002571
 -0.001747
 -0.001751
 -0.005155
  0.003600
 -0.004940
  0.001375
 -0.000629
 -0.003484
  0.000230
  0.000307
  0.001305
 -0.001386
 -0.001286
 -0.000359
 -0.001063
  0.001714
  0.000423
  0.001267
 -0.000273
  0.002240
  0.000170
  0.001005
 -0.000491
  0.004087
  0.001807
 -0.000009
 -0.001326
  0.006376
 -0.000221
 -0.004028
 -0.000136
 -0.004503
 -0.004332
  0.001151
 -0.000394
 -0.005177
  0.001390
 -0.005095
 -0.001383
 -0.000564
 -0.001683
 -0.003084
 -0.000872
 -0.003135
  0.001722
 -0.002673
  0.001982
  0.001880
 -0.003872
  0.000400
 -0.002602
  0.001163
  0.001413
  0.003697
 -0.002991
 -0.002947
  0.002475
  0.001455
 -0.002865
 -0.002106
  0.001041
  0.002223
 -0.000074
 -0.008473
 -0.002222
  0.001534
  0.002360
 -0.001189
  0.001964
  0.001100
 -0.000546
 -0.000622
 -0.002032
 -0.001767
 -0.000926
  0.003577
 -0.002835
 -0.001258
 -0.000769
 -0.000553
  0.000920
  0.000147
  0.000328
  0.000466
 -0.001049
  0.003059
 -0.000590
 -0.002157
  0.000892
  0.000393
  0.001192
 -0.001443
 -0.002992
 -0.001238
 -0.000038
  0.005459
  0.003248
  0.000196
  0.000625
 -0.000791
  0.000817
  0.000130
  0.000619
  0.001444
  0.000182
 -0.001090
  0.001359
 -0.001024
  0.001545
  0.000461
 -0.000095
  0.000627
 -0.001329
  0.000009
 -0.000059
  0.000431
  0.000330
 -0.000725
 -0.001913
  0.000997
  0.000036
  0.000259
 -0.000045
 -0.000322
 -0.001579
 -0.001029
  0.000607
  0.000761
  0.004132
  0.000363
  0.002130
 -0.000557
  0.000181
  0.000429
 -0.000233
 -0.000362
  0.000297
 -0.000137
  0.000590
 -0.000135
 -0.000131
 -0.000554
 -0.000675
 -0.001374
  0.000466
  0.000174
  0.000356
 -0.000388
 -0.000480
  0.000636
  0.000828
  0.000713
  0.000325
 -0.000281
 -0.000188
 -0.000356
  0.001549
  0.000027
  0.000876
 -0.000448
 -0.000700
  0.001391
  0.001230
 -0.000048
 -0.001275
  0.000883
 -0.000141
  0.000823
  0.001500
 -0.000997
 -0.001425
  0.001379
  0.001081
  0.000858
  0.000875
  0.000354
  0.000377
  0.000997
  0.000585
 -0.000641
 -0.001355
  0.000460
 -0.000595
 -0.000115
 -0.002351
 -0.000041
 -0.000947
  0.000773
  0.000082
  0.000409
  0.000032
  0.000307
  0.000436
 -0.000608
  0.000460
 -0.000322
  0.000751
 -0.000548
 -0.001414
 -0.000328
 -0.000796
  0.000062
 -0.000143
  0.000938
 -0.000064
  0.000820
  0.000605
  0.000378
 -0.000090
  0.000113
 -0.000891
 -0.001183
 -0.000466
 -0.000088
  0.000807
  0.000585
 -0.000572
 -0.002005
 -0.000107
  0.000409
  0.000380
 -0.001912
  0.002105
 -0.001332
 -0.000651
  0.001024
  0.000585
 -0.000419
  0.000900
  0.000481
  0.000466
 -0.000992
  0.000391
  0.001042
 -0.000238
 -0.000165
 -0.000140
 -0.000408
 -0.000521
 -0.000004
  0.000411
  0.000763
  0.000531
 -0.000148
  0.000367
  0.000053
  0.000349
  0.000105
 -0.000404
 -0.000333
  0.000358
 -0.000583
  0.000902
  0.000091
 -0.000845
  0.000558
  0.000456
  0.000726
  0.000540
  0.000623
 -0.000217
 -0.000474
 -0.000577
 -0.000427
 -0.000201
  0.000530
  0.000729
  0.000008
  0.001593
 -0.000890
 -0.000021
 -0.001507
  0.001621
 -0.000977
 -0.001042
 -0.000063
  0.001401
 -0.000343
  0.000734
 -0.000536
 -0.001807
 -0.001298
  0.000213
  0.001233
 -0.001058
  0.000536
  0.000830
  0.000379
  0.001581
  0.000521
 -0.000127
 -0.000300
  0.000711
  0.001066
 -0.000054
 -0.001491
  0.000029
 -0.000468
 -0.000141
  0.000291
  0.000175
  0.000446
 -0.000053
  0.000513
  0.000810
 -0.001128
  0.000665
 -0.000408
 -0.000244
 -0.000133
  0.000076
 -0.000574
  0.000054
  0.000594
 -0.000799
  0.000090
  0.000570
  0.000602
 -0.000115
 -0.000586
 -0.000041
  0.000418
  0.000176
  0.000162
 -0.000113
 -0.000062
 -0.000433
 -0.000256
  0.000110
 -0.000522
  0.000166
  0.000216
  0.000019
 -0.000265
 -0.000255
 -0.000003
  0.000024
 -0.000005
 -0.000139
 -0.000144
 -0.000134
  0.000605
 -0.000127
  0.000094
 -0.000017
  0.000004
 -0.000871
  0.000772
 -0.000186
  0.000970
  0.000539
 -0.000018
 -0.000004
 -0.000085
  0.000071
 -0.000054
  0.000359
  0.000165
  0.000001
 -0.000110
 -0.000020
  0.000423
  0.000060
 -0.000004
 -0.000289
  0.000038
  0.000258
  0.000036
 -0.000127
 -0.000408
  0.000026
 -0.000199
  0.000228
 -0.000400
 -0.000054
  0.000108
