 -0.085802
  0.024573
  0.018783
 -0.541681
 -0.011562
 -0.492716
 -0.080007
 -0.200488
 -0.085466
  0.031613
 -0.002646
  0.008154
 -0.077153
  0.004495
 -0.004511
  0.098630
  0.004995
  0.017596
  0.039764
 -0.036259
 -0.020629
 -0.011474
  0.006239
  0.082403
  0.009110
  0.039365
 -0.068857
  0.020061
 -0.023719
 -0.070925
  0.136657
 -0.524292
  0.036509
  0.049838
  0.025813
  0.067670
  0.010349
 -0.026843
 -0.071721
 -0.014409
  0.013524
 -0.029542
 -0.004560
 -0.037576
  0.002819
  0.002391
  0.011893
 -0.007020
 -0.075302
  0.032790
  0.000738
 -0.033830
  0.003871
 -0.006937
 -0.022168
 -0.019857
 -0.032352
 -0.016276
 -0.039563
  0.029122
 -0.017122
 -0.014251
 -0.009615
 -0.020158
  0.010776
 -0.016719
  0.007552
 -0.001400
 -0.000682
  0.021751
 -0.080356
 -0.014065
  0.088323
 -0.043244
  0.058485
  0.010538
 -0.034501
  0.013853
  0.009330
  0.002615
 -0.011921
 -0.030213
 -0.000166
  0.012826
 -0.000605
 -0.011444
 -0.006448
  0.007277
  0.005531
 -0.018124
  0.007992
 -0.021682
 -0.013799
  0.004725
  0.001473
 -0.002541
  0.003537
  0.014471
 -0.011374
 -0.014100
  0.000748
  0.008464
 -0.002667
  0.007087
 -0.046543
  0.003355
 -0.000685
  0.005118
  0.009141
  0.004634
 -0.001673
 -0.007560
 -0.012351
 -0.010599
  0.011063
  0.014064
 -0.008790
 -0.000545
 -0.012165
 -0.003802
 -0.001734
  0.006658
  0.003346
 -0.002080
 -0.001014
  0.000363
 -0.000074
  0.001858
  0.000053
  0.004340
  0.004734
 -0.011141
 -0.001513
  0.001311
 -0.006559
 -0.002895
 -0.004228
 -0.008993
 -0.001359
 -0.000979
 -0.010136
  0.006378
  0.008213
  0.000083
 -0.013252
 -0.000675
 -0.004994
  0.002063
 -0.009170
  0.014005
 -0.003203
 -0.002205
 -0.002568
  0.008084
  0.003185
  0.014440
 -0.000214
 -0.001562
 -0.004190
  0.004322
 -0.004406
 -0.007942
 -0.007971
  0.030495
  0.003799
  0.007710
  0.000758
  0.003866
  0.004151
  0.000746
 -0.004697
 -0.009188
  0.008058
 -0.005263
  0.012862
  0.005512
  0.000230
  0.004305
  0.008115
 -0.001224
  0.000350
  0.000302
  0.002885
  0.005543
 -0.004857
 -0.011948
  0.007924
 -0.003068
 -0.000213
 -0.002872
 -0.001749
  0.001399
 -0.003341
  0.001026
  0.000172
 -0.003171
 -0.002289
 -0.000355
 -0.000077
 -0.003598
  0.000159
  0.004289
  0.002523
 -0.001492
 -0.001870
  0.004998
 -0.000989
  0.000833
  0.000950
  0.002032
 -0.000318
  0.003028
  0.003857
  0.003709
  0.000664
  0.000161
 -0.001518
  0.002065
  0.004144
  0.000503
 -0.001535
  0.001478
  0.003759
 -0.001702
  0.003247
  0.000718
  0.002860
  0.002246
  0.001056
 -0.000741
  0.003306
 -0.000709
 -0.000828
 -0.002485
 -0.002783
 -0.001775
 -0.003598
 -0.000900
  0.000512
 -0.001514
  0.005956
  0.002235
  0.002217
  0.003749
  0.002209
 -0.003600
  0.001104
 -0.003349
 -0.000138
  0.003427
 -0.002554
 -0.000546
  0.002801
 -0.001318
 -0.003104
 -0.003197
 -0.000411
 -0.003437
 -0.000075
 -0.003801
 -0.002693
  0.000497
 -0.000474
  0.000637
  0.001445
 -0.002457
 -0.000343
 -0.000490
  0.000293
 -0.000302
 -0.000215
  0.002414
  0.002022
  0.001497
  0.000823
 -0.000674
  0.000269
  0.000931
  0.001248
 -0.000261
  0.000009
 -0.001085
 -0.000819
  0.000491
  0.004112
  0.000269
  0.002001
 -0.000948
 -0.003194
 -0.000926
 -0.002647
 -0.000941
  0.001795
  0.001450
  0.004142
  0.000689
  0.000383
  0.001202
 -0.002312
  0.002891
 -0.002678
  0.000300
 -0.000557
 -0.001707
 -0.003410
  0.001342
  0.005209
 -0.002807
 -0.002557
  0.001864
 -0.004763
  0.000800
 -0.001147
 -0.002477
 -0.000404
 -0.000605
 -0.003252
  0.002383
  0.002365
 -0.004475
  0.001982
  0.001435
 -0.000487
  0.002645
  0.001542
 -0.004703
  0.001032
 -0.001439
  0.001968
  0.000339
  0.000505
  0.001366
  0.001479
 -0.000278
 -0.000743
 -0.000760
 -0.003323
 -0.001188
 -0.000353
 -0.001694
  0.000113
  0.001397
  0.001082
 -0.003345
  0.000707
  0.003201
  0.000400
  0.002773
  0.000395
  0.000649
  0.001236
 -0.001567
  0.002298
 -0.000185
  0.001323
  0.001034
  0.000630
 -0.002583
 -0.000792
 -0.004780
  0.001277
  0.001682
  0.004355
  0.001425
  0.001168
 -0.000276
  0.000044
  0.000368
 -0.001123
  0.000185
  0.001032
  0.005748
  0.000029
  0.003448
  0.002794
  0.000761
  0.004367
 -0.000052
  0.001912
 -0.001819
  0.001175
  0.000914
  0.001041
 -0.003001
 -0.000958
  0.000068
 -0.002252
 -0.000026
 -0.001750
 -0.000163
 -0.001768
  0.000351
  0.000224
  0.002061
 -0.001142
 -0.002122
  0.000680
 -0.002592
 -0.000862
 -0.000745
  0.001124
 -0.002472
  0.001140
  0.009834
  0.007475
 -0.002319
 -0.005467
 -0.002044
 -0.001729
  0.003151
 -0.003661
 -0.001406
  0.001853
  0.001463
  0.000337
 -0.002964
  0.001231
 -0.000194
  0.003409
  0.001105
 -0.001595
  0.001477
  0.001803
  0.000901
 -0.002226
  0.000748
  0.000775
 -0.002905
 -0.001041
 -0.000232
  0.001335
 -0.003223
  0.002883
  0.000497
  0.002126
 -0.001609
 -0.000127
  0.000201
  0.000233
 -0.001931
 -0.001234
 -0.003040
  0.003534
  0.000092
 -0.005914
  0.004937
 -0.000596
  0.002116
 -0.000516
  0.004817
  0.010690
  0.004087
 -0.013451
 -0.001843
 -0.003294
 -0.001728
 -0.002542
 -0.000135
 -0.001152
  0.001187
 -0.004690
  0.003467
 -0.001859
 -0.006404
 -0.004558
  0.002060
 -0.002058
  0.003095
  0.001011
  0.001515
 -0.003571
 -0.001115
  0.002351
 -0.001663
  0.001595
  0.000806
 -0.002791
  0.000457
 -0.000517
  0.002271
 -0.003085
 -0.002163
 -0.000624
 -0.001602
  0.003369
  0.002776
 -0.012166
  0.001977
 -0.000567
  0.001903
  0.001988
  0.003347
  0.001316
  0.002956
 -0.001735
 -0.001540
  0.000584
  0.000576
 -0.001023
  0.004336
 -0.001363
  0.001845
  0.006095
  0.003162
 -0.001188
  0.000513
  0.001531
  0.000576
  0.001186
  0.001650
 -0.001767
 -0.002851
  0.002055
 -0.000611
  0.002987
 -0.000501
 -0.000957
  0.007417
 -0.001834
 -0.000604
  0.006841
 -0.002337
 -0.000130
 -0.002448
 -0.000891
  0.000111
 -0.001088
 -0.000216
  0.000761
  0.001865
 -0.000848
 -0.002990
  0.002468
 -0.003589
 -0.001452
  0.000143
  0.003376
 -0.000930
  0.000142
 -0.000071
  0.003949
 -0.000902
  0.004747
 -0.000242
  0.001714
  0.000457
 -0.001117
  0.002173
  0.004391
 -0.000365
  0.004462
 -0.000206
 -0.002126
 -0.001032
  0.001485
  0.002133
  0.002408
 -0.000683
  0.000162
 -0.001533
 -0.004878
 -0.000401
  0.002025
  0.004197
 -0.001377
  0.005199
  0.002241
 -0.001516
  0.000348
 -0.000250
  0.002143
  0.000280
 -0.000164
 -0.002424
 -0.005286
 -0.000386
  0.006044
 -0.000297
 -0.003178
 -0.001285
  0.003650
  0.007381
  0.001922
 -0.008076
  0.002694
 -0.002365
 -0.002540
 -0.001298
  0.010356
  0.001525
 -0.005612
  0.000175
  0.002571
 -0.003530
 -0.001329
  0.002563
  0.005703
 -0.002320
 -0.000415
  0.001497
  0.002193
  0.000132
  0.007479
 -0.001235
  0.001341
 -0.000118
  0.001212
  0.005479
  0.009999
 -0.000213
 -0.001998
  0.007832
  0.005518
  0.005462
  0.004813
  0.002499
  0.002935
  0.003337
 -0.005787
  0.001411
 -0.002058
 -0.000490
  0.000826
 -0.005381
 -0.000747
 -0.000820
  0.003426
 -0.001368
  0.001353
 -0.004015
  0.000911
  0.005339
  0.002006
  0.000315
 -0.000177
 -0.004281
  0.002742
  0.003579
  0.002300
 -0.006381
 -0.007984
 -0.001517
  0.000287
  0.009633
 -0.004925
  0.004124
  0.001239
 -0.002913
  0.004359
  0.001834
  0.000837
 -0.001573
  0.001217
  0.002785
  0.009122
  0.002716
 -0.004568
 -0.003906
 -0.002049
  0.000649
 -0.001615
 -0.001071
 -0.000050
  0.000336
  0.001615
 -0.001526
 -0.003666
 -0.004149
  0.004809
 -0.003967
  0.000785
 -0.002100
 -0.001558
 -0.000044
  0.000075
 -0.002496
  0.002433
  0.000444
 -0.000533
 -0.001374
  0.000550
 -0.002430
  0.000273
 -0.000507
  0.003248
 -0.001588
 -0.000576
  0.003299
 -0.001288
  0.001597
  0.001100
  0.003223
 -0.001904
  0.000974
  0.001398
  0.000574
  0.000651
  0.000430
  0.003427
 -0.002413
 -0.000233
 -0.000261
  0.005205
  0.000922
 -0.002337
 -0.003125
  0.000788
  0.004806
  0.002168
 -0.003663
  0.001067
 -0.003295
 -0.000259
 -0.002304
 -0.001457
 -0.004082
  0.002843
  0.001807
  0.004072
  0.003474
  0.002965
  0.002673
  0.000001
  0.000305
  0.002299
 -0.000639
 -0.001136
  0.002757
 -0.000636
  0.004321
  0.004426
  0.001265
  0.002322
 -0.002976
 -0.000932
 -0.001634
  0.000062
 -0.001962
  0.000473
 -0.002864
  0.000577
 -0.001107
 -0.000199
 -0.001602
  0.001588
  0.001651
  0.001033
 -0.000005
  0.000447
 -0.000363
  0.002507
  0.001965
 -0.003423
  0.000279
  0.000209
 -0.002159
 -0.001799
  0.002353
  0.000367
 -0.001626
  0.001306
 -0.002024
  0.001424
 -0.000821
  0.001460
  0.001119
  0.001829
 -0.002050
 -0.000253
  0.000942
  0.002473
  0.000629
 -0.000764
 -0.000541
  0.000254
 -0.000077
  0.000941
 -0.000167
  0.000363
 -0.001802
  0.000810
 -0.001053
  0.001252
 -0.001456
  0.000014
  0.000607
 -0.000616
 -0.000207
 -0.000027
 -0.000467
 -0.000309
 -0.000747
  0.001126
  0.000667
  0.000113
 -0.001347
  0.000631
  0.001157
 -0.000662
 -0.000092
  0.000046
 -0.000519
  0.000508
 -0.000334
  0.000053
  0.000022
 -0.000117
  0.000080
  0.000191
  0.000098
  0.000196
  0.000072
 -0.000099
 -0.000188
  0.000741
 -0.000646
 -0.000444
  0.000517
  0.003430
 -0.000858
 -0.000489
 -0.000890
  0.000925
 -0.000079
 -0.000071
