  1    0.039255
  2    0.039374
  3    0.021308
  4    0.025980
  5    0.012260
  6    0.004986
  7    0.009111
  8    0.016004
  9    0.012901
 10    0.002358
 11    0.018044
 12    0.007491
 13    0.015378
 14    0.004204
 15    0.012493
 16    0.005817
 17    0.007903
 18    0.008115
 19    0.005413
 20    0.009925
 21    0.008887
 22    0.008220
 23    0.007078
 24    0.004277
 25    0.006224
 26    0.003427
 27    0.007427
 28    0.010870
 29    0.007108
 30    0.005979
 31    0.005143
 32    0.005082
 33    0.001700
 34    0.004178
 35    0.003870
 36    0.002090
 37    0.007221
 38    0.005416
 39    0.005560
 40    0.004663
 41    0.003873
 42    0.003348
 43    0.003897
 44    0.001680
 45    0.005432
 46    0.005071
 47    0.004731
 48    0.004496
 49    0.004749
 50    0.002608
 51    0.003743
 52    0.002451
 53    0.003930
 54    0.002507
 55    0.003578
 56    0.003966
 57    0.003242
 58    0.004150
 59    0.001537
 60    0.002795
 61    0.002470
 62    0.001648
 63    0.001827
 64    0.001847
 65    0.002680
 66    0.001113
 67    0.001394
 68    0.000891
 69    0.002278
 70    0.001513
 71    0.001933
 72    0.001839
 73    0.001949
 74    0.001789
 75    0.003209
 76    0.001552
 77    0.002177
 78    0.001377
 79    0.002007
 80    0.001978
 81    0.002314
 82    0.000829
 83    0.001830
 84    0.001667
 85    0.002572
 86    0.002176
 87    0.001817
 88    0.002837
 89    0.002283
 90    0.002129
 91    0.002504
 92    0.003224
 93    0.001215
 94    0.001428
 95    0.001540
 96    0.002232
 97    0.001327
 98    0.000657
 99    0.002155
100    0.001109
101    0.002217
102    0.001640
103    0.001996
104    0.002258
105    0.000941
106    0.002381
107    0.001694
108    0.001623
109    0.003316
110    0.001348
111    0.001544
112    0.002183
113    0.001687
114    0.000884
115    0.000693
116    0.001049
117    0.000421
118    0.001223
119    0.000796
120    0.000653
121    0.001395
122    0.001338
123    0.001325
124    0.000937
125    0.001326
126    0.001951
127    0.001040
128    0.000986
129    0.001264
130    0.002554
131    0.002107
132    0.001945
133    0.001689
134    0.001793
135    0.000931
136    0.002126
137    0.000927
138    0.001748
139    0.001658
140    0.001845
141    0.000710
142    0.001164
143    0.000762
144    0.001276
145    0.000731
146    0.002305
147    0.001121
148    0.000565
149    0.001360
150    0.001253
151    0.000850
152    0.000898
153    0.000584
154    0.001842
155    0.001053
156    0.001231
157    0.001640
158    0.001184
159    0.001251
160    0.001419
161    0.001190
162    0.001177
163    0.000794
164    0.000624
165    0.001326
166    0.000765
167    0.000515
168    0.000800
169    0.000859
170    0.000979
171    0.001254
172    0.000898
173    0.001144
174    0.000885
175    0.000952
176    0.000585
177    0.000804
178    0.000990
179    0.001631
180    0.001248
181    0.001381
182    0.001167
183    0.001021
184    0.001321
185    0.000965
186    0.001540
187    0.001371
188    0.001259
189    0.000753
190    0.000504
191    0.001220
192    0.000619
193    0.000548
194    0.001489
195    0.000944
196    0.001516
197    0.001236
198    0.000791
199    0.001274
200    0.001045
201    0.000694
202    0.000861
203    0.000954
204    0.001063
205    0.001331
206    0.000309
207    0.000764
208    0.001372
209    0.001493
210    0.001049
211    0.001379
212    0.001083
213    0.000774
214    0.001128
215    0.001489
216    0.001016
217    0.001645
218    0.000808
219    0.001024
220    0.000835
221    0.001119
222    0.001186
223    0.001101
224    0.000971
225    0.000846
226    0.000900
227    0.001388
228    0.000748
229    0.001233
230    0.000877
231    0.001819
232    0.000925
233    0.001441
234    0.000737
235    0.001095
236    0.000650
237    0.000905
238    0.000735
239    0.001027
240    0.001114
241    0.000540
242    0.000670
243    0.001263
244    0.001094
245    0.001104
246    0.000742
247    0.000627
248    0.000627
249    0.001191
250    0.001037
251    0.000198
252    0.000596
253    0.000828
254    0.000498
255    0.000932
256    0.000576
257    0.000898
258    0.000712
259    0.001046
260    0.000532
261    0.000424
262    0.000643
263    0.001060
264    0.000826
265    0.001047
266    0.000671
267    0.001079
268    0.001362
269    0.000711
270    0.001030
271    0.000736
272    0.000929
273    0.000601
274    0.001038
275    0.000480
276    0.000679
277    0.000666
278    0.000402
279    0.000947
280    0.000675
281    0.000955
282    0.001189
283    0.000707
284    0.001034
285    0.000915
286    0.000534
287    0.000526
288    0.000402
289    0.001187
290    0.001284
291    0.001005
292    0.000580
293    0.000873
294    0.000822
295    0.001080
296    0.000933
297    0.000439
298    0.000786
299    0.000563
300    0.000824
301    0.000715
302    0.000920
303    0.000793
304    0.000588
305    0.000426
306    0.001036
307    0.000755
308    0.000287
309    0.001010
310    0.001264
311    0.001246
312    0.000536
313    0.000783
314    0.000782
315    0.000453
316    0.000619
317    0.000695
318    0.001002
319    0.000321
320    0.000892
321    0.000529
322    0.000536
323    0.000415
324    0.000588
325    0.000515
326    0.001402
327    0.000893
328    0.000974
329    0.000754
330    0.000775
331    0.000450
332    0.001369
333    0.000699
334    0.000976
335    0.001366
336    0.000389
337    0.000669
338    0.000634
339    0.001768
340    0.000422
341    0.000567
342    0.000622
343    0.000629
344    0.000690
345    0.000486
346    0.001012
347    0.000770
348    0.000713
349    0.001062
350    0.000825
351    0.000769
352    0.000427
353    0.000514
354    0.000422
355    0.000865
356    0.000707
357    0.000514
358    0.000981
359    0.000321
360    0.000736
361    0.000324
362    0.000518
363    0.000667
364    0.000731
365    0.000725
366    0.000827
367    0.001040
368    0.000732
369    0.000459
370    0.000716
371    0.000941
372    0.000444
373    0.000568
374    0.000588
375    0.000671
376    0.000340
377    0.000430
378    0.000582
379    0.000395
380    0.000704
381    0.000552
382    0.000455
383    0.000577
384    0.000487
385    0.000643
386    0.000366
387    0.000418
388    0.000811
389    0.000276
390    0.000571
391    0.000528
392    0.000787
393    0.000491
394    0.000873
395    0.000726
396    0.000713
397    0.000385
398    0.000634
399    0.000844
400    0.000972
401    0.000700
402    0.001098
403    0.000659
404    0.000635
405    0.000511
406    0.000424
407    0.000364
408    0.000356
409    0.000493
410    0.000521
411    0.000629
412    0.000596
413    0.000420
414    0.000552
415    0.000560
416    0.000341
417    0.000461
418    0.000487
419    0.000395
420    0.000276
421    0.000534
422    0.000433
423    0.000629
424    0.000388
425    0.000797
426    0.000615
427    0.000500
428    0.000264
429    0.000703
430    0.000322
431    0.000509
432    0.000448
433    0.000551
434    0.000462
435    0.000471
436    0.000316
437    0.000398
438    0.000570
439    0.000362
440    0.000491
441    0.000243
442    0.000432
443    0.000449
444    0.000462
445    0.000493
446    0.000484
447    0.000581
448    0.000558
449    0.000689
450    0.000311
451    0.000583
452    0.000551
453    0.000639
454    0.000693
455    0.000629
456    0.000530
457    0.000649
458    0.000670
459    0.000313
460    0.000812
461    0.000662
462    0.000430
463    0.000448
464    0.000467
465    0.000452
466    0.000540
467    0.000439
468    0.000261
469    0.000469
470    0.000422
471    0.000362
472    0.000593
473    0.000299
474    0.000276
475    0.000550
476    0.000472
477    0.000570
478    0.000607
479    0.000498
480    0.000692
481    0.000338
482    0.000470
483    0.000444
484    0.000324
485    0.000409
486    0.000665
487    0.000487
488    0.000315
489    0.001013
490    0.000782
491    0.000688
492    0.000467
493    0.000549
494    0.000607
495    0.000616
496    0.000511
497    0.000453
498    0.000191
499    0.000714
500    0.000360
501    0.000225
502    0.000492
503    0.000627
504    0.000534
505    0.000737
506    0.000744
507    0.000364
508    0.000437
509    0.000304
510    0.000450
511    0.000448
512    0.000288
513    0.000533
514    0.000433
515    0.000315
516    0.000687
517    0.000517
518    0.000219
519    0.000587
520    0.000908
521    0.000711
522    0.000335
523    0.000510
524    0.000514
525    0.000334
526    0.000556
527    0.000429
528    0.000658
529    0.000303
530    0.000531
531    0.000427
532    0.000706
533    0.000701
534    0.000452
535    0.000554
536    0.000662
537    0.000402
538    0.000475
539    0.000525
540    0.000551
541    0.000544
542    0.000649
543    0.000379
544    0.000316
545    0.000392
546    0.000686
547    0.000352
548    0.000340
549    0.000406
550    0.000643
551    0.000345
552    0.000321
553    0.000412
554    0.000368
555    0.000478
556    0.000440
557    0.000356
558    0.000202
559    0.000363
560    0.000429
561    0.000311
562    0.000514
563    0.000596
564    0.000263
565    0.000450
566    0.000366
567    0.000249
568    0.000267
569    0.000357
570    0.000293
571    0.000338
572    0.000515
573    0.000192
574    0.000183
575    0.000400
576    0.000404
577    0.000386
578    0.000336
579    0.000495
580    0.000223
581    0.000564
582    0.000405
583    0.000156
584    0.000289
585    0.000554
586    0.000396
587    0.000385
588    0.000364
589    0.000412
590    0.000247
591    0.000467
592    0.000318
593    0.000436
594    0.000408
595    0.000288
596    0.000440
597    0.000560
598    0.000458
599    0.000258
600    0.000290
601    0.000420
602    0.000414
603    0.000547
604    0.000275
605    0.000463
606    0.000192
607    0.000575
608    0.000413
609    0.000407
610    0.000303
611    0.000508
612    0.000296
613    0.000409
614    0.000456
615    0.000227
616    0.000180
617    0.000183
618    0.000386
619    0.000482
620    0.000480
621    0.000595
622    0.000342
623    0.000449
624    0.000328
625    0.000230
626    0.000269
627    0.000555
628    0.000358
629    0.000231
630    0.000403
631    0.000255
632    0.000686
633    0.000411
634    0.000220
635    0.000239
636    0.000405
637    0.000356
638    0.000448
639    0.000358
640    0.000189
641    0.000675
642    0.000596
643    0.000470
644    0.000348
645    0.000456
646    0.000358
647    0.000309
648    0.000219
649    0.000312
650    0.000291
651    0.000284
652    0.000150
653    0.000190
654    0.000184
655    0.000307
656    0.000320
657    0.000378
658    0.000565
659    0.000515
660    0.000429
661    0.000553
662    0.000257
663    0.000473
664    0.000446
665    0.000307
666    0.000326
667    0.000322
668    0.000396
669    0.000290
670    0.000701
671    0.000333
672    0.000508
673    0.000302
674    0.000433
675    0.000654
676    0.000264
677    0.000432
678    0.000465
679    0.000429
680    0.000327
681    0.000380
682    0.000310
683    0.000361
684    0.000372
685    0.000249
686    0.000300
687    0.000762
688    0.000394
689    0.000524
690    0.000362
691    0.000391
692    0.000266
693    0.000388
694    0.000140
695    0.000267
696    0.000258
697    0.000327
698    0.000432
699    0.000401
700    0.000391
701    0.000381
702    0.000532
703    0.000291
704    0.000283
705    0.000276
706    0.000574
707    0.000340
708    0.000317
709    0.000361
710    0.000332
711    0.000355
712    0.000351
713    0.000438
714    0.000314
715    0.000409
716    0.000393
717    0.000238
718    0.000431
719    0.000569
720    0.000308
721    0.000337
722    0.000369
723    0.000336
724    0.000221
725    0.000305
726    0.000458
727    0.000330
728    0.000440
729    0.000262
730    0.000326
731    0.000443
732    0.000303
733    0.000345
734    0.000500
735    0.000496
736    0.000410
737    0.000544
738    0.000162
739    0.000340
740    0.000483
741    0.000220
742    0.000512
743    0.000239
744    0.000234
745    0.000360
746    0.000217
747    0.000347
748    0.000414
749    0.000489
750    0.000307
751    0.000363
752    0.000380
753    0.000320
754    0.000336
755    0.000160
756    0.000458
757    0.000257
758    0.000635
759    0.000514
760    0.000228
761    0.000267
762    0.000363
763    0.000173
764    0.000245
765    0.000151
766    0.000271
767    0.000196
768    0.000281
769    0.000222
770    0.000218
771    0.000166
772    0.000362
773    0.000166
774    0.000435
775    0.000283
776    0.000303
777    0.000183
778    0.000151
779    0.000381
780    0.000214
781    0.000125
782    0.000375
783    0.000341
784    0.000222
785    0.000187
786    0.000171
787    0.000276
788    0.000223
789    0.000246
790    0.000512
791    0.000432
792    0.000541
793    0.000481
794    0.000365
795    0.000340
796    0.000212
797    0.000349
798    0.000439
799    0.000344
800    0.000224
801    0.000367
802    0.000302
803    0.000631
804    0.000344
805    0.000205
806    0.000199
807    0.000382
808    0.000545
809    0.000258
810    0.000118
811    0.000143
812    0.000465
813    0.000288
814    0.000229
815    0.000325
816    0.000186
817    0.000328
818    0.000404
819    0.000307
820    0.000272
821    0.000509
822    0.000689
823    0.000296
824    0.000407
825    0.000843
