  0.139890
 -0.514168
  0.069699
  0.143262
 -0.751679
  0.250129
  0.053820
 -0.008111
 -0.044311
  0.107751
  0.064334
  0.025641
 -0.040798
  0.069693
  0.004461
 -0.050469
 -0.040338
 -0.070825
 -0.034408
 -0.021155
 -0.000895
  0.023429
 -0.002099
  0.009057
  0.019570
  0.004727
 -0.021906
 -0.009223
 -0.040240
 -0.053753
  0.015470
  0.005819
 -0.004062
 -0.026540
  0.035390
  0.003484
  0.023652
  0.026773
  0.034982
  0.010800
  0.015820
  0.034921
 -0.014414
  0.013550
  0.000016
  0.013932
 -0.001690
 -0.026556
  0.015283
  0.000215
 -0.015454
 -0.003433
  0.002844
  0.001054
  0.014407
 -0.013308
 -0.010306
 -0.005018
 -0.010330
  0.004098
 -0.011999
  0.016830
  0.000875
 -0.012947
 -0.015280
 -0.000313
  0.011838
 -0.007834
 -0.021578
  0.010376
  0.002869
 -0.005423
  0.003696
 -0.002852
 -0.000193
 -0.020441
 -0.003154
  0.009441
  0.005316
  0.026127
 -0.000507
  0.003556
  0.005723
 -0.006089
 -0.018100
 -0.007255
 -0.010263
 -0.007877
 -0.008334
  0.004606
 -0.003202
 -0.010855
 -0.008224
  0.008737
  0.020630
  0.006825
  0.008638
 -0.004116
  0.014593
 -0.004483
 -0.012693
  0.007875
 -0.001746
 -0.004329
 -0.001703
  0.002774
 -0.007753
  0.002672
  0.000731
 -0.005263
 -0.006696
  0.001123
 -0.002771
 -0.011202
 -0.003715
  0.007581
 -0.004130
 -0.002797
  0.002644
  0.008050
  0.003283
 -0.001474
  0.005025
  0.006912
  0.002521
 -0.002283
 -0.000476
 -0.003444
 -0.006914
 -0.004029
  0.006524
 -0.000932
  0.007092
  0.007510
 -0.002438
 -0.001269
  0.000037
 -0.001603
  0.004680
 -0.003771
  0.005508
 -0.009274
 -0.015394
  0.001055
 -0.000642
 -0.008488
 -0.004991
 -0.011116
 -0.001456
  0.000835
 -0.006971
 -0.007893
 -0.003484
 -0.003286
 -0.002059
  0.013254
 -0.000313
 -0.006126
  0.000904
  0.003305
  0.002574
  0.011927
 -0.000850
  0.007702
 -0.001678
  0.004842
  0.003299
 -0.003127
  0.001731
  0.001567
 -0.000325
  0.000167
  0.004425
 -0.006570
  0.005540
  0.002166
  0.003150
  0.007127
  0.001058
  0.002149
 -0.004714
 -0.000746
 -0.002213
  0.003163
  0.001718
  0.004384
 -0.001759
 -0.001940
 -0.001027
  0.001740
  0.000833
 -0.001040
 -0.000790
  0.002538
  0.000717
  0.001393
  0.001351
  0.001621
  0.002486
  0.001327
 -0.000910
  0.000787
  0.002495
 -0.000235
  0.003310
  0.003611
  0.003128
  0.003029
  0.003316
 -0.000360
 -0.001288
 -0.000588
  0.001290
 -0.003718
  0.002129
  0.001343
  0.001647
  0.000550
 -0.000158
  0.000233
 -0.001792
 -0.000097
 -0.000466
  0.001316
 -0.000454
 -0.003701
  0.000432
  0.000935
  0.001166
  0.001110
 -0.003607
  0.001413
  0.002020
  0.001778
 -0.004485
  0.008484
 -0.002394
 -0.002587
 -0.000763
  0.004259
  0.004109
 -0.000045
  0.001550
  0.004078
  0.003196
 -0.001352
  0.004857
 -0.002012
 -0.000548
  0.008072
  0.004238
  0.002898
 -0.001697
 -0.005064
  0.002868
  0.004695
  0.002026
  0.002160
 -0.000104
 -0.003165
  0.000412
  0.002777
 -0.003764
 -0.001089
  0.003043
 -0.004775
 -0.000180
  0.000697
  0.001384
  0.001396
 -0.000586
 -0.002980
 -0.000592
  0.002925
 -0.003790
 -0.004654
 -0.001705
  0.003728
  0.001852
  0.001728
 -0.000817
 -0.005104
 -0.003324
  0.002410
  0.000336
 -0.004291
 -0.001460
 -0.000410
 -0.000886
  0.001653
  0.003029
 -0.005186
 -0.000337
  0.001437
 -0.003398
 -0.001812
  0.002026
  0.001178
 -0.002421
  0.001148
  0.000073
  0.000882
 -0.001104
  0.002497
 -0.001077
  0.000651
  0.000316
 -0.000759
 -0.000560
  0.001359
  0.002796
 -0.003083
  0.001694
  0.003254
  0.001503
 -0.001990
  0.000077
  0.004511
 -0.000372
  0.001144
  0.001053
 -0.001086
  0.003531
 -0.000197
  0.002665
  0.001476
 -0.001466
  0.001163
 -0.001148
  0.006676
  0.002570
 -0.001229
 -0.001890
  0.002419
 -0.001110
 -0.005459
  0.001617
  0.001178
 -0.003741
 -0.001697
 -0.001537
 -0.000340
  0.000715
  0.001411
  0.001856
 -0.000514
  0.000115
 -0.000853
  0.003802
  0.001055
 -0.006335
 -0.002036
 -0.003152
 -0.000660
 -0.000575
  0.003477
  0.000945
  0.002828
 -0.001556
 -0.000843
 -0.000044
  0.000723
  0.000548
 -0.002914
  0.004619
 -0.001397
 -0.000618
 -0.000773
 -0.001613
  0.006965
  0.000188
 -0.004031
  0.006901
 -0.004394
 -0.003954
 -0.001542
  0.002331
 -0.000410
  0.000555
  0.001592
  0.000537
  0.001102
 -0.001556
 -0.000560
  0.003065
 -0.004019
 -0.002512
  0.002019
  0.000004
  0.002027
  0.003983
  0.004078
  0.003306
  0.001637
 -0.000807
 -0.000364
 -0.002404
  0.002349
 -0.000996
  0.000675
  0.001509
  0.000020
  0.003098
 -0.001874
  0.000354
 -0.000133
  0.004694
 -0.004660
  0.001749
 -0.001591
  0.001661
 -0.001376
  0.001405
  0.002285
  0.000688
  0.000475
 -0.006346
  0.002303
 -0.000275
 -0.000525
 -0.000245
 -0.001993
 -0.001442
  0.001819
 -0.000236
  0.001190
  0.001221
  0.001649
 -0.000093
  0.001259
 -0.000001
 -0.002814
  0.000611
  0.002732
  0.002811
  0.001025
  0.000190
  0.001564
  0.000012
 -0.004024
  0.001002
 -0.003796
 -0.000790
 -0.003973
  0.002400
  0.000171
 -0.000166
  0.001557
 -0.002958
 -0.002605
 -0.000069
  0.000284
 -0.003762
 -0.002389
  0.000328
  0.001479
 -0.003705
 -0.002034
 -0.003040
 -0.000334
  0.000695
  0.006043
  0.000717
 -0.002844
 -0.004944
  0.005247
 -0.006273
 -0.000848
 -0.001551
  0.000878
 -0.000400
 -0.001217
 -0.000148
 -0.001370
 -0.001370
 -0.001419
  0.002876
  0.000677
 -0.000621
  0.000525
 -0.000388
 -0.001658
 -0.000821
 -0.002776
  0.000299
  0.000085
  0.000453
  0.000938
 -0.000209
 -0.000540
  0.003892
  0.000138
  0.000574
 -0.001754
  0.001428
 -0.000659
  0.000655
  0.000964
  0.000876
 -0.000259
 -0.001478
 -0.000376
 -0.002448
 -0.001183
  0.001118
  0.000021
 -0.000060
 -0.000658
  0.000436
 -0.001930
  0.000139
 -0.001300
 -0.000190
 -0.001177
  0.001176
  0.000348
 -0.000876
 -0.000330
  0.002447
  0.002350
  0.001402
 -0.000833
 -0.001787
 -0.000049
  0.000020
 -0.001459
  0.001764
 -0.000775
  0.001721
  0.003513
  0.000401
  0.000033
  0.002654
 -0.000130
  0.000518
 -0.000897
 -0.000894
 -0.000609
  0.000138
  0.001620
 -0.001298
  0.001434
 -0.000499
 -0.000567
 -0.000095
  0.000042
 -0.001321
 -0.000584
  0.000423
 -0.000365
 -0.000895
 -0.000583
 -0.000213
 -0.001463
  0.000396
  0.000996
 -0.000571
 -0.000273
  0.002316
 -0.000651
 -0.001779
 -0.000889
  0.001334
 -0.003015
 -0.000463
 -0.002400
  0.000210
 -0.000173
 -0.001406
  0.000772
 -0.001050
 -0.000747
  0.001683
  0.002296
  0.000279
 -0.000287
  0.002052
  0.001935
  0.001771
 -0.001357
 -0.001427
  0.000972
 -0.002214
  0.002566
  0.001777
  0.001576
 -0.002613
 -0.000336
 -0.002927
  0.000904
  0.000135
  0.001159
 -0.002624
 -0.002157
  0.001539
  0.001373
 -0.001968
  0.000590
  0.002231
 -0.001801
 -0.001626
  0.000558
 -0.000388
  0.000281
 -0.000330
  0.000211
  0.001782
 -0.000566
 -0.000747
  0.000636
 -0.000030
 -0.000743
 -0.000938
 -0.000068
 -0.002354
  0.000807
  0.000164
 -0.001132
  0.000948
  0.000496
  0.001395
 -0.001025
 -0.001213
  0.000726
 -0.001708
 -0.001228
 -0.002001
  0.000471
 -0.003011
 -0.001535
 -0.000827
 -0.001811
 -0.000210
  0.003897
 -0.005056
  0.001326
 -0.000017
  0.000265
  0.001360
 -0.001488
  0.000182
 -0.000233
 -0.000212
  0.000054
 -0.001470
  0.000670
 -0.000104
  0.000052
  0.002898
  0.000649
 -0.000124
 -0.000246
  0.000212
  0.000232
 -0.000047
 -0.001134
  0.000991
 -0.002044
 -0.001022
 -0.000398
  0.000151
  0.000659
 -0.000136
 -0.001146
 -0.000631
 -0.000701
 -0.001320
 -0.000331
 -0.000283
 -0.000686
  0.000625
  0.000070
 -0.000093
  0.001442
 -0.001268
  0.001565
 -0.001178
  0.000366
  0.000659
 -0.000606
 -0.000385
  0.000415
  0.001362
 -0.000547
  0.001673
 -0.001653
  0.000257
  0.001049
 -0.000670
 -0.000878
  0.000193
 -0.000009
 -0.000478
 -0.001016
  0.001280
 -0.002244
  0.000019
  0.002128
  0.001184
  0.000846
 -0.000395
  0.000432
 -0.000638
  0.000680
  0.001165
 -0.000561
 -0.000305
 -0.000614
  0.000024
  0.000291
  0.000270
 -0.000169
 -0.000174
 -0.000242
  0.001594
  0.000060
 -0.000291
 -0.000056
  0.000030
  0.000849
 -0.000961
  0.000207
  0.000141
  0.001303
  0.000415
  0.000759
  0.001313
 -0.000152
 -0.000366
  0.000208
 -0.000866
  0.000236
 -0.000017
 -0.000163
 -0.000619
 -0.001237
 -0.001333
 -0.000645
 -0.000060
  0.002110
  0.000980
  0.000374
 -0.000713
  0.000574
  0.000036
  0.001030
  0.000053
  0.001686
  0.000256
 -0.000373
 -0.002213
 -0.001214
 -0.002190
  0.000749
  0.000032
 -0.000091
  0.000654
 -0.000134
 -0.000061
  0.000365
  0.000080
 -0.000436
  0.000029
 -0.001096
  0.001532
  0.000267
  0.001364
 -0.000170
  0.000733
  0.001243
  0.001622
 -0.000633
  0.001189
 -0.000191
  0.000576
  0.000594
  0.000601
 -0.001456
 -0.000278
  0.000741
  0.000186
  0.000842
  0.000282
 -0.000700
 -0.000526
 -0.000787
  0.000010
 -0.001658
 -0.000144
  0.000518
 -0.000705
 -0.000283
  0.000336
  0.000130
 -0.000259
  0.000225
  0.000663
 -0.001003
 -0.000092
 -0.000279
  0.000143
 -0.000285
  0.000436
 -0.000154
 -0.000733
 -0.001562
 -0.000547
  0.000799
 -0.000168
 -0.001028
 -0.001049
 -0.001790
  0.000418
  0.000550
  0.000216
 -0.000208
  0.000201
  0.000840
 -0.001067
  0.000110
  0.000220
 -0.000457
  0.000077
 -0.000130
 -0.000100
