 -0.122845
  0.051472
 -0.033880
  0.703229
  0.041019
  0.522585
 -0.037661
  0.028608
 -0.009365
  0.021940
 -0.167305
 -0.188747
 -0.028235
 -0.007959
  0.063708
  0.028890
  0.083835
 -0.113786
  0.003830
  0.102857
 -0.125114
 -0.065995
  0.066783
 -0.103710
  0.001683
 -0.037372
 -0.055130
  0.033644
 -0.001727
  0.009109
  0.027478
  0.001775
  0.015634
  0.058158
 -0.060363
 -0.003890
 -0.023896
 -0.002393
  0.013011
  0.044542
 -0.005026
  0.012839
 -0.018751
  0.076339
 -0.038527
 -0.029169
  0.031318
 -0.007339
 -0.013438
 -0.041285
  0.045962
  0.009891
  0.033190
  0.045633
  0.003973
 -0.017121
  0.048969
  0.043467
 -0.006513
 -0.006787
  0.006576
 -0.000733
  0.002302
  0.003750
 -0.012669
 -0.011712
  0.003199
 -0.003407
 -0.018841
 -0.006078
  0.019870
  0.018287
 -0.026194
  0.000789
  0.004957
 -0.022423
 -0.006555
 -0.002662
 -0.004216
 -0.000226
 -0.016991
 -0.011441
  0.001358
 -0.026123
 -0.007686
 -0.011928
  0.001421
 -0.020879
 -0.018741
  0.004622
  0.018203
 -0.016463
  0.007053
 -0.004304
  0.014872
 -0.029102
 -0.025832
 -0.009587
 -0.014836
 -0.020215
  0.001616
  0.002422
 -0.040787
 -0.009156
 -0.002575
  0.014521
 -0.002948
  0.016799
 -0.017858
  0.019724
  0.000088
  0.011903
  0.013627
 -0.006117
 -0.000725
 -0.001522
  0.017972
 -0.017090
 -0.022907
 -0.008643
 -0.003378
  0.012155
  0.000204
  0.019946
  0.012744
  0.002043
 -0.002764
 -0.002214
 -0.009146
 -0.024032
  0.004312
  0.003860
 -0.013751
  0.003712
  0.002539
  0.011050
 -0.000655
 -0.001432
  0.011897
  0.012446
 -0.008833
 -0.004952
  0.002784
  0.007015
 -0.000001
 -0.017191
 -0.006322
  0.001924
 -0.005510
 -0.001811
 -0.002604
 -0.018667
  0.003557
  0.005717
  0.009908
 -0.005174
  0.001094
  0.012620
  0.001849
 -0.002164
  0.001910
  0.003834
  0.004734
  0.007190
  0.002893
  0.000246
 -0.005396
 -0.010342
  0.002376
 -0.002273
 -0.014854
  0.014771
 -0.013088
 -0.010207
 -0.009202
  0.006586
 -0.006496
  0.003172
 -0.001517
  0.014951
 -0.002475
  0.001992
  0.000121
  0.002908
 -0.000198
  0.002134
  0.002175
  0.007067
  0.000417
 -0.005839
  0.011438
 -0.003719
 -0.009234
  0.000288
 -0.001258
  0.000702
  0.004197
 -0.003784
  0.005000
  0.007314
 -0.000230
  0.001092
 -0.001570
 -0.002775
 -0.001411
  0.003505
  0.002316
  0.002657
  0.001862
 -0.010493
  0.001122
  0.005132
 -0.004712
  0.000273
  0.002505
  0.001641
  0.007314
 -0.005609
  0.012009
  0.000796
 -0.019231
  0.007249
 -0.006620
 -0.003119
  0.016131
 -0.005547
  0.010575
 -0.000304
 -0.001130
 -0.015106
 -0.010748
 -0.011756
 -0.003527
  0.001642
 -0.004202
  0.009396
 -0.000276
  0.004038
 -0.007566
 -0.002726
 -0.005335
 -0.009055
 -0.001639
 -0.008120
 -0.000064
 -0.003638
 -0.005043
  0.001346
 -0.007219
  0.006327
 -0.002935
  0.001637
  0.001401
 -0.000226
 -0.010777
  0.004405
 -0.004026
  0.006294
 -0.002673
  0.003878
 -0.001385
 -0.010790
 -0.002198
 -0.004601
  0.001870
  0.006416
  0.021600
 -0.008060
 -0.001962
  0.002230
 -0.007794
 -0.001020
  0.013131
 -0.024461
  0.016744
  0.001892
 -0.002503
 -0.014081
 -0.010193
 -0.019222
 -0.001962
 -0.001801
  0.010954
 -0.014034
 -0.006147
  0.004071
 -0.001017
  0.002023
  0.016726
 -0.000278
  0.003476
  0.001557
  0.002458
 -0.011457
 -0.015680
 -0.013736
  0.002092
 -0.000068
 -0.024738
 -0.007013
 -0.004271
  0.001768
 -0.005481
 -0.005420
 -0.004912
 -0.007181
 -0.012356
 -0.005733
  0.010909
 -0.002448
  0.004959
  0.015399
 -0.003299
 -0.001264
  0.006435
 -0.003947
 -0.001671
 -0.005810
  0.009365
  0.004881
 -0.011498
 -0.008587
  0.004799
 -0.007813
 -0.012493
  0.006634
  0.000349
  0.008099
 -0.003211
 -0.003540
 -0.001326
 -0.014676
  0.008884
  0.012713
 -0.011411
  0.008736
  0.001227
 -0.001491
  0.000086
 -0.009456
  0.007694
  0.001585
 -0.002754
 -0.000142
 -0.010474
 -0.010427
 -0.002424
  0.000408
  0.000777
  0.003013
 -0.002279
  0.004437
  0.003931
 -0.000230
  0.000815
 -0.004901
  0.004147
 -0.008108
 -0.014553
  0.005274
 -0.000626
  0.001985
  0.000895
  0.005538
  0.003805
  0.004564
 -0.012500
  0.001509
  0.002821
  0.004161
  0.001571
  0.005924
  0.007635
  0.004623
 -0.011098
  0.008851
 -0.002824
 -0.000303
 -0.003553
  0.001353
  0.001894
  0.002618
  0.003850
 -0.002167
 -0.003210
  0.001860
  0.003012
  0.004532
  0.000555
  0.003864
  0.005680
  0.000786
 -0.000479
  0.007838
 -0.011707
  0.002711
 -0.003351
  0.002455
  0.004584
  0.018591
  0.012416
 -0.001322
 -0.002696
  0.009427
  0.007193
 -0.001457
 -0.006476
 -0.002508
  0.000641
  0.002783
  0.007488
  0.007886
  0.006750
  0.001339
 -0.005908
 -0.002011
  0.000725
 -0.000942
  0.003505
  0.003697
 -0.010140
  0.005931
  0.004506
  0.002019
  0.004321
  0.000285
  0.006710
 -0.003065
 -0.013961
  0.001886
 -0.008351
 -0.006842
 -0.010658
 -0.000815
  0.000735
  0.011012
 -0.003807
  0.005229
 -0.003956
  0.001265
 -0.016724
  0.006939
  0.005641
  0.007428
 -0.008818
  0.000199
  0.005927
 -0.008711
  0.003980
  0.001284
 -0.004235
  0.004470
 -0.006285
  0.008239
  0.004944
 -0.002865
  0.004375
 -0.012411
  0.003363
 -0.003543
 -0.002505
 -0.004956
 -0.002116
 -0.002982
  0.002470
  0.011304
  0.012576
 -0.001136
  0.007960
  0.008131
  0.000948
  0.004726
  0.007193
 -0.001754
  0.003595
 -0.003202
 -0.008060
  0.000236
 -0.008708
  0.001382
 -0.001086
  0.001166
 -0.000599
  0.001993
  0.002717
 -0.000497
 -0.007835
  0.003418
  0.000888
 -0.000430
 -0.003286
 -0.009577
  0.003585
 -0.004655
  0.001348
  0.002404
  0.005528
  0.005056
  0.001779
 -0.000366
  0.010761
 -0.009303
 -0.003201
 -0.007447
  0.002400
  0.003808
 -0.006407
  0.003244
  0.001925
  0.007599
 -0.000140
  0.006832
  0.005168
 -0.002254
 -0.002305
 -0.000469
  0.005911
  0.004007
 -0.001485
  0.004214
 -0.002486
  0.001105
  0.008542
  0.013386
 -0.000837
  0.000692
  0.007875
 -0.004540
  0.006878
 -0.000959
  0.001773
 -0.006874
 -0.002348
 -0.007912
  0.000937
  0.004103
 -0.005138
 -0.002690
 -0.003169
  0.007671
 -0.003150
  0.002483
 -0.002450
 -0.004359
  0.003750
  0.002800
  0.000910
  0.002504
 -0.003935
  0.004523
  0.003567
 -0.001232
  0.001616
 -0.003468
  0.002040
 -0.001797
 -0.002609
  0.004090
  0.005486
 -0.003103
  0.001419
 -0.008035
  0.000815
  0.002104
 -0.002357
  0.007674
 -0.001388
 -0.001498
  0.001970
  0.003615
  0.000261
  0.001326
 -0.002139
 -0.007078
  0.001116
 -0.001777
 -0.004125
 -0.004076
  0.000564
  0.002246
  0.000013
  0.003064
  0.001214
 -0.000297
  0.001079
  0.004754
  0.003437
 -0.005018
 -0.000443
  0.003554
  0.004021
  0.000425
 -0.007630
  0.001992
  0.003850
 -0.005904
  0.006417
  0.003432
  0.001882
  0.005873
  0.006168
  0.009915
 -0.001689
  0.010685
  0.002288
  0.002134
 -0.003488
  0.001285
 -0.002205
  0.000812
 -0.000154
  0.002002
  0.001551
  0.001933
  0.001642
 -0.003404
  0.000507
 -0.003600
  0.002508
 -0.004266
 -0.007815
 -0.000719
 -0.003301
 -0.001283
 -0.000308
 -0.001333
  0.003053
  0.000541
 -0.001516
  0.005562
 -0.002448
 -0.002219
 -0.002970
  0.001274
  0.001521
 -0.002177
 -0.001521
 -0.000951
 -0.002571
 -0.004509
 -0.005098
  0.000654
  0.002728
  0.001311
 -0.006367
  0.000134
  0.002073
  0.003686
  0.002138
  0.004031
  0.003504
 -0.000240
 -0.001053
  0.001355
 -0.004589
  0.004894
 -0.003668
  0.001706
 -0.003385
  0.002383
  0.001868
  0.000750
 -0.000291
  0.001442
  0.003185
 -0.000591
 -0.002466
 -0.002441
  0.000321
  0.003296
  0.000472
 -0.001731
  0.001142
  0.001402
  0.000008
  0.001464
  0.001817
 -0.000051
 -0.005379
  0.000445
 -0.002564
 -0.001173
  0.000504
 -0.002117
  0.002554
 -0.001172
 -0.003921
 -0.003557
  0.002184
 -0.001754
 -0.000741
 -0.001790
  0.000127
  0.001146
  0.001362
  0.001449
 -0.002972
  0.000014
  0.002707
  0.001291
  0.006574
  0.000973
 -0.002830
  0.000335
  0.005520
  0.001138
  0.000515
 -0.003084
 -0.003070
 -0.000226
  0.002018
  0.000746
  0.000669
  0.000639
  0.002770
  0.000364
  0.000860
 -0.000294
  0.001630
 -0.000834
 -0.000533
 -0.000093
  0.000243
 -0.001335
  0.001606
 -0.000485
  0.000742
  0.001057
 -0.000768
  0.002757
 -0.000188
 -0.000753
 -0.000451
  0.000438
 -0.000984
 -0.000038
 -0.000014
  0.001822
 -0.000096
 -0.001165
 -0.000161
  0.000596
 -0.001728
  0.001730
  0.000943
  0.002121
 -0.000767
 -0.002122
  0.004247
 -0.000782
  0.001488
 -0.000101
  0.001914
  0.001393
  0.000814
 -0.000708
  0.003882
  0.001679
  0.003970
 -0.000026
 -0.000573
  0.000696
  0.001396
 -0.000697
 -0.000478
  0.000182
 -0.000818
 -0.000016
 -0.004316
  0.000644
  0.001817
 -0.001476
 -0.001506
 -0.000311
  0.006136
 -0.000397
  0.003983
 -0.000209
  0.000557
 -0.002705
  0.000788
  0.000330
 -0.001550
  0.002758
 -0.003224
 -0.001864
 -0.000093
  0.002037
 -0.002999
 -0.000033
 -0.001577
 -0.003903
 -0.000068
 -0.003179
  0.001186
  0.001077
  0.002933
  0.001374
 -0.003320
 -0.001856
 -0.002353
 -0.000239
  0.000957
  0.001693
  0.002247
  0.000457
 -0.000678
  0.001763
  0.000788
  0.001822
  0.000085
  0.000290
  0.000967
  0.000049
 -0.000053
  0.000096
 -0.000613
  0.000366
  0.000219
 -0.000278
 -0.000015
  0.002867
 -0.001558
 -0.003911
  0.000011
