  0.902275
  0.106180
 -0.174031
  0.215414
  0.022085
 -0.213157
 -0.010239
  0.101347
  0.007474
 -0.005394
 -0.023086
 -0.112609
  0.063020
  0.030206
  0.007373
 -0.000343
 -0.013772
 -0.046172
  0.040891
  0.027725
 -0.033670
 -0.002645
  0.051780
  0.014473
 -0.000645
  0.008479
 -0.019948
  0.002230
  0.029737
  0.029988
  0.021789
 -0.038195
  0.016876
  0.001985
 -0.029109
 -0.023467
 -0.000986
 -0.001705
  0.010689
  0.004364
 -0.019040
  0.015069
 -0.009501
  0.018960
 -0.011333
  0.011171
  0.002279
 -0.010728
 -0.002893
 -0.008254
  0.008647
 -0.001734
  0.014040
  0.002588
  0.005602
 -0.009097
  0.015522
  0.013576
 -0.005130
 -0.008465
 -0.002264
 -0.005749
  0.003567
  0.000876
 -0.001804
  0.003665
  0.005573
  0.004356
 -0.016674
 -0.006089
  0.021544
  0.007608
 -0.000292
 -0.000682
 -0.002137
 -0.002899
  0.000834
  0.001756
  0.001015
  0.009615
 -0.005971
 -0.012917
 -0.004368
 -0.011066
 -0.014011
 -0.009445
 -0.009860
 -0.007896
 -0.006447
  0.000723
  0.012892
 -0.004836
  0.000184
  0.000178
 -0.000820
 -0.009371
 -0.014162
 -0.004482
 -0.013223
 -0.003432
 -0.005495
 -0.003606
 -0.003936
 -0.000618
 -0.002179
  0.004811
  0.002011
  0.005947
 -0.021348
  0.007373
 -0.005319
  0.003344
  0.009998
 -0.007285
  0.002984
 -0.001065
  0.009749
 -0.008727
 -0.008448
 -0.004040
 -0.001509
  0.000984
 -0.003133
  0.006086
 -0.000366
 -0.000871
 -0.003479
 -0.004207
  0.005387
 -0.013828
  0.005762
  0.001805
 -0.009624
 -0.006305
 -0.001678
  0.003506
  0.000924
 -0.001534
 -0.002141
  0.005034
 -0.004450
  0.000727
 -0.000772
 -0.001195
  0.002840
 -0.002180
  0.001156
 -0.001466
 -0.002763
 -0.000154
 -0.001898
 -0.001729
  0.002690
  0.002259
  0.001504
  0.003413
  0.001192
  0.000582
 -0.000606
  0.009147
  0.001534
  0.002008
  0.002978
  0.003132
  0.000469
  0.000519
 -0.001831
 -0.001950
  0.002230
 -0.003635
 -0.008219
  0.004914
 -0.001639
 -0.002812
  0.000227
  0.002612
 -0.001672
 -0.000874
 -0.001986
  0.005705
 -0.000677
 -0.001441
 -0.000531
 -0.000408
  0.002370
  0.002596
  0.002652
  0.002219
 -0.000086
 -0.001567
  0.007245
  0.000491
 -0.001476
 -0.002230
  0.000830
 -0.005234
 -0.000398
  0.003828
  0.005746
  0.007585
 -0.000382
  0.001430
  0.001353
 -0.005727
 -0.000066
 -0.004477
 -0.001912
 -0.000086
 -0.000838
 -0.003692
 -0.002620
 -0.000895
  0.001109
  0.001485
  0.000232
  0.007795
  0.000525
  0.001073
  0.001475
  0.002240
 -0.006834
 -0.000206
 -0.004467
  0.000390
  0.004380
 -0.001087
  0.004502
 -0.000986
 -0.000200
 -0.002846
 -0.004073
 -0.004543
  0.001124
 -0.000436
  0.000103
 -0.000306
 -0.000442
  0.001752
 -0.001496
  0.002568
 -0.001827
 -0.002212
 -0.002712
 -0.001869
  0.001487
 -0.000718
 -0.004343
 -0.000958
 -0.000038
 -0.001236
 -0.000157
 -0.002074
 -0.000418
 -0.000522
  0.001561
  0.000903
 -0.000605
  0.003389
 -0.002001
  0.000512
 -0.000164
 -0.005574
  0.003118
 -0.001659
  0.000950
  0.000823
  0.002576
 -0.002707
 -0.001263
 -0.001721
 -0.002272
 -0.000517
  0.002280
 -0.003700
  0.006481
 -0.000704
  0.001447
 -0.001253
 -0.002817
 -0.003543
 -0.000211
  0.000576
  0.000767
 -0.000548
  0.000267
  0.001023
 -0.000903
  0.000967
  0.000780
 -0.002849
  0.000072
 -0.000507
  0.002027
 -0.001879
 -0.001012
 -0.000934
  0.001026
 -0.002157
 -0.007437
  0.001126
  0.001559
 -0.000716
  0.001280
  0.000503
 -0.002070
 -0.000854
 -0.002340
 -0.000893
  0.001000
 -0.000510
  0.000967
  0.000869
 -0.000004
  0.001493
  0.000578
  0.000217
  0.001081
 -0.000875
 -0.000028
  0.001022
  0.002498
 -0.001245
 -0.002017
 -0.000115
 -0.004653
  0.000306
 -0.001021
  0.001163
 -0.001235
 -0.001779
  0.003158
 -0.001547
 -0.000694
  0.000645
 -0.001635
  0.003642
  0.000541
  0.001734
 -0.002603
 -0.003765
  0.000619
 -0.002357
  0.001455
  0.001003
  0.000176
 -0.004652
 -0.001274
  0.001690
  0.000275
  0.003068
  0.001462
 -0.002031
  0.002289
 -0.000754
  0.001197
 -0.002391
  0.001360
 -0.000225
  0.000348
  0.002446
 -0.000553
  0.000053
  0.000954
  0.000309
  0.002428
  0.001634
 -0.003534
  0.001127
 -0.000662
  0.000833
 -0.001342
 -0.000215
  0.000058
 -0.000830
 -0.003191
  0.001400
 -0.001268
 -0.000277
 -0.002407
  0.000368
 -0.001284
  0.000720
  0.000869
 -0.000974
 -0.001521
  0.003163
  0.001370
  0.000523
 -0.000562
  0.001833
  0.000514
  0.002650
 -0.000607
 -0.000496
 -0.002331
  0.002418
 -0.001605
 -0.001667
  0.000607
  0.001697
  0.001999
 -0.000850
  0.000498
 -0.000099
  0.001703
  0.001235
 -0.000042
 -0.001675
 -0.002602
 -0.000139
  0.006025
  0.001063
  0.003237
 -0.000310
 -0.000401
 -0.001560
 -0.001522
  0.000200
  0.000940
  0.000890
 -0.003244
  0.000898
  0.000626
 -0.000650
  0.002223
  0.000056
  0.002268
 -0.001508
 -0.002359
  0.000899
 -0.001242
 -0.000930
 -0.004014
  0.001583
 -0.001260
  0.002253
 -0.000383
  0.001841
 -0.000303
 -0.000004
 -0.001975
  0.000536
  0.002769
  0.000843
 -0.000007
 -0.000476
  0.000384
 -0.002163
  0.001263
 -0.000525
 -0.000418
  0.001113
 -0.001354
  0.000481
  0.000384
 -0.000742
  0.000586
 -0.002183
  0.001011
  0.000984
  0.000174
  0.000882
 -0.001447
 -0.000729
  0.001643
  0.001511
  0.001689
 -0.000500
  0.000879
  0.001481
 -0.001210
 -0.000170
  0.000198
 -0.001176
 -0.001221
 -0.001004
 -0.001158
  0.001286
 -0.003369
  0.001839
 -0.001394
 -0.000136
  0.000346
  0.000654
  0.001974
 -0.001403
 -0.003312
 -0.001954
  0.001315
 -0.002440
 -0.000017
 -0.002474
  0.000939
 -0.000700
 -0.000753
  0.000825
  0.004091
  0.002223
 -0.000855
  0.001152
  0.003122
 -0.000428
  0.000086
  0.000129
 -0.000296
  0.000877
 -0.001600
  0.000660
  0.001231
 -0.000595
 -0.000130
  0.001341
 -0.000897
  0.000072
  0.000798
 -0.000249
  0.000706
 -0.000547
  0.001038
  0.001732
  0.000205
  0.001668
  0.001043
  0.002606
  0.000216
  0.000349
 -0.000710
 -0.000706
  0.001444
  0.000155
  0.000717
 -0.000299
 -0.001569
  0.000311
  0.000956
 -0.000199
 -0.000642
 -0.000240
  0.000753
 -0.000833
 -0.000769
 -0.001253
 -0.000505
 -0.000190
  0.000022
 -0.000223
  0.000757
  0.000584
  0.000267
 -0.000913
 -0.000166
 -0.000221
  0.000016
 -0.000075
  0.000497
  0.000092
  0.000610
  0.001696
  0.000346
 -0.000079
 -0.001755
  0.000323
  0.000553
  0.000441
 -0.000035
 -0.000479
  0.000165
 -0.000293
  0.000122
  0.000275
  0.000874
  0.000090
 -0.000610
 -0.000468
 -0.000168
  0.001328
 -0.000379
  0.000455
  0.000469
 -0.000268
  0.000474
  0.000071
  0.000991
 -0.000309
  0.000287
 -0.000035
  0.000738
  0.000203
 -0.000191
 -0.000420
  0.000326
 -0.000378
 -0.000004
 -0.000515
 -0.000545
 -0.000935
 -0.000220
 -0.001390
  0.000817
 -0.001299
  0.000763
  0.001467
  0.000545
  0.001684
  0.000383
  0.000897
 -0.000060
 -0.000923
  0.000100
 -0.000643
  0.000229
  0.000767
  0.000323
  0.000355
  0.000884
 -0.000441
 -0.000510
 -0.000653
  0.000302
 -0.001410
  0.000572
  0.000438
 -0.000093
 -0.000155
  0.000285
  0.000907
  0.000336
  0.000496
 -0.000169
  0.001106
  0.000094
 -0.000055
  0.000619
 -0.000359
  0.001238
 -0.000134
 -0.000386
 -0.000048
 -0.000905
  0.001810
  0.000379
 -0.000822
 -0.000093
 -0.000601
 -0.000648
 -0.000273
  0.000906
  0.001186
  0.000197
  0.001274
  0.000336
  0.000168
 -0.000614
  0.001985
 -0.000089
  0.000232
  0.000112
 -0.001145
  0.000293
  0.000626
  0.000887
 -0.001327
 -0.000539
 -0.000509
  0.000619
 -0.000734
 -0.000523
  0.001335
  0.000123
  0.000024
  0.000298
 -0.000214
  0.000468
  0.000100
 -0.001510
 -0.001083
 -0.000064
  0.000199
 -0.000072
  0.000027
 -0.000390
  0.000284
 -0.000647
 -0.000866
  0.001547
  0.001095
 -0.000452
 -0.000440
  0.001096
 -0.000642
  0.000744
  0.001575
 -0.000104
  0.000307
 -0.000896
  0.000453
  0.000479
 -0.000680
 -0.000525
  0.000288
  0.002649
 -0.000125
 -0.001480
  0.001023
  0.001003
  0.000092
 -0.001354
 -0.000518
 -0.000846
 -0.000852
  0.001027
 -0.001517
 -0.000366
  0.001165
  0.000845
  0.000889
 -0.001669
  0.000642
  0.000369
  0.000449
 -0.000411
 -0.000055
 -0.000438
 -0.000558
 -0.000352
 -0.000513
  0.000838
 -0.000531
  0.000334
  0.000411
 -0.000270
 -0.000463
 -0.000400
  0.000488
 -0.000240
 -0.000241
  0.000747
  0.000809
  0.000242
  0.000445
  0.000491
 -0.001536
 -0.000649
  0.000807
 -0.000255
 -0.000977
 -0.001243
 -0.000087
  0.001186
  0.000134
  0.001011
  0.001385
  0.000133
 -0.000653
  0.001269
  0.000485
 -0.000213
  0.000455
  0.000849
 -0.000445
 -0.000599
  0.001203
  0.000564
 -0.000986
 -0.000627
  0.000438
  0.000428
 -0.000409
 -0.000154
  0.000728
  0.000111
 -0.000516
  0.000703
  0.000186
  0.001657
 -0.000275
  0.000089
  0.000005
  0.001098
 -0.000264
  0.000144
 -0.000689
 -0.000368
  0.000917
 -0.001618
 -0.001647
  0.000667
  0.000571
  0.001439
  0.000074
 -0.000318
 -0.001457
 -0.000600
 -0.000385
  0.000067
  0.000433
  0.002506
  0.000047
 -0.000331
 -0.001707
  0.000246
 -0.000992
  0.000798
  0.000822
  0.001013
 -0.000697
 -0.000764
  0.000973
  0.000171
  0.000573
  0.000196
  0.000457
  0.000383
 -0.000351
  0.000124
 -0.000644
 -0.000339
  0.000459
  0.000010
 -0.000443
 -0.000573
  0.000530
 -0.000415
 -0.001234
 -0.000352
