5.268885676680715
4.5253870584250215
3.5591964300520633
3.4476696699333806
2.9278417680229905
2.652583728520178
2.508000578103343
2.4121026672623014
2.3419894204379594
2.132682363887079
2.065046715075729
1.9592099734653776
1.943224471464283
1.8583365274263879
1.8329354202155652
1.7723800183642429
1.7477813283731596
1.718713978375482
1.5990309686261621
1.576677027392357
1.5409082977902007
1.493508555980604
1.4308134117258196
1.4135713647788564
1.396068103940095
1.374791822661917
1.3375618795531974
1.324803856808051
1.2998163026648395
1.2359277784500722
1.2304671787546593
1.2104378891614782
1.186174947705179
1.1612096156983616
1.1577301273954856
1.1282810886212333
1.1163936009122581
1.1082552329138355
1.0991417314342664
1.0812996771528418
1.0621758517456643
1.0444206176772597
1.039018014030093
1.0296709142718958
1.0227996551376295
1.0073068750094838
0.9883155250988348
0.9765435551475684
0.9737228611435131
0.9646878349547537
0.9442606425021987
0.9348055553613095
0.9252396559329985
0.9122678667199079
0.9000031937949827
0.8903208965334564
0.8874020229237383
0.8717801062676329
0.8689919405542404
0.8629658263011913
0.850722376258577
0.8413523651439188
0.8353623671882873
0.8324504373691618
0.8271214912636866
0.8215454240613665
0.807025454876569
0.805414108191948
0.7984778198860485
0.792256519509608
0.7803758368172086
0.7764051044134318
0.773818877393584
0.7638853650681308
0.7608333865962309
0.7541026705738935
0.7535135706261238
0.7452596559873184
0.7399780339984725
0.7391647818971686
0.734442905024739
0.7254272302358932
0.720761409925042
0.7163434224105225
0.7129116664355256
0.7047007591132654
0.7020974655948572
0.6966451659296815
0.6954869915712332
0.6932393116530629
0.6787141680923819
0.6712411025090961
0.6700957872359218
0.6672494645448758
0.6653725264044295
0.6636398561431139
0.6597938355238417
0.6545683810016145
0.6520205940896723
0.6503779182784271
0.6492256842984289
0.6389327759616664
0.6378384717216771
0.6329897131141223
0.6315218248881151
0.6269244293539454
0.6230957233656044
0.6204177930086835
0.6152917397856195
0.6146377570209884
0.6112257725949766
0.6056211463828223
0.6027717465749886
0.601278162386851
0.5987521350244606
0.5962124843843238
0.5937716311544416
0.5923252864034766
0.591519146633632
0.5876018096812248
0.5848562436211813
0.5838619491341582
0.581622543834262
0.5782139310906996
0.5742661290330985
0.5719498378027879
0.57005029590392
0.5678210237901732
0.5633535268604942
0.5615809764269191
0.559521725496393
0.5590958450633781
0.5550905591793949
0.5521509715479757
0.550251184781088
0.5484793074147145
0.5466867651726226
0.544704080256183
0.5442949642918771
0.5433319942857024
0.540027121737169
0.537524825028259
0.5370494323696792
0.5343208919899889
0.5295975277841874
0.5277980588188008
0.5266849148012841
0.525766885619688
0.5220654830071173
0.5191268781719208
0.5180256745395518
0.5161244939631414
0.516046151028982
0.5139329421394349
0.512445655390848
0.5102597201079245
0.5088871341849717
0.506408745660021
0.5050270131732888
0.5026514663821211
0.5015166553459417
0.49826228424892643
0.49577225342455444
0.49500308929777476
0.4937516007933748
0.4919033662675292
0.4905691201524158
0.4896270681194319
0.48810595124052064
0.4870609325839597
0.48623591034816876
0.4859513185061177
0.48372258447176214
0.4821256281675706
0.48139277217920723
0.48033115562388495
0.477537865860473
0.4760124208532633
0.47509598282985066
0.47435877497055473
0.47208264387040655
0.47166955291136986
0.4698657736455934
0.46939503670182864
0.46644503990804875
0.4659127659527843
0.4639800827765416
0.4624127399089239
0.46076386805040137
0.45996034080348946
0.45898078072061627
0.45580649043124155
0.45571739038036096
0.4543891523751842
0.4531999560035498
0.45227107404615213
0.4510880272033509
0.4494248726101003
0.4484596854133178
0.44778181927954946
0.446550068462125
0.4452322825764015
0.44467894654506185
0.44429252430700633
0.44138718355048034
0.4406094973813858
0.44002317795724316
0.439551395676339
0.43834316389040723
0.4374059314311963
0.4367989060887793
0.43570271952818757
0.4327171108965858
0.43251501320074986
0.43044498971524603
0.4295924501602502
0.42808200476921976
0.4260462305240059
0.423738227826449
0.42350956355674535
0.421706666072487
0.4208670034869088
0.42007044228986623
0.4185263000894198
0.4182170729434305
0.4171056043888987
0.4168088722443789
0.41593725525356307
0.41414754637775053
0.41382750535360907
0.4118037219011648
0.41101465018939676
0.4087596228893873
0.4081992745503155
0.4079368029466355
0.40710972567023834
0.4061024239850186
0.405450259387968
0.403142024315378
0.4025844427716263
0.40092990129938577
0.40003258786570994
0.3981855920778221
0.3979930415169452
0.3963713800342404
0.3955426765393932
0.3953564601130283
0.39391668287574716
0.3928379339515915
0.3926623901642977
0.3907238762408508
0.3903362501576782
0.3895265574630608
0.3888762754390738
0.38830532043023336
0.387357398584717
0.3863153534985986
0.3845508770948934
0.3834343502253218
0.3824433737516475
0.38145683722532997
0.3805375563321724
0.3803765233846289
0.3795832057370209
0.3779857663227396
0.37766538867825056
0.37648028453336363
0.37530808184091374
0.37456406265523906
0.3740171780256935
0.37237607975634707
0.37160492166685105
0.3702827201394641
0.3690540900530842
0.36828088647100243
0.3678656208695967
0.36533420165065367
0.3649556939514488
0.364194601290669
0.36313519099709907
0.36297681184825686
0.36268395419799854
0.3614622880209681
0.3602857700703808
0.35917110230514565
0.3588365035674137
0.3580185828453102
0.35722573192855334
0.3569853980446818
0.3554876319657546
0.3551343594353327
0.35461296386838664
0.35362702070686947
0.35291764816709287
0.35234257290671245
0.35126475857670153
0.3502293656486467
0.3494634475684991
0.34866633924199597
0.347475638717784
0.3471318827326606
0.3461165768167168
0.3444988754704563
0.3438044725866189
0.3427528743117654
0.34230138909182733
0.34187689423626094
0.3402567606213264
0.33947677345791344
0.33844565495499784
0.3366385617705236
0.33601434782953493
0.33454179439856635
0.3338971578746002
0.33307586390926947
0.3325043616337086
0.3309493810117704
0.33002494597074117
0.32972146358030846
0.3288021286623834
0.3285809801762516
0.3278326168122784
0.3269984417606331
0.3254737645451177
0.32522140422799134
0.32425058923576516
0.32269155797120613
0.32121240417059793
0.3208908170725177
0.31947667194786555
0.3191787841839052
0.3177458879056396
0.31694714779542515
0.3157942595764087
0.3156898338998452
0.3146763720900417
0.31295558407621604
0.3123008279422082
0.3114892967521766
0.31137611234929735
0.3100645040738837
0.30908762793112
0.307664019468684
0.3069963815130072
0.3053311240386754
0.304376663291053
0.3038423112672152
0.30313123478452403
0.3027431731837198
0.3017769502548631
0.3008852010630089
0.299512508915551
0.298793780432259
0.2979311636385249
0.29551435997003916
0.29458683783782175
0.29286007931894475
0.2907835410075446
0.2907651767035766
0.28859630144023224
0.28855663486195954
0.2880490663042144
0.28732327783946615
0.2860469166423433
0.2840221676018625
0.283363449860817
0.2815840496028758
0.27999171381375215
0.27863688329898717
0.2785732247300054
0.2772905432795767
0.27619716665969557
0.27487212973411884
0.2735329469952288
0.273236694451549
0.27006218766032697
0.26675201396556025
0.2643779618715449
0.26218127230884086
0.2607407526505272
0.25992910078745746
0.25587537224788093
0.2549631936905053
0.25453663990272524
0.25184438925204655
0.2512809545536191
0.24951995821978332
0.2488737954364984
0.2487385063556473
0.2465302771465176
0.24531453659918212
0.24354497055827953
0.2418348126378285
0.2402437340250809
0.23850617415951253
0.23726742305382864
0.23675082743254441
0.23430004740981142
0.2327048172336766
0.23108210037902696
0.22900515432493476
0.22666928166538972
0.2246688874998627
0.22276377213962356
0.22169028452848014
0.21902017384147482
0.21892320516073926
0.21789030176901214
0.2161064301724185
0.21533719620177338
0.21479098086504117
0.21382845465016126
0.21282000323128844
0.21196711208838212
0.20953884587324112
0.20890109834831921
0.20549751583717735
0.20417282651802826
0.20088313334649693
0.20023167510135684
0.19974062649747396
0.19949879667764028
0.19885522434856628
0.19842753968582502
0.19733255737256436
0.19720438932626622
0.196035056304765
0.19583615726331144
0.195449056544979
0.1947731412339488
0.1944271384634171
0.19365158497509383
0.19324361167488008
0.1926543069902185
0.19203036462854725
0.19171268985415238
0.1900960464213315
0.18882072980463946
0.1879218383957793
0.18621972910823847
0.18579258766189127
0.18542945893367535
0.1844764513519964
0.18391706593971824
0.1837220364757501
0.18331429814789438
0.182890239528295
0.18137280015547402
0.18080844879663105
0.17959358920047147
0.17926581580492063
0.17848389633810655
0.17760766592696797
0.1772835559384288
0.17703080365813634
0.17624606947435886
0.1750105389772009
0.17486336373713263
0.17446730869253468
0.17391360519397828
0.17281953927953034
0.17259419252229038
0.1724330738287612
0.17224539071118758
0.17169693499527142
0.17133865608368046
0.1707819466495063
0.16970803456865713
0.16882265167165583
0.16863297052977017
0.16827029704572719
0.16686697971709483
0.16603954208380284
0.16560993009038608
0.16525987200394926
0.16521158457538748
0.1649606113379786
0.16417963383992037
0.1641053616253322
0.16374968323810885
0.1622438520853272
0.16202861860473655
0.1614102810062641
0.15958411574834042
0.1586646796994766
0.15864114969366647
0.15823188531819415
0.15784573376655558
0.15771372059812538
0.15743509264466188
0.15731462776257965
0.15688498817145646
0.15639165717989967
0.15581265331435556
0.15531693747495742
0.1546279178662645
0.1539183178479896
0.15333527991102522
0.15264115097104697
0.15147505820426752
0.1508848739243067
0.15040273496487583
0.1502555961727716
0.15018185280370205
0.14978738806347316
0.14958360679491328
0.14942889977721438
0.149417443315627
0.14809832595990913
0.1473971255422837
0.14707078485761269
0.14584567137083135
0.1454452797382137
0.14490218647492334
0.1444370894264091
0.14372018504723563
0.14300427729981238
0.1423175114811949
0.14188082833739865
0.1416064209660703
0.13995310624499288
0.1382204805324237
0.13770250210052037
0.13674656432503088
0.13646241842584564
0.13643389706547715
0.13545711019141493
0.13515918942048283
0.13503577537010747
0.13484430951490203
0.13411356723260034
0.13309946044747836
0.1326712376388362
0.13231333431276648
0.1314755617387515
0.12977230594829972
0.12862970817272507
0.1281500019008231
0.12776377159100008
0.12637027827687577
0.12570997364431324
0.12482898426212989
0.12405686815907936
0.12116917438098065
0.12115292963523792
0.12025086520803213
0.11866546643936246
0.11829988701190727
0.1170208259785783
0.11600119508940154
0.10722431077232826
0.027918040963266
0.027723436352128497
0.026887048496335404
0.026294984085732616
0.025756397458498854
0.025246335561043807
0.02472981145821648
0.024422602324819454
0.0243822398883893
0.02430207531811863
0.023600609579571726
0.023433435813834808
0.02333025416458187
0.023052742513931922
0.02292538056917673
0.022897123601331823
0.0225377498137252
0.022421912298283008
0.02240658953607053
0.02231804136837452
0.022163881202173885
0.022063553703040185
0.022053549455781016
0.02192654338361082
0.02183332857176651
0.021762226838719534
0.02175036449839655
0.021694296580626313
0.021592209689450453
0.021262826870051106
0.020949227538434072
0.020853067901774585
0.020737103083213082
0.020704713708754263
0.020387149808047383
0.02026023521290951
0.02021263129943375
0.020177140810754068
0.02009531353147652
0.019953830412977165
0.019837570833272724
0.019762244974257683
0.019737417486615675
0.01941108062471575
0.019197336756435462
0.019112129196909182
0.01903091016874617
0.018989295367613453
0.01898599898596393
0.018894568986368154
0.018815792824616963
0.018800940571310196
0.018769358869707927
0.018734785116511016
0.01863863238580436
0.01856603554265022
0.018525380303548004
0.018495678306613705
0.01848710930095128
0.018478575708769103
0.018399935985930673
0.018382431448744737
0.018219462600098837
0.01807919496533703
0.018070236422829053
0.018036756303182813
0.01795035100880847
0.017881900181029906
0.01784706470168349
0.017741449541663065
0.017713940516375537
0.01768695211797468
0.017628683103176748
0.017613790193757802
0.017555578927092596
0.017537863134632483
0.01752688390558921
0.01751866525230589
0.017516888237354904
0.017505779544998202
0.017495785939293684
0.017493811359830937
0.017473069253063356
0.017465095816651604
0.017444831994310957
0.017427389940351316
0.017423168522859456
0.01741484058520643
0.01736643234353774
0.017343753195203992
0.017330015409290786
0.01732876192653486
0.017324027343862673
0.01731663503705347
0.017309198397964035
0.017307894810874073
0.017306374625503964
0.017297632885168238
0.017284801181987035
0.017282894227086388
0.017264461155026424
0.01726061508594497
0.017253546006568928
0.017244085428062113
0.017231525325563143
0.017227693463050957
0.017222349776147707
0.01721976654721543
0.01721075280836358
0.01719661342314806
0.01719440055157912
0.01719385692528029
0.017187634189131558
0.01718003857811646
0.017172948513702335
0.017155103772159827
0.017150982307063935
0.017149504712769766
0.01714201135168618
0.017141129900256225
0.0171314447208977
0.017130829231477334
0.01712405909728689
0.01712070925955817
0.0171185743566139
0.01711306621689068
0.017112185329804068
0.017111441265950263
0.01711108189229492
0.01710866779476571
0.017108404191655793
0.01710743352206956
0.017107146070652477
0.017105728094124577
0.017101830445326864
0.017100952210729624
0.017100904761854246
0.017100657432088773
0.017096816933635867
0.017096557536787228
0.017095645319192828
0.017092636342058973
0.017083968703734433
0.017083813649287034
0.017081984314209923
0.017080178410764434
0.017076834637853477
0.017072994988797215
0.01706879116576889
0.01706157030278786
0.017056728807667374
0.01705524667296002
0.017052434165996343
0.017050004190302878
0.017048464943403625
0.01703197849255819
0.017015952503719307
0.017013504686885
0.017012130496121776
0.017009838326506297
0.017004590235286183
0.016996333894064818
0.016991564396940818
0.01698233243568695
0.016980280739986194
0.016978575166353798
0.016974005604690545
0.016972020059996634
0.01696671635748897
0.016935452624000553
0.016934212594201616
0.016932973239769198
0.01693099165299203
0.01690281154151734
0.016902039417344826
0.01689781800116476
0.016895562762530323
0.016889644299224415
0.01688867808509227
0.016880718964011242
0.01687754596160409
0.0168621638803926
0.016857344554097434
0.01684819907143169
0.016847033174060406
0.016835993587992003
0.01681305582542525
0.016766001768523824
0.016762508298597954
0.016749739816769117
0.016741238991978904
0.016740248003812543
0.01673363188841419
0.016727882336515714
0.016717397602783967
0.01671283502364897
0.016703903228689504
0.016681846749261847
0.016658743027460676
0.016641989050587388
0.016612721717656907
0.016594209284107715
0.016584047403529874
0.01655834539676339
0.01651725911428408
0.016420210327988183
0.01639961591279431
0.016372684338531646
0.01628500313335282
0.016252747644839628
0.01624675484490594
0.016176185633405688
0.016043484019565124
0.016033551882156674
0.015972833282089552
0.015972742518053678
0.015971646876376335
0.015967788004166268
0.01592175830205612
0.015892202471207695
0.0158086276318803
0.015805671676786915
0.015799086067696838
0.015789484337485764
0.015744700376535047
0.015692785943209376
0.015680669679479644
0.015661748895022774
0.015622556739046134
0.015558473588296139
0.015443504718897222
0.015295130121569486
0.01529077696842875
0.015258313660493706
0.01518215555709287
0.01513934986455949
0.015117947265470073
0.015095466374485892
0.015072362253546254
0.015015598422408212
0.014888796965848433
0.014888631860848382
0.014856179988608454
0.01480975563460755
0.014693094788298364
0.01458383018217606
0.01456078614824289
0.014556328865211892
0.01454745724495376
0.014506663473165314
0.014501400880685513
0.014453855628887798
0.014452911084968238
0.014421816501282672
0.014387790339852904
0.014356717211545612
0.014354598242916686
0.014337476668436586
0.014236821073297483
0.014231676525984208
0.014212434231639688
0.014136291548971912
0.014124480959753355
0.014066585326288301
0.01395195316711113
0.013927678092431481
0.013923639473817468
0.013866157889716952
0.013776492524279949
0.013692534106674053
0.013611769474413683
0.01352984882602638
0.013439907362712484
0.013424640223245321
