           7   3.1991432238846353E-002   8.1026523955254686E-004
           8   2.7245448318237976E-002   2.2814920086933611E-003
           9   8.4033878559297170E-002   3.4996590863051158E-003
          10  0.43821020557203771        6.8386425040553268E-003
          11  0.28794204869152706        8.6945475620110891E-003
          12  0.13640121272790054        1.2069466275523501E-002
          13   6.8884277480224146E-002   2.2157262240591120E-002
          14  0.20900028068146392        2.2910444348501525E-002
          15  0.14511905155492874        2.7125693675874321E-002
          16  0.27797859642053102        3.4433938248448204E-002
          17  0.25998892804077245        4.0867353401215917E-002
          18  0.46554443480037255        4.4925362703138523E-002
          19  0.18112490418146518        5.8107687903837794E-002
          20  0.28086176802192192        5.9829100334519263E-002
          21  0.32569918091861588        6.6002497532964499E-002
          22  0.25114963489673342        6.6495290481661182E-002
          23  0.27591780143792566        7.0408944191408029E-002
          24  0.18885031557791998        7.9212790735516833E-002
          25  0.19183154749895298        8.3044312030443171E-002
          26  0.20395219977976287        8.9048701640326661E-002
          27  0.10899120891250008        9.6514822326892721E-002
          28  0.32198002798662606        9.8196187497599591E-002
          29  0.22475913589498919       0.10769670054904860     
          30  0.31110209546071871       0.10823159712381811     
          31  0.52370770320706173       0.11885563654626942     
          32  0.28471891604696725       0.12493755132283639     
          33  0.53228180015593174       0.13583021884353172     
          34  0.26283407603884273       0.13987325984914631     
          35  0.24392827906657508       0.15155029534529738     
          36  0.40238209647567308       0.16172029354650533     
          37  0.31744847933396603       0.16927380778208134     
          38  0.45924540475256542       0.17365018693080794     
          39  0.47379099688065590       0.18890965322074929     
          40  0.55746818509446838       0.19363959128885203     
          41  0.58993076245333931       0.20059706746085179     
          42  0.48685059186705160       0.21404671597607297     
          43  0.59807802172656976       0.22233912923948146     
          44  0.20951917207630369       0.23178657167460892     
          45  0.31011590375175813       0.23276546393992964     
          46  0.34636654287534935       0.23719397846887191     
          47  0.29633054674773746       0.24611948556859392     
          48  0.46206128332985696       0.25138545829149123     
          49  0.43732641327758565       0.25830483086549200     
          50  0.71285370218783151       0.27617616270480266     
          51  0.47982105640153772       0.28553106330366196     
          52  0.57684981941832070       0.28756092415693085     
          53  0.54262736308504733       0.30797930843593130     
          54  0.48805350483972731       0.30968174094628953     
          55  0.37086941038838817       0.31623830998111668     
          56  0.58826195063053954       0.32306661539213072     
          57  0.64240857205718305       0.32409599287572893     
          58  0.51578841612511050       0.33405351549690249     
          59  0.29713871325579300       0.34117429492139456     
          60  0.45220376914320193       0.34747233777415637     
          61  0.44585964606306827       0.35235149376150499     
          62  0.46258326891816964       0.35929098850369517     
          63  0.34385553714303885       0.36765151152385867     
          64  0.45856881821712764       0.37229478230636892     
          65  0.46146901381072436       0.37967286495576569     
          66  0.38448308414093574       0.38392737593820431     
          67  0.53829223971619256       0.39245008575701479     
          68  0.45556997870706289       0.39914557614006263     
          69  0.37903177711907743       0.40326088942281269     
          70  0.43678236388072966       0.41174921330046010     
          71  0.55927991931713106       0.42143321235707532     
          72  0.50917213949236384       0.43100546413197410     
          73  0.30240117277493744       0.44091216128113664     
          74  0.56877696481114737       0.45495387415625749     
          75  0.44625311093704156       0.45988123624342175     
          76  0.45394473033360194       0.46925409734377460     
          77  0.27809672299889848       0.47838099605145851     
          78  0.36997317233503813       0.48775415062247751     
          79  0.52485419876120798       0.49055406304121052     
          80  0.38758847407723979       0.50820023720168506     
          81  0.44659056195780411       0.51646012668046970     
          82  0.44246381168332710       0.52062877809273700     
          83  0.51558484157988171       0.52379754688097380     
          84  0.50145349764899216       0.53199343208336258     
          85  0.45256837797955557       0.53499498404899282     
          86  0.30795671844354860       0.53841724049326067     
          87  0.38705813574638648       0.54759086625755693     
          88  0.31990261188164160       0.55941728846686944     
          89  0.47530135291938319       0.56962243703709781     
          90  0.39127138237154263       0.58193461827833881     
          91  0.40658315412790003       0.58687834233241654     
          92  0.52497137220584922       0.59866437947459183     
          93  0.49172046200903324       0.60865336874941389     
          94  0.35103391110548143       0.62075113274836091     
          95  0.42643096908262312       0.63356123086613492     
          96  0.20481892172402888       0.64070320686674698     
          97  0.23768885801376349       0.64271054058705535     
          98  0.34391991419871454       0.64459122733951169     
          99  0.49305255890424809       0.65944728945669007     
         100  0.41249763581785320       0.67326237024938562     
         101  0.45066475122494470       0.68290423432746272     
         102  0.36478063681776057       0.69085842601460246     
         103  0.49026946547635347       0.70123131397095351     
         104  0.51291039806956196       0.70773385860162097     
         105  0.55756052366009889       0.71552032867312709     
         106  0.45960956278092058       0.72478244934228542     
         107  0.52069589882753808       0.73715460877500372     
         108  0.41291080003099556       0.74386403273030943     
         109  0.45301789528655434       0.75521300622943011     
         110  0.35994488453286916       0.76344918752954494     
         111  0.35358536427395204       0.76762118213852237     
         112  0.38785717897954747       0.77531351393067405     
         113  0.38557159823516818       0.78447888872710059     
         114  0.42941661451705709       0.78676062460767249     
         115  0.35731552397321359       0.79529949471498440     
         116  0.30612774047242758       0.80743859550724184     
         117  0.31569873881137822       0.81558934443211661     
         118  0.47164817864624609       0.84750185098386721     
         119  0.41526163143572009       0.85041361579367425     
         120  0.51032736307781856       0.86528380220894219     
         121  0.51794857524099214       0.87084548855218225     
         122  0.44057000369411381       0.88003811246689745     
         123  0.54412105324960147       0.89010370574160813     
         124  0.51646014220074632       0.89910569575842481     
         125  0.53080885180123960       0.90454329174868153     
         126  0.46451871903246694       0.92339527930803045     
         127  0.27179079518238602       0.93169231499083960     
         128  0.41365077735360234       0.93936841121082282     
         129  0.23972895415001719       0.94212175078372262     
         130  0.41684506724452047       0.95594135446338957     
         131  0.48603110941958355       0.95713935295573926     
         132  0.29701565571016675       0.96845451350813483     
         133  0.23196163029011427       0.97615862774272122     
         134  0.50411853486878400       0.99017777034928578     
         135  0.34045410034171497        1.0091328890690960     
         136  0.49615199214520439        1.0151592258447288     
         137  0.51008666857347107        1.0218914282575440     
         138  0.34651996593809170        1.0273791686099394     
         139  0.35026251791315605        1.0422192486958339     
         140  0.42526982853171752        1.0516317626133265     
         141  0.51844649771706186        1.0637815234265526     
         142  0.33369664342889083        1.0756361978008484     
         143  0.49759592556950294        1.0871876618755549     
         144  0.31188724880273894        1.0950607590215995     
         145  0.30246384792605630        1.1001765730846973     
         146  0.28719491285579563        1.1068532344121309     
         147  0.34924445959560368        1.1143385852096890     
         148  0.40230539258739534        1.1279987229127488     
         149  0.53411475807895825        1.1363904817653385     
         150  0.48895177301866793        1.1470527783770061     
         151  0.44790588832458400        1.1505481703803204     
         152  0.45547019424688551        1.1536563406139109     
         153  0.44328780921844330        1.1723210400996888     
         154  0.47161058932872613        1.1755935882437607     
         155  0.48930331381108044        1.1935695747937916     
         156  0.37308468755992052        1.1980991214704584     
         157  0.39167645640847171        1.2041683389647693     
         158  0.43677597502358306        1.2251567046802283     
         159  0.19570715520619517        1.2308324541885278     
         160  0.42183396779926263        1.2444454621083290     
         161  0.46138135739548397        1.2570298853274149     
         162  0.54421674086401439        1.2736532706615384     
         163  0.34764490854057795        1.2792863777853476     
         164  0.29612435759259248        1.2841822798936799     
         165  0.55360631461092791        1.2888481925415534     
         166  0.55985248609792182        1.2951652517194163     
         167  0.45254478947786519        1.3081822072939830     
         168  0.45610610096221232        1.3179635847247808     
         169  0.33558193303563988        1.3292054085685490     
         170  0.51515450125397033        1.3582794053712517     
         171  0.43870931877884645        1.3619516630354864     
         172  0.45106785855198817        1.3688782468300442     
         173  0.41115219981350265        1.3793498231677483     
         174  0.47039865859887048        1.3951232996971039     
         175  0.36601397736438668        1.4006740987958433     
         176  0.42111649662911838        1.4030412889873594     
         177  0.40268885520601089        1.4078531164460415     
         178  0.50613507388209900        1.4283782098147819     
         179  0.49373607356868054        1.4374073718536133     
         180  0.36920951103844285        1.4598888580406615     
         181  0.49034511122319835        1.4676988211416311     
         182  0.51039633209089341        1.4723231690292644     
         183  0.49307416833132528        1.4785643640106032     
         184  0.28476261888074084        1.4877260331029318     
         185  0.46017708497092108        1.5027329060626402     
         186  0.47765695111961720        1.5129926131593052     
         187  0.53039325601580900        1.5278040784716778     
         188  0.48389208342647783        1.5381172228698896     
         189  0.38750793232144409        1.5468522603819739     
         190  0.49204200243191282        1.5494364876883735     
         191  0.42326385011111017        1.5642703578095736     
         192  0.43950112932323193        1.5721858424298685     
         193  0.51793061508344596        1.5786362914857330     
         194  0.48317232855537190        1.6005838932808929     
         195  0.51737933973085726        1.6073904124732632     
         196  0.46314844670587302        1.6214001357532870     
         197  0.56256435160309093        1.6250676575463532     
         198  0.50341340625505582        1.6291139120679974     
         199  0.58391326708216806        1.6459879259798234     
         200  0.54595050448309768        1.6529812538880138     
         201  0.50627187419249331        1.6555071043464573     
         202  0.39055207334020242        1.6719120612608240     
         203  0.53085657961689514        1.6823312513431248     
         204  0.47772901837785642        1.6938085477128195     
         205  0.45510346123353373        1.6988078598766343     
         206  0.51926573657054487        1.7047319013580611     
         207  0.47584346002078404        1.7200282218674579     
         208  0.54419373917328895        1.7285176258957049     
         209  0.36153385593299464        1.7343308766885448     
         210  0.48956510948635640        1.7410639777076089     
         211  0.51219441046161895        1.7669065807009114     
         212  0.45362769417962767        1.7757150212451984     
         213  0.44979688791168465        1.7796943075802401     
         214  0.58610386472918818        1.7826852407209750     
         215  0.50115851248586341        1.7980793186265682     
         216  0.44954804209219568        1.8026956853901090     
         217  0.40751667537493963        1.8133133911311632     
         218  0.49066476728893677        1.8433728910460745     
         219  0.48558616081463396        1.8492363527616504     
         220  0.38030850949119932        1.8556528203491518     
         221  0.51838231047129579        1.8629675308116258     
         222  0.55717540383721809        1.8704481668853676     
         223  0.58602355200765488        1.8747909190689831     
         224  0.43540340483055934        1.8927361000323422     
         225  0.42446245376735658        1.8960759786942354     
         226  0.37649913632535842        1.9037807124237776     
         227  0.54892557383958762        1.9051481984078398     
         228  0.49990196887578980        1.9195358413303039     
         229  0.45735261095982160        1.9309892769476835     
         230  0.54302078522726893        1.9465992351555284     
         231  0.50688343669646296        1.9509739880634742     
         232  0.52956321140146656        1.9583772464421969     
         233  0.47310750713246752        1.9652766880824710     
         234  0.52518827512253119        1.9770325748835955     
         235  0.52185580069272852        1.9894463682779746     
         236  0.50845028142589210        2.0049548269536861     
         237  0.54216536557978690        2.0207532416747465     
         238  0.44408168055052621        2.0248527126428497     
         239  0.45315481349813430        2.0331197827033849     
         240  0.47055788163028256        2.0460631926188122     
         241  0.25453479854893990        2.0473245591275462     
         242  0.37366530207536114        2.0568717095994344     
         243  0.47196230937118649        2.0643736479073156     
         244  0.37087960527238661        2.0737098003424039     
         245  0.45243281669618418        2.0824698273868694     
         246  0.50049990097214603        2.0992625388062960     
         247  0.47365874320714013        2.1104746617065753     
         248  0.44853203393385144        2.1119854909674549     
         249  0.49471056768615251        2.1231301329946310     
         250  0.47347426348878108        2.1349593517342207     
         251  0.45843984985636621        2.1356599096196907     
         252  0.58232739865111272        2.1583615200522672     
         253  0.47413177014527635        2.1604487056791064     
         254  0.54484444837867707        2.1795007853381931     
         255  0.45822613062142814        2.1864518863904512     
         256  0.59673251816106854        2.1935445277372780     
         257  0.43531797827228474        2.2032801380002494     
         258  0.51900072965153954        2.2056739340019349     
         259  0.32247389826752904        2.2267303580601037     
         260  0.48035766960586385        2.2349887923011722     
         261  0.30772976622118053        2.2448318312927880     
         262  0.36239273645951559        2.2483932642760345     
         263  0.52241932772919231        2.2544011831334649     
         264  0.46892437770137541        2.2682498887815292     
         265  0.47341778859177136        2.2686283073812978     
         266  0.48522456355023069        2.2801373733401182     
         267  0.55435798097372357        2.2881712936669740     
         268  0.37444470398325913        2.2933930553002817     
         269  0.17406476791730510        2.3033810095306615     
         270  0.37540180214750984        2.3138604582018369     
         271  0.42638356251755372        2.3238160571886581     
         272  0.50959306734445320        2.3312930095396909     
         273  0.53909765634272788        2.3420762599656801     
         274  0.50283033446811753        2.3649896365731697     
         275  0.41743320790832877        2.3783739174359804     
         276  0.54627557727726483        2.3859659524924064     
         277  0.40496075739506970        2.3886574228480435     
         278  0.47104314192453189        2.3973606941828058     
         279  0.49626472374349390        2.4069782847546963     
         280  0.41009012687443064        2.4127175372940206     
         281  0.52181441616689261        2.4244627797783154     
         282  0.58497985511860284        2.4390298996945723     
         283  0.51213856732671115        2.4445602780267444     
         284  0.53091656938065246        2.4505326061920960     
         285  0.57130994347022712        2.4558606027125474     
         286  0.45772670150533445        2.4606612122004510     
         287  0.43742798413930728        2.4787810388610318     
         288  0.51347430746189660        2.4873223556394781     
         289  0.41704298326402772        2.5018298047571221     
         290  0.55051967546671077        2.5128063805729477     
         291  0.46259946802549584        2.5210741256665892     
         292  0.42621187261509896        2.5261584074354841     
         293  0.44506878267628569        2.5392819736932406     
         294  0.32363086004045288        2.5431810542521549     
         295  0.50145612991722766        2.5528879566279832     
         296  0.48950604413463999        2.5698235301542502     
         297  0.49930738228252258        2.5789536299705262     
         298  0.41671954245356008        2.5852820099401512     
         299  0.39330907641219010        2.5936232281298786     
         300  0.35829700214012827        2.5943256473598946     
         301  0.53271010549623687        2.6069988593942406     
         302  0.50708772862995666        2.6181864789853955     
         303  0.48282554797939214        2.6328769136879706     
         304  0.44702933739757894        2.6367725175261478     
         305  0.59551374545390801        2.6526289124981357     
         306  0.43381406312797988        2.6549867645333314     
         307  0.50950130992595033        2.6680582345730830     
         308  0.49728643342165713        2.6698766197430888     
         309  0.46605349615657687        2.6769722763529087     
         310  0.21896413141927604        2.6933790307214331     
         311  0.41553480028772255        2.7037934535419237     
         312  0.47473121863896206        2.7100790778295814     
         313  0.49305482653428279        2.7208852582835568     
         314  0.55989660331502145        2.7310610939853741     
         315  0.37962590421967590        2.7487680611656105     
         316  0.54042213155821028        2.7560872622916031     
         317  0.38761703456151997        2.7684622058603168     
         318  0.51542287176415180        2.7786964829893650     
         319  0.50645209944390857        2.7946771374306412     
         320  0.29739664131191501        2.8013977639048786     
         321  0.45284287370055626        2.8130394001259633     
         322  0.46078120876451623        2.8280080357653659     
         323  0.57666300442451957        2.8408618854200252     
         324  0.48197699267328842        2.8537145346936450     
         325  0.22581709140443310        2.8591010370687586     
         326  0.48132883898191109        2.8636231938869181     
         327  0.48415168453219803        2.8692609456752001     
         328  0.48173801077627565        2.8753323210382935     
         329  0.26540701648506415        2.8845583353350919     
         330  0.52668742989898942        2.8900616011177505     
         331  0.49126088395751372        2.9054396478878153     
         332  0.54161452466248794        2.9072715788433618     
         333  0.13632066710971522        2.9144133167799198     
         334  0.50110916995510246        2.9246342999457058     
         335  0.27223830104699337        2.9401488726585265     
         336  0.44358627766514847        2.9427119400969151     
         337  0.36884133120515189        2.9449286974100257     
         338  0.43159303453437942        2.9512082055108007     
         339  0.58548774211652699        2.9760669630692838     
         340  0.52837255964548546        2.9809065061791538     
         341  0.53874129920321490        3.0094076529107814     
         342  0.41210054471408264        3.0115023889753387     
         343  0.51478351102140174        3.0170145590934609     
         344  0.37893209961810559        3.0379617203112037     
         345  0.39278554168708896        3.0440689168087776     
         346  0.51895076336340240        3.0517513100058200     
         347  0.54264963952685352        3.0579351881936105     
         348  0.51748757569834669        3.0636978778380102     
         349  0.34075094960229829        3.0744226386725844     
         350  0.48346509085156053        3.0894396369885313     
         351  0.51520334509591259        3.0936822327745408     
         352  0.55357460420264248        3.0966593218067731     
         353  0.54475284148320280        3.1054034764794096     
         354  0.41880868185848091        3.1247841180879248     
         355  0.54873805825512934        3.1320965774292975     
         356  0.34952333742835368        3.1353383779645880     
         357  0.34457993603119902        3.1461973553982094     
         358  0.48860074847468238        3.1574589537402744     
         359  0.47299304763779759        3.1618571691270279     
         360  0.51211898653643528        3.1710612335161024     
         361  0.56218352551503226        3.1806470643153593     
         362  0.37745854877472756        3.1857971583354980     
         363  0.28715648235246033        3.1916196125661447     
         364  0.36003268050188014        3.1995189927175862     
         365  0.53717365274299755        3.2150118721045224     
         366  0.50439904061984875        3.2236702521693257     
         367  0.42458051862862345        3.2262414528754895     
         368  0.50939775603753767        3.2355331157430922     
         369  0.54262714144150859        3.2485708044438759     
         370  0.45637366455378947        3.2548804588851881     
         371  0.54694548677471333        3.2653061296157562     
         372  0.53312527327658177        3.2835871075849550     
         373  0.55735337038523836        3.2849632035364955     
         374  0.43829317009395113        3.2921505315285975     
         375  0.49055366293445418        3.2948087149471199     
         376  0.38443777223207620        3.3120604992369245     
         377  0.52933488990204680        3.3235479363154878     
         378  0.33433742590117727        3.3291966359870155     
         379  0.45259843730703792        3.3335759648389325     
         380  0.42817061177822258        3.3402672996123761     
         381  0.41742648040303498        3.3486791322351199     
         382  0.38428047810817328        3.3504684399981857     
         383  0.52452043730022491        3.3726047412783395     
         384  0.41731407988397973        3.3863934640019795     
         385  0.59636259771812727        3.3972652266895587     
         386  0.53404473827735421        3.3995941870685353     
         387  0.42361792431991357        3.4059612526122804     
         388  0.53027193755279844        3.4165061364145424     
         389  0.47759737886651304        3.4257831002562544     
         390  0.51030814395547408        3.4318168882190396     
         391  0.43227798942474716        3.4415387237127435     
         392  0.40371833486294195        3.4525985893821205     
         393  0.56833117722486648        3.4721248503063897     
         394  0.50259706866863330        3.4729364658869848     
         395  0.49843751059593489        3.4807236906745769     
         396  0.41996432727022465        3.4909995025863565     
         397  0.49961247117414576        3.5001515333044448     
         398  0.51596122973851055        3.5054161580305290     
         399  0.40433660146418021        3.5087344774745644     
         400  0.55326676453516921        3.5181974516542756     
         401  0.43803976284552953        3.5237891041064824     
         402  0.42744511854877693        3.5373622701520442     
         403  0.42554632986864438        3.5409989678006020     
         404  0.39724044136453768        3.5576289814635085     
         405  0.52712309782456790        3.5593066391406771     
         406  0.51115257756716892        3.5693652531377578     
         407  0.16036584633470782        3.5752969516529376     
         408  0.50572409207076063        3.5790679436620563     
         409  0.51424610695080575        3.5818776110310186     
         410  0.37937363276991359        3.6037869713361848     
         411  0.32616064211790680        3.6123534664844263     
         412  0.44108202852622513        3.6367375757306748     
         413  0.50124855330240592        3.6424058471026988     
         414  0.55609561604826818        3.6461303836108252     
         415  0.45617953087662977        3.6587499349365480     
         416  0.52437150327350190        3.6656822343041333     
         417  0.52053131603569880        3.6805674749450015     
         418  0.52275389661458327        3.6882883992407951     
         419  0.43656043832949459        3.6978551320039283     
         420  0.53288613140792829        3.7095984038877776     
         421  0.45097630844066539        3.7141757360029484     
         422  0.47957059035329486        3.7239447720899106     
         423  0.51429112394923815        3.7287330176429934     
         424  0.49941034385800681        3.7406545212964595     
         425  0.39340478128847750        3.7509231196219979     
         426  0.48386616592756682        3.7577438178889770     
         427  0.49790044983543630        3.7741481660824543     
         428  0.49782310221783477        3.7992057294585302     
         429  0.49766908483676303        3.8057932667035068     
         430  0.56441773145753305        3.8182068102210902     
         431  0.56559329657812285        3.8234127216139058     
         432  0.37010281975559445        3.8259323101330982     
         433  0.48844693388050725        3.8427164917566969     
         434  0.41115472547616816        3.8455602293917464     
         435  0.53149872669354681        3.8623620866910331     
         436  0.51627772496037083        3.8767811407179447     
         437  0.55548098760239084        3.8981928452062160     
         438  0.46662333120327537        3.9046461959493741     
         439  0.54137420423246463        3.9131331493213040     
         440  0.47778340359202831        3.9241943473067491     
         441  0.50993436298799033        3.9302926927938984     
         442  0.56139944801155661        3.9422919577761171     
         443  0.50163901233249375        3.9485078665788125     
         444  0.51871278633403062        3.9599668111879920     
         445  0.51849225861610748        3.9698161614548173     
         446  0.50621189125951760        3.9852497012905830     
         447  0.43105779324278792        3.9888305813190477     
         448  0.49036641609855880        4.0044623446282817     
         449  0.47261312471799044        4.0127165289476974     
         450  0.41883599941857325        4.0198638138367118     
         451  0.25713668789747457        4.0318254971134717     
         452  0.36569508157506936        4.0372799881712789     
         453  0.52731530053905484        4.0407263152105148     
         454  0.33668902281740271        4.0501116923094802     
         455  0.47382605528596894        4.0584473283770777     
         456  0.45631772585545261        4.0653602272682745     
         457  0.45578176863024633        4.0786036625877111     
         458  0.50136826925603994        4.0955225349619289     
         459  0.61035407766393990        4.1080536430654373     
         460  0.54653538340888519        4.1123414545284094     
         461  0.36460826147534015        4.1274170765130309     
         462  0.43713247663799476        4.1364941115284335     
         463  0.51757808177795739        4.1393384065717989     
         464  0.51536478144468600        4.1677595573657902     
         465  0.48836231632519178        4.1792745946346033     
         466  0.52690243574674578        4.1883574067247231     
         467  0.36787630981197306        4.1963044698968845     
         468  0.53244167141396392        4.2208028439561183     
         469  0.24328673104436005        4.2265666816222849     
         470  0.40622188766643896        4.2364402848040665     
         471  0.32733741287551305        4.2425340057680891     
         472  0.47216892541802657        4.2562274035435426     
         473  0.59733847884034541        4.2765927378101090     
         474  0.54179226874131670        4.2817438248283555     
         475  0.46972387021789930        4.3044375519742291     
         476  0.54895975077921644        4.3222829010826516     
         477  0.51073665990524086        4.3298797015392649     
         478  0.50057633966143811        4.3394111586299005     
         479  0.49414388790687469        4.3452788802124678     
         480  0.52276868709432400        4.3611304676365279     
         481  0.41830123272104491        4.3851568307560731     
         482  0.57685579399810882        4.3921761326513051     
         483  0.41379855628042472        4.4057648609141840     
         484  0.50664624784730727        4.4232614144541200     
         485  0.31553911097953391        4.4271217952241209     
         486  0.56529145277771498        4.4376063631292624     
         487  0.55139993797847409        4.4499675170675124     
         488  0.48860173264006168        4.4747269561855285     
         489  0.45748917675469220        4.4792230702011997     
         490  0.52943380097567239        4.4868727304473728     
         491  0.52940830776476633        4.5081950350005435     
         492  0.47857580421720092        4.5164471333930365     
         493  0.46357179350426231        4.5258782719267820     
         494  0.46593019589196649        4.5478257590677451     
         495  0.52820267872918236        4.5529165772311888     
         496  0.50813164979389269        4.5566590398530682     
         497  0.45010242298832709        4.5646009626758595     
         498  0.50573763069733690        4.5679501633598099     
         499  0.54768715757208830        4.5813378401959630     
         500  0.44352780886457172        4.5970028498732978     
         501  0.50360335879298357        4.6141151809453422     
         502  0.61710804181550927        4.6259501017821973     
         503  0.47966152509438215        4.6290981195340457     
         504  0.51395985338162964        4.6406793378734612     
         505  0.45081015845997530        4.6528605874883029     
         506  0.34509066605489785        4.6899739526675752     
         507  0.49597198394315822        4.6929262054983152     
         508  0.50367680464411746        4.7140436846212017     
         509  0.47500278733964574        4.7250450958451946     
         510  0.48899008312491932        4.7535179172845181     
         511  0.53285487003419230        4.7648252785177441     
         512  0.47695156230492081        4.7684750426851776     
         513  0.51259322668298724        4.7749042391419492     
         514  0.46212789573747792        4.7870029025549137     
         515  0.35530851916813794        4.7980772851037452     
         516  0.48198759238946759        4.8165765268854877     
         517  0.49081468018954716        4.8402323277125427     
         518  0.48131275367340481        4.8424955447265257     
         519  0.52255256036550168        4.8471270105442255     
         520  0.35733465628566813        4.8609222035727004     
         521  0.53194186861005355        4.8831359821825915     
         522  0.52252024783646234        4.8926774584413435     
         523  0.40476806647169011        4.9054039594911822     
         524  0.46845589477194877        4.9275989134295326     
         525  0.53667550477183223        4.9370404331642952     
         526  0.49694915846396731        4.9475016734686967     
         527  0.46607364472597279        4.9608816543018248     
         528  0.49876920470521807        4.9706049475332641     
         529  0.52425181263922260        4.9939531518885900     
         530  0.61645290225599969        4.9963042698557762     
         531  0.49509091043035808        5.0171562511907810     
         532  0.56912308308787185        5.0321047628369602     
         533  0.49457577991073443        5.0365134825272424     
         534  0.47854758059523100        5.0608471052064408     
         535  0.52051451622617395        5.0654920220695754     
         536  0.56712997970035639        5.0809596078651271     
         537  0.56109385244056076        5.0943577205121997     
         538  0.60293727326586433        5.1012888695827439     
         539  0.57660118859384701        5.1205405057237305     
         540  0.57240802859702700        5.1279281670173047     
         541  0.55789987888927861        5.1568556608337826     
         542  0.59627572320901212        5.1655175712889632     
         543  0.57372889095584567        5.1777493518904230     
         544  0.52053439698267245        5.1898970891291709     
         545  0.52554714396776259        5.2007742311489897     
         546  0.53014374453372892        5.2135427357858637     
         547  0.53507810456881100        5.2316887682317317     
         548  0.46608981555100654        5.2403495897613004     
         549  0.56950057952987465        5.2440819458315779     
         550  0.49749263001055410        5.2517538912501625     
         551  0.54682583740188151        5.2694991433967289     
         552  0.52498094555825459        5.3049169051620968     
         553  0.30855009659862681        5.3069038640286594     
         554  0.49710938137135635        5.3316566307866626     
         555  0.50332902326180351        5.3361602866244588     
         556  0.37524190241675281        5.3613028884919087     
         557  0.46988122656996961        5.3685449308714945     
         558  0.49502372376004666        5.3775190305706602     
         559  0.46465773675076333        5.3796373629616046     
         560  0.46865000233957882        5.3985886495610620     
         561  0.27277605721308529        5.4092159204900163     
         562  0.41383344682469259        5.4164538625809762     
         563  0.54068627251104739        5.4216688445427463     
         564  0.47032485584887301        5.4301662610636043     
         565  0.46703529824520562        5.4391828724326725     
         566  0.55821503738945810        5.4456069135847285     
         567  0.54065077010253937        5.4546398363962139     
         568  0.47998089856158588        5.4729342263932317     
         569  0.34470477783528475        5.4772165057857931     
         570  0.51739202457967937        5.4853596847105726     
         571  0.46874384880639325        5.5050799693342487     
         572  0.49609477754308207        5.5173892714603259     
         573  0.57036787473470318        5.5397933454598220     
         574  0.57349734994835133        5.5469302981759423     
         575  0.52752442234888319        5.5555286639878343     
         576  0.52085817710639049        5.5652581211357806     
         577  0.58008308653313756        5.5873643903039305     
         578  0.60129899714898793        5.5907212755366578     
         579  0.55463928483045688        5.6119093239447082     
         580  0.60841838987818553        5.6265471751365217     
         581  0.48937840399900412        5.6334500856159702     
         582  0.43136292426869022        5.6472592588922348     
         583  0.50303522333135087        5.6501886449385177     
         584  0.51012607723908898        5.6692419105770320     
         585  0.42409258111056047        5.6877486582193484     
         586  0.48125077389360926        5.7006549821722068     
         587  0.57659374184554357        5.7179746387903787     
         588  0.53815924398211201        5.7246837667583650     
         589  0.43739678288730161        5.7467342308444938     
         590  0.46212724473764810        5.7572784535127264     
         591  0.48799216512141153        5.7685390102382748     
         592  0.48729283135362877        5.7790393360525369     
         593  0.49760906168543217        5.7838168055097974     
         594  0.55762356030986149        5.8036064341377793     
         595  0.55781529998944424        5.8159409518806706     
         596  0.44524819112870273        5.8327903272251813     
         597  0.56179130247283560        5.8368380544648808     
         598  0.54546277230709594        5.8524006545673943     
         599  0.53092027954443255        5.8598864252224079     
         600  0.49983254816819039        5.8690758198640109     
         601  0.42352249515391116        5.8844566266957772     
         602  0.34043043942168089        5.8871951058438361     
         603  0.35013022752129852        5.9097423251506163     
         604  0.57128363252121617        5.9184742201817473     
         605  0.51863209692104151        5.9246971586875361     
         606  0.48215972115892519        5.9391356757033442     
         607  0.50968652406073101        5.9528164181216932     
         608  0.53084531677793423        5.9710436823217519     
         609  0.54851055062899068        5.9941936295261069     
         610  0.53378627827492242        5.9999098118643479     
         611  0.59650661268930372        6.0369506668158195     
         612  0.54930887624100133        6.0438746257690630     
         613  0.55348377708903274        6.0631596035736903     
         614  0.52081784819125410        6.0714456752842869     
         615  0.22850430700850294        6.0828486558254991     
         616  0.53150575285841539        6.1060022664249054     
         617  0.48879676097145092        6.1106927133425053     
         618  0.46530832627836499        6.1224192374483364     
         619  0.54720686259616524        6.1309702065992235     
         620  0.57552178534631326        6.1476135447824420     
         621  0.57990529170987226        6.1565440612017035     
         622  0.56533861401747454        6.1843182210721546     
         623  0.54088390962898469        6.1908938677483762     
         624  0.52998174075651006        6.2036379500178507     
         625  0.52736519897767564        6.2218479451957087     
         626  0.47117199031757084        6.2293650501553897     
         627  0.55869059247791752        6.2462142793480053     
         628  0.50219024088271758        6.2593554422549582     
         629  0.53790446467900666        6.2783314997062734     
         630  0.44965076465381409        6.2887985363104164     
         631  0.44058603311760519        6.2978381539342747     
         632  0.53873980073668792        6.3143236155244109     
         633  0.55087557310181801        6.3326937103316308     
         634  0.51548471993817191        6.3469881987612382     
         635  0.50478703501788724        6.3535536858224066     
         636  0.52644090428585244        6.3713868876541238     
         637  0.33944535210930893        6.3883961950327643     
         638  0.47306495237819585        6.4078282920041936     
         639  0.44562499067499800        6.4117754913859137     
         640  0.52761449628365531        6.4288081949703235     
         641  0.51404594767065992        6.4364574618885984     
         642  0.49907750558705533        6.4511438493419790     
         643  0.51155460945233766        6.4552261056712785     
         644  0.46262365558512408        6.4774985274504076     
         645  0.41407373619891563        6.5099598665309335     
         646  0.53514632613864466        6.5142680122818879     
         647  0.49056367736082745        6.5301587766930531     
         648  0.49993655754821348        6.5477995531862465     
         649  0.44868128681979602        6.5742772533697345     
         650  0.56184175084871935        6.5819777256889926     
         651  0.52295642300727407        6.6038955265126340     
         652  0.55817869499347750        6.6244391311362953     
         653  0.51509879704071060        6.6346241476689150     
         654  0.42126979038438339        6.6629893170456223     
         655  0.44372325164977466        6.6701086029377468     
         656  0.45175176089963787        6.6767947771266929     
         657  0.55593347182757813        6.6886470621662966     
         658  0.50597416707656206        6.7111797971655003     
         659  0.51414695073219752        6.7247129916211827     
         660  0.54100350561404642        6.7370261021186533     
         661  0.50880687542146330        6.7525551039822913     
         662  0.53741699082962213        6.7695805259601327     
         663  0.44092519898627325        6.7735689098490690     
         664  0.45775325861653432        6.7805882022304980     
         665  0.52262270299847335        6.8136645128042996     
         666  0.50953210378165792        6.8237818098111998     
         667  0.50131903213237083        6.8367172642584197     
         668  0.49726920161889521        6.8573706640191157     
         669  0.53981584093651691        6.8660890288332048     
         670  0.39792649617431347        6.8967281765016839     
         671  0.48514415391290422        6.9034645278367348     
         672  0.45370906044546466        6.9223572589130944     
         673  0.47654653032787719        6.9394256307585902     
         674  0.50850712309811497        6.9471651561253669     
         675  0.52078843246168294        6.9833687500281858     
         676  0.54688323446853349        6.9869758671744719     
         677  0.38386488715230926        6.9896852225409809     
         678  0.53204102243721219        7.0082491497957848     
         679  0.29180310364236872        7.0247585240008794     
         680  0.41439417196485018        7.0335323666740557     
         681  0.49451035643648295        7.0484197060865510     
         682  0.43032805396236262        7.0681936231927649     
         683  0.41433265307985867        7.1122906278110349     
         684  0.53092217354688187        7.1194446411192800     
         685  0.53829858937547270        7.1368336397579082     
         686  0.46097537490434171        7.1490062082164592     
         687  0.44605486155255070        7.1652422527225808     
         688  0.48972283069292533        7.1855783009963439     
         689  0.45729000071792186        7.2100496904007363     
         690  0.55818261259200463        7.2197741550247532     
         691  0.40726847771581698        7.2242867769278591     
         692  0.41332900695981906        7.2427542709596704     
         693  0.49802112891691536        7.2585377015135437     
         694  0.38999271080738485        7.2920404739846418     
         695  0.51414802741402021        7.3062108149390292     
         696  0.52115677647208625        7.3262641760192002     
         697  0.45925107979855012        7.3408034281974004     
         698  0.38598703448435051        7.3744315168823276     
         699  0.49254879207750835        7.3962090675624310     
         700  0.41263051134017881        7.4165493108211864     
         701  0.48168391583876546        7.4461478435264361     
         702  0.43598374845264942        7.4495933014565372     
         703  0.42886699110503229        7.4706685305727385     
         704  0.40830603328916337        7.4905370858358742     
         705  0.40155264727312923        7.5211423404055067     
         706  0.44097100755409968        7.5349191151731123     
         707  0.48325136540320951        7.5549317281025754     
         708  0.48129729726752835        7.5655490874520055     
         709  0.43683352862036801        7.5857708933144572     
         710  0.49822363873778797        7.5932884410182506     
         711  0.41273856652069330        7.6186181789028655     
         712  0.44506614795850824        7.6255448845880318     
         713  0.48721328161201172        7.6494791869014946     
         714  0.47050118522916623        7.6994895059328980     
         715  0.36612589053627165        7.7128768634826912     
         716  0.42521256990719092        7.7532733363024446     
         717  0.49788597486291858        7.7636388487511310     
         718  0.53124977587347155        7.7729436861778973     
         719  0.47983223424218263        7.8274233934084529     
         720  0.49065000761848698        7.8466319727413776     
         721  0.46052944043352745        7.8580123533425743     
         722  0.50921125051914651        7.8813242921223017     
         723  0.44177352414187293        7.9232349145646861     
         724  0.42034932264166081        7.9366850870085166     
         725  0.47814896021303605        7.9538550304456637     
         726  0.48366618052148652        7.9592414662509574     
         727  0.42350472590924326        7.9842909058892948     
         728  0.41547695936191520        7.9950547164064041     
         729  0.42894946259686179        8.0155133129470819     
         730  0.37680829094458979        8.0321189745491441     
         731  0.41130047793723895        8.0438621733913678     
         732  0.45285585835737591        8.0990919749670329     
         733  0.43850589470940399        8.1164754381357174     
         734  0.46150811521624235        8.1240796842983674     
         735  0.47373606025261761        8.1378027574059946     
         736  0.39829854760473249        8.1596492687023030     
         737  0.50073695539091456        8.1828242031251044     
         738  0.48771466816053127        8.2046923077109604     
         739  0.44221121302914679        8.2391964034799638     
         740  0.46668094672605415        8.2503411730287368     
         741  0.41759310173068093        8.2792164516570281     
         742  0.42803393621221220        8.2902974640732960     
         743  0.41908924417576621        8.3052790473724905     
         744  0.35818575540947534        8.3477340786531400     
         745  0.35050289162515702        8.3728464010306425     
         746  0.45549074531595085        8.3843255724108268     
         747  0.43877531578234374        8.4370757238882366     
         748  0.45892780802826816        8.4753885460522937     
         749  0.36965014810842911        8.4937410670991262     
         750  0.45461488415640211        8.5176159400288416     
         751  0.39631015843752093        8.5521411514876835     
         752  0.43613955527633536        8.5552559841966094     
         753  0.45570354525418488        8.5745499710319262     
         754  0.44469670358983943        8.6248493643208999     
         755  0.42217649944843483        8.6439924795255294     
         756  0.52811245474216151        8.6480502487725737     
         757  0.44923059576907809        8.7515485124280392     
         758  0.46841488207563686        8.7589023680536435     
         759  0.38569530988603895        8.7735790674631318     
         760  0.38738253266350087        8.8240857787843563     
         761  0.43701356910261002        8.8268620836215081     
         762  0.43920327103088924        8.8382687398866491     
         763  0.41226430069573056        8.8932941943525794     
         764  0.43066411854583569        8.9091333710321265     
         765  0.37405168590625121        8.9260309389521240     
         766  0.42604161721305706        9.0012301728216695     
         767  0.43550408738353036        9.0390428036466357     
         768  0.32354840879261937        9.0621677573899895     
         769  0.39717976976508451        9.0838892436686365     
         770  0.44433385151745974        9.1031146956469673     
         771  0.35271759438661232        9.1644453748010779     
         772  0.42878496146701350        9.1739037551760418     
         773  0.35247899399789251        9.2075531549381235     
         774  0.37398079989941729        9.2444159676275763     
         775  0.38559234992659358        9.2618832932891024     
         776  0.39029282478959149        9.2811365261803118     
         777  0.35239411291807599        9.3256435719700583     
         778  0.31918852880632287        9.3563053049307019     
         779  0.16415170536054766        9.3878522611024433     
         780  0.40187279444696022        9.4280455578249480     
         781  0.39352141148995923        9.4550772601644155     
         782  0.34987760960310693        9.4668678587707600     
         783  0.32371151762573036        9.5157329782095559     
         784  0.40866864962260835        9.5654594471950407     
         785  0.44902338630768240        9.6269470228877285     
         786  0.48317373427083465        9.6434769682754435     
         787  0.42432396059594657        9.6627104123988108     
         788  0.38686589758667439        9.7099445112454958     
         789  0.38137811910371738        9.7345377663957766     
         790  0.41620727402129021        9.7757252194003144     
         791  0.44808223155376375        9.8236102408927533     
         792  0.36878133495549026        9.8426695069311307     
         793  0.37533037286600035        9.8648272006642124     
         794  0.37644856272699556        9.9234905765924726     
         795  0.43436953754986535        9.9520425375128934     
         796  0.34514181136256050        9.9788003859155516     
         797  0.37618972772186177        10.008393493293923     
         798  0.32681557479310003        10.115748704496664     
         799  0.30466982682803595        10.126729869346653     
         800  0.37646216770394442        10.163682497338637     
         801  0.37014545669455112        10.221301327220134     
         802  0.33503271678596541        10.234442967937943     
         803  0.17938001616224106        10.260448193522583     
         804  0.34431121460773190        10.306810086528012     
         805  0.30567400653208771        10.434061766233834     
         806  0.25573441298458027        10.442149131114890     
         807  0.39396229074492717        10.454087486106660     
         808  0.34224050442127690        10.492724625013594     
         809  0.36250295369816316        10.524880589558027     
         810  0.38756089387689674        10.583832833732217     
         811  0.35056423861731822        10.630685685914452     
         812  0.29374498451612269        10.716127681897026     
         813  0.30422285726631493        10.741980020266924     
         814  0.28814006357428140        10.781892359092021     
         815  0.34528050046609199        10.818879474861022     
         816  0.32574185831340446        10.880898383898504     
         817  0.30736528635087895        10.917975439877246     
         818  0.16544646715463635        10.982604156272986     
         819  0.25098721086457909        11.181989405327590     
         820  0.26410644602699646        11.244505356795010     
         821  0.25064801151460775        11.357901178043498     
         822  0.29271555634640911        11.402390648393126     
         823  0.17615436149060953        11.523561453311045     
         824  0.24025603852002136        11.588499201356598     
         825  0.19919035149167277        11.665450547958455     
         826  0.15249443656342349        11.789725200812848     
         827   9.3704025750580622E-002   11.938002123906800     
         828  0.17377871949119419        12.188780511142863     
         829  0.15604303497264607        12.253410553246178     
         830  0.12204243355430251        12.321871833620808     
         831   7.6412003838490547E-002   12.763972948834768     
