  0.267003
  0.032725
  0.209354
 -0.438595
 -0.068112
  0.170542
 -0.454076
  0.452332
  0.182024
  0.072884
  0.096720
  0.052826
 -0.097115
  0.010476
 -0.016148
 -0.395559
  0.021359
  0.013342
 -0.085379
 -0.019776
  0.005702
  0.026356
  0.037467
  0.024891
 -0.012064
 -0.033687
  0.010373
 -0.010990
  0.006339
 -0.002909
  0.026261
  0.081418
 -0.003215
  0.015088
  0.036887
  0.013720
  0.023410
  0.020077
  0.008039
  0.001290
  0.021721
  0.007926
  0.030916
  0.016842
 -0.009481
  0.010983
  0.001889
  0.023959
  0.011841
 -0.004931
 -0.004696
 -0.013925
 -0.007842
 -0.001351
 -0.011187
 -0.006710
 -0.006360
 -0.004736
 -0.002998
 -0.017489
 -0.006379
  0.004832
 -0.006513
 -0.001783
  0.018523
  0.001568
  0.007780
  0.005160
 -0.011183
 -0.010466
 -0.004130
  0.002982
  0.006862
 -0.002314
  0.009879
 -0.001441
 -0.001281
 -0.007511
 -0.010629
  0.001281
 -0.014465
 -0.001005
 -0.001124
 -0.000885
  0.005320
 -0.003710
  0.005824
 -0.006817
 -0.001949
 -0.004784
 -0.006657
  0.003290
  0.005676
 -0.004601
  0.005413
 -0.002289
 -0.005784
 -0.008929
 -0.003228
  0.002005
 -0.010606
 -0.005484
 -0.002788
  0.004133
 -0.005378
 -0.002008
 -0.008016
  0.007240
 -0.005928
  0.001773
 -0.000479
  0.014141
  0.011052
 -0.001375
  0.006346
  0.007092
  0.008287
 -0.002367
  0.000785
 -0.006747
 -0.000882
 -0.000265
 -0.005861
 -0.000946
  0.004836
  0.001006
  0.000424
 -0.004034
  0.006521
 -0.001240
  0.001325
  0.000811
  0.000340
 -0.000585
  0.005914
 -0.002615
  0.003659
 -0.001707
 -0.001026
 -0.002741
 -0.000104
 -0.004304
 -0.003441
 -0.002566
  0.000180
 -0.000007
  0.004159
 -0.000309
  0.001047
 -0.001097
 -0.001840
 -0.003198
  0.000267
 -0.002218
  0.004439
  0.001213
 -0.001928
 -0.001244
  0.004979
  0.003792
 -0.001451
  0.002712
  0.000870
  0.001308
 -0.002859
 -0.001481
  0.000689
 -0.004715
  0.001139
 -0.003537
  0.001812
 -0.000718
 -0.001806
 -0.002337
 -0.001058
  0.003492
  0.003836
 -0.001664
  0.004016
 -0.000669
  0.001580
  0.000523
  0.000745
 -0.000374
 -0.000780
 -0.000518
  0.005276
 -0.000950
 -0.001368
 -0.000615
 -0.000767
 -0.004444
  0.003035
 -0.003478
 -0.001735
  0.002404
 -0.002082
  0.002908
 -0.002810
 -0.004329
  0.003371
  0.000452
  0.001843
  0.002453
  0.001782
  0.000964
 -0.000010
  0.001464
 -0.002138
  0.002575
  0.001662
 -0.000489
  0.000137
  0.000111
  0.000225
 -0.003448
 -0.000251
  0.002136
 -0.000356
  0.001232
  0.000553
 -0.000570
 -0.002449
  0.003344
 -0.000460
  0.002510
 -0.002390
 -0.000243
  0.001203
  0.001419
  0.000476
  0.001550
 -0.001624
 -0.003731
 -0.003079
  0.001361
 -0.003390
 -0.000404
  0.001989
 -0.000349
  0.000316
 -0.001895
 -0.001038
  0.002831
 -0.000618
  0.000588
  0.001554
 -0.001232
 -0.002484
 -0.000248
 -0.000659
  0.000219
 -0.002297
  0.001332
  0.001970
 -0.000124
  0.001473
 -0.001219
 -0.000055
 -0.001517
 -0.000844
 -0.001881
  0.002276
  0.001808
 -0.000928
 -0.000462
 -0.002152
 -0.000026
  0.000417
  0.000881
 -0.001715
  0.000193
  0.000464
 -0.001116
 -0.000697
  0.001303
  0.000871
 -0.000105
  0.000068
 -0.000209
  0.000603
  0.000245
 -0.001017
  0.002891
 -0.000246
 -0.001346
  0.000642
 -0.000106
  0.000894
  0.001302
  0.000552
  0.000005
 -0.001061
  0.001287
 -0.000017
 -0.002044
  0.000940
  0.003169
 -0.000280
 -0.001887
 -0.001059
 -0.001066
  0.001551
 -0.000965
  0.000263
  0.000974
  0.000182
  0.001672
  0.000632
 -0.002170
 -0.002340
  0.001098
  0.000182
 -0.003002
  0.001662
  0.002136
 -0.000453
  0.000640
  0.001429
 -0.001178
 -0.000385
 -0.000070
  0.000343
 -0.001197
  0.001906
 -0.002164
  0.000313
  0.001452
  0.000605
  0.001096
  0.002428
  0.000899
 -0.001191
 -0.000222
  0.001843
  0.001665
  0.000858
  0.001208
 -0.000813
 -0.000423
 -0.000441
  0.000816
  0.001018
 -0.001602
  0.002482
  0.001896
 -0.000386
  0.001616
 -0.001734
  0.000622
  0.000534
  0.000244
 -0.000424
 -0.000176
 -0.000417
  0.000308
  0.000219
 -0.000461
 -0.000900
 -0.001127
 -0.000672
  0.001361
 -0.000230
 -0.000789
  0.000365
  0.000317
  0.000677
  0.000172
 -0.000734
 -0.000146
 -0.000871
 -0.000324
  0.000004
 -0.000736
 -0.000804
  0.000460
 -0.000596
 -0.000219
  0.000009
  0.000006
 -0.000380
 -0.000164
 -0.000163
 -0.000733
  0.000843
 -0.000176
 -0.000867
  0.000353
 -0.001319
  0.000151
  0.002195
 -0.000165
 -0.000443
 -0.000226
  0.000332
 -0.000365
 -0.000350
 -0.001010
  0.000537
  0.001179
 -0.001435
 -0.001158
 -0.001644
 -0.000433
 -0.000604
  0.000721
 -0.002864
 -0.000138
  0.000601
  0.000380
  0.000558
 -0.000331
  0.000412
  0.000889
 -0.000454
  0.002231
  0.000852
 -0.000147
 -0.000369
  0.000884
  0.000439
 -0.001010
  0.000610
 -0.001272
  0.000240
 -0.000767
  0.000277
 -0.002155
  0.000576
  0.000310
 -0.000310
  0.000161
  0.000841
 -0.001001
 -0.000503
 -0.001225
  0.000442
 -0.001631
 -0.000024
 -0.000330
 -0.000712
 -0.000217
 -0.000288
 -0.000286
  0.000036
 -0.000842
 -0.000014
  0.000953
  0.000048
  0.000513
 -0.000011
  0.000154
 -0.000126
 -0.000220
 -0.000299
  0.000763
  0.000048
 -0.000328
  0.001294
  0.000539
 -0.000705
 -0.001608
 -0.001150
  0.000170
 -0.000694
  0.000851
 -0.000843
  0.001791
 -0.000575
  0.000674
 -0.000139
 -0.000854
  0.000181
 -0.000375
  0.002629
  0.000293
  0.001459
 -0.000101
 -0.000691
  0.000362
  0.000579
  0.000928
  0.000236
 -0.000474
 -0.000355
  0.000106
  0.000138
 -0.001451
 -0.002631
 -0.000639
  0.000072
  0.000440
  0.000975
 -0.000332
  0.000211
  0.000650
  0.001159
 -0.000535
 -0.000557
  0.000304
  0.000928
  0.001156
  0.000711
 -0.000818
 -0.000473
 -0.000730
  0.000392
  0.000163
 -0.001431
 -0.000602
  0.000002
 -0.000883
  0.000194
  0.000359
  0.000173
 -0.000411
 -0.000594
  0.000027
  0.000063
 -0.000769
  0.001363
 -0.000404
  0.000793
  0.002171
 -0.000822
 -0.001013
 -0.001260
 -0.000868
 -0.000867
 -0.000205
 -0.000521
 -0.000214
 -0.000712
 -0.000857
  0.000428
  0.000253
  0.000544
  0.000583
  0.000804
  0.000507
 -0.000919
  0.001023
  0.000561
 -0.001106
  0.000186
 -0.001008
 -0.000640
 -0.000302
 -0.000050
 -0.001248
  0.000922
 -0.000924
 -0.000760
  0.002165
  0.000078
 -0.000464
 -0.000144
  0.000332
  0.000978
  0.001245
  0.000596
 -0.000893
  0.000270
 -0.000868
 -0.000010
 -0.000682
  0.001515
 -0.000843
 -0.000294
  0.001509
 -0.000126
  0.001244
 -0.001732
  0.000156
  0.001098
  0.000660
  0.000133
  0.001361
  0.000485
  0.000291
 -0.000396
 -0.000122
  0.000692
  0.000167
 -0.000974
  0.000427
 -0.000827
 -0.000002
  0.001026
  0.000366
  0.000895
  0.000790
 -0.000111
  0.000084
 -0.000724
 -0.000698
  0.002642
  0.000156
  0.000617
 -0.001229
 -0.000690
 -0.000147
 -0.000435
 -0.000007
 -0.000749
  0.000918
  0.000221
 -0.000330
 -0.000774
 -0.000774
  0.000271
 -0.000521
  0.000186
  0.001609
 -0.000866
 -0.000673
  0.000146
 -0.000238
  0.000361
 -0.000320
  0.000578
  0.000208
 -0.000290
  0.000082
 -0.000111
 -0.001689
 -0.000032
 -0.000045
 -0.000256
  0.000091
 -0.000201
  0.000105
  0.000661
 -0.000606
  0.000128
  0.000696
  0.000492
 -0.000719
  0.000863
 -0.000351
  0.000013
  0.000106
 -0.000169
  0.000028
  0.000263
  0.000387
  0.000369
 -0.000280
  0.000067
  0.000101
  0.000969
 -0.000045
 -0.000617
 -0.000334
  0.000679
 -0.000495
 -0.000277
  0.000080
  0.000116
  0.000205
 -0.000129
  0.000172
  0.000070
  0.001152
 -0.000233
  0.000531
  0.000000
  0.000654
  0.000373
 -0.000509
 -0.001403
 -0.000395
  0.000239
 -0.000089
  0.000578
  0.000552
  0.000299
 -0.000519
 -0.001244
  0.000042
 -0.000004
  0.000844
 -0.000033
 -0.000484
 -0.000093
  0.000052
 -0.000455
  0.000129
 -0.000250
  0.000692
 -0.000036
 -0.000402
  0.000306
  0.000258
  0.000151
 -0.000048
  0.000023
  0.000001
  0.000368
 -0.000181
 -0.000065
 -0.000488
 -0.000279
  0.000319
 -0.000234
 -0.000222
  0.000184
 -0.000289
  0.000101
 -0.000117
 -0.000163
  0.000360
  0.000524
 -0.000144
  0.000050
 -0.000308
  0.000221
  0.000042
 -0.000166
 -0.000206
  0.000144
  0.000334
  0.000627
 -0.000196
  0.000067
 -0.000244
 -0.000455
 -0.000129
 -0.000071
 -0.000204
 -0.000244
 -0.000275
  0.000235
  0.000056
 -0.000194
  0.000561
  0.000566
  0.000299
  0.000136
  0.000248
  0.000055
 -0.000119
  0.000036
  0.000112
  0.000798
 -0.000009
 -0.000181
 -0.000033
  0.000282
  0.000201
  0.000464
 -0.000050
  0.000397
 -0.000055
 -0.000443
 -0.000011
 -0.000235
 -0.000033
  0.000186
 -0.000125
 -0.000174
 -0.000373
  0.000051
 -0.000316
  0.000051
  0.000360
  0.000090
  0.000151
  0.000092
  0.000037
  0.000178
  0.000276
 -0.000359
  0.000370
 -0.000591
  0.000212
 -0.000156
 -0.000162
 -0.000177
 -0.000028
 -0.000285
  0.000136
  0.000067
 -0.000019
 -0.000022
  0.000157
  0.000173
 -0.000084
 -0.000499
 -0.000112
  0.000364
 -0.000136
 -0.000196
  0.000414
  0.000287
 -0.000128
 -0.000358
  0.000282
  0.000073
  0.000030
 -0.000249
 -0.000036
  0.000205
  0.000017
  0.000265
 -0.000203
 -0.000070
  0.000052
 -0.000020
  0.000217
  0.000031
 -0.000222
  0.000217
 -0.000073
  0.000027
  0.000301
 -0.000053
  0.000023
 -0.000027
 -0.000061
 -0.000353
 -0.000006
  0.000047
  0.000015
  0.000108
