  0.002831
  0.570394
 -0.290639
  0.177486
  0.518633
 -0.198349
 -0.361332
  0.101284
  0.028973
 -0.179878
 -0.000048
  0.011314
 -0.128230
  0.159744
  0.042072
  0.017964
 -0.043477
  0.042826
  0.021461
  0.081590
 -0.028913
 -0.032447
  0.062613
  0.006539
  0.015623
 -0.025448
  0.027297
 -0.035270
  0.003746
 -0.048024
 -0.018199
 -0.007363
  0.001999
 -0.006458
  0.027606
 -0.031305
 -0.006453
  0.008685
 -0.004996
  0.000636
 -0.010373
 -0.009675
  0.019368
 -0.003691
 -0.012432
  0.009891
  0.010468
 -0.003552
 -0.016378
  0.000398
  0.005728
 -0.003105
  0.008548
 -0.002035
  0.010885
 -0.007569
  0.007049
  0.002160
  0.007418
  0.006262
  0.001685
 -0.002648
 -0.000117
 -0.009778
 -0.004682
  0.002273
 -0.004972
  0.000192
 -0.008106
 -0.000969
  0.005147
  0.010863
  0.008835
 -0.006442
 -0.010024
 -0.000922
 -0.004272
 -0.003179
  0.013084
  0.005659
 -0.000653
  0.007822
 -0.001056
 -0.011181
  0.005640
  0.003354
 -0.004805
 -0.015181
  0.006494
 -0.002683
 -0.000312
  0.001518
  0.005090
 -0.006754
  0.002572
  0.004951
 -0.007584
 -0.001884
 -0.011746
 -0.005251
 -0.009942
  0.004216
  0.008053
 -0.000100
 -0.014118
  0.000575
  0.015569
  0.009629
 -0.000698
  0.007353
  0.004497
 -0.000509
  0.001348
 -0.009144
  0.007291
  0.003376
  0.004904
 -0.000274
 -0.023900
  0.014755
  0.003919
  0.010165
  0.010045
  0.009275
  0.005358
  0.002654
 -0.002277
  0.002190
 -0.005478
  0.002006
  0.005251
  0.000932
 -0.000302
  0.001881
  0.000128
 -0.001812
 -0.000691
 -0.000035
  0.002691
 -0.001336
  0.003747
 -0.000872
  0.000474
  0.000792
  0.001723
 -0.002911
 -0.001193
  0.003254
 -0.000797
 -0.001346
 -0.003896
 -0.002461
 -0.001930
  0.001369
  0.002378
 -0.004532
  0.001260
  0.002356
  0.000583
 -0.003656
 -0.001828
  0.000220
  0.002626
  0.003164
  0.001861
 -0.002490
 -0.000439
  0.000276
  0.001113
  0.000565
 -0.003854
  0.002701
  0.000069
  0.000299
  0.001075
  0.004765
  0.005886
 -0.001964
  0.001094
 -0.002164
  0.002268
 -0.002922
  0.003768
 -0.002136
 -0.000428
  0.002056
 -0.003000
  0.003765
  0.000060
  0.001140
  0.003217
  0.001000
 -0.001308
 -0.003052
  0.001112
 -0.003387
  0.000709
 -0.001816
 -0.001744
  0.002777
  0.001685
 -0.000312
 -0.000841
 -0.000504
  0.000153
  0.000945
 -0.001387
 -0.003596
  0.000355
 -0.000397
 -0.000019
 -0.000808
  0.001063
  0.000199
 -0.001819
 -0.001506
  0.002023
  0.001145
  0.003974
 -0.000073
  0.001797
 -0.003113
  0.000318
 -0.001004
  0.000048
  0.002473
 -0.001091
  0.006136
  0.002827
 -0.004535
 -0.002533
  0.006079
 -0.003469
 -0.000271
 -0.000904
  0.002477
 -0.000521
  0.000881
  0.004106
  0.001958
 -0.001230
 -0.002884
  0.000113
  0.002541
  0.000359
  0.002873
  0.004692
 -0.004786
  0.000161
 -0.005045
  0.007986
 -0.004183
  0.008605
  0.005662
 -0.001240
  0.004545
  0.001798
  0.001446
  0.001497
  0.001717
  0.000655
 -0.001131
 -0.001654
  0.004709
  0.000647
  0.001822
  0.001529
  0.004416
 -0.003021
  0.000371
 -0.001260
  0.004609
  0.000205
  0.005880
  0.006762
 -0.002234
  0.002289
 -0.001428
  0.000199
  0.002535
 -0.001452
  0.000121
 -0.003197
  0.000255
 -0.001626
 -0.001264
  0.000213
  0.001628
  0.000357
 -0.001146
 -0.000263
  0.002119
 -0.000328
  0.001685
  0.000801
  0.001053
 -0.002012
  0.000586
 -0.000731
  0.000077
 -0.000495
 -0.001208
 -0.002516
  0.000484
  0.000393
 -0.000518
 -0.000309
  0.000683
  0.000475
  0.000078
 -0.000249
  0.002185
 -0.000719
  0.000415
  0.000428
  0.001034
  0.001375
 -0.000834
 -0.000329
  0.000580
  0.000420
  0.001221
  0.000438
  0.000501
  0.001752
 -0.000427
 -0.001843
 -0.000529
 -0.000939
 -0.003263
 -0.000802
  0.000839
  0.002291
 -0.000750
  0.001224
  0.000045
 -0.000679
 -0.000791
 -0.001379
  0.000054
 -0.001903
 -0.000643
  0.000356
 -0.000244
  0.000312
 -0.000187
  0.000290
 -0.000628
 -0.000190
  0.000159
 -0.000542
  0.000146
 -0.001134
 -0.000186
  0.000057
 -0.000223
  0.000779
  0.000279
 -0.000404
  0.000122
  0.001293
  0.001619
  0.003262
 -0.000547
 -0.000992
  0.002150
 -0.001125
  0.000251
  0.001703
 -0.000794
  0.001506
  0.002779
  0.001388
  0.001716
  0.004308
  0.000683
 -0.003976
 -0.001903
 -0.001536
 -0.002721
 -0.000254
 -0.004355
 -0.000351
  0.002834
  0.001101
 -0.000197
  0.000274
  0.000807
  0.002398
 -0.000540
  0.003711
 -0.003424
  0.002905
  0.001688
  0.006415
  0.007535
  0.001953
 -0.002413
  0.002310
 -0.001838
  0.000736
 -0.001245
 -0.001957
 -0.002267
  0.000981
 -0.001478
  0.002662
  0.006871
 -0.002471
 -0.003709
 -0.001278
 -0.002982
  0.000124
  0.000750
  0.000182
 -0.003572
 -0.000296
 -0.000973
  0.001063
 -0.001373
  0.000933
  0.001789
  0.001559
 -0.000987
  0.000778
  0.000991
  0.002827
  0.001252
 -0.000060
 -0.001525
  0.001540
 -0.000614
  0.000589
  0.004023
 -0.001521
  0.000238
 -0.001488
  0.000304
  0.001714
  0.000044
 -0.001763
 -0.001468
  0.001355
  0.001579
 -0.000127
  0.000158
 -0.000203
  0.000239
 -0.001793
 -0.002955
 -0.001276
  0.000136
  0.000318
  0.002984
 -0.003261
 -0.000341
  0.002938
  0.007187
  0.002357
 -0.000810
 -0.000105
  0.001633
  0.003617
 -0.001697
  0.000076
 -0.001158
 -0.000829
 -0.003061
 -0.003277
 -0.001215
  0.003009
 -0.006149
  0.000088
 -0.000158
 -0.005252
 -0.002313
  0.002657
  0.002795
  0.003820
 -0.003435
 -0.000404
  0.000215
 -0.001792
 -0.002125
  0.000445
 -0.000664
  0.000522
 -0.005135
  0.001764
  0.000245
  0.000079
 -0.001751
 -0.000636
 -0.000587
 -0.004389
  0.000174
  0.002307
  0.003667
 -0.000215
  0.000669
  0.001572
  0.002605
  0.004673
 -0.001444
 -0.000019
  0.001690
 -0.000567
 -0.000277
  0.000516
 -0.000681
 -0.000680
  0.000027
  0.002092
 -0.000372
  0.000387
 -0.000034
 -0.001737
  0.000566
  0.001226
  0.000526
 -0.001370
  0.000707
  0.001655
  0.000775
  0.002791
  0.000058
 -0.000616
  0.000628
 -0.000751
  0.000172
  0.000842
  0.000936
 -0.001959
 -0.000165
  0.001299
  0.000272
 -0.001543
  0.000064
  0.000095
 -0.001463
 -0.000539
 -0.000273
 -0.000457
 -0.000985
 -0.000770
 -0.000765
  0.000135
 -0.000772
 -0.000282
  0.000628
 -0.000658
 -0.001128
 -0.002378
  0.000146
  0.000009
  0.000364
  0.000756
 -0.000114
 -0.001733
  0.001075
 -0.000754
 -0.000327
  0.000183
 -0.000562
  0.002117
  0.000639
 -0.000434
  0.002457
 -0.000988
  0.000939
 -0.000007
  0.001740
  0.001833
  0.000301
  0.000349
 -0.000538
  0.000196
 -0.000433
  0.000710
  0.000312
 -0.001241
  0.001058
 -0.001139
 -0.001524
  0.000723
 -0.000829
  0.000373
 -0.002060
 -0.000957
  0.000736
  0.001498
  0.000978
  0.000122
 -0.000772
 -0.000284
  0.000043
  0.001581
  0.001061
 -0.002312
  0.000747
 -0.002838
 -0.000899
  0.000337
 -0.003274
 -0.000649
 -0.000881
 -0.000432
  0.000266
  0.003208
  0.002645
  0.000496
 -0.000130
 -0.000999
 -0.001249
 -0.000210
 -0.003080
 -0.001187
  0.001749
 -0.000891
 -0.000567
 -0.000463
 -0.003881
  0.000929
 -0.000948
 -0.001308
  0.003368
 -0.001578
  0.001549
 -0.002753
  0.001512
 -0.000107
  0.000076
  0.000230
 -0.000439
 -0.000607
 -0.001453
 -0.002221
 -0.001392
  0.000830
  0.000019
  0.000016
  0.000779
 -0.001559
 -0.000987
 -0.001647
  0.001068
 -0.001943
 -0.004132
  0.000726
  0.000887
 -0.003011
  0.000779
 -0.000920
  0.000331
 -0.001114
 -0.001347
  0.000444
 -0.000561
 -0.001274
 -0.000100
 -0.000468
  0.000610
  0.000210
  0.000229
  0.001192
 -0.001566
  0.000489
  0.000569
  0.000153
 -0.000596
  0.000126
  0.000687
 -0.000646
 -0.000922
 -0.000398
  0.000170
 -0.000667
 -0.000774
  0.000593
 -0.000126
  0.000000
 -0.001378
 -0.000712
  0.001760
 -0.000065
 -0.001406
  0.000532
  0.000484
  0.000414
 -0.000353
 -0.000162
 -0.000905
 -0.000537
  0.000385
  0.000847
  0.000547
 -0.000380
  0.000797
 -0.000950
 -0.001290
 -0.000370
  0.001614
  0.001220
  0.002305
  0.000208
  0.000658
  0.000898
  0.001572
 -0.004858
 -0.001353
  0.001103
  0.001083
  0.000576
 -0.002227
 -0.003507
  0.000741
 -0.000362
 -0.000930
  0.000779
 -0.000209
  0.001378
 -0.000753
  0.001209
 -0.000116
 -0.001894
  0.000804
  0.000578
  0.000310
 -0.001371
 -0.000086
 -0.000020
  0.000973
  0.000027
  0.000917
 -0.001951
 -0.001406
  0.000677
 -0.000717
 -0.000738
 -0.001088
 -0.000752
 -0.000495
 -0.000636
 -0.000450
  0.001264
  0.000245
  0.001347
 -0.001067
  0.001575
 -0.000632
  0.001336
  0.000751
 -0.000217
 -0.000746
  0.001697
 -0.000313
  0.000632
 -0.000414
  0.000811
  0.000012
  0.001211
  0.000848
 -0.000325
  0.000201
 -0.001231
  0.000141
  0.001078
  0.000225
  0.000132
  0.000138
  0.000415
  0.000164
 -0.000373
 -0.000833
 -0.000219
  0.000310
 -0.000498
 -0.001056
  0.000411
 -0.000133
  0.000094
 -0.000089
 -0.000388
 -0.000274
  0.000047
 -0.000272
  0.000204
 -0.000449
  0.000301
  0.000198
  0.000273
  0.000466
 -0.000016
 -0.001054
 -0.000513
 -0.000569
  0.001286
 -0.000720
 -0.000401
  0.001719
  0.001331
  0.001227
 -0.000178
 -0.000336
  0.000040
  0.000044
 -0.000447
 -0.000430
  0.000178
 -0.000165
  0.000083
  0.000046
 -0.000248
  0.000187
  0.000000
 -0.000087
  0.000183
  0.000040
 -0.000058
 -0.000114
 -0.000036
  0.000075
 -0.000036
 -0.000206
  0.000122
