 -0.114179
  0.279728
  0.232554
  0.481171
  0.714222
 -0.061064
 -0.019659
 -0.271916
  0.070430
 -0.004519
  0.027035
 -0.048236
 -0.055549
  0.023704
 -0.001366
 -0.071651
  0.001109
  0.031165
 -0.091652
  0.004758
 -0.036024
 -0.001157
 -0.009060
 -0.019968
 -0.000615
  0.004143
 -0.004989
 -0.000822
 -0.013469
  0.010075
 -0.018322
 -0.010932
  0.003013
 -0.018525
 -0.025438
  0.006933
 -0.008957
  0.015239
 -0.008408
 -0.021891
  0.002851
 -0.016309
  0.000270
 -0.007930
 -0.009298
 -0.005607
 -0.011941
  0.000300
  0.001082
  0.006155
 -0.002164
 -0.003557
 -0.015890
 -0.002315
 -0.004493
  0.005101
 -0.006393
 -0.001434
  0.002511
  0.005943
  0.002025
  0.004690
  0.006890
 -0.007480
  0.006450
 -0.000098
  0.005742
 -0.001645
  0.006429
 -0.001605
  0.008694
  0.008863
  0.009679
  0.005566
 -0.001921
  0.001350
  0.001035
  0.002754
  0.008158
 -0.013678
 -0.004101
 -0.001329
  0.001678
 -0.008299
 -0.006845
 -0.008684
  0.016093
  0.002402
  0.001683
  0.007367
  0.005643
  0.001067
  0.001780
 -0.002696
  0.005872
 -0.000466
  0.000968
 -0.009737
 -0.004074
  0.006452
  0.000583
 -0.003306
 -0.000242
  0.001597
 -0.002401
 -0.001530
  0.005055
 -0.000429
  0.004093
 -0.000797
  0.004300
 -0.000268
  0.002029
  0.000669
 -0.000410
  0.001653
  0.001556
 -0.001755
 -0.000214
 -0.000078
  0.000203
 -0.000549
  0.000662
 -0.002218
  0.000023
  0.002364
  0.004273
 -0.003316
  0.000877
 -0.000165
 -0.001024
  0.001167
  0.004571
  0.004738
 -0.000898
  0.004977
 -0.005642
 -0.000261
 -0.000148
  0.001941
  0.000841
 -0.002509
 -0.005046
  0.000171
  0.000075
  0.001560
 -0.002119
  0.001946
 -0.000262
  0.001657
 -0.000047
  0.005159
 -0.004485
  0.001249
  0.003161
 -0.000592
 -0.003873
  0.002625
 -0.000366
  0.000855
 -0.000276
 -0.001152
 -0.004832
  0.003098
 -0.001161
  0.002078
  0.000009
  0.002848
 -0.000553
 -0.001767
  0.002503
  0.000865
 -0.001852
  0.003683
 -0.003865
 -0.002560
 -0.000020
 -0.001198
 -0.002974
  0.002114
 -0.001444
 -0.002772
 -0.002272
 -0.001009
 -0.000859
 -0.000012
  0.000440
 -0.000751
  0.003100
 -0.000258
 -0.000516
 -0.003496
 -0.001086
  0.000102
  0.001667
  0.002839
 -0.000605
  0.000365
 -0.000126
 -0.000659
 -0.001934
 -0.001292
  0.002317
  0.000111
 -0.000049
  0.000088
  0.000497
 -0.000177
 -0.003281
 -0.001004
  0.002049
  0.000503
  0.000241
 -0.002191
  0.001141
 -0.003830
 -0.002642
 -0.001013
 -0.001739
  0.001141
 -0.000316
  0.000513
  0.001994
  0.001511
  0.001072
  0.001301
 -0.000630
 -0.002592
 -0.002136
 -0.000769
  0.000843
 -0.000912
 -0.005075
  0.000506
 -0.000349
  0.000516
 -0.002416
 -0.004259
  0.002736
  0.001300
 -0.001536
 -0.003426
 -0.002395
  0.001246
  0.001361
  0.000343
 -0.001596
  0.000130
  0.000058
  0.001950
  0.000306
 -0.001942
  0.001601
 -0.001738
 -0.000796
  0.001584
  0.001232
  0.001751
 -0.000768
 -0.000185
  0.002434
  0.000192
  0.001464
  0.002327
  0.003221
 -0.001287
  0.001182
  0.004898
  0.001545
 -0.003885
 -0.000268
 -0.000430
 -0.004835
 -0.003621
 -0.002084
 -0.000780
 -0.000839
 -0.001581
 -0.000897
  0.002371
  0.000921
 -0.002932
 -0.001390
  0.002076
 -0.002751
  0.002078
  0.002171
  0.001512
  0.002431
  0.005100
  0.000465
  0.002882
  0.003960
  0.003115
 -0.001584
  0.001022
 -0.004055
  0.005871
  0.000505
  0.005203
 -0.005038
 -0.002420
  0.003607
  0.001867
  0.002097
 -0.000641
 -0.003696
 -0.000631
 -0.001100
  0.001869
  0.002375
  0.003319
  0.001588
 -0.001640
  0.000625
  0.000728
 -0.000370
 -0.002051
 -0.001878
  0.002271
 -0.002029
 -0.000114
 -0.002446
 -0.002867
  0.002490
 -0.000875
 -0.000566
 -0.000378
 -0.000650
 -0.003901
  0.000610
 -0.003017
 -0.000151
  0.000913
 -0.002974
  0.001730
 -0.001001
 -0.001396
 -0.002208
  0.000078
  0.001299
  0.002181
  0.000451
 -0.004225
 -0.002657
 -0.000228
  0.001618
  0.000258
 -0.000201
  0.001406
 -0.001891
  0.000545
 -0.000177
  0.000221
 -0.001072
  0.000370
 -0.003213
 -0.000787
  0.000043
  0.000887
 -0.000621
  0.000566
 -0.002713
  0.001030
 -0.000614
 -0.001254
  0.001124
  0.001425
  0.002544
  0.001238
 -0.004179
  0.000506
 -0.000253
  0.000192
 -0.000021
  0.000683
 -0.000217
  0.000567
 -0.000014
 -0.000476
 -0.000361
  0.000771
 -0.000042
 -0.000348
  0.000579
 -0.001598
 -0.001625
  0.000660
  0.000928
  0.000318
 -0.001065
  0.001185
 -0.001105
 -0.002814
  0.000939
 -0.000538
 -0.000568
  0.000294
 -0.000292
  0.000110
  0.001526
 -0.002108
  0.000199
 -0.001016
 -0.000841
 -0.000148
  0.000498
  0.003186
 -0.000254
 -0.001241
 -0.002461
  0.000068
  0.000504
  0.000216
  0.000511
  0.000052
 -0.000030
 -0.000219
  0.000067
  0.001521
  0.000639
  0.000420
  0.001983
 -0.000619
  0.000490
 -0.000860
 -0.002644
  0.000304
 -0.000956
 -0.001182
  0.000041
  0.000656
  0.001402
 -0.000621
  0.000229
  0.000343
 -0.000718
  0.000208
  0.000214
 -0.001292
  0.001474
  0.002369
  0.000671
 -0.000860
 -0.000167
 -0.001531
  0.002160
  0.002933
  0.001103
 -0.000639
  0.001971
  0.000439
 -0.000231
  0.002133
  0.000014
 -0.000101
 -0.000483
 -0.001461
  0.003290
  0.001270
  0.000562
  0.000636
  0.001237
 -0.000019
 -0.001139
 -0.000839
  0.000921
 -0.001265
  0.000207
  0.000445
  0.000463
 -0.000574
 -0.001005
 -0.001277
 -0.001354
 -0.001547
 -0.000766
  0.000033
 -0.000435
  0.001387
 -0.000388
  0.000425
  0.000857
 -0.001079
 -0.001424
 -0.000382
  0.000321
  0.001117
  0.000969
 -0.000024
  0.001106
  0.001314
 -0.000670
 -0.000104
 -0.001143
 -0.000997
  0.000010
 -0.000703
 -0.000053
 -0.000431
 -0.000922
  0.000983
  0.001050
 -0.000044
 -0.000638
  0.000598
 -0.000742
  0.000172
 -0.001135
 -0.001771
  0.000176
 -0.000425
 -0.000039
 -0.000033
  0.000115
 -0.000415
 -0.000065
 -0.000233
 -0.001595
 -0.000703
  0.000276
 -0.001807
  0.000210
  0.000538
  0.000177
 -0.000987
 -0.000747
 -0.000150
 -0.000001
  0.000041
 -0.000788
 -0.001122
 -0.000411
  0.000883
 -0.000317
 -0.001358
 -0.001195
 -0.000330
 -0.000137
  0.001022
  0.002484
 -0.000894
 -0.000419
 -0.001844
  0.000306
 -0.000495
  0.000716
 -0.001527
 -0.001397
 -0.001945
 -0.001275
  0.000398
  0.000547
  0.001772
 -0.000001
 -0.000175
 -0.001110
  0.001075
 -0.000708
  0.000257
 -0.000090
  0.000058
 -0.000762
 -0.000596
 -0.000658
 -0.000977
  0.000347
  0.000416
  0.000337
  0.000588
 -0.001696
  0.000551
  0.000523
 -0.000769
 -0.000392
 -0.000547
 -0.000679
  0.000119
 -0.001125
  0.000849
 -0.000013
  0.000151
 -0.001104
  0.001250
  0.000381
  0.000306
  0.000979
  0.000438
 -0.000881
  0.000572
 -0.000432
  0.000276
  0.001032
  0.000169
 -0.000410
 -0.000601
  0.000831
 -0.002320
 -0.000700
  0.000055
 -0.000584
 -0.000896
 -0.000228
  0.000769
  0.000040
  0.000547
  0.000857
 -0.000812
 -0.000504
  0.000862
 -0.000778
 -0.000399
  0.000080
 -0.000773
  0.000250
 -0.001829
  0.000436
 -0.000696
 -0.000231
 -0.001152
  0.001079
  0.000995
 -0.000085
  0.000275
 -0.000377
 -0.000859
  0.001508
  0.000439
 -0.000942
 -0.000663
 -0.000290
  0.001298
  0.000452
  0.001895
  0.000034
 -0.000072
 -0.000186
  0.002043
  0.000334
  0.001776
 -0.002724
 -0.000541
 -0.000200
 -0.000124
  0.000810
 -0.001381
 -0.000829
 -0.000418
 -0.000658
 -0.000525
 -0.000360
 -0.000384
 -0.001094
  0.000044
  0.000509
 -0.000120
  0.000332
 -0.000480
 -0.001098
 -0.001232
 -0.000565
  0.001046
 -0.000165
 -0.000135
  0.001014
  0.000938
  0.001182
 -0.000744
 -0.001785
  0.000931
  0.000265
 -0.000029
  0.001157
  0.000679
  0.001327
  0.000742
 -0.001088
  0.001053
 -0.000909
 -0.001121
  0.002322
  0.000606
 -0.000922
 -0.000010
 -0.000928
 -0.000136
  0.000537
  0.000287
 -0.001308
 -0.001080
 -0.000236
  0.000979
 -0.000196
 -0.000593
 -0.000445
  0.000478
 -0.000665
  0.000514
 -0.000324
 -0.000135
 -0.000593
  0.000788
 -0.000625
  0.000745
  0.000156
  0.000020
  0.000180
  0.000022
 -0.000329
 -0.000881
 -0.001272
  0.000078
 -0.000684
 -0.000006
 -0.000937
 -0.000553
  0.000258
  0.000237
  0.000471
 -0.000153
  0.000000
 -0.000540
  0.000572
  0.000245
 -0.001457
  0.000030
 -0.000739
 -0.000867
 -0.000939
  0.000502
 -0.000052
 -0.000489
  0.000022
 -0.000999
  0.000060
 -0.000791
  0.000421
 -0.000074
 -0.000003
 -0.000490
 -0.000121
  0.000425
 -0.000286
  0.000161
  0.001358
 -0.000098
 -0.000003
  0.000465
  0.000141
 -0.000420
  0.000255
 -0.000021
  0.000131
  0.000412
 -0.000607
  0.001436
 -0.001011
  0.000019
 -0.000156
  0.000336
 -0.000540
  0.000483
  0.000479
 -0.001127
  0.002338
  0.001336
  0.000343
 -0.001083
  0.000390
 -0.000199
  0.000016
  0.000523
 -0.000596
 -0.000643
 -0.000325
  0.001044
 -0.000498
 -0.000536
 -0.000707
  0.000179
  0.000970
  0.000231
  0.000538
  0.000030
 -0.000038
  0.000145
  0.000309
 -0.000437
  0.000127
 -0.000395
  0.000082
  0.000109
 -0.001044
 -0.000011
 -0.000317
 -0.000064
  0.000038
 -0.000133
 -0.000035
 -0.000133
  0.000169
  0.000362
 -0.000096
  0.000088
  0.000075
  0.000140
 -0.000164
 -0.000134
  0.000061
  0.000101
 -0.000063
 -0.000086
  0.000056
 -0.000056
 -0.000007
 -0.000050
  0.000045
 -0.000042
 -0.000015
 -0.000039
 -0.000283
  0.000002
  0.000016
 -0.000330
 -0.000014
