 -0.060222
  0.904971
 -0.101148
  0.206878
 -0.242855
  0.123571
  0.032254
  0.045029
 -0.116410
  0.007376
 -0.069135
 -0.031356
  0.006758
  0.086307
 -0.011653
 -0.040982
  0.025746
 -0.025214
 -0.003746
  0.040348
  0.011974
  0.004642
  0.012056
  0.005511
 -0.006241
  0.023200
  0.013055
 -0.050005
  0.004022
 -0.033051
  0.016818
  0.009354
  0.004309
  0.013244
  0.015638
  0.022374
 -0.015107
  0.014846
  0.028588
 -0.005024
 -0.018856
 -0.023584
  0.005224
 -0.012569
 -0.004949
  0.007002
  0.010874
 -0.001727
 -0.019227
  0.012523
  0.000470
  0.014071
  0.016430
  0.004270
  0.018161
 -0.018286
 -0.004845
  0.001638
  0.010424
 -0.002904
 -0.000090
  0.001855
  0.004906
  0.009474
 -0.003775
  0.005943
  0.023393
  0.004627
  0.006764
 -0.000358
 -0.002878
  0.014063
 -0.008009
 -0.009891
 -0.008043
 -0.000835
 -0.001020
 -0.008328
 -0.008687
 -0.004492
  0.002750
 -0.008196
 -0.003664
  0.011907
  0.003951
 -0.000486
 -0.024879
  0.002198
  0.005325
 -0.000979
 -0.003268
 -0.007188
 -0.005323
  0.004207
 -0.001767
  0.011490
  0.003174
 -0.000360
 -0.003416
 -0.003819
 -0.000410
 -0.009538
 -0.001835
  0.010046
 -0.010076
  0.005689
  0.002972
 -0.001035
  0.006975
  0.007574
  0.012776
 -0.003258
 -0.002611
  0.003850
  0.002516
 -0.000890
 -0.002142
  0.005093
  0.001918
  0.000063
 -0.011497
 -0.000878
  0.005939
  0.001240
 -0.002956
 -0.000366
  0.000825
  0.002874
 -0.006059
  0.000520
  0.002529
 -0.003619
  0.000641
 -0.002974
 -0.001660
  0.000286
  0.004986
 -0.002349
 -0.002969
  0.000551
 -0.001481
 -0.001079
 -0.000273
 -0.004270
 -0.004976
 -0.001923
  0.000165
  0.002808
  0.006331
  0.001192
  0.001892
  0.000120
 -0.002703
 -0.001930
  0.001462
 -0.000815
  0.000975
  0.005317
 -0.008733
  0.002695
  0.003398
  0.002700
 -0.002677
  0.003152
  0.003053
 -0.000246
 -0.004926
 -0.001091
 -0.006568
  0.001687
 -0.000861
  0.000883
 -0.003058
 -0.005999
  0.000779
  0.001181
 -0.003601
 -0.000682
 -0.006676
  0.003096
  0.003245
 -0.001020
  0.000267
 -0.004936
  0.001045
  0.000122
 -0.001627
 -0.000816
  0.005121
  0.004671
  0.002331
  0.002039
 -0.004092
 -0.004854
  0.006086
 -0.001911
  0.000629
  0.003384
 -0.001671
 -0.003012
 -0.002859
  0.001621
  0.003228
  0.006701
 -0.002003
 -0.000312
  0.000974
  0.000616
 -0.000472
 -0.003966
  0.004940
 -0.000419
  0.000732
  0.000773
  0.000879
 -0.005102
  0.003716
  0.001075
  0.001202
  0.003928
  0.004066
 -0.000166
 -0.002522
 -0.000479
 -0.002596
 -0.000020
 -0.000536
  0.002575
 -0.000559
  0.000017
  0.001308
 -0.002553
  0.002174
 -0.001492
 -0.001179
 -0.000625
 -0.001262
  0.000318
  0.000596
 -0.000570
 -0.001038
  0.000374
  0.001837
  0.000953
  0.002246
 -0.002098
 -0.000787
 -0.000531
  0.000935
 -0.001919
 -0.001881
 -0.000466
  0.001982
 -0.000681
  0.001450
  0.001112
 -0.000464
  0.001969
 -0.000561
  0.000807
 -0.001609
 -0.000837
 -0.000016
  0.000162
  0.000133
 -0.000398
  0.000789
 -0.000018
 -0.000528
  0.000834
 -0.001096
 -0.001240
 -0.000955
  0.000030
 -0.000684
 -0.000425
 -0.001072
  0.000915
  0.001914
 -0.000344
  0.001816
  0.000869
  0.000169
 -0.001459
 -0.000319
  0.001872
  0.002060
  0.000771
  0.000121
 -0.000621
 -0.003935
 -0.001787
  0.002538
  0.000033
 -0.000845
 -0.000792
 -0.002461
 -0.001556
  0.001570
 -0.000286
 -0.000694
  0.000513
 -0.001059
  0.000909
  0.000437
  0.000228
 -0.000692
 -0.001686
 -0.000575
 -0.000282
 -0.000694
  0.000156
  0.000867
  0.000400
  0.000407
 -0.000163
 -0.000231
 -0.000107
 -0.001608
  0.000263
  0.000098
 -0.001324
 -0.002105
  0.001061
 -0.000958
 -0.000953
 -0.002226
 -0.002790
  0.000855
  0.000257
  0.001039
 -0.001779
 -0.001462
 -0.003589
 -0.004576
  0.000735
 -0.000242
 -0.000306
 -0.000138
 -0.000421
 -0.002371
 -0.001127
  0.000779
  0.000731
  0.001313
 -0.000140
 -0.002235
  0.000719
 -0.002380
  0.000172
  0.000068
  0.000545
 -0.000716
  0.003960
 -0.000327
  0.000941
  0.002298
 -0.000024
 -0.000165
 -0.001348
  0.002162
  0.000372
 -0.000543
  0.001386
  0.000468
 -0.000745
 -0.000556
 -0.000282
 -0.001380
 -0.000593
  0.000313
  0.000647
 -0.000945
 -0.000589
 -0.002359
 -0.000376
 -0.000941
 -0.000282
  0.000058
  0.001064
  0.001371
  0.000954
  0.001718
  0.000741
 -0.000132
 -0.000100
  0.000103
 -0.000822
 -0.000752
  0.000934
  0.000304
 -0.001133
  0.000441
 -0.002094
  0.003651
  0.000258
 -0.001044
  0.001419
  0.001281
 -0.000391
  0.000139
 -0.000148
  0.000840
  0.000205
 -0.000139
 -0.000614
  0.000516
 -0.000967
 -0.001296
 -0.001413
 -0.000726
 -0.000730
 -0.001328
  0.001192
 -0.000184
  0.000320
  0.000256
 -0.000654
  0.002033
 -0.000372
 -0.000891
 -0.000241
 -0.001617
 -0.000052
 -0.000561
  0.000429
 -0.000342
  0.001222
  0.000479
 -0.000238
 -0.000202
  0.001046
 -0.000238
  0.000722
 -0.000666
 -0.001263
 -0.000580
 -0.001182
 -0.000595
 -0.001708
  0.000539
 -0.001867
 -0.000688
  0.001769
 -0.001128
  0.002142
 -0.000509
 -0.000081
 -0.000226
  0.002978
 -0.000020
 -0.001633
 -0.000758
 -0.001719
 -0.001222
 -0.000571
 -0.000740
  0.002209
  0.000288
 -0.000682
  0.000254
  0.000141
 -0.000493
 -0.000911
 -0.000471
  0.000421
 -0.000257
  0.000854
 -0.002400
  0.000612
  0.001412
 -0.000319
 -0.000704
  0.000886
  0.001138
 -0.001692
  0.001067
 -0.000273
 -0.000697
  0.001358
  0.001319
  0.000212
 -0.000128
 -0.000795
  0.000624
  0.000194
 -0.000304
 -0.000615
 -0.000634
  0.002094
 -0.000758
  0.000272
 -0.001278
 -0.002762
 -0.000451
  0.000343
  0.000432
  0.000294
 -0.000670
 -0.000026
  0.001203
  0.000996
  0.000962
  0.000144
 -0.000731
  0.001282
 -0.000279
 -0.001269
 -0.001318
  0.001046
 -0.000347
 -0.000917
  0.000032
 -0.000515
  0.001094
 -0.000774
 -0.000261
  0.001616
  0.000912
 -0.000227
  0.001010
  0.000813
  0.001349
 -0.000230
  0.000021
 -0.003794
  0.000300
  0.001269
 -0.000610
 -0.000112
 -0.000314
  0.000230
 -0.000163
  0.000241
 -0.000112
 -0.000551
  0.000672
  0.000361
  0.000177
 -0.000692
  0.000875
 -0.000600
  0.000725
 -0.000221
 -0.000903
  0.001026
 -0.000796
 -0.000104
 -0.000159
  0.000651
  0.000932
  0.000961
  0.001353
 -0.000931
 -0.000106
  0.000787
  0.000700
 -0.000037
  0.000232
  0.000601
  0.000739
 -0.000970
 -0.000593
 -0.000921
  0.000143
  0.000279
  0.000248
 -0.000292
 -0.001618
  0.000370
  0.000489
  0.001047
 -0.000412
  0.000694
  0.000448
 -0.001262
 -0.000541
 -0.000538
 -0.000484
  0.000509
  0.001541
  0.000083
  0.000458
 -0.000040
  0.000315
  0.000053
 -0.000897
 -0.000600
 -0.001576
 -0.001010
 -0.000720
 -0.000367
 -0.000217
  0.001070
 -0.001425
 -0.001665
  0.000320
  0.001351
 -0.000312
 -0.000701
 -0.000536
  0.001267
  0.000591
 -0.000433
  0.000514
 -0.001408
 -0.000419
 -0.000227
  0.000088
  0.001052
 -0.001148
 -0.000838
 -0.000631
 -0.000605
  0.000756
  0.001760
  0.000273
 -0.000047
  0.001154
  0.000180
  0.001544
  0.000484
 -0.000622
 -0.000791
 -0.001341
 -0.000099
  0.000162
 -0.000755
 -0.000654
 -0.000314
  0.001806
 -0.000032
  0.001009
  0.001051
 -0.000682
 -0.000447
  0.001631
  0.001097
  0.000265
  0.000484
 -0.000324
 -0.001076
  0.000836
  0.000155
 -0.002144
  0.000222
 -0.000214
  0.000223
  0.000090
 -0.000325
 -0.000341
  0.000015
  0.000382
  0.000117
 -0.001312
  0.000164
 -0.000428
 -0.000209
 -0.000583
 -0.001766
  0.000406
  0.000523
 -0.000480
 -0.000688
 -0.000023
 -0.000368
 -0.001124
  0.001045
 -0.000284
 -0.000682
 -0.000212
 -0.000467
  0.000782
  0.000086
  0.000400
  0.000100
 -0.000520
  0.000308
 -0.000283
 -0.000342
  0.000337
 -0.000252
  0.000114
  0.000363
  0.000410
 -0.000037
  0.000693
  0.001034
 -0.000524
 -0.000415
 -0.000293
 -0.000410
  0.000584
 -0.000309
  0.000088
  0.000239
 -0.000309
  0.000374
  0.000561
  0.000432
 -0.000667
  0.000322
  0.000058
 -0.000445
 -0.000652
  0.000742
 -0.000746
  0.000221
  0.000395
 -0.001016
  0.000827
  0.000794
 -0.000120
  0.000575
  0.000959
  0.001263
 -0.000934
 -0.000566
 -0.001087
  0.000430
  0.000301
 -0.000706
 -0.000519
 -0.001218
  0.000490
 -0.000459
 -0.000047
  0.001004
 -0.000323
  0.000086
  0.000099
  0.000673
  0.000134
 -0.000730
 -0.000511
  0.000480
  0.000099
 -0.000256
 -0.000216
 -0.000193
 -0.001179
  0.000508
 -0.000239
 -0.000310
  0.000203
  0.000231
  0.000062
 -0.000514
  0.000138
 -0.000075
 -0.001218
  0.000168
  0.000945
  0.000255
 -0.000460
  0.000921
 -0.000063
 -0.000677
 -0.000216
  0.000976
 -0.000086
 -0.000481
 -0.000391
  0.000066
  0.000528
  0.000463
 -0.000376
  0.000586
 -0.000729
 -0.001135
  0.000764
  0.000154
 -0.000829
  0.000143
  0.001603
 -0.000234
 -0.000454
  0.001671
  0.002345
 -0.000860
  0.000215
  0.000342
 -0.001430
  0.002993
 -0.000886
  0.000042
  0.000029
  0.003379
 -0.000889
  0.001290
 -0.001102
 -0.001140
 -0.001605
 -0.000370
 -0.000089
  0.000339
 -0.000039
 -0.000483
 -0.000970
 -0.001489
  0.000859
 -0.000828
 -0.001027
  0.001063
 -0.000678
  0.000498
 -0.000417
  0.000664
 -0.000011
 -0.002002
 -0.000086
  0.000756
  0.000182
  0.000095
 -0.000128
  0.000034
 -0.000166
 -0.000118
  0.000023
 -0.000040
  0.000296
  0.000003
 -0.000024
  0.000119
 -0.000095
