  0.087566
 -0.023735
  0.751974
 -0.558854
 -0.270178
  0.077025
  0.003456
 -0.108743
 -0.065113
 -0.036959
 -0.024103
 -0.058780
  0.039742
 -0.034438
 -0.000783
  0.023757
 -0.040431
  0.006628
 -0.023703
  0.006732
  0.012817
  0.019677
  0.039743
 -0.007469
  0.041924
 -0.008648
 -0.003104
  0.004784
 -0.015246
 -0.009166
 -0.004283
  0.008706
 -0.023722
  0.005908
  0.007297
 -0.014004
  0.014453
 -0.007993
 -0.009160
 -0.004769
 -0.004252
 -0.006252
  0.009123
  0.011894
 -0.008275
 -0.005261
 -0.001732
  0.000917
 -0.015466
 -0.005217
  0.003593
  0.008584
  0.008485
  0.003652
 -0.006863
 -0.001741
  0.006796
  0.002015
 -0.004044
  0.003414
 -0.007200
  0.000605
 -0.001030
 -0.001672
  0.006659
  0.000817
 -0.006952
  0.002511
 -0.002790
  0.005654
  0.002981
  0.002947
  0.001070
 -0.003653
 -0.000708
  0.000770
  0.000949
 -0.000892
 -0.001730
 -0.008222
  0.002999
  0.001088
 -0.000576
 -0.002057
 -0.002277
  0.003535
 -0.000447
 -0.002016
 -0.002465
  0.002010
 -0.000453
  0.002135
 -0.002468
  0.000548
  0.003525
  0.000755
  0.004421
  0.000725
  0.001106
 -0.001236
 -0.002014
 -0.002249
  0.000428
 -0.000980
 -0.000701
 -0.000618
 -0.001833
  0.002129
 -0.000401
 -0.003066
  0.000126
  0.000181
  0.001607
 -0.002671
 -0.001476
 -0.004574
  0.001862
 -0.006325
  0.001202
 -0.001684
 -0.002710
 -0.005615
  0.003860
 -0.001646
  0.001168
  0.002035
 -0.000197
 -0.000915
  0.005317
  0.003283
  0.000797
  0.000082
 -0.000160
 -0.001574
  0.000178
  0.000479
  0.002093
 -0.004522
  0.001463
 -0.004010
 -0.001259
 -0.002002
 -0.002020
  0.001453
 -0.001642
  0.004315
 -0.002353
 -0.002342
  0.002954
 -0.000336
 -0.004289
 -0.001025
  0.001150
  0.002397
  0.000243
  0.002055
 -0.002663
 -0.001916
 -0.000789
 -0.001218
  0.000585
  0.000355
 -0.001198
  0.000237
 -0.000099
 -0.000384
  0.001137
  0.000513
  0.000050
 -0.000098
 -0.000551
 -0.000548
  0.001991
 -0.001774
 -0.000078
 -0.002857
  0.002269
  0.000290
  0.001385
  0.000323
 -0.001791
  0.000026
  0.000427
 -0.001464
 -0.000650
  0.001551
  0.001368
 -0.000729
 -0.002608
  0.001761
  0.004155
 -0.001126
 -0.001936
  0.000046
  0.001179
 -0.001506
  0.000395
  0.000477
  0.000380
 -0.003163
 -0.001613
  0.002009
 -0.001489
  0.001845
  0.002848
  0.002851
 -0.000427
 -0.000488
  0.004220
  0.000625
 -0.001129
 -0.001546
  0.003560
 -0.000339
 -0.000747
  0.000891
 -0.000018
  0.002730
  0.001186
 -0.000532
  0.001944
 -0.000594
  0.000908
 -0.000377
  0.000315
  0.000686
 -0.001156
 -0.001330
  0.002822
  0.000526
  0.000334
 -0.003802
  0.002985
 -0.001507
  0.000023
  0.000513
 -0.002092
 -0.000185
  0.000004
 -0.000738
  0.001110
  0.001057
 -0.000736
 -0.002009
 -0.001803
 -0.000970
 -0.000089
 -0.000282
  0.001502
 -0.001013
  0.000159
 -0.000512
  0.000130
  0.002033
  0.000388
 -0.000495
 -0.003409
 -0.001220
 -0.000777
  0.000739
 -0.000868
  0.001687
 -0.000865
 -0.000033
  0.000554
 -0.000983
  0.001354
  0.000991
  0.000318
  0.001083
 -0.000929
  0.001314
  0.002354
 -0.001342
  0.000679
 -0.000823
  0.000821
 -0.001874
 -0.001642
 -0.001586
 -0.000496
 -0.000953
  0.000910
 -0.002322
  0.000560
 -0.000917
  0.002618
 -0.000309
 -0.000211
 -0.001449
  0.001166
 -0.000979
  0.001188
  0.000125
  0.001490
  0.001981
 -0.000978
 -0.000278
 -0.000897
 -0.000687
 -0.001894
  0.001021
  0.000314
 -0.002883
 -0.001914
  0.000972
 -0.001154
  0.000940
 -0.000137
  0.000116
  0.000327
  0.000174
 -0.000736
 -0.000898
  0.001070
 -0.001079
 -0.000515
  0.001052
 -0.000540
 -0.000647
 -0.001744
 -0.000688
  0.000524
 -0.000896
  0.000231
 -0.000691
  0.000351
  0.001997
  0.001318
 -0.000047
 -0.000401
 -0.000203
  0.000172
 -0.000967
 -0.001570
  0.001480
  0.002612
 -0.000132
  0.000869
  0.000169
 -0.002588
 -0.000169
  0.000434
 -0.000271
 -0.002387
 -0.001240
 -0.000479
  0.001092
 -0.000417
 -0.000871
 -0.000250
  0.001415
 -0.000014
 -0.000514
 -0.000199
  0.000247
  0.000379
  0.000607
 -0.000436
 -0.001106
  0.001561
  0.000986
 -0.000407
  0.000658
  0.001128
  0.000833
 -0.000098
  0.000756
 -0.000451
  0.000375
 -0.000450
 -0.001962
 -0.000063
 -0.000153
 -0.000835
  0.000456
  0.000021
 -0.000836
  0.001817
  0.000242
  0.000908
  0.000176
 -0.000779
  0.000652
  0.000122
  0.000199
 -0.000317
  0.000715
 -0.001003
 -0.000208
  0.000654
 -0.000152
  0.000497
  0.000034
  0.000435
  0.000795
 -0.001389
  0.000099
 -0.002554
  0.000126
  0.000250
 -0.000972
 -0.000248
  0.000458
 -0.000194
  0.001294
  0.000590
 -0.000165
  0.000658
 -0.000098
 -0.000691
  0.000018
 -0.000271
  0.000332
  0.000503
  0.001307
 -0.000207
 -0.000119
 -0.002069
 -0.000486
  0.001216
  0.000263
 -0.000092
  0.000266
 -0.000185
  0.000440
 -0.001438
 -0.000699
 -0.003641
  0.001421
 -0.000376
  0.000274
 -0.000692
  0.001043
 -0.001706
  0.000178
 -0.003907
  0.000772
  0.000691
  0.000404
  0.000262
 -0.000081
  0.001428
  0.000936
  0.000731
 -0.000296
 -0.001221
 -0.000290
 -0.000173
  0.001752
 -0.000002
  0.000649
  0.001346
  0.000520
  0.000596
  0.000940
 -0.001101
  0.000202
  0.000711
 -0.000650
 -0.000015
 -0.000441
 -0.000169
 -0.000067
  0.000440
  0.000880
  0.000833
  0.000768
 -0.000984
  0.000514
  0.000620
  0.000159
  0.001010
  0.000384
  0.000652
  0.000603
 -0.001367
 -0.001136
 -0.000013
 -0.001001
  0.000281
  0.000898
 -0.000478
 -0.000576
 -0.000038
  0.000239
 -0.000059
 -0.000135
 -0.000569
 -0.000050
 -0.000059
  0.000681
  0.000903
  0.000953
  0.000260
 -0.000521
  0.000279
  0.000459
 -0.000815
  0.000038
 -0.000217
  0.001251
 -0.001281
  0.000056
  0.000102
  0.000573
  0.000367
 -0.000775
  0.000915
 -0.000053
 -0.000772
 -0.001178
  0.000852
 -0.000030
  0.001254
 -0.000388
 -0.000504
  0.000051
 -0.001211
 -0.000773
  0.001099
 -0.000438
  0.000455
  0.000885
  0.000235
 -0.000135
 -0.000449
  0.000129
  0.000382
  0.000367
  0.000559
  0.000775
 -0.000490
 -0.001631
  0.000433
 -0.000389
  0.001526
 -0.000725
 -0.000551
 -0.000164
 -0.000556
  0.000638
  0.001026
  0.000351
 -0.000119
  0.000205
 -0.000363
  0.000795
  0.000114
  0.000019
 -0.000320
  0.000592
 -0.000131
  0.001280
 -0.000236
  0.001171
  0.001353
 -0.000127
  0.000045
  0.000178
  0.000382
 -0.000460
  0.000912
 -0.000760
 -0.000737
  0.000249
  0.000746
  0.000454
  0.000799
  0.000860
 -0.000202
  0.000009
  0.001593
 -0.000375
 -0.000007
 -0.000079
 -0.000033
 -0.000426
  0.000844
  0.000195
  0.000122
 -0.000451
 -0.001031
  0.000733
 -0.000423
 -0.000132
  0.000207
  0.000067
 -0.000161
 -0.000699
  0.000335
  0.000095
 -0.000062
  0.000135
 -0.000051
 -0.000196
 -0.000311
 -0.000469
 -0.000529
  0.000132
 -0.000474
 -0.000022
 -0.000386
  0.000111
 -0.000030
 -0.000155
 -0.000706
  0.000272
  0.000145
  0.000185
 -0.000083
  0.000326
  0.000381
 -0.000042
 -0.000219
  0.000671
 -0.000501
 -0.000720
 -0.000098
 -0.001485
 -0.000527
 -0.000268
  0.000077
  0.001076
 -0.000566
  0.000115
 -0.000391
 -0.000410
 -0.000387
 -0.000900
  0.000162
  0.000750
 -0.000079
 -0.000173
  0.000295
  0.000095
  0.000106
 -0.000793
  0.000678
 -0.000193
  0.000602
  0.001252
  0.000619
  0.000465
 -0.000556
  0.001006
 -0.000179
 -0.000695
  0.000705
 -0.001094
 -0.001215
 -0.000279
 -0.000889
 -0.000443
 -0.000231
 -0.000073
  0.001187
  0.000988
 -0.000726
  0.000222
  0.000042
 -0.000481
 -0.000122
 -0.000480
 -0.000053
 -0.000626
  0.000031
  0.000384
  0.000249
 -0.000012
  0.000126
  0.000420
 -0.000449
 -0.000138
  0.000074
 -0.000415
  0.000212
 -0.000081
  0.000053
 -0.001060
  0.000014
  0.000477
 -0.000538
 -0.000956
  0.000770
  0.000495
  0.000732
  0.000482
  0.000142
 -0.000674
  0.000207
 -0.000326
 -0.000024
 -0.000803
  0.000662
 -0.000523
 -0.001087
 -0.000082
  0.000180
  0.000707
 -0.000259
 -0.001042
  0.000955
  0.000006
 -0.000235
 -0.000009
  0.000476
 -0.000057
 -0.000809
  0.000244
  0.000488
  0.000005
 -0.000065
 -0.000909
 -0.000174
 -0.000069
 -0.000416
 -0.000594
  0.000103
 -0.000163
  0.000209
 -0.000471
  0.000220
 -0.000437
 -0.000180
  0.000035
 -0.000021
  0.000018
  0.000221
 -0.000142
 -0.000075
 -0.000227
 -0.000525
  0.000453
 -0.000218
  0.000845
  0.000248
  0.000600
  0.000376
  0.000032
 -0.001102
 -0.000259
  0.001090
 -0.000189
  0.000797
 -0.000442
  0.000251
  0.000318
 -0.000463
 -0.000172
 -0.000254
  0.000191
  0.000027
  0.000289
  0.000069
  0.000122
 -0.000855
  0.001037
  0.000466
 -0.000002
 -0.000120
 -0.000368
 -0.000580
 -0.000471
  0.001051
 -0.000100
  0.000869
 -0.001171
  0.000275
 -0.000587
  0.000361
 -0.000232
  0.000102
  0.000176
 -0.000043
  0.000493
  0.000208
 -0.000156
  0.000114
  0.000072
  0.000497
  0.000420
  0.000640
  0.000015
  0.000038
  0.000401
 -0.000569
 -0.000180
 -0.000870
  0.000439
 -0.000523
 -0.000367
 -0.000136
 -0.000180
  0.000065
 -0.000035
 -0.000058
  0.000156
  0.000295
  0.000085
 -0.000373
  0.000276
 -0.000131
  0.000027
  0.000076
  0.000037
 -0.000263
 -0.000202
  0.000095
  0.000201
 -0.000057
  0.000130
  0.000101
 -0.000212
 -0.000060
  0.000026
  0.000106
  0.000260
 -0.000062
 -0.000199
 -0.000265
 -0.000131
  0.000113
 -0.000053
  0.000389
