  0.115872
  0.017165
  0.987043
 -0.025173
 -0.003970
 -0.033604
  0.007786
  0.011500
  0.015870
 -0.008150
 -0.015724
 -0.001243
  0.040676
 -0.001971
  0.000013
 -0.019362
 -0.034214
 -0.022796
 -0.005755
  0.006984
  0.015170
  0.035415
  0.020361
 -0.000867
 -0.017630
 -0.032169
  0.002220
 -0.007686
  0.016737
  0.006832
 -0.000454
 -0.005742
  0.000271
  0.000513
  0.008472
  0.000880
 -0.000008
  0.009687
 -0.004290
  0.006457
  0.002097
 -0.001249
 -0.006140
 -0.007588
 -0.004649
  0.001742
  0.003033
  0.001040
  0.011541
  0.007564
  0.003462
  0.003736
  0.000700
 -0.005948
  0.004828
 -0.002430
 -0.000626
 -0.000315
 -0.009230
 -0.008174
 -0.005127
  0.002679
 -0.000502
  0.000318
 -0.005708
 -0.000101
  0.002607
  0.002689
  0.002403
 -0.003796
  0.002238
 -0.001175
  0.003999
 -0.007825
 -0.001018
  0.002625
  0.001088
  0.003971
  0.001862
  0.001528
  0.005772
  0.000354
  0.002852
 -0.003326
 -0.004424
 -0.002690
  0.000481
  0.005701
 -0.003287
 -0.001615
  0.000313
 -0.003712
 -0.005519
 -0.001177
 -0.001001
 -0.005744
  0.001638
 -0.003882
 -0.001096
 -0.003519
 -0.003216
 -0.006106
 -0.000898
  0.004222
 -0.001186
  0.005916
 -0.001193
 -0.001513
 -0.000007
  0.003207
  0.000808
  0.000198
 -0.000611
 -0.000668
 -0.003175
 -0.002323
 -0.000829
 -0.000334
 -0.000637
 -0.001367
 -0.001352
 -0.002058
 -0.001622
 -0.003159
  0.000428
  0.001885
 -0.002285
 -0.000988
 -0.000984
 -0.002789
 -0.000680
 -0.000206
 -0.000121
 -0.000712
  0.001944
 -0.001598
 -0.002027
 -0.001545
 -0.001469
  0.000098
  0.001727
 -0.003835
 -0.000628
  0.000650
 -0.001950
 -0.000529
 -0.002105
 -0.002045
 -0.000205
  0.001187
 -0.000603
  0.001435
  0.000142
  0.000364
  0.000579
 -0.002254
 -0.002040
 -0.001387
 -0.000896
 -0.000016
  0.002404
  0.000625
 -0.000566
 -0.002261
  0.001197
 -0.002483
 -0.002492
  0.002211
  0.003053
 -0.000772
  0.000405
 -0.001453
  0.004879
  0.000363
 -0.001963
 -0.002493
  0.001579
  0.000418
  0.000212
  0.000653
  0.000535
  0.002718
  0.000901
 -0.000134
 -0.000090
  0.000364
  0.001956
 -0.002607
  0.001246
  0.000488
 -0.000472
 -0.001041
 -0.002928
  0.003127
 -0.000061
  0.000931
 -0.001174
 -0.001000
 -0.000865
 -0.000439
  0.000124
 -0.000441
 -0.000717
  0.000541
 -0.000833
 -0.004683
  0.001498
 -0.000357
  0.001314
  0.000483
 -0.000096
  0.000089
 -0.000639
  0.001286
  0.000414
 -0.000245
  0.004010
 -0.001617
  0.000377
 -0.000739
  0.000533
  0.000120
 -0.002289
  0.001968
  0.002977
  0.000323
 -0.001372
 -0.000396
 -0.000787
  0.000839
  0.000705
  0.001051
 -0.001500
 -0.000147
  0.001151
  0.001314
 -0.002382
 -0.002259
  0.001340
  0.001291
  0.000188
 -0.000676
 -0.001674
  0.000331
  0.001340
  0.001035
 -0.000406
 -0.002883
 -0.000846
  0.000356
 -0.000371
  0.001436
  0.000820
  0.000279
  0.000225
  0.001573
  0.000632
 -0.000076
 -0.001553
 -0.000304
 -0.000445
 -0.000913
 -0.000066
 -0.000280
  0.000059
 -0.001702
  0.000193
 -0.000504
  0.000739
  0.001166
  0.000894
  0.001125
  0.000180
 -0.000941
 -0.002113
 -0.001197
  0.000014
  0.000318
  0.000125
 -0.000280
 -0.000226
  0.000413
 -0.000399
  0.000741
 -0.001058
 -0.000088
  0.000965
 -0.000126
 -0.001592
  0.000085
  0.000356
  0.001303
 -0.001125
  0.001370
 -0.001589
 -0.000893
  0.000376
  0.000098
  0.000641
 -0.000352
  0.000548
 -0.000466
  0.000210
 -0.000894
 -0.000144
  0.000092
 -0.000103
  0.000826
  0.000822
 -0.000711
 -0.001236
  0.001080
 -0.000763
  0.000398
 -0.002791
 -0.001904
 -0.000715
  0.000160
 -0.000979
  0.001423
  0.000886
  0.000445
 -0.000327
  0.000130
  0.000030
  0.000584
  0.000678
 -0.001471
  0.001514
  0.000663
  0.000117
 -0.000355
  0.001263
  0.000498
  0.001540
 -0.001028
 -0.000590
  0.000395
 -0.001698
  0.001049
 -0.000316
  0.000062
  0.000627
 -0.000340
 -0.000951
 -0.001005
  0.000840
  0.000271
 -0.001356
 -0.000615
  0.000763
 -0.001480
 -0.000044
  0.000064
 -0.000201
 -0.000358
  0.000236
 -0.002050
 -0.000272
  0.000574
  0.001443
  0.000210
 -0.000514
  0.000219
  0.000337
  0.000479
 -0.000111
  0.000528
  0.001609
 -0.000366
 -0.000690
  0.000112
 -0.000594
 -0.000621
 -0.000093
  0.000379
  0.000231
  0.000090
  0.000354
 -0.000763
  0.000270
  0.000236
  0.000350
  0.000546
  0.000775
 -0.000104
 -0.000179
 -0.000296
 -0.000851
  0.000868
 -0.001065
  0.000223
 -0.001659
 -0.000284
 -0.000915
  0.000075
  0.001320
 -0.001669
 -0.000764
 -0.001543
  0.000086
  0.001996
  0.001105
  0.000487
  0.000276
 -0.002272
  0.001179
 -0.000664
 -0.000257
 -0.000906
 -0.001586
  0.000596
 -0.000450
  0.001345
  0.001778
 -0.000039
 -0.000197
  0.000166
 -0.000848
 -0.000504
  0.000518
  0.001228
 -0.000003
 -0.000095
  0.000948
 -0.000348
 -0.003601
 -0.000524
 -0.003581
 -0.001676
  0.000655
  0.001548
  0.000454
 -0.002351
 -0.001149
  0.001059
 -0.000667
 -0.002269
 -0.000848
 -0.000827
 -0.001626
  0.000996
 -0.000006
 -0.000093
 -0.001273
 -0.000856
  0.002355
 -0.002267
 -0.000248
  0.001728
  0.001381
 -0.000742
 -0.001226
 -0.000848
  0.000777
  0.000233
 -0.000760
 -0.001324
  0.000339
  0.000059
 -0.000521
 -0.001084
  0.000393
 -0.000934
  0.000252
  0.000531
  0.000350
  0.000705
  0.000324
 -0.000595
 -0.000078
 -0.000439
  0.000839
  0.000762
 -0.000194
  0.001242
  0.000253
 -0.000475
  0.001281
  0.000712
  0.000093
  0.002112
  0.000453
  0.000322
  0.001141
  0.000412
 -0.000830
 -0.000104
  0.000927
 -0.000742
  0.000238
 -0.000055
  0.000278
  0.000549
 -0.000421
  0.000386
  0.000239
  0.000450
 -0.000131
 -0.000207
  0.000517
 -0.000051
 -0.001704
 -0.000347
  0.000490
 -0.000657
  0.000044
 -0.000090
  0.000185
  0.000279
  0.000075
  0.000052
  0.000621
 -0.000940
  0.000074
 -0.001475
  0.000261
 -0.000076
  0.000306
 -0.000940
 -0.000178
 -0.000695
  0.000236
  0.000191
 -0.000343
 -0.001179
  0.000159
 -0.000172
  0.000879
 -0.000881
 -0.000088
  0.000463
 -0.000270
  0.000022
 -0.000386
  0.000363
 -0.000624
 -0.000069
 -0.000110
 -0.000825
  0.000132
 -0.000526
  0.000454
  0.000340
 -0.000927
 -0.001353
 -0.000303
 -0.000394
  0.000094
 -0.000269
  0.000098
 -0.000618
  0.000175
 -0.000649
  0.000105
  0.000182
 -0.000309
  0.000001
  0.000651
  0.000225
  0.000187
  0.000018
 -0.000163
 -0.000326
  0.000046
 -0.000072
 -0.000113
 -0.000283
 -0.000300
  0.000206
 -0.000232
 -0.000511
  0.000207
 -0.000073
 -0.000111
  0.000523
 -0.000055
 -0.000463
  0.000495
 -0.000040
  0.000263
 -0.000017
  0.000365
 -0.000581
  0.000060
  0.000538
 -0.000511
  0.000349
  0.000289
  0.000622
 -0.000110
  0.000333
  0.000571
 -0.000420
  0.000037
 -0.000368
  0.000469
  0.000515
  0.000120
 -0.000242
  0.000996
 -0.000317
  0.000301
  0.000179
 -0.000231
 -0.000297
  0.000832
  0.001019
 -0.000696
 -0.000937
 -0.000170
 -0.000897
  0.000248
  0.000237
 -0.000964
  0.000431
  0.000113
  0.000102
  0.000304
  0.000562
 -0.000368
 -0.000340
  0.000133
 -0.000212
 -0.000200
  0.000151
  0.000194
  0.000449
  0.000170
  0.000267
  0.000661
 -0.000094
  0.000277
 -0.000133
 -0.000326
  0.000184
 -0.000135
 -0.000320
 -0.000253
 -0.000063
 -0.000411
 -0.000322
 -0.000004
  0.000142
 -0.000948
 -0.000161
  0.000182
  0.000201
  0.000205
 -0.000081
 -0.000059
 -0.000207
  0.000966
  0.000113
 -0.000240
 -0.000279
 -0.001021
 -0.000257
  0.000039
  0.000193
  0.000520
  0.000465
  0.000273
  0.000677
 -0.000541
  0.000029
  0.000175
 -0.000326
 -0.000090
 -0.000585
 -0.000279
  0.000057
  0.000280
 -0.000795
 -0.000203
 -0.000050
 -0.000106
 -0.000720
 -0.000572
 -0.000456
 -0.000606
  0.001001
  0.000341
  0.000419
  0.000262
 -0.000536
  0.000307
 -0.000122
  0.000086
  0.000092
 -0.000047
 -0.000090
 -0.000293
 -0.000782
 -0.000414
 -0.000320
 -0.000034
  0.000754
 -0.000003
 -0.000622
  0.000523
 -0.000330
 -0.000531
 -0.000351
  0.000208
  0.000598
 -0.000208
 -0.000049
 -0.000196
 -0.000944
 -0.000026
 -0.000096
  0.000206
 -0.000100
 -0.000099
  0.000380
 -0.000294
  0.000280
 -0.000191
  0.000695
  0.000378
 -0.000311
  0.000673
 -0.000318
  0.000071
 -0.000707
  0.000585
 -0.000636
  0.000225
 -0.000244
  0.000166
 -0.000607
  0.000530
  0.000578
 -0.000290
  0.000535
  0.000426
  0.001186
  0.000642
 -0.000123
 -0.000092
  0.000369
  0.000332
  0.000247
  0.000017
  0.000455
 -0.000193
 -0.000209
  0.000078
 -0.001116
  0.000149
 -0.000593
 -0.000176
 -0.000066
  0.000291
 -0.000240
  0.000142
 -0.000030
 -0.000810
 -0.000158
  0.000181
  0.000503
 -0.000526
  0.000168
  0.000361
 -0.000376
 -0.001111
  0.000008
 -0.000672
  0.000182
 -0.000432
 -0.000206
  0.000083
 -0.000387
  0.000077
  0.000290
 -0.000775
 -0.000653
  0.000356
 -0.000125
  0.000059
 -0.000024
 -0.000185
 -0.000108
  0.000151
 -0.000237
 -0.000040
  0.000034
  0.000613
 -0.000137
  0.000232
  0.000108
 -0.000310
 -0.000033
  0.000320
 -0.000415
 -0.000131
 -0.000456
 -0.000185
  0.000114
  0.000231
  0.000058
 -0.000421
 -0.000604
 -0.000066
  0.000018
  0.000269
 -0.000118
  0.000174
 -0.000114
  0.000211
  0.000210
 -0.000103
 -0.000069
 -0.000082
  0.000126
  0.000218
  0.000115
  0.000330
 -0.000148
 -0.000280
 -0.000506
 -0.000075
  0.000256
  0.000439
