  1    0.037105
  2    0.131587
  3    0.082368
  4    0.029306
  5    0.017340
  6    0.014191
  7    0.036093
  8    0.018877
  9    0.012428
 10    0.010066
 11    0.010673
 12    0.005541
 13    0.007779
 14    0.007985
 15    0.007007
 16    0.006185
 17    0.006334
 18    0.005295
 19    0.006412
 20    0.008440
 21    0.010741
 22    0.005955
 23    0.007771
 24    0.004314
 25    0.011452
 26    0.004840
 27    0.003486
 28    0.003819
 29    0.003838
 30    0.005085
 31    0.004211
 32    0.002814
 33    0.004896
 34    0.003104
 35    0.004635
 36    0.004418
 37    0.003881
 38    0.003327
 39    0.003253
 40    0.003086
 41    0.005713
 42    0.003072
 43    0.003166
 44    0.004064
 45    0.003135
 46    0.002725
 47    0.001824
 48    0.003572
 49    0.002437
 50    0.003459
 51    0.002367
 52    0.001329
 53    0.003033
 54    0.002630
 55    0.002026
 56    0.003081
 57    0.001552
 58    0.001602
 59    0.001121
 60    0.002057
 61    0.001885
 62    0.002003
 63    0.001070
 64    0.002149
 65    0.001932
 66    0.002240
 67    0.001194
 68    0.001652
 69    0.001122
 70    0.001539
 71    0.001188
 72    0.001186
 73    0.001362
 74    0.001652
 75    0.001423
 76    0.001141
 77    0.001985
 78    0.001365
 79    0.001847
 80    0.001170
 81    0.001835
 82    0.001124
 83    0.001633
 84    0.001501
 85    0.002058
 86    0.001862
 87    0.001785
 88    0.000904
 89    0.001905
 90    0.001676
 91    0.001770
 92    0.001468
 93    0.001065
 94    0.002894
 95    0.000888
 96    0.001660
 97    0.001769
 98    0.000903
 99    0.001283
100    0.001241
101    0.001141
102    0.001916
103    0.001937
104    0.001737
105    0.001142
106    0.001584
107    0.000982
108    0.001236
109    0.001203
110    0.001174
111    0.000675
112    0.001099
113    0.001592
114    0.001036
115    0.001322
116    0.000927
117    0.000837
118    0.000861
119    0.001081
120    0.000568
121    0.001309
122    0.000903
123    0.000557
124    0.001331
125    0.000807
126    0.000756
127    0.000972
128    0.000790
129    0.001318
130    0.000957
131    0.001353
132    0.000970
133    0.000880
134    0.001247
135    0.000635
136    0.000818
137    0.000834
138    0.001120
139    0.001735
140    0.001048
141    0.000877
142    0.000845
143    0.001067
144    0.001015
145    0.000955
146    0.001179
147    0.000979
148    0.001430
149    0.001196
150    0.000686
151    0.001013
152    0.000953
153    0.001036
154    0.001037
155    0.000976
156    0.001314
157    0.001115
158    0.000832
159    0.000932
160    0.000895
161    0.000677
162    0.000744
163    0.001120
164    0.000592
165    0.001094
166    0.000668
167    0.000592
168    0.000687
169    0.000538
170    0.001081
171    0.001375
172    0.000854
173    0.000883
174    0.000923
175    0.000853
176    0.001360
177    0.000702
178    0.000506
179    0.000889
180    0.001263
181    0.001044
182    0.000744
183    0.000665
184    0.000684
185    0.000950
186    0.000668
187    0.000814
188    0.000871
189    0.000602
190    0.001593
191    0.000624
192    0.000595
193    0.000654
194    0.000548
195    0.001129
196    0.000495
197    0.000742
198    0.001009
199    0.001133
200    0.000444
201    0.000880
202    0.001152
203    0.000455
204    0.000932
205    0.001089
206    0.000865
207    0.000737
208    0.000892
209    0.000792
210    0.000853
211    0.000904
212    0.000784
213    0.000704
214    0.001016
215    0.000818
216    0.000576
217    0.000545
218    0.000881
219    0.000869
220    0.000550
221    0.000521
222    0.000460
223    0.000569
224    0.000721
225    0.000541
226    0.000705
227    0.000782
228    0.000690
229    0.001002
230    0.000703
231    0.000831
232    0.000679
233    0.000659
234    0.000610
235    0.000647
236    0.001155
237    0.000596
238    0.000476
239    0.000905
240    0.000737
241    0.001050
242    0.001240
243    0.000631
244    0.000703
245    0.001247
246    0.000420
247    0.000563
248    0.000791
249    0.000570
250    0.000994
251    0.000500
252    0.000481
253    0.000473
254    0.000757
255    0.000264
256    0.000639
257    0.000196
258    0.000737
259    0.000661
260    0.000497
261    0.000629
262    0.000563
263    0.000529
264    0.000309
265    0.000585
266    0.000625
267    0.000611
268    0.000504
269    0.000317
270    0.000740
271    0.000569
272    0.000695
273    0.000473
274    0.000553
275    0.000539
276    0.000715
277    0.000902
278    0.000252
279    0.000608
280    0.000413
281    0.000970
282    0.000320
283    0.000412
284    0.000330
285    0.000656
286    0.000488
287    0.000787
288    0.000718
289    0.000279
290    0.000828
291    0.000810
292    0.000634
293    0.000256
294    0.000420
295    0.000326
296    0.000800
297    0.000343
298    0.000569
299    0.000410
300    0.000519
301    0.001022
302    0.000652
303    0.000558
304    0.000389
305    0.000616
306    0.000556
307    0.000322
308    0.000800
309    0.000573
310    0.000551
311    0.000855
312    0.000284
313    0.000426
314    0.000599
315    0.000832
316    0.000234
317    0.000646
318    0.000313
319    0.000673
320    0.000470
321    0.000815
322    0.000279
323    0.000374
324    0.000517
325    0.000547
326    0.000359
327    0.000542
328    0.000323
329    0.000406
330    0.000778
331    0.000344
332    0.000527
333    0.000462
334    0.000516
335    0.000562
336    0.000397
337    0.000444
338    0.000629
339    0.000721
340    0.000386
341    0.000597
342    0.000673
343    0.000545
344    0.000632
345    0.000477
346    0.000322
347    0.000489
348    0.000324
349    0.000557
350    0.000531
351    0.000229
352    0.000261
353    0.000403
354    0.000347
355    0.000588
356    0.000604
357    0.000635
358    0.000445
359    0.000490
360    0.000481
361    0.000499
362    0.000372
363    0.000335
364    0.000354
365    0.000572
366    0.000317
367    0.000255
368    0.000262
369    0.000394
370    0.000507
371    0.000284
372    0.000453
373    0.000315
374    0.000514
375    0.000372
376    0.000382
377    0.000460
378    0.000382
379    0.000325
380    0.000276
381    0.000367
382    0.000415
383    0.000346
384    0.000406
385    0.000180
386    0.000274
387    0.000368
388    0.000478
389    0.000217
390    0.000254
391    0.000469
392    0.000425
393    0.000433
394    0.000403
395    0.000322
396    0.000376
397    0.000261
398    0.000446
399    0.000528
400    0.000513
401    0.000255
402    0.000308
403    0.000586
404    0.000377
405    0.000304
406    0.000391
407    0.000518
408    0.000244
409    0.000414
410    0.000209
411    0.000323
412    0.000299
413    0.000309
414    0.000472
415    0.000318
416    0.000449
417    0.000373
418    0.000440
419    0.000212
420    0.000354
421    0.000322
422    0.000284
423    0.000347
424    0.000416
425    0.000355
426    0.000369
427    0.000399
428    0.000311
429    0.000368
430    0.000368
431    0.000445
432    0.000388
433    0.000287
434    0.000370
435    0.000308
436    0.000249
437    0.000519
438    0.000381
439    0.000455
440    0.000483
441    0.000351
442    0.000453
443    0.000271
444    0.000626
445    0.000445
446    0.000403
447    0.000381
448    0.000399
449    0.000267
450    0.000275
451    0.000310
452    0.000429
453    0.000495
454    0.000386
455    0.000312
456    0.000239
457    0.000256
458    0.000250
459    0.000240
460    0.000500
461    0.000274
462    0.000313
463    0.000380
464    0.000190
465    0.000365
466    0.000424
467    0.000417
468    0.000300
469    0.000210
470    0.000294
471    0.000252
472    0.000284
473    0.000315
474    0.000336
475    0.000366
476    0.000245
477    0.000346
478    0.000470
479    0.000346
480    0.000214
481    0.000387
482    0.000242
483    0.000235
484    0.000303
485    0.000406
486    0.000277
487    0.000249
488    0.000162
489    0.000306
490    0.000211
491    0.000233
492    0.000291
493    0.000259
494    0.000298
495    0.000468
496    0.000280
497    0.000249
498    0.000206
499    0.000361
500    0.000320
501    0.000325
502    0.000313
503    0.000528
504    0.000407
505    0.000409
506    0.000325
507    0.000416
508    0.000305
509    0.000331
510    0.000332
511    0.000397
512    0.000304
513    0.000394
514    0.000430
515    0.000420
516    0.000384
517    0.000190
518    0.000320
519    0.000320
520    0.000204
521    0.000320
522    0.000369
523    0.000255
524    0.000218
525    0.000284
526    0.000275
527    0.000302
528    0.000274
529    0.000282
530    0.000218
531    0.000325
532    0.000339
533    0.000301
534    0.000363
535    0.000421
536    0.000218
537    0.000372
538    0.000270
539    0.000333
540    0.000353
541    0.000197
542    0.000230
543    0.000222
544    0.000333
545    0.000254
546    0.000331
547    0.000303
548    0.000299
549    0.000283
550    0.000290
551    0.000254
552    0.000351
553    0.000340
554    0.000245
555    0.000231
556    0.000517
557    0.000233
558    0.000245
559    0.000300
560    0.000304
561    0.000277
562    0.000328
563    0.000317
564    0.000239
565    0.000312
566    0.000369
567    0.000264
568    0.000317
569    0.000307
570    0.000325
571    0.000299
572    0.000226
573    0.000302
574    0.000230
575    0.000354
576    0.000284
577    0.000318
578    0.000415
579    0.000291
580    0.000348
581    0.000170
582    0.000321
583    0.000121
584    0.000278
585    0.000241
586    0.000260
587    0.000310
588    0.000247
589    0.000212
590    0.000270
591    0.000176
592    0.000269
593    0.000355
594    0.000246
595    0.000247
596    0.000261
597    0.000227
598    0.000319
599    0.000307
600    0.000318
601    0.000274
602    0.000216
603    0.000315
604    0.000228
605    0.000313
606    0.000252
607    0.000225
608    0.000268
609    0.000175
610    0.000270
611    0.000363
612    0.000289
613    0.000198
614    0.000446
615    0.000283
616    0.000278
617    0.000195
618    0.000235
619    0.000365
620    0.000171
621    0.000311
622    0.000307
623    0.000243
624    0.000242
625    0.000245
626    0.000148
627    0.000268
628    0.000212
629    0.000199
630    0.000211
631    0.000183
632    0.000159
633    0.000214
634    0.000234
635    0.000173
636    0.000150
637    0.000276
638    0.000163
639    0.000234
640    0.000248
641    0.000198
642    0.000222
643    0.000142
644    0.000174
645    0.000290
646    0.000275
647    0.000245
648    0.000293
649    0.000212
650    0.000207
651    0.000208
652    0.000104
653    0.000128
654    0.000195
655    0.000173
656    0.000153
657    0.000196
658    0.000238
659    0.000208
660    0.000292
661    0.000213
662    0.000239
663    0.000282
664    0.000246
665    0.000199
666    0.000291
667    0.000183
668    0.000169
669    0.000227
670    0.000278
671    0.000212
672    0.000220
673    0.000445
674    0.000305
675    0.000331
676    0.000355
677    0.000265
678    0.000277
679    0.000262
680    0.000225
681    0.000205
682    0.000176
683    0.000196
684    0.000295
685    0.000250
686    0.000162
687    0.000253
688    0.000404
689    0.000177
690    0.000163
691    0.000283
692    0.000339
693    0.000265
694    0.000283
695    0.000212
696    0.000208
697    0.000281
698    0.000227
699    0.000261
700    0.000221
701    0.000170
702    0.000276
703    0.000117
704    0.000139
705    0.000225
706    0.000199
707    0.000199
708    0.000170
709    0.000148
710    0.000150
711    0.000261
712    0.000197
713    0.000223
714    0.000283
715    0.000170
716    0.000171
717    0.000212
718    0.000219
719    0.000197
720    0.000209
721    0.000204
722    0.000329
723    0.000233
724    0.000357
725    0.000178
726    0.000348
727    0.000198
728    0.000307
729    0.000205
730    0.000337
731    0.000349
732    0.000165
733    0.000237
734    0.000308
735    0.000172
736    0.000187
737    0.000171
738    0.000247
739    0.000112
740    0.000204
741    0.000182
742    0.000264
743    0.000253
744    0.000113
745    0.000337
746    0.000233
747    0.000163
748    0.000209
749    0.000143
750    0.000213
751    0.000147
752    0.000223
753    0.000184
754    0.000328
755    0.000254
756    0.000188
757    0.000122
758    0.000122
759    0.000174
760    0.000241
761    0.000149
762    0.000160
763    0.000175
764    0.000180
765    0.000097
766    0.000234
767    0.000237
768    0.000098
769    0.000201
770    0.000200
771    0.000209
772    0.000171
773    0.000126
774    0.000231
775    0.000093
776    0.000161
777    0.000180
778    0.000199
779    0.000180
780    0.000088
781    0.000284
782    0.000453
783    0.000137
784    0.000170
785    0.000101
786    0.000154
787    0.000199
788    0.000256
789    0.000243
790    0.000205
791    0.000207
792    0.000255
793    0.000092
794    0.000272
795    0.000276
796    0.000315
797    0.000281
798    0.000244
799    0.000198
800    0.000247
801    0.000338
802    0.000173
803    0.000086
804    0.000045
805    0.000204
806    0.000153
807    0.000113
808    0.000203
809    0.000116
810    0.000042
811    0.000290
812    0.000045
813    0.000367
814    0.000191
815    0.000111
816    0.000194
817    0.000245
818    0.000101
819    0.000238
820    0.000188
821    0.000330
822    0.000108
823    0.000318
824    0.000294
825    0.000408
