  1    0.124239
  2    0.062009
  3    0.038878
  4    0.030363
  5    0.023912
  6    0.025790
  7    0.008344
  8    0.005704
  9    0.011429
 10    0.012764
 11    0.003087
 12    0.015652
 13    0.004338
 14    0.004365
 15    0.007080
 16    0.007345
 17    0.008312
 18    0.013103
 19    0.003306
 20    0.011518
 21    0.004211
 22    0.004280
 23    0.009507
 24    0.006422
 25    0.005221
 26    0.007104
 27    0.005232
 28    0.003205
 29    0.004261
 30    0.007180
 31    0.008761
 32    0.005352
 33    0.004386
 34    0.004792
 35    0.002797
 36    0.002555
 37    0.008797
 38    0.003238
 39    0.004528
 40    0.002815
 41    0.006051
 42    0.003554
 43    0.002406
 44    0.003385
 45    0.004940
 46    0.001763
 47    0.001923
 48    0.004250
 49    0.002948
 50    0.003122
 51    0.001771
 52    0.002722
 53    0.003600
 54    0.002638
 55    0.001828
 56    0.001478
 57    0.003160
 58    0.000978
 59    0.001746
 60    0.001753
 61    0.002906
 62    0.000903
 63    0.002490
 64    0.004135
 65    0.001487
 66    0.001525
 67    0.000691
 68    0.001399
 69    0.001255
 70    0.001180
 71    0.000783
 72    0.002470
 73    0.001805
 74    0.001078
 75    0.003106
 76    0.000864
 77    0.002068
 78    0.001913
 79    0.001729
 80    0.001984
 81    0.002277
 82    0.000960
 83    0.001383
 84    0.002508
 85    0.001693
 86    0.001016
 87    0.002127
 88    0.001404
 89    0.001455
 90    0.002420
 91    0.001409
 92    0.001510
 93    0.001423
 94    0.001494
 95    0.001138
 96    0.001077
 97    0.001200
 98    0.002460
 99    0.000862
100    0.000792
101    0.001790
102    0.001723
103    0.000638
104    0.000908
105    0.000938
106    0.002395
107    0.000856
108    0.001896
109    0.000874
110    0.002017
111    0.000859
112    0.001782
113    0.000769
114    0.001353
115    0.001631
116    0.001987
117    0.001315
118    0.000930
119    0.000995
120    0.002312
121    0.003577
122    0.000946
123    0.001751
124    0.000848
125    0.000638
126    0.000863
127    0.003169
128    0.000842
129    0.000894
130    0.001483
131    0.000918
132    0.001686
133    0.001085
134    0.001371
135    0.001374
136    0.000480
137    0.000681
138    0.001318
139    0.001113
140    0.001513
141    0.000863
142    0.001534
143    0.000582
144    0.001035
145    0.000695
146    0.001053
147    0.001324
148    0.000852
149    0.000844
150    0.000925
151    0.000820
152    0.000709
153    0.000345
154    0.001472
155    0.001448
156    0.001572
157    0.001446
158    0.000964
159    0.001290
160    0.000925
161    0.000910
162    0.000587
163    0.001404
164    0.000993
165    0.000702
166    0.001135
167    0.001856
168    0.001025
169    0.001334
170    0.001451
171    0.000595
172    0.000657
173    0.001597
174    0.001169
175    0.001008
176    0.001280
177    0.000540
178    0.000550
179    0.001172
180    0.001010
181    0.000868
182    0.000758
183    0.000486
184    0.000715
185    0.000486
186    0.000939
187    0.001034
188    0.001177
189    0.000745
190    0.001053
191    0.000968
192    0.001079
193    0.000540
194    0.000752
195    0.000671
196    0.000904
197    0.000601
198    0.000724
199    0.000795
200    0.000831
201    0.001076
202    0.000653
203    0.000747
204    0.000945
205    0.000774
206    0.001462
207    0.000569
208    0.000792
209    0.000646
210    0.001373
211    0.001233
212    0.001219
213    0.000657
214    0.000592
215    0.000895
216    0.001045
217    0.000567
218    0.000610
219    0.000580
220    0.000985
221    0.000611
222    0.001047
223    0.000505
224    0.001143
225    0.001241
226    0.000606
227    0.000698
228    0.000888
229    0.000513
230    0.000966
231    0.000586
232    0.000515
233    0.001710
234    0.000634
235    0.000506
236    0.001492
237    0.000567
238    0.000678
239    0.001052
240    0.000347
241    0.000748
242    0.000580
243    0.000511
244    0.000291
245    0.000705
246    0.000218
247    0.000454
248    0.000301
249    0.000860
250    0.001034
251    0.000309
252    0.000324
253    0.000438
254    0.000364
255    0.000469
256    0.000514
257    0.000640
258    0.000382
259    0.000418
260    0.000639
261    0.000554
262    0.000389
263    0.000967
264    0.000726
265    0.000655
266    0.000318
267    0.000462
268    0.000901
269    0.000613
270    0.000445
271    0.000293
272    0.001079
273    0.000493
274    0.000357
275    0.000647
276    0.000284
277    0.000629
278    0.000308
279    0.000244
280    0.000295
281    0.001192
282    0.000466
283    0.000549
284    0.000607
285    0.000786
286    0.000357
287    0.000258
288    0.000483
289    0.000483
290    0.000314
291    0.001106
292    0.000409
293    0.000615
294    0.000599
295    0.000326
296    0.000343
297    0.000430
298    0.000216
299    0.000480
300    0.000401
301    0.000572
302    0.000099
303    0.000452
304    0.000417
305    0.000630
306    0.001241
307    0.000529
308    0.000397
309    0.000733
310    0.000635
311    0.000694
312    0.000395
313    0.000459
314    0.000507
315    0.000473
316    0.000303
317    0.000564
318    0.000356
319    0.000268
320    0.000469
321    0.000382
322    0.000676
323    0.000340
324    0.000253
325    0.000346
326    0.000748
327    0.000639
328    0.000556
329    0.000385
330    0.000506
331    0.000381
332    0.000639
333    0.000813
334    0.000884
335    0.000465
336    0.000398
337    0.000376
338    0.000301
339    0.000124
340    0.000727
341    0.000517
342    0.000527
343    0.000419
344    0.000527
345    0.000452
346    0.000568
347    0.000294
348    0.000729
349    0.000437
350    0.000728
351    0.000559
352    0.000413
353    0.000497
354    0.000446
355    0.000450
356    0.000461
357    0.000232
358    0.000722
359    0.000772
360    0.000397
361    0.001319
362    0.000558
363    0.000431
364    0.000578
365    0.000611
366    0.001017
367    0.000254
368    0.000368
369    0.000483
370    0.000697
371    0.000744
372    0.000330
373    0.000605
374    0.000696
375    0.000467
376    0.000786
377    0.000341
378    0.000328
379    0.000438
380    0.000525
381    0.000634
382    0.000463
383    0.000717
384    0.000404
385    0.000324
386    0.000348
387    0.000858
388    0.000469
389    0.000301
390    0.000424
391    0.000499
392    0.000472
393    0.000346
394    0.000523
395    0.000525
396    0.000334
397    0.000312
398    0.000518
399    0.000260
400    0.000568
401    0.000302
402    0.000313
403    0.000420
404    0.000500
405    0.000245
406    0.000367
407    0.000220
408    0.000244
409    0.000308
410    0.000510
411    0.000302
412    0.000230
413    0.000518
414    0.000289
415    0.000417
416    0.000249
417    0.000408
418    0.000679
419    0.000541
420    0.000528
421    0.000986
422    0.000268
423    0.000681
424    0.000198
425    0.000460
426    0.000282
427    0.000367
428    0.000313
429    0.000318
430    0.000645
431    0.000426
432    0.000384
433    0.000503
434    0.000118
435    0.000379
436    0.000182
437    0.000509
438    0.000659
439    0.000482
440    0.000370
441    0.000921
442    0.000579
443    0.000619
444    0.000208
445    0.000490
446    0.000933
447    0.000592
448    0.000513
449    0.000574
450    0.000377
451    0.000699
452    0.000802
453    0.000843
454    0.000647
455    0.000471
456    0.000410
457    0.000329
458    0.000302
459    0.000284
460    0.000686
461    0.000258
462    0.000236
463    0.000245
464    0.000380
465    0.000379
466    0.000283
467    0.000303
468    0.000793
469    0.000283
470    0.000221
471    0.000433
472    0.000342
473    0.000299
474    0.000486
475    0.000389
476    0.000617
477    0.000293
478    0.000248
479    0.000340
480    0.000263
481    0.000163
482    0.000413
483    0.000260
484    0.000553
485    0.000396
486    0.000344
487    0.000391
488    0.000469
489    0.000381
490    0.000356
491    0.000228
492    0.000458
493    0.000221
494    0.000399
495    0.000613
496    0.000378
497    0.000448
498    0.000457
499    0.000345
500    0.000347
501    0.000218
502    0.000198
503    0.000257
504    0.000509
505    0.000255
506    0.000217
507    0.000467
508    0.000523
509    0.000308
510    0.000543
511    0.000516
512    0.000178
513    0.000157
514    0.000333
515    0.000254
516    0.000437
517    0.000225
518    0.000376
519    0.000351
520    0.000384
521    0.000151
522    0.000330
523    0.000329
524    0.000285
525    0.000324
526    0.000233
527    0.000389
528    0.000359
529    0.000692
530    0.000268
531    0.000206
532    0.000346
533    0.000366
534    0.000175
535    0.000309
536    0.000451
537    0.000173
538    0.000372
539    0.000572
540    0.000170
541    0.000392
542    0.000250
543    0.000540
544    0.000361
545    0.000436
546    0.000226
547    0.000188
548    0.000213
549    0.000168
550    0.000286
551    0.000425
552    0.000297
553    0.000293
554    0.000121
555    0.000283
556    0.000484
557    0.000351
558    0.000491
559    0.000327
560    0.000131
561    0.000191
562    0.000401
563    0.000310
564    0.000232
565    0.000114
566    0.000312
567    0.000363
568    0.000088
569    0.000128
570    0.000324
571    0.000140
572    0.000106
573    0.000302
574    0.000245
575    0.000154
576    0.000189
577    0.000302
578    0.000202
579    0.000211
580    0.000208
581    0.000326
582    0.000135
583    0.000283
584    0.000137
585    0.000203
586    0.000136
587    0.000372
588    0.000167
589    0.000237
590    0.000234
591    0.000161
592    0.000149
593    0.000196
594    0.000231
595    0.000223
596    0.000260
597    0.000182
598    0.000156
599    0.000220
600    0.000257
601    0.000202
602    0.000239
603    0.000223
604    0.000385
605    0.000369
606    0.000239
607    0.000415
608    0.000151
609    0.000143
610    0.000310
611    0.000152
612    0.000223
613    0.000127
614    0.000241
615    0.000120
616    0.000335
617    0.000106
618    0.000079
619    0.000367
620    0.000369
621    0.000497
622    0.000253
623    0.000157
624    0.000268
625    0.000175
626    0.000249
627    0.000369
628    0.000309
629    0.000452
630    0.000194
631    0.000252
632    0.000354
633    0.000410
634    0.000252
635    0.000137
636    0.000236
637    0.000254
638    0.000424
639    0.000238
640    0.000192
641    0.000159
642    0.000228
643    0.000324
644    0.000398
645    0.000167
646    0.000379
647    0.000267
648    0.000393
649    0.000332
650    0.000294
651    0.000200
652    0.000202
653    0.000241
654    0.000282
655    0.000238
656    0.000151
657    0.000221
658    0.000154
659    0.000157
660    0.000373
661    0.000191
662    0.000171
663    0.000336
664    0.000252
665    0.000242
666    0.000206
667    0.000418
668    0.000235
669    0.000310
670    0.000199
671    0.000272
672    0.000312
673    0.000217
674    0.000284
675    0.000220
676    0.000387
677    0.000328
678    0.000193
679    0.000420
680    0.000373
681    0.000327
682    0.000200
683    0.000184
684    0.000291
685    0.000260
686    0.000281
687    0.000197
688    0.000240
689    0.000228
690    0.000416
691    0.000188
692    0.000413
693    0.000414
694    0.000258
695    0.000184
696    0.000200
697    0.000318
698    0.000236
699    0.000213
700    0.000191
701    0.000280
702    0.000176
703    0.000175
704    0.000367
705    0.000217
706    0.000279
707    0.000146
708    0.000246
709    0.000228
710    0.000239
711    0.000227
712    0.000304
713    0.000320
714    0.000271
715    0.000200
716    0.000134
717    0.000247
718    0.000309
719    0.000093
720    0.000237
721    0.000210
722    0.000227
723    0.000104
724    0.000185
725    0.000130
726    0.000144
727    0.000205
728    0.000309
729    0.000347
730    0.000379
731    0.000306
732    0.000427
733    0.000358
734    0.000203
735    0.000309
736    0.000139
737    0.000070
738    0.000210
739    0.000310
740    0.000252
741    0.000172
742    0.000196
743    0.000156
744    0.000160
745    0.000362
746    0.000241
747    0.000194
748    0.000313
749    0.000152
750    0.000174
751    0.000126
752    0.000434
753    0.000233
754    0.000150
755    0.000099
756    0.000172
757    0.000115
758    0.000195
759    0.000065
760    0.000106
761    0.000269
762    0.000172
763    0.000186
764    0.000290
765    0.000268
766    0.000195
767    0.000084
768    0.000137
769    0.000321
770    0.000216
771    0.000158
772    0.000116
773    0.000196
774    0.000176
775    0.000072
776    0.000348
777    0.000218
778    0.000130
779    0.000332
780    0.000162
781    0.000213
782    0.000127
783    0.000259
784    0.000215
785    0.000192
786    0.000155
787    0.000273
788    0.000402
789    0.000239
790    0.000279
791    0.000219
792    0.000138
793    0.000210
794    0.000197
795    0.000044
796    0.000052
797    0.000103
798    0.000108
799    0.000060
800    0.000187
801    0.000183
802    0.000113
803    0.000093
804    0.000200
805    0.000196
806    0.000176
807    0.000205
808    0.000070
809    0.000033
810    0.000212
811    0.000131
812    0.000225
813    0.000073
814    0.000214
815    0.000094
816    0.000252
817    0.000560
818    0.000301
819    0.000324
820    0.000090
821    0.000237
822    0.000244
823    0.000069
824    0.000265
825    0.000553
