  1    0.120633
  2    0.063367
  3    0.047729
  4    0.023871
  5    0.023724
  6    0.030095
  7    0.007833
  8    0.013342
  9    0.008741
 10    0.004279
 11    0.008601
 12    0.002929
 13    0.010068
 14    0.010073
 15    0.011373
 16    0.005296
 17    0.009361
 18    0.007331
 19    0.007495
 20    0.005764
 21    0.009867
 22    0.005518
 23    0.004412
 24    0.006582
 25    0.004162
 26    0.005451
 27    0.007315
 28    0.006300
 29    0.008152
 30    0.008561
 31    0.004838
 32    0.003169
 33    0.003494
 34    0.006024
 35    0.005678
 36    0.005543
 37    0.002235
 38    0.002790
 39    0.002980
 40    0.004895
 41    0.004723
 42    0.005840
 43    0.002224
 44    0.003552
 45    0.002401
 46    0.005406
 47    0.003314
 48    0.002155
 49    0.002627
 50    0.001563
 51    0.003137
 52    0.002900
 53    0.002388
 54    0.001608
 55    0.002582
 56    0.004341
 57    0.002968
 58    0.001911
 59    0.001257
 60    0.000603
 61    0.001925
 62    0.002405
 63    0.002372
 64    0.000713
 65    0.001083
 66    0.003474
 67    0.000698
 68    0.002184
 69    0.001331
 70    0.001494
 71    0.002160
 72    0.001868
 73    0.001276
 74    0.001694
 75    0.002181
 76    0.001786
 77    0.002787
 78    0.001601
 79    0.002263
 80    0.001040
 81    0.001896
 82    0.001406
 83    0.000970
 84    0.001663
 85    0.001578
 86    0.001710
 87    0.001356
 88    0.001419
 89    0.001080
 90    0.001029
 91    0.000970
 92    0.000733
 93    0.002350
 94    0.002076
 95    0.001113
 96    0.001456
 97    0.000547
 98    0.000915
 99    0.001464
100    0.001725
101    0.002152
102    0.001830
103    0.000660
104    0.001606
105    0.001440
106    0.001649
107    0.000579
108    0.002651
109    0.000291
110    0.000907
111    0.001353
112    0.002065
113    0.001414
114    0.001116
115    0.001101
116    0.001952
117    0.002304
118    0.001321
119    0.002119
120    0.001715
121    0.001189
122    0.001599
123    0.002263
124    0.000579
125    0.001221
126    0.001774
127    0.000738
128    0.001915
129    0.001486
130    0.000949
131    0.000923
132    0.002709
133    0.000939
134    0.000725
135    0.001082
136    0.001752
137    0.001041
138    0.001104
139    0.000475
140    0.001306
141    0.000980
142    0.000787
143    0.001668
144    0.000788
145    0.002600
146    0.001191
147    0.000952
148    0.000596
149    0.001124
150    0.001172
151    0.000629
152    0.000760
153    0.000471
154    0.000655
155    0.000752
156    0.001081
157    0.000576
158    0.000812
159    0.000788
160    0.000951
161    0.000729
162    0.000530
163    0.001546
164    0.000732
165    0.000420
166    0.001193
167    0.000988
168    0.001037
169    0.001112
170    0.001010
171    0.000723
172    0.001234
173    0.000511
174    0.000720
175    0.000860
176    0.000497
177    0.000749
178    0.000950
179    0.001332
180    0.000769
181    0.000640
182    0.000456
183    0.000753
184    0.000820
185    0.000794
186    0.001035
187    0.000525
188    0.000313
189    0.000332
190    0.001166
191    0.001011
192    0.000368
193    0.001005
194    0.000998
195    0.001333
196    0.000278
197    0.000999
198    0.000955
199    0.000541
200    0.000464
201    0.000629
202    0.000742
203    0.000550
204    0.000316
205    0.000723
206    0.000585
207    0.000411
208    0.000525
209    0.001274
210    0.000669
211    0.000634
212    0.000740
213    0.000808
214    0.000724
215    0.000485
216    0.000873
217    0.000860
218    0.000905
219    0.000391
220    0.000414
221    0.000394
222    0.000712
223    0.000904
224    0.000384
225    0.000872
226    0.000806
227    0.000673
228    0.000378
229    0.000964
230    0.000456
231    0.000637
232    0.000707
233    0.000845
234    0.000529
235    0.000470
236    0.000654
237    0.000430
238    0.000261
239    0.000583
240    0.000479
241    0.000387
242    0.000333
243    0.000815
244    0.000608
245    0.000784
246    0.000902
247    0.000625
248    0.000779
249    0.000877
250    0.000805
251    0.000464
252    0.000491
253    0.000437
254    0.000239
255    0.000613
256    0.000240
257    0.000554
258    0.000873
259    0.000485
260    0.000472
261    0.000335
262    0.000877
263    0.000665
264    0.000482
265    0.000443
266    0.000795
267    0.000276
268    0.000714
269    0.000729
270    0.000699
271    0.000638
272    0.000823
273    0.000291
274    0.000530
275    0.000543
276    0.000411
277    0.000836
278    0.000972
279    0.000652
280    0.000255
281    0.000451
282    0.000512
283    0.000619
284    0.000601
285    0.000477
286    0.000827
287    0.000647
288    0.000679
289    0.000859
290    0.000639
291    0.000496
292    0.000314
293    0.000400
294    0.000256
295    0.001141
296    0.000683
297    0.000689
298    0.000824
299    0.000516
300    0.000261
301    0.000522
302    0.000530
303    0.000493
304    0.000710
305    0.000382
306    0.000501
307    0.000215
308    0.000368
309    0.000678
310    0.000514
311    0.000606
312    0.000670
313    0.000641
314    0.000481
315    0.000863
316    0.000239
317    0.000418
318    0.001053
319    0.000743
320    0.000520
321    0.000955
322    0.000765
323    0.000427
324    0.000344
325    0.000704
326    0.000336
327    0.000285
328    0.000438
329    0.000264
330    0.000573
331    0.000496
332    0.000379
333    0.001014
334    0.000743
335    0.000469
336    0.000752
337    0.000332
338    0.000587
339    0.000522
340    0.000494
341    0.000815
342    0.000739
343    0.000581
344    0.000443
345    0.000739
346    0.000288
347    0.000312
348    0.000730
349    0.000755
350    0.000193
351    0.000505
352    0.001003
353    0.000385
354    0.000765
355    0.000375
356    0.000479
357    0.000583
358    0.000807
359    0.000500
360    0.001018
361    0.000703
362    0.000512
363    0.000593
364    0.000138
365    0.000598
366    0.000234
367    0.000411
368    0.000451
369    0.000408
370    0.000441
371    0.000746
372    0.000731
373    0.000475
374    0.000534
375    0.000480
376    0.000225
377    0.000782
378    0.000312
379    0.000512
380    0.000324
381    0.000837
382    0.000500
383    0.000363
384    0.000519
385    0.000361
386    0.000341
387    0.000574
388    0.000316
389    0.000243
390    0.000623
391    0.000512
392    0.000629
393    0.000399
394    0.000548
395    0.000440
396    0.000286
397    0.000376
398    0.000127
399    0.000404
400    0.000545
401    0.000661
402    0.000253
403    0.000495
404    0.000171
405    0.000524
406    0.000636
407    0.000720
408    0.000403
409    0.000270
410    0.000427
411    0.000520
412    0.000329
413    0.000361
414    0.000212
415    0.000404
416    0.000365
417    0.000485
418    0.000187
419    0.000156
420    0.000340
421    0.000307
422    0.000577
423    0.000541
424    0.000544
425    0.000319
426    0.000358
427    0.000725
428    0.000461
429    0.000601
430    0.000396
431    0.000643
432    0.000447
433    0.000300
434    0.000405
435    0.000780
436    0.000207
437    0.000351
438    0.000698
439    0.000762
440    0.000521
441    0.000428
442    0.000151
443    0.000410
444    0.000691
445    0.000621
446    0.000844
447    0.000747
448    0.000725
449    0.000401
450    0.000384
451    0.000615
452    0.000274
453    0.000565
454    0.000484
455    0.000172
456    0.000289
457    0.000468
458    0.000176
459    0.000444
460    0.000336
461    0.000484
462    0.000455
463    0.000476
464    0.000561
465    0.000402
466    0.000568
467    0.000251
468    0.000463
469    0.000321
470    0.000384
471    0.000533
472    0.000526
473    0.000310
474    0.000470
475    0.000338
476    0.000646
477    0.000228
478    0.000473
479    0.000352
480    0.000054
481    0.000312
482    0.000295
483    0.000385
484    0.000745
485    0.000491
486    0.000293
487    0.000207
488    0.000481
489    0.000402
490    0.000397
491    0.000269
492    0.000362
493    0.000317
494    0.000192
495    0.000576
496    0.000454
497    0.000386
498    0.000419
499    0.000490
500    0.000313
501    0.000228
502    0.000470
503    0.000370
504    0.000301
505    0.000564
506    0.000383
507    0.000385
508    0.000264
509    0.000470
510    0.000287
511    0.000419
512    0.000117
513    0.000272
514    0.000345
515    0.000207
516    0.000356
517    0.000207
518    0.000370
519    0.000165
520    0.000236
521    0.000168
522    0.000577
523    0.000584
524    0.000501
525    0.000248
526    0.000299
527    0.000157
528    0.000206
529    0.000451
530    0.000336
531    0.000362
532    0.000274
533    0.000279
534    0.000288
535    0.000202
536    0.000222
537    0.000522
538    0.000256
539    0.000283
540    0.000176
541    0.000325
542    0.000458
543    0.000345
544    0.000194
545    0.000842
546    0.000274
547    0.000210
548    0.000210
549    0.000248
550    0.000460
551    0.000140
552    0.000428
553    0.000314
554    0.000455
555    0.000320
556    0.000187
557    0.000448
558    0.000206
559    0.000289
560    0.000339
561    0.000260
562    0.000541
563    0.000286
564    0.000271
565    0.000165
566    0.000261
567    0.000263
568    0.000448
569    0.000114
570    0.000222
571    0.000180
572    0.000206
573    0.000193
574    0.000298
575    0.000080
576    0.000183
577    0.000362
578    0.000228
579    0.000211
580    0.000280
581    0.000200
582    0.000212
583    0.000152
584    0.000167
585    0.000177
586    0.000310
587    0.000396
588    0.000188
589    0.000277
590    0.000266
591    0.000301
592    0.000263
593    0.000237
594    0.000203
595    0.000171
596    0.000346
597    0.000249
598    0.000277
599    0.000244
600    0.000343
601    0.000473
602    0.000421
603    0.000231
604    0.000432
605    0.000468
606    0.000316
607    0.000167
608    0.000283
609    0.000216
610    0.000089
611    0.000266
612    0.000431
613    0.000224
614    0.000294
615    0.000415
616    0.000337
617    0.000223
618    0.000412
619    0.000219
620    0.000266
621    0.000220
622    0.000233
623    0.000214
624    0.000422
625    0.000285
626    0.000200
627    0.000176
628    0.000395
629    0.000178
630    0.000287
631    0.000279
632    0.000193
633    0.000292
634    0.000179
635    0.000396
636    0.000342
637    0.000306
638    0.000246
639    0.000134
640    0.000157
641    0.000283
642    0.000376
643    0.000285
644    0.000252
645    0.000242
646    0.000252
647    0.000190
648    0.000150
649    0.000171
650    0.000258
651    0.000217
652    0.000364
653    0.000193
654    0.000161
655    0.000199
656    0.000209
657    0.000298
658    0.000160
659    0.000348
660    0.000166
661    0.000228
662    0.000256
663    0.000142
664    0.000336
665    0.000282
666    0.000231
667    0.000231
668    0.000225
669    0.000290
670    0.000255
671    0.000275
672    0.000422
673    0.000364
674    0.000470
675    0.000214
676    0.000321
677    0.000433
678    0.000268
679    0.000376
680    0.000527
681    0.000240
682    0.000365
683    0.000191
684    0.000156
685    0.000266
686    0.000334
687    0.000289
688    0.000181
689    0.000212
690    0.000219
691    0.000281
692    0.000251
693    0.000139
694    0.000432
695    0.000220
696    0.000087
697    0.000422
698    0.000262
699    0.000166
700    0.000238
701    0.000277
702    0.000285
703    0.000171
704    0.000198
705    0.000166
706    0.000237
707    0.000168
708    0.000322
709    0.000188
710    0.000287
711    0.000197
712    0.000152
713    0.000357
714    0.000302
715    0.000311
716    0.000175
717    0.000445
718    0.000148
719    0.000300
720    0.000185
721    0.000151
722    0.000135
723    0.000365
724    0.000159
725    0.000172
726    0.000351
727    0.000298
728    0.000356
729    0.000189
730    0.000333
731    0.000144
732    0.000316
733    0.000229
734    0.000242
735    0.000253
736    0.000324
737    0.000417
738    0.000202
739    0.000201
740    0.000212
741    0.000120
742    0.000277
743    0.000153
744    0.000229
745    0.000198
746    0.000264
747    0.000219
748    0.000272
749    0.000437
750    0.000224
751    0.000139
752    0.000294
753    0.000082
754    0.000178
755    0.000208
756    0.000058
757    0.000107
758    0.000149
759    0.000118
760    0.000129
761    0.000193
762    0.000182
763    0.000109
764    0.000299
765    0.000136
766    0.000231
767    0.000150
768    0.000025
769    0.000280
770    0.000259
771    0.000165
772    0.000183
773    0.000174
774    0.000144
775    0.000280
776    0.000309
777    0.000250
778    0.000209
779    0.000252
780    0.000112
781    0.000199
782    0.000177
783    0.000183
784    0.000122
785    0.000344
786    0.000328
787    0.000372
788    0.000271
789    0.000298
790    0.000259
791    0.000232
792    0.000312
793    0.000308
794    0.000349
795    0.000229
796    0.000108
797    0.000103
798    0.000156
799    0.000103
800    0.000300
801    0.000151
802    0.000051
803    0.000148
804    0.000109
805    0.000059
806    0.000217
807    0.000183
808    0.000077
809    0.000203
810    0.000075
811    0.000108
812    0.000171
813    0.000135
814    0.000080
815    0.000100
816    0.000280
817    0.000192
818    0.000526
819    0.000145
820    0.000156
821    0.000201
822    0.000571
823    0.000260
824    0.000562
825    0.000326
