  1    0.121160
  2    0.052316
  3    0.030236
  4    0.005800
  5    0.026333
  6    0.024538
  7    0.006555
  8    0.030726
  9    0.009182
 10    0.011467
 11    0.005691
 12    0.004867
 13    0.009040
 14    0.009091
 15    0.009215
 16    0.007212
 17    0.007629
 18    0.007109
 19    0.012560
 20    0.006590
 21    0.006238
 22    0.002437
 23    0.006069
 24    0.009499
 25    0.007099
 26    0.007064
 27    0.007570
 28    0.008463
 29    0.003195
 30    0.002261
 31    0.002871
 32    0.004614
 33    0.004465
 34    0.003275
 35    0.004130
 36    0.009114
 37    0.003688
 38    0.002543
 39    0.005089
 40    0.003384
 41    0.002660
 42    0.004187
 43    0.006287
 44    0.003213
 45    0.003619
 46    0.002689
 47    0.003977
 48    0.002961
 49    0.005127
 50    0.002822
 51    0.002576
 52    0.003251
 53    0.001997
 54    0.003448
 55    0.002457
 56    0.003051
 57    0.003591
 58    0.000770
 59    0.002729
 60    0.001508
 61    0.001265
 62    0.002439
 63    0.003022
 64    0.001063
 65    0.001574
 66    0.003280
 67    0.001696
 68    0.002019
 69    0.003063
 70    0.002398
 71    0.001114
 72    0.001969
 73    0.001006
 74    0.001094
 75    0.002339
 76    0.001130
 77    0.001447
 78    0.001455
 79    0.002249
 80    0.002179
 81    0.001817
 82    0.001402
 83    0.002902
 84    0.002571
 85    0.000750
 86    0.001102
 87    0.000623
 88    0.001558
 89    0.001455
 90    0.000883
 91    0.001436
 92    0.001654
 93    0.000749
 94    0.003145
 95    0.000696
 96    0.001823
 97    0.001268
 98    0.001689
 99    0.003549
100    0.001563
101    0.002661
102    0.001764
103    0.001057
104    0.001175
105    0.000688
106    0.001390
107    0.002152
108    0.001811
109    0.000949
110    0.001498
111    0.000855
112    0.002159
113    0.001598
114    0.002227
115    0.001333
116    0.000803
117    0.001390
118    0.000673
119    0.000557
120    0.001125
121    0.001306
122    0.001107
123    0.001052
124    0.000942
125    0.002141
126    0.001152
127    0.000855
128    0.001061
129    0.001116
130    0.002306
131    0.000962
132    0.001467
133    0.000587
134    0.000749
135    0.000884
136    0.001091
137    0.000727
138    0.000508
139    0.000639
140    0.001100
141    0.002243
142    0.000609
143    0.002081
144    0.001002
145    0.001520
146    0.001424
147    0.001192
148    0.000896
149    0.001029
150    0.001274
151    0.000720
152    0.000879
153    0.001430
154    0.000549
155    0.001066
156    0.001408
157    0.001426
158    0.001038
159    0.001633
160    0.001398
161    0.001079
162    0.000840
163    0.002069
164    0.000970
165    0.000948
166    0.001360
167    0.000905
168    0.000896
169    0.001072
170    0.001323
171    0.000848
172    0.000510
173    0.001185
174    0.001774
175    0.000718
176    0.000891
177    0.000803
178    0.001025
179    0.000602
180    0.001008
181    0.001313
182    0.000611
183    0.000969
184    0.000782
185    0.001179
186    0.000600
187    0.000581
188    0.000951
189    0.000620
190    0.000153
191    0.000583
192    0.000945
193    0.000621
194    0.001266
195    0.000483
196    0.001235
197    0.000637
198    0.000251
199    0.000890
200    0.000472
201    0.000929
202    0.000999
203    0.000806
204    0.000942
205    0.000937
206    0.000304
207    0.001941
208    0.000665
209    0.000953
210    0.001147
211    0.000756
212    0.000390
213    0.000713
214    0.001200
215    0.000698
216    0.000948
217    0.000454
218    0.000667
219    0.000956
220    0.000409
221    0.000789
222    0.000405
223    0.000542
224    0.001238
225    0.000900
226    0.000648
227    0.000500
228    0.000278
229    0.000784
230    0.000724
231    0.001055
232    0.000497
233    0.001317
234    0.001191
235    0.000432
236    0.000685
237    0.000938
238    0.000614
239    0.000780
240    0.000374
241    0.000251
242    0.000844
243    0.000588
244    0.000458
245    0.000571
246    0.000779
247    0.000648
248    0.000263
249    0.000769
250    0.000551
251    0.000461
252    0.000514
253    0.000864
254    0.000832
255    0.000447
256    0.000754
257    0.000908
258    0.000530
259    0.000744
260    0.000875
261    0.000324
262    0.000693
263    0.000829
264    0.000869
265    0.000923
266    0.000856
267    0.000618
268    0.000566
269    0.000476
270    0.000880
271    0.000659
272    0.000637
273    0.000592
274    0.000432
275    0.000576
276    0.000568
277    0.000351
278    0.000785
279    0.000305
280    0.000705
281    0.000464
282    0.000526
283    0.000540
284    0.000741
285    0.000423
286    0.000566
287    0.000373
288    0.000531
289    0.000451
290    0.000586
291    0.000386
292    0.000877
293    0.000522
294    0.000921
295    0.000648
296    0.000721
297    0.000576
298    0.000717
299    0.000322
300    0.000752
301    0.000689
302    0.000372
303    0.000352
304    0.000343
305    0.000854
306    0.000790
307    0.000603
308    0.000622
309    0.000464
310    0.000662
311    0.000763
312    0.000980
313    0.000415
314    0.000416
315    0.000673
316    0.000646
317    0.000325
318    0.000395
319    0.001277
320    0.000382
321    0.000683
322    0.000534
323    0.000540
324    0.000198
325    0.000770
326    0.000493
327    0.000741
328    0.000395
329    0.000333
330    0.000191
331    0.000474
332    0.000710
333    0.000587
334    0.000396
335    0.000390
336    0.000488
337    0.000690
338    0.000490
339    0.000435
340    0.000351
341    0.000473
342    0.000426
343    0.000366
344    0.000423
345    0.000347
346    0.000810
347    0.000559
348    0.000383
349    0.000514
350    0.000305
351    0.000556
352    0.000466
353    0.000244
354    0.000288
355    0.000447
356    0.000585
357    0.000415
358    0.000344
359    0.000481
360    0.000367
361    0.000201
362    0.000386
363    0.000463
364    0.000412
365    0.000693
366    0.000547
367    0.000395
368    0.000583
369    0.000284
370    0.000743
371    0.000848
372    0.000830
373    0.000660
374    0.000579
375    0.000532
376    0.000775
377    0.000514
378    0.000671
379    0.000935
380    0.000525
381    0.000717
382    0.000631
383    0.000421
384    0.000620
385    0.000715
386    0.000439
387    0.000641
388    0.001011
389    0.000434
390    0.000669
391    0.000804
392    0.000238
393    0.000409
394    0.000233
395    0.000421
396    0.000475
397    0.000565
398    0.000322
399    0.000443
400    0.000655
401    0.000370
402    0.000344
403    0.000362
404    0.000483
405    0.000327
406    0.000173
407    0.000506
408    0.000783
409    0.000638
410    0.000249
411    0.000282
412    0.000367
413    0.000313
414    0.000452
415    0.000639
416    0.000610
417    0.000257
418    0.000442
419    0.000401
420    0.000245
421    0.000344
422    0.000527
423    0.000395
424    0.000506
425    0.000294
426    0.000340
427    0.000279
428    0.000644
429    0.000326
430    0.000399
431    0.000589
432    0.000367
433    0.000623
434    0.000404
435    0.000275
436    0.000352
437    0.000455
438    0.000449
439    0.000549
440    0.000299
441    0.000413
442    0.001052
443    0.000656
444    0.000367
445    0.000509
446    0.000383
447    0.000505
448    0.000563
449    0.000670
450    0.000528
451    0.000687
452    0.000265
453    0.000391
454    0.000269
455    0.000254
456    0.000324
457    0.000675
458    0.000274
459    0.000521
460    0.000450
461    0.000352
462    0.000798
463    0.000565
464    0.000424
465    0.000353
466    0.000519
467    0.000356
468    0.000275
469    0.000669
470    0.000908
471    0.000217
472    0.000326
473    0.000334
474    0.000489
475    0.000594
476    0.000298
477    0.000359
478    0.000340
479    0.000388
480    0.000439
481    0.000260
482    0.000489
483    0.000254
484    0.000410
485    0.000272
486    0.000690
487    0.000354
488    0.000327
489    0.000591
490    0.000428
491    0.000600
492    0.000428
493    0.000451
494    0.000745
495    0.000326
496    0.000247
497    0.000483
498    0.000617
499    0.000263
500    0.000301
501    0.000171
502    0.000507
503    0.000308
504    0.000485
505    0.000380
506    0.000594
507    0.000222
508    0.000311
509    0.000147
510    0.000543
511    0.000432
512    0.000228
513    0.000284
514    0.000579
515    0.000541
516    0.000323
517    0.000426
518    0.000675
519    0.000309
520    0.000091
521    0.000453
522    0.000340
523    0.000515
524    0.000442
525    0.000436
526    0.000332
527    0.000395
528    0.000416
529    0.000527
530    0.000540
531    0.000536
532    0.000623
533    0.000202
534    0.000732
535    0.000260
536    0.000573
537    0.000153
538    0.000540
539    0.000638
540    0.000224
541    0.000418
542    0.000238
543    0.000348
544    0.000359
545    0.000401
546    0.000324
547    0.000165
548    0.000398
549    0.000335
550    0.000388
551    0.000420
552    0.000420
553    0.000276
554    0.000378
555    0.000223
556    0.000261
557    0.000166
558    0.000214
559    0.000411
560    0.000528
561    0.000283
562    0.000294
563    0.000225
564    0.000410
565    0.000283
566    0.000426
567    0.000416
568    0.000362
569    0.000219
570    0.000165
571    0.000208
572    0.000287
573    0.000293
574    0.000454
575    0.000189
576    0.000381
577    0.000361
578    0.000162
579    0.000090
580    0.000302
581    0.000298
582    0.000386
583    0.000359
584    0.000161
585    0.000172
586    0.000286
587    0.000269
588    0.000234
589    0.000282
590    0.000288
591    0.000322
592    0.000173
593    0.000173
594    0.000349
595    0.000387
596    0.000277
597    0.000344
598    0.000351
599    0.000195
600    0.000267
601    0.000223
602    0.000267
603    0.000325
604    0.000295
605    0.000656
606    0.000205
607    0.000236
608    0.000301
609    0.000171
610    0.000396
611    0.000432
612    0.000260
613    0.000190
614    0.000416
615    0.000305
616    0.000105
617    0.000309
618    0.000362
619    0.000229
620    0.000304
621    0.000385
622    0.000180
623    0.000224
624    0.000162
625    0.000300
626    0.000319
627    0.000306
628    0.000590
629    0.000396
630    0.000266
631    0.000160
632    0.000250
633    0.000286
634    0.000420
635    0.000155
636    0.000236
637    0.000168
638    0.000302
639    0.000333
640    0.000147
641    0.000373
642    0.000322
643    0.000117
644    0.000233
645    0.000219
646    0.000116
647    0.000283
648    0.000215
649    0.000311
650    0.000271
651    0.000361
652    0.000307
653    0.000140
654    0.000214
655    0.000296
656    0.000216
657    0.000216
658    0.000259
659    0.000315
660    0.000328
661    0.000367
662    0.000371
663    0.000390
664    0.000274
665    0.000205
666    0.000330
667    0.000227
668    0.000265
669    0.000281
670    0.000238
671    0.000410
672    0.000588
673    0.000216
674    0.000250
675    0.000378
676    0.000346
677    0.000228
678    0.000246
679    0.000139
680    0.000377
681    0.000245
682    0.000116
683    0.000167
684    0.000251
685    0.000171
686    0.000148
687    0.000279
688    0.000211
689    0.000200
690    0.000239
691    0.000232
692    0.000255
693    0.000198
694    0.000257
695    0.000203
696    0.000320
697    0.000220
698    0.000205
699    0.000111
700    0.000227
701    0.000343
702    0.000239
703    0.000190
704    0.000391
705    0.000240
706    0.000101
707    0.000170
708    0.000207
709    0.000111
710    0.000250
711    0.000207
712    0.000116
713    0.000224
714    0.000180
715    0.000269
716    0.000324
717    0.000329
718    0.000285
719    0.000202
720    0.000264
721    0.000419
722    0.000260
723    0.000335
724    0.000163
725    0.000256
726    0.000259
727    0.000258
728    0.000107
729    0.000208
730    0.000255
731    0.000127
732    0.000200
733    0.000400
734    0.000241
735    0.000364
736    0.000433
737    0.000416
738    0.000348
739    0.000287
740    0.000144
741    0.000060
742    0.000399
743    0.000097
744    0.000212
745    0.000180
746    0.000208
747    0.000462
748    0.000323
749    0.000308
750    0.000023
751    0.000152
752    0.000306
753    0.000215
754    0.000132
755    0.000306
756    0.000103
757    0.000025
758    0.000272
759    0.000149
760    0.000283
761    0.000196
762    0.000556
763    0.000121
764    0.000128
765    0.000219
766    0.000305
767    0.000141
768    0.000197
769    0.000223
770    0.000254
771    0.000532
772    0.000208
773    0.000241
774    0.000217
775    0.000105
776    0.000068
777    0.000289
778    0.000353
779    0.000114
780    0.000182
781    0.000223
782    0.000240
783    0.000153
784    0.000258
785    0.000163
786    0.000177
787    0.000168
788    0.000338
789    0.000129
790    0.000157
791    0.000426
792    0.000386
793    0.000188
794    0.000245
795    0.000108
796    0.000154
797    0.000097
798    0.000163
799    0.000078
800    0.000279
801    0.000156
802    0.000321
803    0.000175
804    0.000249
805    0.000201
806    0.000200
807    0.000117
808    0.000115
809    0.000104
810    0.000111
811    0.000216
812    0.000055
813    0.000060
814    0.000064
815    0.000071
816    0.000293
817    0.000022
818    0.000357
819    0.000149
820    0.000302
821    0.000109
822    0.000241
823    0.000793
824    0.000722
825    0.000433
