0.9937021460515945
0.8455931720978259
0.9505581979716782
0.9081480493118448
0.9704668444329632
0.4738603591114063
0.7858921632393909
0.48076557606292875
0.3909495874035956
0.8276304752203009
0.596644198986079
0.4667501819115581
0.9365989058275602
0.48746187731171803
0.8128810294014278
0.874655979022813
0.8019803788032807
0.9508236835921048
0.32516739155072466
0.03898237452591888
0.7809788876234387
0.5092864571843183
0.020582548053318266
0.029460870718452645
0.8679388205069463
0.7089259932397528
