 -0.108500
  0.088688
  0.295208
  0.039427
  0.873816
 -0.186538
 -0.042501
  0.046417
  0.100707
  0.097965
 -0.048696
 -0.116019
 -0.066454
  0.012285
  0.015791
 -0.061808
  0.058546
 -0.126516
 -0.045809
  0.063208
 -0.098783
  0.002710
 -0.037926
  0.012100
  0.010443
 -0.033378
  0.029676
 -0.004451
 -0.033820
 -0.017838
  0.025680
 -0.006913
  0.008192
  0.000962
  0.014328
 -0.015421
  0.004768
  0.010277
 -0.003875
 -0.001547
 -0.015769
 -0.004424
 -0.002751
  0.013204
 -0.002383
  0.011144
  0.013428
  0.001938
 -0.006460
 -0.002233
  0.004157
  0.016355
  0.005037
 -0.005821
  0.003336
 -0.005984
 -0.005260
  0.001179
  0.005120
 -0.004625
 -0.002178
  0.001023
  0.005011
 -0.006171
  0.007602
 -0.007333
 -0.006811
  0.000035
 -0.003222
 -0.005670
 -0.003518
  0.006110
  0.003199
  0.002199
 -0.006155
 -0.000791
  0.000971
 -0.005090
 -0.000098
  0.009166
  0.002071
  0.001713
  0.000514
  0.002634
 -0.007760
 -0.004805
 -0.003877
  0.004328
 -0.000641
  0.004415
  0.008408
  0.007818
 -0.006070
  0.003756
  0.004832
  0.000331
 -0.002202
 -0.003170
  0.004233
 -0.006755
  0.001517
 -0.002903
  0.007887
  0.003922
 -0.002364
  0.000009
  0.002831
  0.000570
 -0.001480
 -0.001443
  0.000967
 -0.001675
  0.002585
  0.005040
  0.004548
 -0.000184
  0.000745
 -0.002106
 -0.001504
 -0.000312
 -0.001571
  0.004606
  0.000298
  0.001381
 -0.000933
  0.000521
  0.003054
  0.001147
  0.000332
  0.004103
  0.002330
 -0.003274
  0.004232
 -0.001862
  0.001776
 -0.005623
  0.001934
  0.002006
  0.000181
 -0.000549
  0.000037
 -0.001474
 -0.001941
  0.001820
 -0.000174
 -0.003897
 -0.003656
  0.000785
  0.001882
 -0.003158
  0.003841
  0.001920
  0.000086
  0.003968
 -0.001358
  0.002101
 -0.000293
  0.001222
 -0.000038
 -0.001742
 -0.000331
  0.003272
 -0.005659
  0.004114
  0.000643
  0.001452
 -0.004522
 -0.000832
  0.001351
  0.001205
  0.001661
  0.001234
 -0.001772
  0.002259
  0.000485
 -0.002473
  0.002080
  0.002501
 -0.000243
  0.001289
 -0.001453
 -0.000052
 -0.004760
 -0.002380
  0.000467
 -0.000915
  0.003587
 -0.001435
 -0.002228
  0.000229
 -0.002339
  0.000678
  0.000822
 -0.002998
 -0.000775
 -0.004708
 -0.005088
 -0.002985
  0.001819
  0.003866
 -0.002659
  0.001201
  0.000744
  0.000074
  0.001261
  0.001290
 -0.000250
 -0.000755
 -0.000086
  0.001945
  0.000433
 -0.002599
  0.002187
 -0.000410
 -0.000044
 -0.000879
 -0.001911
  0.003277
  0.000706
  0.001612
  0.000488
  0.000213
 -0.000057
  0.002289
 -0.000605
  0.001483
  0.001623
  0.001771
  0.000289
 -0.002463
 -0.000096
 -0.001255
  0.001237
  0.000744
 -0.001876
  0.001334
 -0.001594
 -0.001336
  0.002262
 -0.001219
 -0.000499
 -0.001154
 -0.000742
 -0.001274
  0.000314
 -0.001749
  0.001728
 -0.000895
 -0.000281
 -0.001106
 -0.000687
  0.000206
  0.004199
 -0.004030
  0.001600
 -0.000062
 -0.000234
 -0.000266
 -0.000955
  0.000804
  0.000256
 -0.000238
 -0.001000
  0.000965
 -0.000921
  0.001337
 -0.000990
  0.000149
 -0.000674
  0.000754
 -0.002121
  0.001291
  0.000732
  0.000566
 -0.000241
  0.000502
  0.000178
  0.001622
  0.002322
  0.001732
 -0.000352
 -0.001338
  0.000568
 -0.001109
 -0.000510
  0.002723
 -0.001580
  0.001314
  0.000568
 -0.000152
 -0.001255
 -0.000454
  0.000450
  0.000037
  0.002626
 -0.000490
 -0.001936
 -0.000187
  0.000223
  0.000328
  0.002778
 -0.000617
 -0.000478
  0.000644
 -0.000127
 -0.001897
 -0.000298
  0.002279
  0.000664
 -0.000539
  0.000347
 -0.000712
  0.002595
 -0.002699
  0.000399
  0.001647
 -0.000759
  0.000135
  0.000433
  0.001932
 -0.000839
 -0.000289
  0.000932
  0.001492
 -0.000214
  0.000727
 -0.000550
  0.000723
 -0.001484
  0.001737
  0.001617
 -0.000339
  0.000169
  0.001210
 -0.000291
  0.000563
  0.001111
  0.000172
 -0.000948
  0.000082
  0.000531
  0.000468
 -0.000199
 -0.000410
  0.000615
 -0.000884
  0.000071
 -0.000427
  0.000432
 -0.000646
 -0.000521
 -0.000197
  0.001592
 -0.000255
  0.000273
 -0.001478
 -0.000972
 -0.001080
 -0.001409
  0.000192
  0.000105
 -0.002193
  0.000298
  0.000727
  0.000659
  0.000307
  0.000896
 -0.000484
  0.000697
 -0.000551
 -0.000708
 -0.001722
 -0.000961
 -0.000673
  0.000853
 -0.000232
  0.001035
 -0.000859
  0.000151
 -0.000394
  0.000288
  0.000134
 -0.000929
  0.000854
  0.000493
 -0.000030
 -0.000065
 -0.000841
  0.001274
 -0.000066
  0.002537
  0.000482
  0.000706
 -0.001616
 -0.001261
 -0.000522
 -0.000614
 -0.002816
  0.001073
  0.000065
 -0.000730
 -0.000582
  0.000528
 -0.001098
  0.000023
  0.000451
  0.000696
 -0.000429
  0.001036
  0.000267
 -0.000470
 -0.000571
 -0.000310
  0.000587
  0.000864
  0.001562
  0.000348
  0.000472
  0.000075
  0.000633
  0.000374
 -0.000359
 -0.000810
  0.001282
  0.000068
 -0.000914
  0.000607
 -0.000178
  0.000650
 -0.001297
  0.000013
  0.001782
 -0.000789
  0.000464
 -0.001471
  0.000214
 -0.000147
  0.000766
 -0.000419
 -0.000548
 -0.000013
 -0.001554
  0.000709
  0.001113
 -0.000647
 -0.000201
 -0.000442
  0.000175
 -0.000173
  0.000404
  0.000674
 -0.000922
 -0.000946
 -0.000115
 -0.000482
 -0.001428
  0.000531
 -0.000571
  0.000542
 -0.000112
 -0.000374
 -0.000242
 -0.000436
  0.000359
  0.000230
 -0.000151
  0.000306
 -0.000733
  0.000566
  0.000702
 -0.000160
  0.001244
  0.000350
  0.001259
 -0.000343
  0.000948
 -0.000421
  0.000115
  0.000018
  0.001268
  0.001272
 -0.000472
 -0.000218
 -0.000006
  0.000347
 -0.000280
  0.000334
 -0.000648
  0.000448
  0.000145
  0.000649
 -0.000305
  0.000204
 -0.000040
  0.000372
 -0.001171
 -0.000401
  0.000609
 -0.000492
 -0.000325
 -0.000705
  0.000311
  0.000129
 -0.000539
  0.001019
 -0.000052
 -0.000081
 -0.000091
 -0.000364
  0.000657
  0.000111
  0.000045
  0.000362
  0.000481
 -0.000205
  0.000345
  0.001120
 -0.000920
  0.000709
  0.000236
 -0.000197
 -0.000412
  0.000336
  0.000950
 -0.000259
  0.001016
 -0.000443
 -0.000431
 -0.000072
 -0.001160
 -0.000551
 -0.000853
  0.000191
  0.000732
 -0.000653
 -0.000184
  0.000600
  0.000932
  0.000354
  0.000977
 -0.001610
 -0.000493
 -0.000287
 -0.002771
 -0.001512
  0.000936
 -0.000126
  0.001129
  0.002905
 -0.000090
 -0.000543
  0.000709
 -0.000587
 -0.000628
  0.000326
  0.001142
  0.000418
 -0.000558
 -0.000734
  0.000561
 -0.000925
 -0.000303
 -0.000356
 -0.000046
 -0.000155
 -0.000451
  0.000198
  0.000083
 -0.000502
 -0.000752
 -0.000544
 -0.000501
  0.000135
 -0.000145
  0.001042
 -0.000332
 -0.000374
 -0.000291
 -0.000434
  0.000001
 -0.000170
  0.000868
  0.000130
  0.000639
  0.001038
  0.000575
 -0.000783
  0.000002
  0.000286
 -0.000396
  0.000981
  0.000190
  0.000591
  0.000718
 -0.000914
  0.000115
 -0.000089
  0.000813
 -0.000279
 -0.000646
  0.001095
 -0.000562
 -0.000003
  0.000077
 -0.000398
  0.000006
  0.000245
  0.000124
 -0.000245
 -0.001168
 -0.000519
  0.000293
  0.000303
  0.000695
 -0.000049
 -0.000512
 -0.000546
 -0.000138
 -0.000526
 -0.000171
 -0.000581
 -0.000552
  0.000508
 -0.000028
 -0.000283
  0.000313
 -0.000777
 -0.000779
 -0.000818
  0.000905
  0.000047
 -0.000571
 -0.000121
 -0.000133
  0.000036
  0.000229
  0.000470
 -0.000450
  0.000761
 -0.000622
  0.000019
 -0.000083
  0.000719
 -0.000036
  0.000389
  0.000193
 -0.000086
 -0.000362
 -0.000573
  0.000380
  0.000406
 -0.000538
 -0.001133
 -0.000275
 -0.000039
 -0.000002
 -0.000156
  0.000066
 -0.000569
  0.000156
 -0.000445
  0.000294
  0.001149
  0.000565
 -0.001397
 -0.000597
 -0.001253
 -0.000157
  0.000518
 -0.000565
  0.001530
  0.000614
  0.000663
  0.000123
  0.000612
  0.000016
  0.000803
  0.000008
 -0.000026
 -0.000102
  0.000228
 -0.000262
  0.000043
  0.000151
 -0.000370
  0.000249
  0.000544
 -0.000024
  0.000346
 -0.000391
 -0.000463
 -0.000325
  0.000363
  0.000172
  0.000128
  0.000134
  0.001212
 -0.000022
 -0.000703
 -0.000062
 -0.000742
  0.000541
 -0.000668
 -0.000145
  0.000282
  0.000375
 -0.000450
  0.000615
  0.000223
  0.000362
 -0.000029
  0.000223
 -0.000375
 -0.000194
  0.000412
 -0.000415
 -0.000109
  0.000042
  0.000563
 -0.000332
 -0.000988
  0.000238
 -0.000815
 -0.000092
  0.000244
  0.000184
 -0.000087
  0.001001
 -0.000455
 -0.000421
 -0.000220
 -0.000473
  0.000131
 -0.000440
 -0.000117
 -0.000191
  0.000463
 -0.000027
 -0.000337
 -0.000315
  0.001027
 -0.000245
  0.000493
  0.001034
 -0.000028
  0.000387
  0.000196
 -0.001004
  0.000768
  0.000713
 -0.000132
 -0.000634
  0.000206
 -0.000163
  0.000319
  0.000083
 -0.000526
 -0.000012
  0.000918
 -0.000376
 -0.000170
 -0.000784
  0.000201
 -0.000291
  0.000673
  0.000261
  0.000673
  0.000332
 -0.000259
  0.000472
 -0.000351
  0.000423
  0.000987
 -0.000584
 -0.000216
  0.000176
  0.001059
  0.000732
  0.000472
 -0.000035
  0.000388
  0.000142
  0.000027
  0.000582
 -0.000749
 -0.000118
  0.000147
 -0.000257
  0.000061
  0.000657
 -0.000341
  0.000031
 -0.000372
  0.000122
 -0.000203
 -0.000039
 -0.000082
  0.000319
 -0.000220
  0.000287
  0.000014
 -0.000062
 -0.000371
  0.000061
  0.000122
  0.000052
 -0.000022
 -0.000156
  0.000010
  0.000499
  0.000036
  0.000100
 -0.000012
  0.000078
 -0.000058
 -0.000174
 -0.000269
 -0.000026
  0.000035
  0.000080
  0.000506
  0.000000
  0.000085
  0.000475
  0.000032
