 -0.118447
 -0.426366
  0.478757
  0.649219
 -0.167092
  0.005999
 -0.327059
 -0.001852
 -0.008221
  0.002851
  0.023378
 -0.017442
  0.095947
 -0.000910
 -0.000572
 -0.026729
 -0.011756
  0.044422
 -0.022954
  0.020128
 -0.008208
  0.005299
 -0.004958
  0.014467
 -0.003923
  0.005274
 -0.003258
  0.025403
 -0.009888
 -0.000928
  0.007334
 -0.006495
  0.007339
  0.019914
 -0.033113
  0.006655
  0.002076
  0.000016
  0.009804
  0.000320
  0.016761
  0.009637
 -0.003652
 -0.003144
  0.001046
 -0.001851
  0.001471
  0.005106
  0.001411
  0.004911
  0.003018
 -0.003549
 -0.008547
  0.003898
 -0.013997
 -0.008101
  0.005521
 -0.003698
 -0.006127
 -0.003496
 -0.001810
  0.000947
 -0.005189
 -0.003296
 -0.005239
  0.001332
  0.003478
  0.003605
 -0.000064
  0.000569
 -0.009624
  0.000547
  0.002641
 -0.001049
 -0.000373
  0.000432
  0.003682
  0.001262
 -0.000133
 -0.004532
  0.003278
 -0.003875
 -0.002240
  0.001033
  0.002196
  0.000488
  0.002675
 -0.002089
 -0.000579
 -0.000257
 -0.001802
 -0.002259
  0.002766
 -0.002531
 -0.002458
 -0.001990
  0.000390
  0.001844
 -0.000967
  0.003588
 -0.002263
  0.001378
 -0.002255
  0.001253
  0.001013
 -0.000558
 -0.000089
 -0.000927
  0.000451
  0.000280
 -0.000712
  0.001460
 -0.000021
  0.001641
  0.000789
  0.000599
  0.000031
 -0.002647
 -0.001231
 -0.002334
  0.000348
  0.001349
  0.000763
 -0.003082
  0.001636
 -0.000003
 -0.001055
 -0.000921
  0.000434
 -0.000478
 -0.001631
 -0.000618
 -0.002445
  0.001364
 -0.000047
  0.001069
  0.000258
  0.001237
  0.001564
 -0.000775
  0.001505
  0.001177
  0.001504
 -0.000429
 -0.000553
  0.001902
  0.000264
 -0.001713
 -0.001978
 -0.001319
  0.000892
  0.001401
  0.000590
 -0.002676
  0.004465
 -0.004258
 -0.000237
  0.000941
 -0.000920
  0.001969
 -0.000684
 -0.004275
  0.000151
 -0.002957
  0.000242
 -0.000239
  0.002762
 -0.001783
 -0.000507
 -0.000897
 -0.001798
  0.000184
 -0.000020
 -0.001717
 -0.001820
  0.000866
 -0.001477
 -0.001179
  0.000230
 -0.001256
 -0.000048
  0.000732
 -0.000735
  0.001339
 -0.001621
  0.002149
 -0.002397
  0.001243
 -0.000333
  0.003697
  0.000149
  0.002171
 -0.002411
  0.000254
 -0.002427
 -0.000996
  0.001562
  0.001212
 -0.001290
 -0.002184
  0.002328
 -0.000471
 -0.000627
  0.001713
 -0.000666
 -0.000543
  0.000778
  0.000249
  0.000337
 -0.001360
  0.000582
  0.000283
 -0.002958
  0.000124
 -0.002849
  0.000781
  0.002250
 -0.003336
  0.000106
  0.000462
  0.000438
  0.000532
  0.002097
 -0.000746
  0.001169
 -0.001272
 -0.000665
 -0.000528
  0.002048
  0.001435
 -0.000062
  0.000980
 -0.001823
 -0.001123
 -0.000309
 -0.000041
  0.000562
  0.000544
 -0.001530
 -0.001137
  0.000209
  0.001022
  0.001160
  0.001241
  0.001860
  0.001025
 -0.000243
  0.000287
 -0.000290
  0.000101
  0.000012
 -0.000585
 -0.002810
  0.001310
 -0.000481
 -0.000636
  0.000245
  0.000159
  0.000455
  0.000080
 -0.000587
 -0.000029
  0.000507
 -0.001318
  0.001932
 -0.000725
  0.001084
 -0.000033
 -0.001778
  0.000129
  0.001202
  0.000805
  0.000825
  0.001109
 -0.000093
  0.000306
  0.000076
  0.000378
 -0.000597
 -0.000157
  0.001022
 -0.000080
 -0.001016
 -0.000346
  0.000430
  0.000049
  0.000283
 -0.000336
 -0.000730
  0.000089
  0.000921
  0.000382
 -0.001061
  0.000147
 -0.000900
 -0.000237
  0.000462
  0.000786
  0.001014
  0.000789
 -0.001347
  0.001291
  0.000941
 -0.000301
  0.000386
  0.000675
 -0.000875
 -0.000973
 -0.000066
  0.000077
  0.000260
  0.000589
 -0.001325
  0.000169
  0.000666
 -0.000458
 -0.000183
 -0.000298
  0.000502
  0.000344
 -0.000415
  0.000017
  0.000015
 -0.001859
  0.000474
  0.000363
  0.000726
 -0.000137
  0.001406
 -0.000921
 -0.001655
  0.000569
  0.000444
 -0.000582
 -0.000340
 -0.000401
 -0.000122
  0.000616
  0.000565
 -0.001159
 -0.000635
  0.000269
  0.000337
 -0.000250
 -0.000259
  0.000606
 -0.000092
  0.000062
 -0.000071
  0.001297
 -0.000364
  0.000022
 -0.000691
 -0.001251
 -0.001731
  0.000376
  0.000885
 -0.000323
  0.001577
 -0.001394
 -0.000862
  0.001067
  0.000746
 -0.000672
 -0.001259
  0.000119
  0.000692
 -0.000001
 -0.000286
  0.000690
 -0.000054
  0.001428
  0.000001
  0.000400
 -0.000635
  0.000249
 -0.000231
  0.000833
  0.000008
 -0.000091
  0.000291
 -0.000379
 -0.000517
  0.000182
 -0.000269
  0.000095
  0.000046
  0.000603
 -0.000896
 -0.000282
 -0.001397
 -0.000321
  0.000830
  0.000537
  0.000650
  0.000016
  0.000172
  0.001056
 -0.001242
  0.000551
  0.001697
 -0.000337
 -0.001168
  0.000315
 -0.000439
 -0.000752
  0.000171
 -0.000060
  0.000290
  0.000070
  0.000620
 -0.000161
  0.000164
  0.000045
  0.000149
 -0.000156
 -0.000192
  0.000025
 -0.000111
  0.000155
  0.000051
  0.000417
  0.000341
 -0.000576
  0.000022
  0.000254
 -0.000162
  0.000495
 -0.000447
  0.000476
  0.000188
 -0.000647
 -0.000264
 -0.000234
  0.000726
  0.000155
  0.000562
 -0.000402
  0.000322
  0.000135
  0.000102
  0.000386
 -0.000558
 -0.000365
  0.000305
  0.000332
  0.000288
 -0.000836
 -0.000726
  0.000084
 -0.000948
 -0.000329
 -0.000065
  0.000123
  0.001115
  0.000903
  0.000149
 -0.000317
 -0.000441
  0.000101
 -0.000100
  0.000117
  0.000359
  0.000314
  0.000076
 -0.000013
 -0.000918
  0.000167
  0.000581
 -0.000531
  0.000374
 -0.000940
 -0.000317
  0.000553
  0.000460
 -0.000368
 -0.000646
 -0.000208
 -0.000205
 -0.000654
 -0.000202
  0.000420
  0.000061
  0.000292
 -0.000061
 -0.000112
 -0.000579
  0.000255
 -0.000301
  0.000461
 -0.000923
  0.000376
 -0.000145
  0.000125
  0.000283
  0.001137
  0.000341
 -0.000358
  0.000329
  0.000081
  0.000308
 -0.000158
 -0.000128
 -0.000173
 -0.001304
 -0.000231
  0.000414
  0.000096
  0.000333
 -0.000763
  0.000304
 -0.000020
 -0.000344
  0.000345
 -0.000009
 -0.000728
 -0.000855
  0.000693
  0.000144
 -0.000104
  0.000151
  0.000323
  0.000943
 -0.000383
  0.000128
 -0.000829
  0.000468
  0.000051
 -0.000267
  0.000233
  0.000269
 -0.000334
 -0.000003
 -0.000095
  0.000441
 -0.000073
 -0.000808
 -0.000462
 -0.000253
 -0.000767
  0.001057
  0.000170
 -0.000067
  0.000956
  0.000358
 -0.000082
  0.000459
 -0.000537
 -0.000976
  0.000279
  0.000335
 -0.000451
  0.000018
  0.000464
 -0.000721
 -0.001504
 -0.000026
  0.000671
 -0.000613
  0.000126
  0.000363
  0.000105
 -0.000069
 -0.000280
 -0.000416
 -0.000025
  0.000478
 -0.000314
  0.000417
  0.000245
 -0.000346
  0.000180
 -0.000165
  0.000359
 -0.000345
  0.000043
 -0.000497
  0.000094
 -0.000344
  0.000267
  0.000020
 -0.000396
 -0.000335
  0.000144
 -0.000444
 -0.000149
  0.000981
  0.000498
 -0.000104
  0.000234
 -0.000512
 -0.000387
 -0.000800
 -0.000062
  0.000798
 -0.000176
  0.000275
 -0.000221
  0.000302
  0.000328
 -0.001353
  0.000079
 -0.000149
 -0.000157
  0.000335
  0.000015
 -0.001019
 -0.000214
 -0.000151
 -0.000134
  0.000159
  0.000196
 -0.000295
  0.000156
  0.000777
 -0.000029
  0.000357
 -0.000216
  0.000354
 -0.000245
  0.000274
  0.000353
 -0.000320
 -0.000323
  0.000441
 -0.000365
  0.000365
  0.000737
  0.000510
 -0.000968
  0.000018
  0.000403
 -0.000456
  0.000437
  0.000488
  0.000040
 -0.000378
 -0.000197
 -0.000352
  0.000039
 -0.000063
 -0.000443
 -0.000761
  0.000047
 -0.000243
 -0.000393
 -0.000003
  0.000081
  0.000635
 -0.000114
  0.000131
  0.000475
  0.000754
 -0.000430
  0.000323
  0.000251
 -0.000049
 -0.000155
  0.000482
  0.000172
 -0.000289
 -0.000413
  0.000114
  0.000557
  0.000655
 -0.000074
 -0.000002
  0.000272
 -0.000281
  0.000538
 -0.000760
 -0.000294
  0.000226
 -0.000476
 -0.000157
 -0.000329
 -0.001384
  0.000281
 -0.000185
  0.000435
  0.000043
  0.000115
 -0.000186
 -0.000185
  0.000187
 -0.000042
 -0.000386
  0.000050
 -0.000202
  0.000236
 -0.000085
  0.000206
 -0.000461
  0.000283
 -0.000166
 -0.000251
 -0.000766
 -0.000473
  0.000317
 -0.000083
  0.000384
 -0.000015
 -0.000529
 -0.000095
 -0.000223
 -0.000042
  0.000289
  0.000106
 -0.000129
 -0.000294
 -0.000123
  0.000522
  0.000391
  0.000154
 -0.000287
  0.000183
  0.000304
 -0.000264
 -0.000323
  0.000113
  0.000072
 -0.000106
  0.000382
  0.000254
 -0.000449
  0.000315
 -0.000094
 -0.000185
  0.000083
 -0.000096
  0.000386
  0.000354
  0.000023
  0.000428
 -0.000087
 -0.000072
  0.000235
 -0.000174
  0.000330
 -0.000117
 -0.000399
 -0.000237
 -0.000177
 -0.000513
 -0.000150
 -0.000064
 -0.000089
  0.000190
 -0.000554
 -0.000526
  0.000006
  0.000658
 -0.000105
  0.000034
 -0.000252
 -0.000223
  0.000402
 -0.000008
 -0.000622
  0.000265
 -0.000033
  0.000507
 -0.000141
  0.000269
 -0.000406
 -0.000613
 -0.001023
 -0.000332
 -0.000011
 -0.000699
  0.000299
  0.000081
 -0.001027
  0.000449
  0.000313
 -0.000254
 -0.001314
 -0.000576
 -0.000297
  0.000112
 -0.000409
 -0.000225
  0.000131
 -0.000537
  0.000681
  0.000077
 -0.000080
  0.000339
 -0.000222
 -0.000812
  0.000168
 -0.000016
  0.000476
 -0.000055
  0.000083
 -0.000095
  0.000012
  0.000076
 -0.000007
 -0.000168
  0.000049
  0.000107
  0.000061
 -0.000017
  0.000021
  0.000049
  0.000035
 -0.000187
 -0.000020
 -0.000054
 -0.000125
  0.000077
 -0.000050
 -0.000032
 -0.000001
 -0.000024
 -0.000036
  0.000020
 -0.000056
 -0.000022
 -0.000123
 -0.000008
 -0.000061
 -0.000066
 -0.000048
