 -0.043168
  0.015693
  0.108450
  0.009310
  0.017806
  0.112423
  0.306577
  0.898966
 -0.010911
  0.024040
  0.031575
 -0.002875
  0.016939
 -0.022754
  0.034665
 -0.060565
  0.093729
 -0.002854
 -0.125305
  0.092114
 -0.017610
  0.100608
 -0.019786
 -0.020125
  0.008435
 -0.021522
 -0.018036
  0.000125
  0.000413
  0.001850
 -0.004494
  0.045174
  0.000700
  0.020034
 -0.016179
  0.005052
 -0.000587
 -0.006435
  0.004980
 -0.017127
 -0.002280
 -0.001308
  0.008995
  0.012338
  0.003692
  0.006364
  0.010196
 -0.000596
  0.019671
  0.017021
 -0.015420
 -0.006331
  0.008736
  0.015917
 -0.012504
 -0.005731
 -0.000941
 -0.011899
 -0.004798
  0.009449
  0.015412
 -0.011767
  0.021849
 -0.031760
  0.015365
  0.002389
 -0.024149
  0.008884
 -0.001142
 -0.039806
  0.008717
  0.006768
  0.000790
  0.000439
 -0.007419
 -0.005223
 -0.017971
  0.003216
  0.001353
  0.003952
  0.012200
 -0.013306
  0.000261
 -0.006710
  0.003174
 -0.004140
  0.007985
  0.007139
 -0.002767
 -0.006680
  0.000818
  0.004020
  0.003804
  0.004138
  0.003047
  0.005691
  0.002524
 -0.009462
  0.003399
 -0.005807
  0.013094
  0.002131
 -0.005617
 -0.007838
 -0.017566
 -0.011054
 -0.003565
 -0.021204
 -0.002836
 -0.004655
  0.006109
  0.003993
 -0.000359
  0.000723
  0.003011
  0.000116
 -0.001318
  0.002276
  0.001024
 -0.010809
 -0.002884
  0.011028
  0.004663
  0.004269
  0.001959
  0.001284
 -0.001327
  0.001789
 -0.003472
 -0.002954
  0.003296
 -0.001825
  0.005537
 -0.000787
 -0.001728
 -0.001307
 -0.001783
 -0.005189
  0.001548
  0.002838
 -0.015673
 -0.007641
 -0.000656
 -0.008242
 -0.003133
 -0.004270
 -0.000012
 -0.002865
 -0.005517
 -0.001232
  0.001955
  0.006587
 -0.000151
  0.003262
 -0.003750
 -0.003435
  0.000416
  0.000666
  0.000909
 -0.001017
  0.002205
 -0.006280
 -0.000890
 -0.000265
 -0.001804
  0.003431
  0.004069
  0.001231
  0.011740
  0.008895
  0.003679
  0.007029
 -0.000298
 -0.000217
 -0.001409
  0.000327
 -0.000548
 -0.001293
  0.004979
  0.002059
  0.002561
  0.000271
  0.002061
 -0.003392
 -0.007167
  0.006038
 -0.003799
 -0.006148
 -0.001421
 -0.002087
 -0.004013
 -0.001569
 -0.002078
  0.001251
  0.003313
 -0.006740
  0.002201
  0.001813
 -0.001063
 -0.002751
 -0.002043
  0.001328
  0.003969
 -0.005276
 -0.000639
 -0.001646
 -0.002058
  0.000349
 -0.001622
 -0.002551
  0.002342
 -0.004682
  0.000092
 -0.000719
  0.000642
  0.002519
 -0.006053
 -0.002590
  0.000923
 -0.004230
 -0.000364
  0.000742
  0.000056
  0.002137
 -0.000909
 -0.003957
 -0.002863
 -0.000091
  0.000160
  0.002404
  0.008300
 -0.002249
  0.004415
  0.001146
 -0.000200
 -0.000721
 -0.003211
  0.004825
  0.000452
 -0.005010
  0.004984
  0.003883
  0.002701
 -0.003594
 -0.003374
 -0.007346
  0.002326
 -0.004883
 -0.000589
  0.000541
 -0.005405
  0.001297
 -0.000614
  0.002663
  0.002888
 -0.002273
  0.002030
  0.000069
 -0.003340
  0.000111
 -0.003582
 -0.007565
  0.001168
  0.004156
 -0.006694
 -0.001476
 -0.000396
  0.020289
  0.001759
  0.000993
  0.006166
  0.008831
  0.000394
 -0.007456
 -0.004608
 -0.000290
 -0.001106
  0.004282
  0.002825
  0.004721
 -0.002611
  0.002730
 -0.003499
 -0.003421
 -0.000044
  0.000722
 -0.003670
 -0.000178
 -0.003684
  0.003213
  0.000520
 -0.005150
  0.000831
 -0.000088
  0.003613
  0.002811
 -0.002810
 -0.000109
 -0.000466
 -0.003775
 -0.001669
 -0.003208
  0.002739
  0.001248
  0.002350
 -0.000016
 -0.006095
 -0.000520
  0.010445
 -0.004630
 -0.005264
  0.002932
 -0.000724
  0.003251
  0.003737
  0.000498
 -0.000465
 -0.002087
  0.001126
  0.001451
 -0.000933
 -0.002317
 -0.001288
  0.009916
 -0.007092
  0.005683
  0.001002
 -0.001442
  0.001033
 -0.004516
 -0.002411
 -0.001348
 -0.001402
  0.000691
 -0.001020
 -0.002015
  0.002176
  0.005507
  0.002427
  0.001099
 -0.002278
  0.001346
  0.001536
  0.000542
 -0.000629
  0.000488
  0.008246
  0.000456
 -0.000683
  0.001270
  0.001538
 -0.000710
 -0.000241
 -0.002552
  0.000974
  0.001272
  0.000970
 -0.000247
  0.001551
 -0.000737
 -0.003369
  0.003374
 -0.001968
  0.003168
 -0.000143
  0.004415
 -0.000802
  0.004356
  0.000056
 -0.000982
  0.002189
 -0.002000
 -0.003011
  0.000556
 -0.003058
 -0.000890
 -0.002650
 -0.006037
  0.001681
  0.000894
 -0.001335
 -0.001331
 -0.007026
  0.008196
 -0.000248
 -0.000522
 -0.000327
  0.003652
  0.006756
 -0.005410
  0.001978
  0.001245
 -0.002445
  0.004064
 -0.000674
 -0.002407
 -0.002519
  0.003317
  0.004786
  0.001916
 -0.000682
 -0.000574
 -0.001610
 -0.001270
 -0.005233
 -0.000418
 -0.000561
  0.002581
 -0.003755
 -0.004299
 -0.002148
 -0.006088
  0.006650
  0.007827
 -0.003813
  0.000497
 -0.000791
  0.002023
 -0.003882
 -0.003330
  0.000518
  0.000471
 -0.001540
 -0.000057
 -0.001387
 -0.002915
 -0.001331
  0.003103
  0.002322
 -0.000590
  0.000031
 -0.002248
 -0.000253
  0.002301
 -0.001610
 -0.002398
 -0.005291
  0.000250
  0.000406
 -0.001210
 -0.002631
  0.000636
 -0.000289
 -0.004711
  0.000004
 -0.003094
  0.004514
  0.000417
 -0.003175
 -0.001264
 -0.001470
 -0.002911
 -0.001729
  0.000559
  0.000849
  0.001390
  0.000117
  0.001093
  0.001460
 -0.000126
 -0.000049
  0.000923
  0.000997
  0.002668
  0.000461
  0.000001
  0.002253
 -0.000769
 -0.000048
 -0.000371
  0.001461
  0.002447
  0.001436
 -0.003361
 -0.003190
 -0.003401
 -0.002387
  0.000594
 -0.000147
 -0.001435
 -0.000846
  0.001186
 -0.000359
 -0.004325
 -0.000792
 -0.001330
  0.000806
  0.004960
 -0.001022
  0.000646
 -0.000347
  0.000839
 -0.000167
 -0.005329
  0.000365
  0.000316
  0.005491
 -0.001257
 -0.000012
 -0.001642
  0.001319
 -0.002526
 -0.000190
 -0.001469
 -0.001374
 -0.002348
 -0.001857
 -0.001134
  0.001494
 -0.000565
 -0.000463
  0.000926
 -0.001622
 -0.006550
 -0.001931
 -0.003972
 -0.000081
  0.001002
  0.000295
  0.001399
 -0.000397
  0.001217
 -0.000238
 -0.000105
 -0.000818
  0.000796
 -0.001950
 -0.000092
  0.002224
 -0.001430
  0.001755
 -0.000157
 -0.001391
 -0.000532
 -0.000747
 -0.000789
 -0.000092
 -0.001673
 -0.001511
  0.000341
  0.000842
  0.000561
 -0.001374
  0.000713
 -0.000082
  0.001223
 -0.001177
  0.001645
  0.000391
  0.005413
  0.003423
 -0.000704
  0.003769
  0.005133
 -0.002854
 -0.001330
 -0.000378
  0.006927
  0.000375
  0.003925
 -0.001165
 -0.001001
 -0.003915
  0.005385
  0.003510
 -0.000845
  0.001938
 -0.001629
 -0.000469
 -0.000843
  0.001729
 -0.002459
 -0.003882
  0.000031
 -0.002593
  0.002976
  0.001701
 -0.003609
  0.001614
 -0.003890
 -0.007555
  0.004836
  0.003065
 -0.000880
 -0.000837
  0.002570
 -0.002784
 -0.000056
 -0.000073
 -0.005177
 -0.009747
 -0.001235
  0.002128
 -0.002601
 -0.000611
  0.001563
  0.003734
  0.000926
 -0.001053
 -0.000418
  0.000233
 -0.000380
 -0.000983
 -0.000617
  0.001708
  0.007323
 -0.000166
 -0.001020
  0.001416
 -0.001595
  0.001337
  0.000287
  0.000267
 -0.000755
  0.000155
  0.001660
  0.000014
 -0.000806
  0.001110
  0.000982
 -0.001560
  0.000190
  0.000617
 -0.000034
 -0.005820
  0.000363
  0.000877
 -0.002519
 -0.000974
  0.001352
  0.003522
 -0.001464
 -0.000019
  0.001637
 -0.001902
 -0.003392
  0.007083
 -0.000403
  0.003212
  0.000818
  0.001311
  0.000086
 -0.001577
  0.001488
 -0.003041
  0.002006
  0.001728
  0.000250
 -0.000007
  0.001065
  0.000385
  0.004376
 -0.000599
  0.000862
 -0.001055
  0.001252
  0.001248
  0.000046
  0.000074
  0.000376
 -0.000322
 -0.003671
  0.000371
  0.002559
 -0.000933
 -0.000016
 -0.001129
  0.000510
 -0.001612
  0.000319
  0.000862
 -0.000127
  0.005810
 -0.005331
  0.002435
  0.002173
 -0.000774
  0.001402
  0.001333
  0.001851
  0.000316
 -0.003605
  0.001367
 -0.004285
  0.001059
  0.001921
  0.001184
  0.001111
  0.001393
  0.000034
 -0.001320
  0.001906
  0.001826
  0.000649
  0.001634
 -0.001140
 -0.000282
 -0.000774
  0.001363
 -0.001164
  0.000738
  0.005730
 -0.002825
 -0.000820
 -0.003208
 -0.002310
  0.000574
 -0.000763
 -0.000484
 -0.003742
 -0.001455
 -0.000711
  0.001227
 -0.001667
 -0.000854
  0.001830
  0.000671
 -0.000066
 -0.002831
 -0.000491
  0.001253
 -0.003572
  0.000460
 -0.000563
  0.002288
 -0.001322
  0.001738
  0.003377
  0.000003
 -0.002200
  0.000199
 -0.003834
  0.001509
  0.002344
 -0.000683
 -0.000936
 -0.000615
 -0.000698
 -0.002577
  0.001412
 -0.000912
  0.001189
  0.000355
  0.000408
  0.000838
 -0.000629
  0.001167
  0.000652
 -0.001020
  0.000116
 -0.002137
 -0.000507
 -0.000180
  0.001998
 -0.001173
 -0.000265
 -0.000415
  0.000099
 -0.000961
  0.000010
 -0.000488
 -0.000087
  0.000639
 -0.000830
 -0.000285
 -0.000213
 -0.000325
  0.000287
 -0.001047
  0.000272
  0.000196
  0.000462
  0.000415
 -0.000939
 -0.001135
 -0.000031
 -0.000909
  0.000918
  0.001788
  0.001098
 -0.002377
 -0.000897
  0.001804
 -0.001230
  0.000512
  0.000576
  0.000386
 -0.000171
 -0.000277
 -0.000506
  0.000549
 -0.012110
 -0.000961
 -0.000864
  0.001637
 -0.001901
  0.000197
 -0.000045
 -0.000284
  0.000960
 -0.000179
 -0.000717
  0.000068
 -0.000441
  0.002030
  0.000146
 -0.000166
  0.000446
 -0.000411
  0.000223
  0.001329
 -0.000331
  0.001086
  0.001016
 -0.000198
 -0.000336
  0.000244
 -0.001082
  0.001311
 -0.000246
 -0.003823
 -0.000110
  0.002073
 -0.001281
  0.000053
