 -0.698204
  0.008098
 -0.489487
  0.125283
  0.038216
  0.425427
 -0.000511
  0.172634
  0.056960
  0.137579
 -0.018712
  0.010422
  0.048240
  0.072764
  0.002781
 -0.000895
 -0.020518
  0.039576
 -0.026961
  0.022515
  0.000774
 -0.003478
 -0.047207
  0.012424
  0.020792
 -0.001904
  0.012255
 -0.000277
 -0.001586
  0.005284
  0.027625
  0.026735
 -0.006785
  0.007595
 -0.000527
  0.007002
 -0.002096
  0.007199
  0.003485
  0.016003
  0.010322
  0.006277
 -0.009467
 -0.016156
 -0.005741
 -0.004351
 -0.015732
  0.001225
 -0.012245
  0.006963
 -0.008795
  0.011809
  0.002062
 -0.011593
 -0.001007
 -0.000549
 -0.007356
  0.008734
  0.000987
  0.012172
 -0.010040
 -0.001396
 -0.006265
  0.003305
  0.001576
 -0.000258
 -0.017440
  0.017420
 -0.002647
 -0.013179
  0.005043
 -0.009819
 -0.008834
  0.005846
  0.003715
  0.002130
 -0.004216
 -0.003394
 -0.001838
  0.001494
 -0.001109
 -0.010123
  0.004928
  0.000325
 -0.000408
  0.000250
 -0.001539
  0.004697
 -0.004175
 -0.003547
  0.000100
 -0.001552
 -0.001861
  0.012849
 -0.004262
 -0.002659
 -0.005871
 -0.003100
 -0.015463
  0.003386
  0.000861
  0.004346
  0.001159
  0.006658
 -0.000597
 -0.002018
  0.000443
  0.000385
 -0.001432
  0.003741
  0.005005
  0.000969
  0.004239
 -0.002189
 -0.002758
  0.010502
 -0.005499
 -0.013143
  0.005040
  0.002659
 -0.010153
  0.000756
 -0.000283
 -0.002129
  0.000490
 -0.000048
 -0.001948
 -0.000974
  0.000572
 -0.000322
 -0.000729
 -0.008305
  0.001628
 -0.000956
  0.000950
  0.002909
  0.003357
  0.002963
 -0.001092
  0.005112
  0.000140
 -0.004902
  0.001940
 -0.011318
  0.002930
  0.002148
 -0.003309
  0.001382
 -0.000379
  0.000481
 -0.008702
  0.001382
  0.001675
  0.000510
  0.003823
 -0.001163
 -0.001098
 -0.000497
  0.000532
  0.002170
  0.001304
 -0.001890
  0.003988
 -0.001300
 -0.002641
 -0.002808
 -0.001438
 -0.001887
 -0.001374
  0.003884
  0.001728
 -0.000040
 -0.000455
  0.000730
 -0.002165
 -0.001247
 -0.001574
 -0.002796
  0.000896
  0.001928
 -0.001626
  0.000623
 -0.001153
  0.001195
 -0.000119
 -0.002811
 -0.000089
  0.001555
  0.001374
  0.004140
 -0.000074
  0.000931
  0.001198
  0.001267
 -0.005871
 -0.002283
  0.000309
  0.002419
  0.001079
  0.000356
  0.003733
  0.000019
  0.001964
 -0.001022
  0.001086
 -0.001182
 -0.002954
 -0.002450
 -0.001568
  0.001125
  0.003376
 -0.001852
 -0.000692
 -0.000269
  0.001454
 -0.000342
 -0.000470
  0.001972
  0.000467
 -0.001236
 -0.000189
  0.002454
  0.000352
 -0.002725
  0.001353
 -0.000758
  0.001131
  0.001786
 -0.000609
 -0.004428
 -0.002533
 -0.003694
 -0.000345
  0.000183
  0.000924
 -0.000439
  0.003039
 -0.001952
  0.001833
 -0.004395
 -0.004929
  0.004011
  0.000345
 -0.001944
  0.003537
 -0.001075
  0.001085
  0.003709
  0.002012
  0.000580
 -0.000831
  0.000840
 -0.003554
 -0.002316
 -0.002443
  0.006359
 -0.000924
 -0.001166
 -0.000306
  0.002970
  0.003914
 -0.003307
  0.000757
  0.005096
  0.003524
 -0.000971
 -0.000440
 -0.002775
 -0.000454
  0.008633
 -0.001844
  0.001042
 -0.003420
 -0.003418
 -0.000771
  0.004981
 -0.002825
 -0.000199
 -0.000394
 -0.001760
 -0.000071
 -0.000255
 -0.005912
  0.000744
  0.000478
 -0.000768
  0.002860
  0.005462
 -0.000521
 -0.001651
  0.003278
 -0.000760
 -0.001765
 -0.000543
  0.001283
 -0.001098
 -0.005323
  0.001371
  0.000093
  0.002651
 -0.001366
 -0.001614
  0.001592
  0.000180
  0.000605
  0.000524
  0.000469
  0.003800
 -0.003064
 -0.001308
 -0.001173
 -0.001881
 -0.000071
  0.002613
 -0.001018
  0.002212
  0.000013
 -0.000831
  0.000132
 -0.000174
 -0.000757
  0.001519
  0.003601
 -0.000506
 -0.000601
  0.000399
 -0.000892
 -0.000418
  0.000462
  0.002514
  0.000291
  0.000846
  0.000027
 -0.001741
  0.000722
 -0.000753
 -0.002831
  0.001392
  0.002469
  0.000438
 -0.000709
  0.000407
  0.000844
 -0.000098
  0.000981
 -0.001713
  0.000138
 -0.005971
 -0.000591
  0.003170
 -0.003089
 -0.002216
 -0.001713
  0.000286
  0.000069
  0.003505
 -0.000303
 -0.001931
 -0.003053
  0.001216
 -0.000895
 -0.000871
  0.001246
 -0.000582
 -0.000120
  0.001050
  0.001665
 -0.000649
 -0.000304
 -0.000042
  0.003231
 -0.004779
  0.000809
 -0.002630
  0.002828
  0.000651
  0.003006
 -0.007899
 -0.000438
  0.001872
 -0.002131
  0.000053
 -0.002213
 -0.002002
 -0.004777
  0.002076
  0.001130
 -0.001630
 -0.003404
  0.001147
  0.004114
 -0.000042
 -0.001927
  0.001194
 -0.001691
  0.001865
  0.001094
 -0.000657
 -0.000680
 -0.001031
 -0.001115
 -0.000968
 -0.000884
  0.000681
 -0.000620
 -0.000597
  0.000265
  0.000066
 -0.001728
  0.000371
  0.000368
 -0.000096
 -0.000877
 -0.001511
 -0.000638
 -0.000209
  0.002260
 -0.003275
 -0.000621
 -0.000594
  0.000766
 -0.002184
  0.001443
  0.000416
 -0.000371
 -0.000204
 -0.000929
 -0.000524
  0.000438
  0.001498
 -0.002237
 -0.000638
  0.000736
 -0.001579
  0.000411
 -0.002696
  0.002004
 -0.001264
  0.001133
  0.003752
 -0.000023
 -0.000952
  0.000895
 -0.000595
  0.000058
 -0.005666
 -0.000356
  0.000245
  0.000174
  0.001208
  0.001735
 -0.001358
  0.001309
  0.000777
  0.000320
  0.001042
  0.002605
  0.001503
 -0.000770
  0.001206
 -0.000515
 -0.001510
  0.001217
 -0.000368
 -0.000427
 -0.000278
 -0.000276
 -0.000873
 -0.000344
 -0.000567
 -0.001428
  0.000103
  0.001564
  0.000323
  0.001039
 -0.000777
 -0.000819
 -0.002223
  0.001090
 -0.001635
  0.000356
  0.000088
 -0.000281
 -0.002536
  0.001136
  0.000499
 -0.001594
  0.002232
 -0.000358
  0.001690
 -0.000240
 -0.000294
  0.001877
 -0.000308
 -0.001235
  0.000426
 -0.000291
 -0.001451
 -0.000903
 -0.001787
 -0.000246
  0.000040
  0.000629
 -0.000960
 -0.001649
  0.000866
  0.001201
  0.001648
 -0.000609
 -0.000344
 -0.000464
  0.000568
 -0.000619
 -0.000515
 -0.002227
  0.000511
  0.002356
 -0.001194
 -0.000637
  0.000489
 -0.000273
 -0.000120
 -0.002794
 -0.002233
 -0.000180
 -0.000065
 -0.000133
 -0.001560
  0.001794
  0.001093
  0.001459
  0.000086
  0.000307
  0.002154
 -0.000544
  0.000112
  0.000202
 -0.001000
 -0.001080
  0.000326
 -0.000212
  0.001469
  0.000573
  0.000411
 -0.001588
  0.000013
 -0.000057
 -0.000453
  0.000151
 -0.000588
  0.000104
 -0.000844
  0.000879
 -0.000949
 -0.000591
  0.001634
 -0.000353
 -0.001408
  0.000866
  0.001745
  0.000886
  0.000490
  0.001183
 -0.001278
 -0.001235
  0.000220
  0.000024
 -0.001975
  0.001193
 -0.009417
  0.003773
 -0.002816
  0.000031
  0.002234
 -0.000199
  0.002496
  0.000019
  0.002477
  0.001297
  0.000833
  0.000875
  0.000008
 -0.000382
 -0.000782
  0.001281
 -0.000894
 -0.001218
  0.001527
 -0.000853
  0.000472
  0.000353
  0.000793
 -0.000249
 -0.000925
  0.000479
 -0.001269
  0.000987
  0.000968
 -0.000229
  0.001365
  0.001171
  0.000654
  0.000529
  0.001928
  0.000571
 -0.000365
 -0.000566
  0.000080
  0.001296
  0.001444
 -0.001111
 -0.000753
  0.000738
 -0.000349
  0.001048
 -0.000307
  0.000072
  0.000852
  0.000615
  0.000950
  0.000160
  0.000600
  0.000775
 -0.000076
 -0.000463
  0.000160
  0.000118
  0.000275
 -0.000024
  0.000158
  0.000094
 -0.000581
  0.000566
  0.000333
  0.000784
  0.000155
 -0.000086
 -0.000766
  0.002169
 -0.001434
 -0.002043
  0.001236
 -0.000340
  0.002137
 -0.001478
 -0.000049
 -0.000329
  0.001228
 -0.000591
 -0.000089
 -0.000018
  0.001624
 -0.000865
 -0.001065
  0.000372
  0.000568
  0.000903
 -0.000580
 -0.000017
  0.001588
 -0.002342
 -0.001833
  0.000348
 -0.002130
  0.000390
  0.000863
 -0.000164
  0.000479
 -0.000593
  0.002155
  0.000838
 -0.000277
  0.000161
  0.000935
 -0.000020
  0.000728
 -0.001328
  0.002237
  0.000639
 -0.000226
 -0.001370
  0.000714
 -0.001836
 -0.000435
 -0.000392
  0.000541
  0.001055
 -0.001177
 -0.001175
  0.000891
 -0.000570
  0.001114
  0.000328
 -0.000349
  0.000540
  0.000724
 -0.000349
  0.000508
  0.000426
 -0.000535
 -0.002017
  0.000570
  0.000644
 -0.000022
 -0.000231
  0.000264
 -0.003207
  0.002022
 -0.000735
 -0.000413
  0.000585
 -0.000978
 -0.000508
 -0.001607
 -0.000279
 -0.000336
  0.001825
 -0.000557
 -0.000770
 -0.001115
 -0.000135
  0.003138
 -0.000169
 -0.000758
 -0.002146
 -0.000234
 -0.000120
 -0.003133
  0.000249
  0.001521
  0.002562
 -0.000285
  0.001614
  0.000561
  0.000233
 -0.001603
  0.000351
 -0.000810
  0.000478
  0.001196
 -0.000482
  0.000334
  0.000254
  0.000094
 -0.000138
  0.001673
 -0.000510
 -0.000699
 -0.001637
  0.000081
  0.000276
  0.001471
  0.000126
  0.000263
  0.000011
 -0.000744
  0.000413
 -0.000237
 -0.000086
 -0.000474
  0.000177
  0.000853
 -0.000784
  0.000391
  0.000251
 -0.000492
  0.000250
 -0.000899
 -0.000434
  0.001036
  0.000520
  0.001414
  0.000686
  0.000242
  0.000534
  0.001224
 -0.000212
 -0.000209
  0.000329
  0.001444
  0.000125
 -0.000053
 -0.000541
 -0.000348
 -0.000081
 -0.002344
  0.000511
 -0.001306
 -0.001248
  0.003479
 -0.000305
 -0.001440
 -0.001841
 -0.000340
  0.000263
  0.000071
 -0.002749
  0.000218
  0.000377
  0.001770
 -0.000115
 -0.000658
  0.000024
  0.000604
  0.001922
 -0.000615
 -0.000357
 -0.000032
  0.001959
 -0.000299
 -0.000308
  0.000197
  0.000037
 -0.000182
  0.000032
 -0.000215
 -0.000113
 -0.000014
  0.000273
  0.000063
 -0.002339
  0.001266
  0.000521
 -0.000297
  0.000263
