 -0.012501
  0.000197
  0.271755
 -0.017640
 -0.036896
 -0.050988
 -0.118256
 -0.915850
 -0.076865
  0.016134
  0.000976
  0.010668
 -0.109277
 -0.022021
  0.027308
  0.057763
 -0.005985
 -0.092658
  0.057330
  0.013602
 -0.136258
 -0.011175
  0.025114
  0.012841
 -0.020064
 -0.001000
  0.005819
 -0.001912
 -0.008175
 -0.008623
 -0.021048
  0.012159
  0.005235
 -0.007657
  0.008669
  0.000827
  0.003902
  0.002387
 -0.000367
 -0.002218
 -0.019147
 -0.009764
 -0.001431
  0.008368
 -0.006274
 -0.009518
  0.002844
  0.005344
 -0.007400
 -0.007042
  0.001508
  0.007550
  0.011923
 -0.003839
 -0.003942
 -0.004254
  0.013227
  0.014866
 -0.005874
 -0.019755
 -0.002207
 -0.037774
  0.009909
  0.006895
 -0.015011
 -0.025489
  0.003064
 -0.009822
 -0.009616
  0.031215
 -0.013218
  0.013385
 -0.005783
  0.002627
  0.031948
 -0.012308
  0.002829
  0.000041
 -0.004991
 -0.002086
 -0.004798
  0.004132
 -0.010922
 -0.006811
  0.010356
 -0.000793
 -0.007864
 -0.001695
  0.008741
  0.005225
 -0.006534
 -0.001433
 -0.005266
 -0.000508
  0.001587
  0.005805
 -0.015183
  0.006329
  0.004955
 -0.003079
  0.003763
 -0.009734
 -0.001556
 -0.003083
 -0.001581
 -0.008907
 -0.000325
 -0.007404
 -0.002615
  0.004466
  0.008251
 -0.002443
 -0.003464
  0.004255
 -0.007225
 -0.010915
 -0.000825
 -0.002220
  0.004792
 -0.006505
 -0.007931
  0.002303
  0.001550
  0.000692
  0.004662
 -0.000084
  0.000005
 -0.004933
  0.011678
  0.009002
 -0.005743
  0.009964
 -0.007872
 -0.002275
 -0.005234
  0.017401
 -0.000309
  0.003694
 -0.002400
  0.004758
 -0.000955
 -0.001246
  0.001161
  0.000279
  0.000635
 -0.004073
 -0.000844
 -0.004640
  0.001237
  0.000935
 -0.000437
  0.001555
 -0.001561
  0.002364
 -0.000094
 -0.002181
 -0.002829
 -0.002556
 -0.001779
 -0.000996
  0.002706
 -0.001714
 -0.000854
 -0.002049
 -0.000325
  0.000017
  0.002872
  0.004296
  0.003868
 -0.002183
  0.001306
 -0.003071
  0.002218
  0.002879
  0.000769
 -0.001786
  0.000311
  0.000666
  0.004347
 -0.000148
 -0.000763
  0.001231
  0.002187
 -0.000332
 -0.000788
 -0.001837
  0.001743
  0.001121
  0.000879
 -0.001950
  0.003751
 -0.001316
 -0.000911
 -0.001566
 -0.003474
  0.000639
  0.000283
 -0.004345
 -0.001101
 -0.004914
 -0.001822
  0.001835
  0.003533
  0.001745
  0.004312
  0.003507
 -0.001453
 -0.000477
  0.001740
  0.009367
  0.003466
  0.000355
 -0.000936
 -0.003928
 -0.002861
  0.006531
  0.001951
  0.001910
 -0.000401
  0.000692
 -0.001199
 -0.001797
  0.006774
  0.001987
  0.002194
 -0.003252
  0.009793
 -0.000863
  0.001443
  0.001001
  0.002643
  0.000585
 -0.004065
  0.007742
  0.000889
  0.002744
  0.001179
  0.001562
  0.000735
 -0.000833
 -0.001976
 -0.001184
 -0.000780
 -0.000270
 -0.000971
  0.000001
  0.000370
  0.001060
 -0.000427
  0.004047
  0.003519
 -0.002340
 -0.000795
  0.002070
  0.001712
  0.000052
  0.001839
  0.001361
 -0.004505
 -0.003338
  0.006154
 -0.003774
 -0.003807
  0.000472
  0.004045
  0.004660
 -0.000782
 -0.001228
  0.004945
  0.004880
  0.005871
  0.004253
  0.007098
  0.001760
  0.000879
  0.005733
 -0.004511
 -0.000107
 -0.004321
 -0.001205
 -0.000235
 -0.001145
 -0.001500
 -0.000480
  0.004109
  0.000481
 -0.000477
  0.002038
 -0.000053
 -0.001593
 -0.002729
 -0.000118
  0.000635
 -0.000001
  0.001339
 -0.001021
  0.000273
 -0.002610
 -0.000354
 -0.000384
  0.001451
  0.001166
 -0.000420
  0.002048
  0.002465
  0.000232
 -0.000661
 -0.001356
 -0.000370
 -0.002048
 -0.001337
  0.000338
  0.005285
  0.000112
 -0.003583
 -0.001067
 -0.001162
 -0.003650
 -0.003423
 -0.001624
  0.000431
 -0.000830
  0.002093
 -0.003575
  0.000463
  0.002040
 -0.002324
  0.000741
 -0.001003
  0.000565
  0.001736
 -0.000340
 -0.000734
 -0.004432
  0.003665
  0.001969
  0.004484
 -0.000489
 -0.000027
  0.001642
 -0.000215
  0.003965
 -0.002369
 -0.008870
 -0.003327
 -0.000024
 -0.002092
  0.001485
  0.002019
 -0.000208
  0.001168
  0.002859
 -0.003143
 -0.001817
  0.002107
  0.003241
  0.001564
 -0.002949
 -0.000958
  0.000643
  0.001082
 -0.003942
  0.002223
 -0.005171
 -0.001864
  0.002865
 -0.001088
  0.000030
 -0.002029
  0.000130
 -0.001973
  0.005049
 -0.002649
  0.002014
  0.000426
  0.003570
  0.001788
  0.005480
 -0.001985
 -0.001159
 -0.002802
  0.000904
  0.000361
 -0.000240
  0.000685
  0.000647
  0.000823
  0.007369
  0.001267
 -0.002886
  0.006008
 -0.007978
 -0.004008
  0.000546
 -0.000786
  0.001757
  0.000726
 -0.001156
 -0.000138
 -0.001099
  0.000511
 -0.003757
 -0.000314
 -0.001205
  0.000063
 -0.002151
  0.007288
 -0.002700
 -0.002087
 -0.008618
 -0.002465
 -0.000565
 -0.002445
  0.001366
  0.001820
 -0.005202
 -0.002072
 -0.001164
  0.000202
  0.001031
 -0.002044
 -0.002779
  0.004024
  0.000319
 -0.000766
  0.004810
 -0.002274
 -0.001968
 -0.000126
  0.006428
 -0.003249
 -0.003667
 -0.002539
 -0.001778
  0.000669
  0.002008
 -0.000028
  0.000498
 -0.000829
  0.000516
  0.001135
 -0.001702
  0.001449
  0.001603
  0.001952
  0.001391
 -0.001537
 -0.000120
  0.004291
  0.001257
  0.000898
 -0.001121
  0.002017
 -0.007693
 -0.002179
  0.000793
 -0.001229
  0.001113
 -0.006181
  0.000422
 -0.001844
 -0.002722
 -0.002357
 -0.005464
  0.001728
 -0.002724
 -0.003670
 -0.004704
  0.002999
  0.000990
 -0.000017
 -0.002518
  0.000531
 -0.002342
 -0.004604
  0.000995
 -0.003037
  0.003492
 -0.001484
  0.000054
  0.001344
 -0.000214
  0.001453
  0.000347
  0.000102
  0.000663
  0.000514
 -0.001406
  0.001375
  0.000137
 -0.003112
 -0.002295
 -0.008215
 -0.002368
  0.001974
  0.003036
 -0.002494
  0.000128
 -0.000733
  0.002419
 -0.001170
 -0.001160
 -0.001070
  0.000750
 -0.001527
  0.000025
 -0.001347
  0.001600
  0.000548
  0.000888
 -0.000635
 -0.000465
 -0.001118
 -0.001093
  0.000092
  0.000451
 -0.000568
 -0.000887
  0.002764
 -0.002571
  0.004262
  0.004048
  0.001126
 -0.002884
  0.000072
  0.001478
 -0.001923
 -0.000967
 -0.000011
  0.000202
 -0.001419
  0.000459
  0.003741
  0.000078
 -0.001316
 -0.002443
 -0.000688
  0.000410
  0.000229
  0.000210
  0.000009
  0.001350
 -0.000041
 -0.000589
  0.000044
 -0.000397
 -0.000146
  0.001103
  0.001253
 -0.000774
 -0.000509
  0.001563
  0.000385
  0.002656
 -0.001555
 -0.000695
  0.001000
 -0.000842
 -0.000970
  0.000591
  0.001502
  0.003116
  0.000136
  0.000113
  0.000069
  0.000375
  0.001113
 -0.002056
 -0.000751
  0.001559
  0.000370
  0.001035
  0.002144
 -0.003286
 -0.003746
  0.001082
 -0.001170
 -0.000352
  0.001666
  0.000144
  0.002489
 -0.000469
 -0.001904
  0.002264
 -0.003181
  0.000233
 -0.001825
  0.001428
 -0.000645
 -0.002265
 -0.002794
  0.000021
 -0.003130
 -0.001954
  0.005215
 -0.011409
  0.000499
 -0.000615
 -0.002655
 -0.003208
  0.002212
 -0.002140
  0.000395
  0.006018
  0.000177
  0.004733
 -0.001180
  0.000725
  0.002065
  0.001904
 -0.000082
  0.000812
 -0.002603
 -0.001573
  0.002740
 -0.003765
  0.001107
 -0.000376
  0.001543
 -0.000663
  0.000104
 -0.000719
 -0.000836
 -0.000437
 -0.001260
  0.002193
 -0.000152
 -0.002136
  0.001376
 -0.000283
  0.001140
 -0.000608
  0.000356
 -0.001175
 -0.001019
  0.002162
  0.000795
 -0.000416
 -0.001713
 -0.005124
 -0.000096
 -0.002211
 -0.001776
  0.001244
  0.001634
  0.001085
  0.001131
 -0.002793
  0.000319
 -0.001082
  0.001868
 -0.001255
 -0.000628
  0.001221
 -0.007613
 -0.004803
 -0.000897
  0.000802
 -0.001959
 -0.000465
 -0.002385
 -0.002243
  0.001396
 -0.000601
  0.002240
  0.000012
  0.000281
 -0.002187
  0.000124
  0.001588
 -0.000061
  0.000252
  0.000768
 -0.000564
 -0.002916
  0.000282
 -0.001292
 -0.001534
  0.000156
 -0.002613
  0.000169
  0.000154
  0.001574
  0.000881
  0.001910
 -0.001477
  0.001624
 -0.000471
  0.001548
  0.000976
  0.001869
  0.002026
  0.001367
  0.000427
  0.000322
  0.000712
 -0.000728
 -0.001079
 -0.000669
 -0.001630
 -0.000773
  0.002533
  0.002451
  0.001225
  0.001396
  0.003572
  0.000302
 -0.000901
  0.000372
 -0.002433
 -0.000077
  0.000699
  0.000734
 -0.000150
  0.000435
  0.001994
  0.000262
 -0.000536
  0.000699
  0.000196
  0.000345
  0.000568
 -0.000279
  0.001303
  0.001882
  0.000104
 -0.001148
 -0.000129
  0.000682
  0.001114
 -0.001295
 -0.001821
 -0.000686
  0.000771
 -0.001137
 -0.000518
 -0.000102
  0.000055
  0.001614
 -0.000637
 -0.000683
  0.002178
 -0.002175
  0.000993
 -0.002018
  0.001012
  0.001184
 -0.000182
 -0.001115
 -0.000519
  0.000865
  0.000445
 -0.000122
  0.000569
  0.000032
  0.000167
  0.000142
 -0.000428
 -0.000419
  0.000433
 -0.000554
  0.001624
 -0.000404
  0.000591
  0.000124
  0.000014
 -0.000817
  0.002598
 -0.000321
  0.001093
 -0.001437
  0.000049
 -0.001859
  0.000032
  0.001714
  0.000510
  0.000679
 -0.000077
  0.000864
  0.000283
 -0.000043
  0.000903
 -0.000173
 -0.000444
 -0.000708
 -0.001671
 -0.000065
 -0.000455
  0.000049
 -0.000020
 -0.000854
  0.000163
  0.000221
 -0.000127
  0.000117
  0.000393
 -0.002036
 -0.000609
  0.000413
 -0.000247
  0.000661
 -0.001648
  0.001815
 -0.002635
 -0.000419
 -0.001379
  0.000379
  0.000388
 -0.002298
  0.000115
 -0.000477
 -0.000199
 -0.000285
 -0.001136
 -0.000044
  0.000840
 -0.000609
  0.000483
 -0.000375
  0.000998
  0.003864
 -0.000278
  0.000010
  0.000902
 -0.000359
