 -0.365637
  0.060055
 -0.021564
 -0.910852
 -0.002939
  0.119845
  0.046643
 -0.106082
 -0.005628
 -0.012670
 -0.038441
  0.014927
  0.014742
 -0.009552
 -0.006816
  0.001331
 -0.022049
  0.001927
  0.008628
  0.014959
 -0.007213
  0.010552
  0.015103
  0.002879
 -0.001539
 -0.004130
 -0.001883
 -0.004377
  0.007983
 -0.012262
  0.003864
 -0.003222
 -0.005182
 -0.001323
 -0.009467
 -0.005623
 -0.000496
 -0.001808
  0.010189
  0.000401
 -0.005795
 -0.012758
  0.003352
 -0.003498
  0.000981
  0.001721
 -0.001058
 -0.005495
  0.002735
  0.002522
 -0.003474
  0.002218
 -0.004129
  0.000382
 -0.000901
 -0.000887
 -0.000260
  0.003743
 -0.001865
 -0.000273
 -0.002259
 -0.004004
 -0.000006
 -0.000482
 -0.000231
  0.000586
  0.001337
 -0.000099
 -0.004464
  0.001266
  0.000328
  0.000405
 -0.000916
  0.000055
 -0.008256
 -0.001016
 -0.000185
  0.001157
 -0.003176
  0.001559
  0.000610
 -0.001527
 -0.001317
  0.003279
  0.002276
  0.002648
  0.004511
 -0.001871
 -0.000974
 -0.001132
  0.000892
 -0.000017
 -0.003168
 -0.000400
  0.003167
 -0.001815
  0.000136
 -0.001000
 -0.001601
 -0.005338
 -0.000591
 -0.002742
  0.000246
 -0.000701
  0.002491
  0.001881
 -0.000183
  0.001725
 -0.000203
  0.000399
  0.001436
  0.002835
  0.000684
  0.000736
 -0.001009
 -0.000964
 -0.000187
  0.002908
  0.000008
  0.000057
 -0.000385
  0.000287
  0.002221
  0.001814
 -0.000404
 -0.000189
  0.000188
 -0.000882
 -0.000956
  0.000456
  0.001077
  0.000056
  0.000495
 -0.000702
  0.001197
 -0.001266
  0.001521
 -0.000173
 -0.001932
 -0.000723
  0.000613
  0.001693
  0.000563
 -0.000608
  0.000284
 -0.000486
  0.000717
 -0.000291
 -0.001500
 -0.001179
 -0.000661
 -0.001293
 -0.000130
  0.000903
 -0.000066
 -0.000353
  0.000750
  0.001031
 -0.000270
 -0.000629
  0.000671
  0.000162
  0.000124
  0.000821
 -0.001155
  0.000905
 -0.000599
  0.001691
  0.000946
 -0.000190
 -0.001147
 -0.000392
 -0.000883
 -0.000343
 -0.000831
 -0.001489
  0.000541
  0.000313
  0.000011
 -0.000350
 -0.000919
 -0.001397
 -0.000547
  0.000091
  0.000359
  0.000098
 -0.000576
  0.000733
 -0.001379
  0.000529
 -0.000350
 -0.000206
  0.000530
 -0.000197
  0.000842
  0.000017
 -0.001125
  0.000826
 -0.000019
  0.000989
  0.000031
 -0.001344
 -0.000335
  0.000480
 -0.000428
  0.000167
 -0.000721
 -0.000754
  0.000547
 -0.000792
  0.001075
  0.000561
  0.000029
  0.000953
  0.000514
  0.000001
  0.000337
 -0.000188
 -0.000678
 -0.000058
 -0.001389
  0.000514
 -0.000438
  0.000111
 -0.000453
 -0.000519
  0.000088
  0.000207
 -0.000277
  0.000575
 -0.000244
  0.000668
 -0.000023
 -0.000014
  0.000930
  0.001033
 -0.000880
  0.000748
  0.000087
 -0.000042
  0.000743
  0.001262
  0.000716
  0.000194
 -0.000848
 -0.000114
 -0.000705
 -0.000171
 -0.000335
 -0.000489
 -0.000145
 -0.000495
 -0.000253
  0.000922
  0.000421
  0.000430
  0.000210
 -0.000314
  0.000053
 -0.000154
  0.000779
 -0.000034
 -0.000195
 -0.000470
 -0.000208
  0.000017
  0.000009
  0.000145
  0.000039
 -0.000064
 -0.000072
 -0.000902
  0.000330
 -0.000358
 -0.000272
 -0.000704
 -0.000731
 -0.000029
 -0.000764
 -0.000073
  0.000299
 -0.000906
  0.000226
  0.000421
 -0.000639
  0.000325
 -0.000114
 -0.000198
  0.000510
  0.000071
 -0.000183
 -0.000149
 -0.000172
 -0.000343
  0.000137
 -0.000215
 -0.000104
 -0.000143
 -0.000033
  0.000880
  0.000096
  0.000113
 -0.000203
  0.000013
 -0.000215
 -0.000000
 -0.000097
 -0.000117
 -0.000188
 -0.000091
 -0.000254
  0.000353
  0.000504
  0.000169
  0.000098
  0.000350
  0.000097
 -0.000516
  0.000041
  0.000190
 -0.000164
 -0.000325
 -0.000044
  0.000254
 -0.000141
  0.000408
 -0.000162
  0.000061
 -0.000455
  0.000008
 -0.000067
 -0.000111
 -0.000202
 -0.000404
 -0.000368
 -0.000799
 -0.000148
  0.000417
  0.000121
  0.000045
 -0.000236
  0.000284
  0.000595
 -0.000076
  0.000097
 -0.000186
 -0.000219
  0.000480
  0.000427
 -0.000216
  0.001118
 -0.000379
  0.000151
 -0.000554
 -0.000801
 -0.000459
 -0.000333
  0.000593
  0.000711
  0.000837
  0.000149
  0.000152
 -0.000270
 -0.000776
 -0.000347
  0.001306
 -0.000799
 -0.000231
  0.000993
  0.000581
 -0.000823
  0.000275
 -0.000273
  0.000093
  0.000034
 -0.000317
 -0.000208
 -0.000002
  0.000597
  0.000363
 -0.000567
  0.000128
 -0.001478
 -0.000017
 -0.000580
 -0.000763
 -0.000027
  0.000391
 -0.000649
 -0.000059
 -0.000154
  0.000372
  0.000147
 -0.000593
  0.000149
  0.000133
 -0.000159
 -0.001433
  0.000712
  0.000796
  0.000869
 -0.000942
  0.000736
 -0.000257
  0.000491
  0.000628
  0.000609
  0.001320
 -0.000001
 -0.000077
  0.000211
  0.000008
 -0.000519
 -0.000116
 -0.000326
 -0.001133
 -0.000690
  0.000063
 -0.000318
 -0.000178
  0.000358
  0.000332
 -0.000806
  0.000423
 -0.000584
  0.000978
 -0.000513
 -0.000133
  0.001506
 -0.000129
 -0.000140
  0.000814
  0.000167
  0.000355
 -0.001388
  0.000625
 -0.000276
  0.001909
  0.000463
  0.001012
  0.001208
 -0.001804
  0.000274
  0.000633
  0.000209
 -0.001552
  0.001659
  0.000508
 -0.000796
 -0.002035
 -0.001215
  0.000113
 -0.000236
 -0.000510
  0.000131
  0.001339
 -0.000890
  0.000815
 -0.000688
  0.000230
  0.001615
  0.000278
  0.001205
 -0.000494
  0.000582
 -0.000274
  0.000878
  0.000018
 -0.000743
  0.000151
 -0.000368
  0.001391
  0.000555
  0.000590
 -0.000320
  0.000913
 -0.000580
  0.000111
  0.001265
  0.000308
  0.000712
 -0.000497
  0.000189
 -0.000858
 -0.000701
 -0.000328
 -0.000271
 -0.000080
 -0.000074
 -0.000237
  0.000050
  0.000038
  0.000150
  0.000182
 -0.000183
  0.001005
 -0.000158
  0.000514
  0.000881
 -0.000239
  0.000291
 -0.000661
  0.000053
 -0.000485
  0.000365
 -0.001105
  0.000282
 -0.000678
 -0.000328
 -0.000107
 -0.000362
  0.000187
  0.000809
 -0.000481
 -0.000309
  0.000398
 -0.000610
  0.000057
  0.000998
  0.000350
 -0.000849
 -0.000140
  0.000123
  0.000236
 -0.000517
 -0.000029
  0.000205
 -0.000196
 -0.000010
 -0.000070
 -0.000050
  0.000041
 -0.000383
  0.000466
  0.000030
 -0.000258
  0.000243
 -0.000245
 -0.000084
  0.000052
  0.000279
 -0.000106
  0.000119
  0.000445
  0.000197
  0.000005
  0.000259
  0.000168
  0.000106
 -0.000176
 -0.000023
 -0.000099
  0.000502
 -0.000023
  0.000432
 -0.000487
 -0.000572
  0.000323
  0.000401
 -0.000173
  0.000073
  0.000125
  0.000014
  0.000078
  0.000348
  0.000201
 -0.000413
  0.000178
  0.000112
  0.000228
 -0.000693
 -0.000149
 -0.000006
  0.000343
 -0.000124
  0.000235
 -0.000175
  0.000170
 -0.000124
  0.000397
 -0.000143
 -0.000209
  0.000040
 -0.000276
 -0.000072
 -0.000087
  0.000008
  0.000065
 -0.000284
 -0.000206
  0.000129
 -0.000225
  0.000224
  0.000818
  0.000413
  0.000740
 -0.000330
  0.000118
 -0.000078
 -0.000783
  0.000055
  0.000294
 -0.000169
 -0.000307
  0.000025
 -0.000003
  0.000424
  0.000301
 -0.000150
  0.000011
 -0.000110
  0.000242
 -0.000803
 -0.000213
 -0.000267
  0.000313
  0.000320
  0.000146
  0.000028
 -0.000471
  0.000042
 -0.001193
 -0.000016
 -0.000119
 -0.000040
  0.000382
  0.000040
  0.000195
 -0.000010
  0.000332
  0.000363
  0.000879
 -0.000098
  0.000275
  0.000465
 -0.000431
  0.000167
 -0.000439
 -0.000025
 -0.000195
 -0.000019
  0.000160
 -0.000347
  0.000357
 -0.000335
  0.000348
 -0.000378
  0.000086
 -0.000087
 -0.000527
  0.000099
  0.000327
 -0.000508
 -0.000149
 -0.000052
 -0.000144
  0.000149
 -0.000291
 -0.000134
 -0.000062
  0.000362
 -0.000074
  0.000724
  0.000111
  0.000399
 -0.000608
  0.000437
 -0.000058
 -0.000269
  0.000177
 -0.000191
 -0.000448
 -0.000072
 -0.000063
  0.000115
  0.000099
 -0.000186
 -0.000037
 -0.000257
  0.000304
  0.000134
  0.000231
 -0.000236
 -0.000538
  0.000365
  0.000115
  0.000379
 -0.000369
  0.000617
  0.000027
  0.000163
 -0.000208
 -0.000629
 -0.000347
 -0.000264
 -0.000193
 -0.000058
 -0.000844
  0.000562
  0.000059
 -0.000260
  0.000479
  0.000082
  0.000052
 -0.000004
 -0.000077
  0.000701
  0.000706
 -0.000087
 -0.000094
  0.000283
  0.000056
 -0.000780
 -0.000648
  0.000552
  0.001520
  0.000717
 -0.000455
  0.000175
  0.000135
 -0.000655
 -0.000372
  0.000785
 -0.000133
 -0.000104
  0.000218
 -0.000421
  0.000056
 -0.000030
 -0.000178
  0.000098
  0.000245
  0.000248
 -0.000146
 -0.000105
  0.000929
 -0.000069
 -0.000590
  0.000495
 -0.000347
 -0.000448
  0.000229
  0.000356
  0.000156
  0.000169
 -0.000355
 -0.000388
  0.000379
 -0.000065
  0.000027
  0.000145
 -0.000291
  0.000124
  0.000470
  0.000361
 -0.000233
 -0.000102
 -0.000073
  0.000301
 -0.000186
 -0.000343
  0.000032
  0.000378
  0.000270
  0.000065
  0.000077
 -0.000108
  0.000140
 -0.000063
 -0.000578
 -0.000180
 -0.000040
  0.000015
  0.000027
  0.000316
 -0.000178
 -0.000138
 -0.000146
  0.000002
 -0.000178
  0.000302
  0.000353
 -0.000103
  0.000087
  0.000394
  0.000127
 -0.000242
 -0.000125
  0.000001
 -0.000096
 -0.000107
 -0.000292
 -0.000367
 -0.000235
  0.000170
 -0.000075
 -0.000262
 -0.000279
  0.000307
 -0.000117
 -0.000077
 -0.000301
  0.000024
 -0.000013
 -0.000033
  0.000018
  0.000144
  0.000354
  0.000013
  0.000606
 -0.000189
 -0.000090
  0.000121
  0.000569
 -0.000106
  0.000566
  0.000130
 -0.000681
  0.000006
  0.000003
  0.000260
 -0.000299
 -0.000013
 -0.000073
 -0.000072
