 -0.008792
  0.994852
  0.053825
  0.074491
  0.027539
  0.003437
 -0.007983
  0.010558
  0.001258
 -0.007283
  0.003709
  0.001207
 -0.010579
 -0.003994
  0.005432
 -0.000340
 -0.001432
 -0.009799
 -0.009725
 -0.007893
  0.004967
 -0.003160
 -0.005468
  0.007257
  0.001113
 -0.001896
  0.001239
  0.002306
 -0.001262
  0.000041
 -0.001783
 -0.001210
 -0.000499
  0.001458
  0.004898
 -0.001019
  0.000769
 -0.000373
  0.002071
 -0.000308
 -0.000468
 -0.002037
 -0.002834
 -0.001027
 -0.001144
 -0.000326
 -0.003017
 -0.001418
  0.000054
 -0.000011
 -0.001165
  0.000199
 -0.000936
 -0.000120
  0.002671
 -0.000215
 -0.000168
 -0.001413
  0.000326
  0.000777
 -0.000403
  0.004735
 -0.002106
  0.000406
  0.000131
  0.002763
 -0.003826
  0.000377
 -0.000193
  0.001541
  0.001086
  0.000031
 -0.001107
  0.001387
 -0.000476
  0.000343
  0.001565
  0.000633
  0.000766
  0.000740
 -0.000289
 -0.000581
 -0.000125
  0.001775
  0.000343
 -0.001139
 -0.000124
  0.000241
 -0.002252
  0.000817
  0.000360
 -0.000398
  0.000307
  0.000054
  0.000845
  0.000892
  0.000257
 -0.000546
  0.000952
 -0.000688
  0.000170
  0.000338
 -0.000223
 -0.000002
 -0.000001
 -0.000187
  0.000019
 -0.000463
  0.000503
  0.000451
 -0.000803
 -0.001158
 -0.000071
 -0.000373
 -0.000076
 -0.000535
  0.000613
  0.002013
 -0.000137
 -0.000094
  0.000753
 -0.000385
  0.000345
  0.000464
 -0.000651
  0.000375
  0.000293
 -0.000059
  0.000346
  0.000067
 -0.000123
  0.000856
  0.000233
 -0.000253
 -0.000462
  0.000065
 -0.000704
  0.000024
 -0.000318
  0.000042
  0.000729
 -0.000018
  0.000706
  0.000294
  0.000276
  0.000181
  0.000063
 -0.000209
  0.000089
  0.000707
 -0.000349
  0.000138
 -0.000044
  0.000768
 -0.000507
  0.000160
 -0.000028
  0.000659
 -0.000155
 -0.000285
 -0.000458
  0.000361
 -0.000392
  0.000368
  0.000177
 -0.000528
 -0.000011
  0.000169
  0.000116
 -0.000119
 -0.000477
  0.000163
  0.000011
 -0.000405
 -0.000103
  0.000398
 -0.000262
  0.000655
  0.000548
  0.000121
  0.000503
  0.000141
 -0.000097
 -0.000260
  0.000095
 -0.000487
  0.000095
  0.000316
  0.000432
 -0.000088
 -0.000034
  0.000133
 -0.000104
  0.000143
  0.000020
  0.000002
 -0.000084
 -0.000119
  0.000051
 -0.000010
  0.000145
  0.000195
 -0.000098
  0.000178
 -0.000206
 -0.000257
 -0.000239
  0.000022
 -0.000064
 -0.000018
 -0.000051
 -0.000225
  0.000156
  0.000095
  0.000123
 -0.000011
  0.000006
  0.000223
 -0.000074
  0.000417
 -0.000134
 -0.000247
  0.000067
 -0.000091
 -0.000039
  0.000214
  0.000080
  0.000218
  0.000062
  0.000172
  0.000318
 -0.000270
 -0.000329
 -0.000446
  0.000071
 -0.000262
 -0.000163
  0.000087
  0.000129
 -0.000021
 -0.000185
 -0.000368
 -0.000157
  0.000653
 -0.000081
 -0.000117
 -0.000231
 -0.000086
  0.000054
 -0.000100
 -0.000566
 -0.000027
  0.000505
  0.000437
  0.000158
 -0.000517
  0.000359
 -0.000040
 -0.000108
 -0.000059
 -0.000290
  0.000116
  0.000127
  0.000411
  0.000059
 -0.000048
 -0.000467
  0.000053
 -0.000045
  0.000122
  0.000004
  0.000044
 -0.000175
 -0.000133
  0.000072
 -0.000114
 -0.000080
 -0.000350
  0.000110
 -0.000072
  0.000102
 -0.000058
  0.000074
 -0.000036
 -0.000111
 -0.000146
 -0.000049
  0.000304
  0.000052
  0.000483
  0.000215
 -0.000002
  0.000017
  0.000085
  0.000378
 -0.000256
 -0.000051
  0.000289
  0.000066
  0.000117
  0.000318
  0.000160
  0.000100
  0.000025
  0.000102
  0.000174
 -0.000235
  0.000056
  0.000149
 -0.000144
  0.000126
 -0.000027
  0.000447
 -0.000197
 -0.000225
  0.000047
  0.000373
  0.000090
  0.000139
 -0.000423
 -0.000053
 -0.000211
 -0.000454
 -0.000392
 -0.000316
 -0.000577
 -0.000299
 -0.000058
  0.000581
  0.000002
 -0.000108
  0.000061
  0.000181
 -0.000067
  0.000366
  0.000227
 -0.000173
  0.000088
 -0.000091
 -0.000039
 -0.000046
 -0.000027
 -0.000187
  0.000188
 -0.000005
 -0.000145
 -0.000003
  0.000062
 -0.000054
 -0.000051
  0.000144
 -0.000087
  0.000008
 -0.000015
  0.000213
 -0.000097
 -0.000102
  0.000098
 -0.000123
  0.000169
 -0.000000
  0.000163
  0.000052
 -0.000121
 -0.000164
  0.000059
 -0.000118
 -0.000066
 -0.000021
 -0.000258
 -0.000012
 -0.000093
 -0.000175
 -0.000184
  0.000153
  0.000031
 -0.000072
 -0.000094
  0.000202
  0.000372
  0.000242
 -0.000146
 -0.000058
 -0.000064
  0.000025
 -0.000063
 -0.000646
 -0.000095
  0.000587
 -0.000493
 -0.000055
 -0.000619
  0.000294
 -0.000136
 -0.000320
 -0.000266
 -0.000275
 -0.000170
  0.000067
 -0.000172
 -0.000051
  0.000046
  0.000102
 -0.000170
  0.000035
  0.000101
  0.000067
  0.000018
  0.000098
 -0.000127
  0.000232
  0.000164
 -0.000100
 -0.000002
 -0.000027
 -0.000054
 -0.000041
  0.000009
  0.000253
  0.000176
 -0.000112
  0.000073
 -0.000107
 -0.000098
 -0.000016
  0.000077
  0.000072
 -0.000053
  0.000103
 -0.000069
 -0.000644
  0.000075
 -0.000147
  0.000508
  0.000009
  0.000391
  0.000289
 -0.000282
 -0.000270
 -0.000095
 -0.000183
  0.000042
 -0.000409
  0.000141
  0.000140
 -0.000184
 -0.000286
  0.000208
 -0.000112
 -0.000265
 -0.000246
  0.000053
  0.000277
 -0.000195
 -0.000266
 -0.000289
  0.000237
 -0.000466
 -0.000161
  0.000013
 -0.000170
  0.000245
 -0.000110
  0.000064
 -0.000014
  0.000441
 -0.000317
  0.000214
 -0.000121
 -0.000235
  0.000126
  0.000289
 -0.000040
  0.000225
  0.000300
 -0.000207
  0.000080
  0.000055
 -0.000064
 -0.000020
 -0.000346
 -0.000363
 -0.000413
  0.000177
 -0.000139
  0.000224
 -0.000079
 -0.000235
  0.000253
  0.000044
 -0.000045
  0.000053
  0.000059
  0.000003
 -0.000051
  0.000401
  0.000199
 -0.000186
  0.000259
 -0.000038
  0.000253
 -0.000110
 -0.000141
 -0.000181
  0.000036
  0.000021
  0.000168
  0.000056
  0.000075
  0.000027
 -0.000139
 -0.000123
 -0.000151
 -0.000013
 -0.000055
  0.000052
  0.000126
 -0.000112
  0.000041
 -0.000021
 -0.000312
  0.000009
 -0.000223
 -0.000307
 -0.000188
  0.000094
 -0.000060
  0.000063
  0.000093
  0.000118
 -0.000173
 -0.000311
  0.000052
 -0.000088
 -0.000117
 -0.000088
 -0.000000
  0.000021
  0.000142
  0.000123
  0.000402
 -0.000104
  0.000106
  0.000077
 -0.000021
  0.000184
 -0.000064
 -0.000177
 -0.000317
 -0.000097
 -0.000002
  0.000067
  0.000146
 -0.000083
 -0.000047
 -0.000050
  0.000081
 -0.000266
  0.000263
 -0.000121
 -0.000098
 -0.000018
  0.000253
 -0.000135
  0.000328
 -0.000301
  0.000147
 -0.000025
  0.000034
  0.000130
 -0.000085
  0.000135
  0.000215
  0.000061
 -0.000008
  0.000053
 -0.000010
  0.000091
 -0.000024
  0.000172
 -0.000110
  0.000272
 -0.000064
 -0.000012
  0.000069
 -0.000053
  0.000225
  0.000085
  0.000008
 -0.000165
 -0.000175
  0.000126
 -0.000276
  0.000271
 -0.000060
  0.000020
  0.000030
  0.000218
 -0.000133
 -0.000011
  0.000089
 -0.000026
 -0.000098
 -0.000083
 -0.000049
 -0.000024
 -0.000125
  0.000090
  0.000112
 -0.000070
 -0.000263
 -0.000021
  0.000031
  0.000041
 -0.000137
 -0.000055
 -0.000003
 -0.000054
 -0.000020
  0.000096
  0.000243
  0.000227
  0.000090
 -0.000075
  0.000059
  0.000037
  0.000041
 -0.000092
  0.000064
  0.000090
  0.000040
  0.000023
  0.000201
 -0.000069
 -0.000057
 -0.000045
 -0.000082
  0.000014
 -0.000044
  0.000039
 -0.000071
 -0.000008
  0.000031
  0.000050
 -0.000020
  0.000093
  0.000074
 -0.000253
  0.000179
  0.000199
 -0.000036
 -0.000017
  0.000025
 -0.000064
  0.000018
  0.000032
 -0.000007
 -0.000024
  0.000041
 -0.000107
 -0.000170
 -0.000258
  0.000050
 -0.000085
 -0.000093
 -0.000049
 -0.000004
  0.000083
  0.000103
  0.000039
  0.000070
 -0.000025
 -0.000086
 -0.000059
  0.000048
  0.000118
 -0.000151
 -0.000075
 -0.000020
  0.000001
  0.000182
  0.000114
 -0.000086
 -0.000016
  0.000212
 -0.000050
  0.000156
  0.000077
 -0.000091
 -0.000004
  0.000135
  0.000023
  0.000066
 -0.000097
  0.000000
  0.000100
 -0.000178
 -0.000032
 -0.000069
 -0.000093
 -0.000010
 -0.000170
 -0.000220
 -0.000137
 -0.000002
 -0.000069
 -0.000086
 -0.000054
 -0.000173
  0.000025
 -0.000015
 -0.000168
  0.000181
  0.000321
  0.000009
  0.000042
 -0.000104
  0.000019
  0.000110
  0.000223
  0.000169
 -0.000001
 -0.000043
  0.000150
 -0.000121
 -0.000070
  0.000051
  0.000016
  0.000002
  0.000129
  0.000003
 -0.000162
  0.000145
  0.000114
  0.000184
  0.000090
  0.000114
  0.000088
 -0.000129
 -0.000016
 -0.000031
  0.000083
  0.000012
 -0.000202
  0.000060
 -0.000133
 -0.000095
 -0.000197
 -0.000110
  0.000155
 -0.000085
 -0.000115
  0.000049
 -0.000061
 -0.000012
  0.000045
  0.000124
 -0.000061
 -0.000057
 -0.000028
 -0.000210
 -0.000195
  0.000121
  0.000010
 -0.000666
 -0.000019
  0.000835
  0.000120
 -0.000053
  0.000138
  0.000110
  0.000146
 -0.000044
 -0.000106
  0.000031
  0.000076
 -0.000022
  0.000029
  0.000041
  0.000028
 -0.000030
  0.000006
  0.000044
 -0.000009
  0.000052
  0.000017
  0.000031
  0.000038
  0.000092
 -0.000028
  0.000055
  0.000121
  0.000086
 -0.000101
 -0.000124
  0.000072
 -0.000104
 -0.000013
 -0.000097
 -0.000034
  0.000096
 -0.000021
  0.000006
  0.000102
  0.000008
  0.000034
 -0.000007
 -0.000009
 -0.000068
 -0.000019
  0.000020
 -0.000001
 -0.000078
 -0.000105
 -0.000057
  0.000004
 -0.000001
  0.000008
  0.000055
 -0.000051
 -0.000097
 -0.000013
 -0.000019
  0.000019
 -0.000012
