 -0.203264
  0.975897
  0.050588
  0.047938
  0.014130
  0.019164
  0.004103
  0.010077
 -0.011542
  0.009812
 -0.007215
 -0.004165
 -0.002888
 -0.002941
  0.004540
  0.003720
 -0.000434
  0.000651
 -0.002696
  0.000853
 -0.006143
 -0.000089
  0.001094
 -0.003267
  0.003913
  0.000013
 -0.007894
 -0.003676
 -0.005808
 -0.005254
 -0.000941
  0.001671
  0.001652
 -0.001429
  0.001107
 -0.001514
  0.003306
  0.001949
  0.003016
 -0.004312
 -0.001544
  0.000758
 -0.001779
  0.002004
 -0.001564
 -0.002556
 -0.001810
  0.001126
 -0.000780
  0.000141
  0.000396
 -0.002252
  0.001748
 -0.000086
  0.000141
 -0.002279
 -0.000550
  0.002373
  0.000402
  0.001004
 -0.000677
 -0.000737
 -0.002155
 -0.001227
 -0.000225
 -0.000563
 -0.000696
  0.000699
 -0.000401
  0.000601
  0.001317
  0.001648
  0.000415
  0.000012
 -0.000960
  0.000116
  0.000210
 -0.001052
  0.002793
  0.001500
 -0.000482
 -0.000678
  0.000067
  0.001015
  0.000306
 -0.000587
 -0.000271
  0.000381
  0.000321
 -0.000872
  0.000066
 -0.000287
 -0.000397
 -0.000294
 -0.001171
 -0.000095
  0.000597
 -0.000219
 -0.001451
  0.000071
 -0.000058
  0.000000
  0.000859
 -0.000227
 -0.000731
  0.000992
  0.001149
  0.000862
  0.000659
  0.000042
 -0.000683
  0.000139
 -0.000158
 -0.000084
  0.000011
 -0.001089
 -0.000440
 -0.000012
 -0.000122
  0.000044
 -0.000518
 -0.000265
 -0.000387
  0.000177
 -0.000015
 -0.000379
  0.000218
 -0.000198
 -0.000354
  0.000191
  0.000129
 -0.000287
  0.000327
  0.001316
 -0.000033
 -0.000072
 -0.000028
  0.000020
  0.000644
 -0.000315
 -0.000099
  0.000202
  0.000156
  0.000002
 -0.000382
 -0.000610
 -0.000902
 -0.000475
  0.000174
  0.000467
 -0.000409
  0.000692
  0.000049
  0.000797
 -0.000201
  0.001303
  0.000220
  0.000025
 -0.000986
 -0.000406
 -0.000188
 -0.001396
 -0.001634
 -0.000105
  0.000019
  0.001066
  0.000591
 -0.000289
  0.000502
 -0.000595
  0.000979
  0.000202
 -0.000697
  0.000736
 -0.000043
 -0.000148
 -0.001502
 -0.001177
 -0.001037
  0.000137
 -0.001432
  0.000463
  0.000579
 -0.000035
 -0.000086
  0.001835
 -0.000935
 -0.001643
  0.000765
  0.000129
 -0.000119
 -0.000738
 -0.000110
 -0.000790
  0.001028
 -0.000519
 -0.000273
 -0.000162
  0.000844
 -0.000185
 -0.000117
  0.000681
  0.000161
  0.000153
  0.000039
  0.000246
 -0.000176
 -0.000970
 -0.001369
  0.000400
 -0.000807
 -0.000030
  0.000351
  0.000069
  0.000063
  0.000894
 -0.000781
 -0.000342
  0.000705
  0.000118
  0.000595
  0.000291
  0.000307
  0.000009
 -0.000320
 -0.000141
 -0.000552
 -0.000357
 -0.000442
 -0.000042
  0.000116
 -0.000195
  0.000758
  0.000129
  0.000065
 -0.000167
  0.000894
 -0.000366
  0.000221
  0.000049
 -0.000245
  0.000849
  0.000317
 -0.000499
 -0.000203
  0.000319
 -0.000573
 -0.000396
  0.000227
  0.000175
  0.000072
  0.000818
 -0.000062
  0.000077
  0.000794
  0.000521
  0.000216
 -0.000281
 -0.000164
 -0.000189
  0.000161
  0.000207
 -0.000139
  0.000262
  0.000179
  0.000192
  0.000016
 -0.000669
  0.000165
  0.000255
 -0.000377
 -0.000047
 -0.000055
 -0.000154
 -0.000475
  0.000172
  0.000127
 -0.000062
  0.000444
  0.000048
 -0.000110
 -0.000115
 -0.000419
 -0.000002
 -0.000218
 -0.000295
 -0.000231
 -0.000027
  0.000211
 -0.000037
 -0.000183
 -0.000817
 -0.000074
  0.000129
  0.000258
 -0.000383
  0.000260
 -0.000199
  0.000228
 -0.000034
  0.000184
 -0.000180
 -0.000099
  0.000066
 -0.000005
  0.000074
 -0.000136
  0.000002
 -0.000094
 -0.000022
  0.000018
  0.000312
 -0.000031
 -0.000079
 -0.000156
 -0.000112
  0.000327
 -0.000003
 -0.000053
 -0.000046
 -0.000280
  0.000259
 -0.000057
 -0.000146
 -0.000104
  0.000096
 -0.000256
 -0.000114
  0.000166
 -0.000159
  0.000218
  0.000373
  0.000190
 -0.000252
 -0.000346
 -0.000117
  0.000071
  0.000013
  0.000032
 -0.000184
 -0.000286
 -0.000054
  0.000182
 -0.000141
  0.000277
 -0.000068
 -0.000353
 -0.000392
  0.000085
  0.000151
 -0.000179
  0.000334
 -0.000626
  0.000893
 -0.000333
 -0.000098
  0.000261
 -0.000064
  0.000425
  0.000140
  0.000244
  0.000209
 -0.000098
  0.000025
  0.000077
  0.000033
  0.000031
 -0.000055
  0.000227
  0.000236
  0.000398
 -0.000157
  0.000137
  0.000181
 -0.000064
  0.000235
 -0.000075
 -0.000355
 -0.000218
 -0.000198
  0.000040
 -0.000160
 -0.000038
 -0.000170
  0.000109
 -0.000073
  0.000242
 -0.000155
  0.000107
 -0.000183
  0.000271
  0.000137
  0.000235
  0.000020
 -0.000187
 -0.000096
  0.000208
  0.000267
 -0.000154
 -0.000035
  0.000087
 -0.000069
  0.000239
  0.000309
  0.000302
 -0.000257
 -0.000526
  0.000236
 -0.000050
 -0.000266
 -0.000038
  0.000131
  0.000016
 -0.000169
  0.000182
 -0.000221
  0.000372
 -0.000359
  0.000425
 -0.000124
  0.000348
 -0.000063
 -0.000072
 -0.000233
  0.000274
  0.000099
  0.000029
  0.000178
 -0.000317
  0.000003
  0.000087
  0.000309
  0.000187
  0.000062
  0.000422
 -0.000019
  0.000128
 -0.000000
 -0.000057
 -0.000115
 -0.000073
  0.000203
 -0.000207
 -0.000034
  0.000036
 -0.000042
 -0.000004
 -0.000111
  0.000023
 -0.000050
 -0.000038
  0.000177
 -0.000010
 -0.000056
  0.000028
  0.000137
  0.000107
 -0.000203
 -0.000086
 -0.000243
  0.000044
  0.000038
 -0.000433
 -0.000212
 -0.000061
  0.000053
  0.000127
  0.000119
 -0.000187
  0.000193
  0.000095
  0.000437
  0.000126
 -0.000174
  0.000035
  0.000100
  0.000010
 -0.000183
 -0.000110
 -0.000319
 -0.000048
 -0.000138
  0.000317
 -0.000235
  0.000331
  0.000278
  0.000015
  0.000001
 -0.000052
 -0.000141
 -0.000120
  0.000071
  0.000003
 -0.000021
 -0.000004
  0.000009
 -0.000244
  0.000022
 -0.000015
 -0.000040
  0.000177
 -0.000328
  0.000087
 -0.000164
  0.000165
  0.000017
 -0.000048
 -0.000193
  0.000210
  0.000505
 -0.000248
 -0.000048
  0.000005
  0.000061
 -0.000083
 -0.000295
  0.000200
  0.000109
  0.000087
 -0.000169
 -0.000059
 -0.000203
  0.000090
  0.000155
  0.000114
  0.000169
 -0.000070
 -0.000092
 -0.000003
 -0.000121
  0.000037
 -0.000001
 -0.000017
 -0.000261
  0.000132
 -0.000020
  0.000022
 -0.000272
 -0.000064
  0.000121
  0.000319
 -0.000025
 -0.000125
  0.000188
  0.000288
  0.000049
  0.000202
  0.000107
 -0.000183
  0.000017
  0.000038
  0.000014
  0.000133
 -0.000010
  0.000096
 -0.000024
 -0.000041
 -0.000141
  0.000065
 -0.000251
 -0.000212
 -0.000238
 -0.000123
 -0.000210
  0.000224
 -0.000260
 -0.000066
 -0.000070
  0.000064
 -0.000043
 -0.000469
  0.000081
 -0.000130
  0.000088
 -0.000051
  0.000020
  0.000126
 -0.000014
  0.000190
  0.000282
  0.000164
 -0.000064
  0.000134
  0.000159
 -0.000005
 -0.000047
  0.000070
  0.000049
 -0.000171
  0.000068
 -0.000088
 -0.000026
 -0.000070
 -0.000261
 -0.000045
 -0.000023
 -0.000051
 -0.000007
 -0.000169
 -0.000237
 -0.000158
  0.000041
  0.000043
  0.000195
  0.000079
  0.000012
  0.000058
  0.000111
  0.000078
 -0.000151
 -0.000108
 -0.000143
  0.000148
  0.000162
 -0.000098
  0.000056
  0.000253
  0.000125
 -0.000173
 -0.000147
 -0.000114
 -0.000186
 -0.000044
 -0.000128
  0.000100
 -0.000006
 -0.000002
  0.000196
  0.000157
  0.000126
 -0.000001
  0.000023
 -0.000012
 -0.000023
  0.000090
  0.000132
 -0.000242
 -0.000175
 -0.000156
  0.000103
  0.000185
 -0.000006
 -0.000148
 -0.000110
  0.000106
 -0.000060
  0.000101
  0.000201
  0.000184
  0.000087
  0.000110
 -0.000283
 -0.000295
 -0.000184
 -0.000084
  0.000172
  0.000028
 -0.000040
  0.000064
  0.000195
 -0.000122
  0.000022
 -0.000111
 -0.000114
 -0.000025
 -0.000207
 -0.000180
 -0.000076
  0.000092
 -0.000118
  0.000000
 -0.000028
  0.000034
 -0.000019
 -0.000034
 -0.000032
  0.000100
  0.000107
  0.000063
  0.000071
  0.000035
 -0.000097
 -0.000016
 -0.000013
 -0.000046
  0.000062
  0.000004
  0.000073
  0.000117
 -0.000005
 -0.000072
 -0.000006
  0.000116
 -0.000035
  0.000000
  0.000051
 -0.000032
 -0.000019
 -0.000045
  0.000022
 -0.000015
 -0.000086
 -0.000023
 -0.000126
  0.000121
 -0.000054
 -0.000044
 -0.000036
 -0.000117
 -0.000023
  0.000059
  0.000098
 -0.000011
  0.000123
  0.000146
  0.000073
 -0.000013
  0.000223
 -0.000091
 -0.000148
  0.000125
  0.000181
  0.000003
 -0.000036
  0.000066
 -0.000008
 -0.000215
  0.000129
 -0.000183
  0.000203
 -0.000201
  0.000347
 -0.000013
  0.000099
 -0.000044
 -0.000003
 -0.000096
 -0.000021
 -0.000032
  0.000075
  0.000073
  0.000074
 -0.000239
  0.000091
  0.000039
  0.000028
 -0.000081
  0.000008
 -0.000020
 -0.000118
 -0.000080
 -0.000022
  0.000098
  0.000060
 -0.000125
  0.000046
  0.000025
 -0.000018
  0.000070
 -0.000100
  0.000047
 -0.000025
  0.000020
 -0.000217
  0.000045
  0.000072
  0.000021
 -0.000003
  0.000031
 -0.000082
 -0.000085
  0.000005
 -0.000030
 -0.000021
  0.000003
  0.000022
  0.000052
 -0.000033
  0.000012
  0.000019
  0.000003
  0.000011
  0.000054
 -0.000051
  0.000061
  0.000120
 -0.000004
 -0.000026
 -0.000050
 -0.000010
 -0.000070
 -0.000039
  0.000037
  0.000079
 -0.000172
  0.000005
 -0.000121
  0.000014
  0.000159
 -0.000033
 -0.000061
  0.000001
  0.000143
  0.000044
 -0.000011
 -0.000044
  0.000350
  0.000012
 -0.000018
 -0.000087
 -0.000088
 -0.000020
  0.000024
 -0.000080
  0.000007
  0.000001
 -0.000008
  0.000031
 -0.000005
 -0.000077
 -0.000019
 -0.000012
  0.000018
 -0.000054
  0.000008
