  1    0.011446
  2    0.051773
  3    0.034219
  4    0.448389
  5    0.012324
  6    0.033434
  7    0.021800
  8    0.007439
  9    0.012394
 10    0.010832
 11    0.007364
 12    0.007304
 13    0.004825
 14    0.007557
 15    0.001274
 16    0.004338
 17    0.004935
 18    0.002632
 19    0.006555
 20    0.001915
 21    0.008930
 22    0.002158
 23    0.006229
 24    0.001791
 25    0.002931
 26    0.002101
 27    0.002859
 28    0.003687
 29    0.002214
 30    0.002757
 31    0.003040
 32    0.003080
 33    0.003168
 34    0.001650
 35    0.002032
 36    0.003064
 37    0.002913
 38    0.001963
 39    0.001514
 40    0.001578
 41    0.001780
 42    0.001895
 43    0.002160
 44    0.001846
 45    0.002900
 46    0.001889
 47    0.000744
 48    0.001787
 49    0.002799
 50    0.002191
 51    0.001845
 52    0.001929
 53    0.001430
 54    0.001797
 55    0.000985
 56    0.001831
 57    0.001894
 58    0.001829
 59    0.001498
 60    0.001059
 61    0.001200
 62    0.001178
 63    0.002343
 64    0.001092
 65    0.001330
 66    0.000879
 67    0.000914
 68    0.002081
 69    0.000699
 70    0.000582
 71    0.001038
 72    0.000648
 73    0.000849
 74    0.001163
 75    0.000909
 76    0.000739
 77    0.000686
 78    0.000720
 79    0.000834
 80    0.001295
 81    0.000732
 82    0.000886
 83    0.000472
 84    0.001031
 85    0.001005
 86    0.001131
 87    0.001230
 88    0.000296
 89    0.000640
 90    0.000655
 91    0.000543
 92    0.000276
 93    0.001117
 94    0.000561
 95    0.001174
 96    0.000612
 97    0.001050
 98    0.000475
 99    0.001318
100    0.000754
101    0.000875
102    0.001251
103    0.000636
104    0.000594
105    0.001029
106    0.000828
107    0.000334
108    0.001106
109    0.000287
110    0.001071
111    0.000695
112    0.001151
113    0.000556
114    0.001274
115    0.000629
116    0.000973
117    0.000507
118    0.000565
119    0.000546
120    0.001124
121    0.000336
122    0.000977
123    0.001557
124    0.000418
125    0.000822
126    0.000400
127    0.000515
128    0.001631
129    0.000443
130    0.000314
131    0.000476
132    0.000495
133    0.000567
134    0.000131
135    0.000557
136    0.000467
137    0.000798
138    0.000430
139    0.000676
140    0.000985
141    0.000769
142    0.000307
143    0.000436
144    0.000975
145    0.001019
146    0.000378
147    0.000617
148    0.000840
149    0.000735
150    0.000672
151    0.000378
152    0.000306
153    0.000538
154    0.000545
155    0.000743
156    0.000668
157    0.000889
158    0.000453
159    0.000449
160    0.000604
161    0.000813
162    0.000500
163    0.000438
164    0.000326
165    0.000131
166    0.000190
167    0.000433
168    0.000229
169    0.000370
170    0.000844
171    0.000550
172    0.000684
173    0.000646
174    0.000747
175    0.000471
176    0.000395
177    0.000336
178    0.000341
179    0.000298
180    0.000499
181    0.000342
182    0.000469
183    0.000344
184    0.000245
185    0.000245
186    0.000283
187    0.000296
188    0.000271
189    0.000166
190    0.000328
191    0.000351
192    0.000134
193    0.000338
194    0.000278
195    0.000334
196    0.000455
197    0.000554
198    0.000551
199    0.000129
200    0.000542
201    0.000250
202    0.000196
203    0.000441
204    0.000360
205    0.000333
206    0.000320
207    0.000245
208    0.000258
209    0.000276
210    0.000225
211    0.000305
212    0.000352
213    0.000267
214    0.000286
215    0.000366
216    0.000158
217    0.000210
218    0.000257
219    0.000355
220    0.000838
221    0.000274
222    0.000308
223    0.000545
224    0.000344
225    0.000270
226    0.000265
227    0.000192
228    0.000214
229    0.000412
230    0.000196
231    0.000358
232    0.000334
233    0.000315
234    0.000201
235    0.000366
236    0.000543
237    0.000379
238    0.000773
239    0.000410
240    0.000403
241    0.000319
242    0.000212
243    0.000305
244    0.000311
245    0.000276
246    0.000346
247    0.000228
248    0.000426
249    0.000282
250    0.000242
251    0.000331
252    0.000504
253    0.000311
254    0.000417
255    0.000332
256    0.000351
257    0.000407
258    0.000313
259    0.000217
260    0.000445
261    0.000210
262    0.000279
263    0.000218
264    0.000286
265    0.000452
266    0.000267
267    0.000474
268    0.000435
269    0.000215
270    0.000157
271    0.000273
272    0.000475
273    0.000257
274    0.000260
275    0.000237
276    0.000165
277    0.000348
278    0.000310
279    0.000350
280    0.000159
281    0.000146
282    0.000197
283    0.000240
284    0.000125
285    0.000262
286    0.000111
287    0.000269
288    0.000299
289    0.000203
290    0.000240
291    0.000293
292    0.000332
293    0.000440
294    0.000286
295    0.000146
296    0.000323
297    0.000113
298    0.000594
299    0.000229
300    0.000270
301    0.000212
302    0.000212
303    0.000289
304    0.000356
305    0.000195
306    0.000192
307    0.000435
308    0.000288
309    0.000272
310    0.000191
311    0.000354
312    0.000181
313    0.000217
314    0.000177
315    0.000198
316    0.000116
317    0.000260
318    0.000353
319    0.000232
320    0.000258
321    0.000168
322    0.000283
323    0.000268
324    0.000274
325    0.000262
326    0.000198
327    0.000287
328    0.000151
329    0.000176
330    0.000231
331    0.000196
332    0.000238
333    0.000078
334    0.000180
335    0.000186
336    0.000395
337    0.000093
338    0.000329
339    0.000294
340    0.000288
341    0.000252
342    0.000209
343    0.000146
344    0.000270
345    0.000218
346    0.000233
347    0.000305
348    0.000286
349    0.000090
350    0.000232
351    0.000314
352    0.000146
353    0.000305
354    0.000364
355    0.000281
356    0.000340
357    0.000345
358    0.000253
359    0.000168
360    0.000254
361    0.000271
362    0.000190
363    0.000222
364    0.000199
365    0.000106
366    0.000147
367    0.000229
368    0.000263
369    0.000174
370    0.000156
371    0.000456
372    0.000237
373    0.000428
374    0.000184
375    0.000221
376    0.000212
377    0.000210
378    0.000150
379    0.000125
380    0.000463
381    0.000300
382    0.000169
383    0.000139
384    0.000287
385    0.000141
386    0.000217
387    0.000344
388    0.000247
389    0.000383
390    0.000290
391    0.000181
392    0.000502
393    0.000174
394    0.000179
395    0.000174
396    0.000244
397    0.000287
398    0.000352
399    0.000267
400    0.000494
401    0.000233
402    0.000275
403    0.000159
404    0.000184
405    0.000271
406    0.000304
407    0.000229
408    0.000260
409    0.000218
410    0.000160
411    0.000253
412    0.000126
413    0.000334
414    0.000227
415    0.000205
416    0.000174
417    0.000198
418    0.000201
419    0.000330
420    0.000202
421    0.000187
422    0.000159
423    0.000284
424    0.000182
425    0.000286
426    0.000191
427    0.000169
428    0.000204
429    0.000143
430    0.000146
431    0.000226
432    0.000291
433    0.000163
434    0.000148
435    0.000235
436    0.000226
437    0.000204
438    0.000273
439    0.000157
440    0.000301
441    0.000162
442    0.000157
443    0.000228
444    0.000162
445    0.000154
446    0.000137
447    0.000302
448    0.000299
449    0.000125
450    0.000269
451    0.000123
452    0.000229
453    0.000135
454    0.000201
455    0.000201
456    0.000110
457    0.000229
458    0.000263
459    0.000218
460    0.000185
461    0.000149
462    0.000232
463    0.000211
464    0.000211
465    0.000183
466    0.000149
467    0.000138
468    0.000245
469    0.000202
470    0.000249
471    0.000175
472    0.000122
473    0.000196
474    0.000086
475    0.000203
476    0.000113
477    0.000066
478    0.000181
479    0.000206
480    0.000159
481    0.000169
482    0.000101
483    0.000165
484    0.000274
485    0.000257
486    0.000134
487    0.000300
488    0.000156
489    0.000228
490    0.000309
491    0.000137
492    0.000171
493    0.000140
494    0.000151
495    0.000177
496    0.000173
497    0.000128
498    0.000156
499    0.000289
500    0.000340
501    0.000194
502    0.000215
503    0.000298
504    0.000090
505    0.000179
506    0.000360
507    0.000173
508    0.000135
509    0.000169
510    0.000179
511    0.000100
512    0.000073
513    0.000167
514    0.000194
515    0.000172
516    0.000124
517    0.000112
518    0.000213
519    0.000139
520    0.000059
521    0.000164
522    0.000152
523    0.000107
524    0.000114
525    0.000165
526    0.000247
527    0.000226
528    0.000113
529    0.000125
530    0.000161
531    0.000145
532    0.000082
533    0.000216
534    0.000221
535    0.000164
536    0.000338
537    0.000120
538    0.000135
539    0.000116
540    0.000148
541    0.000185
542    0.000142
543    0.000186
544    0.000143
545    0.000130
546    0.000181
547    0.000127
548    0.000126
549    0.000172
550    0.000127
551    0.000202
552    0.000141
553    0.000121
554    0.000214
555    0.000239
556    0.000124
557    0.000098
558    0.000207
559    0.000133
560    0.000113
561    0.000102
562    0.000085
563    0.000103
564    0.000215
565    0.000163
566    0.000112
567    0.000330
568    0.000177
569    0.000208
570    0.000124
571    0.000251
572    0.000109
573    0.000095
574    0.000107
575    0.000126
576    0.000103
577    0.000148
578    0.000104
579    0.000158
580    0.000143
581    0.000124
582    0.000100
583    0.000062
584    0.000165
585    0.000132
586    0.000099
587    0.000167
588    0.000170
589    0.000109
590    0.000104
591    0.000117
592    0.000148
593    0.000054
594    0.000110
595    0.000102
596    0.000083
597    0.000082
598    0.000144
599    0.000120
600    0.000082
601    0.000254
602    0.000202
603    0.000127
604    0.000177
605    0.000098
606    0.000126
607    0.000135
608    0.000196
609    0.000122
610    0.000166
611    0.000074
612    0.000093
613    0.000168
614    0.000061
615    0.000058
616    0.000119
617    0.000195
618    0.000276
619    0.000156
620    0.000099
621    0.000118
622    0.000151
623    0.000149
624    0.000217
625    0.000172
626    0.000156
627    0.000136
628    0.000122
629    0.000077
630    0.000142
631    0.000142
632    0.000132
633    0.000212
634    0.000074
635    0.000115
636    0.000072
637    0.000199
638    0.000156
639    0.000111
640    0.000145
641    0.000077
642    0.000109
643    0.000122
644    0.000261
645    0.000085
646    0.000121
647    0.000150
648    0.000148
649    0.000065
650    0.000157
651    0.000087
652    0.000097
653    0.000073
654    0.000159
655    0.000136
656    0.000159
657    0.000125
658    0.000115
659    0.000136
660    0.000109
661    0.000088
662    0.000253
663    0.000174
664    0.000142
665    0.000162
666    0.000110
667    0.000112
668    0.000203
669    0.000171
670    0.000108
671    0.000072
672    0.000147
673    0.000117
674    0.000106
675    0.000114
676    0.000095
677    0.000143
678    0.000179
679    0.000127
680    0.000172
681    0.000162
682    0.000047
683    0.000152
684    0.000092
685    0.000086
686    0.000106
687    0.000131
688    0.000119
689    0.000167
690    0.000086
691    0.000078
692    0.000133
693    0.000101
694    0.000164
695    0.000119
696    0.000217
697    0.000179
698    0.000114
699    0.000116
700    0.000184
701    0.000151
702    0.000096
703    0.000091
704    0.000080
705    0.000101
706    0.000138
707    0.000140
708    0.000086
709    0.000101
710    0.000086
711    0.000077
712    0.000119
713    0.000120
714    0.000102
715    0.000052
716    0.000055
717    0.000124
718    0.000079
719    0.000066
720    0.000156
721    0.000110
722    0.000117
723    0.000088
724    0.000065
725    0.000115
726    0.000086
727    0.000068
728    0.000122
729    0.000123
730    0.000176
731    0.000135
732    0.000092
733    0.000169
734    0.000099
735    0.000081
736    0.000138
737    0.000132
738    0.000082
739    0.000137
740    0.000113
741    0.000191
742    0.000113
743    0.000137
744    0.000089
745    0.000088
746    0.000115
747    0.000129
748    0.000079
749    0.000169
750    0.000092
751    0.000089
752    0.000099
753    0.000055
754    0.000105
755    0.000058
756    0.000112
757    0.000086
758    0.000119
759    0.000057
760    0.000138
761    0.000055
762    0.000113
763    0.000024
764    0.000080
765    0.000166
766    0.000043
767    0.000155
768    0.000127
769    0.000062
770    0.000102
771    0.000094
772    0.000141
773    0.000072
774    0.000157
775    0.000126
776    0.000162
777    0.000124
778    0.000127
779    0.000017
780    0.000125
781    0.000117
782    0.000098
783    0.000050
784    0.000029
785    0.000116
786    0.000200
787    0.000067
788    0.000066
789    0.000097
790    0.000093
791    0.000135
792    0.000131
793    0.000064
794    0.000155
795    0.000144
796    0.000059
797    0.000048
798    0.000082
799    0.000093
800    0.000155
801    0.000066
802    0.000045
803    0.000052
804    0.000174
805    0.000070
806    0.000053
807    0.000101
808    0.000056
809    0.000045
810    0.000088
811    0.000058
812    0.000037
813    0.000028
814    0.000178
815    0.000008
816    0.000050
817    0.000322
818    0.000029
819    0.000101
820    0.000104
821    0.000100
822    0.000155
823    0.000241
824    0.000024
825    0.000438
