  1    0.055754
  2    0.120449
  3    0.034229
  4    0.051155
  5    0.022982
  6    0.021918
  7    0.010306
  8    0.018241
  9    0.014468
 10    0.011151
 11    0.003443
 12    0.011631
 13    0.005817
 14    0.005555
 15    0.005804
 16    0.004932
 17    0.006475
 18    0.008584
 19    0.013701
 20    0.005500
 21    0.003598
 22    0.008049
 23    0.006099
 24    0.006196
 25    0.008735
 26    0.002873
 27    0.004871
 28    0.005951
 29    0.008017
 30    0.004308
 31    0.002296
 32    0.003295
 33    0.003473
 34    0.006371
 35    0.003119
 36    0.006295
 37    0.004820
 38    0.002855
 39    0.002479
 40    0.006225
 41    0.002114
 42    0.005284
 43    0.003253
 44    0.004730
 45    0.006149
 46    0.006650
 47    0.002964
 48    0.004190
 49    0.004575
 50    0.003430
 51    0.003251
 52    0.002678
 53    0.003690
 54    0.003150
 55    0.002317
 56    0.002907
 57    0.002673
 58    0.002408
 59    0.003394
 60    0.001163
 61    0.001815
 62    0.001605
 63    0.002568
 64    0.002379
 65    0.002282
 66    0.003077
 67    0.001931
 68    0.001171
 69    0.002105
 70    0.001025
 71    0.001809
 72    0.002315
 73    0.001299
 74    0.002268
 75    0.001907
 76    0.001920
 77    0.002272
 78    0.000688
 79    0.001890
 80    0.002313
 81    0.001220
 82    0.001429
 83    0.001089
 84    0.001548
 85    0.001438
 86    0.002258
 87    0.002583
 88    0.001600
 89    0.001401
 90    0.001734
 91    0.001272
 92    0.001362
 93    0.002061
 94    0.001762
 95    0.001651
 96    0.001084
 97    0.001691
 98    0.001134
 99    0.001485
100    0.000688
101    0.003458
102    0.001290
103    0.001592
104    0.002147
105    0.001699
106    0.001135
107    0.002258
108    0.000578
109    0.001266
110    0.001780
111    0.000684
112    0.001250
113    0.000895
114    0.002218
115    0.001195
116    0.000868
117    0.002583
118    0.000929
119    0.001530
120    0.001462
121    0.000820
122    0.002116
123    0.002560
124    0.001667
125    0.000887
126    0.001008
127    0.001038
128    0.001071
129    0.001140
130    0.001981
131    0.001066
132    0.001038
133    0.001502
134    0.000897
135    0.000767
136    0.001350
137    0.000898
138    0.000755
139    0.001323
140    0.001193
141    0.000685
142    0.001130
143    0.001288
144    0.000845
145    0.000974
146    0.001424
147    0.000802
148    0.000396
149    0.000477
150    0.001251
151    0.000815
152    0.001373
153    0.000707
154    0.000373
155    0.000775
156    0.001643
157    0.000899
158    0.000854
159    0.000788
160    0.001664
161    0.001573
162    0.001219
163    0.000999
164    0.000645
165    0.000951
166    0.000283
167    0.000704
168    0.001049
169    0.000732
170    0.000284
171    0.001016
172    0.000699
173    0.001180
174    0.000417
175    0.001285
176    0.000863
177    0.000948
178    0.000742
179    0.000738
180    0.001015
181    0.000972
182    0.001003
183    0.001102
184    0.000830
185    0.001644
186    0.000501
187    0.000423
188    0.000609
189    0.000377
190    0.000990
191    0.000374
192    0.000557
193    0.000444
194    0.000691
195    0.000961
196    0.000596
197    0.000528
198    0.000510
199    0.000558
200    0.000896
201    0.000641
202    0.000533
203    0.000955
204    0.000439
205    0.000462
206    0.001063
207    0.000762
208    0.000739
209    0.000592
210    0.000909
211    0.001258
212    0.000437
213    0.001023
214    0.000617
215    0.000610
216    0.000920
217    0.000935
218    0.000853
219    0.000361
220    0.000274
221    0.000733
222    0.000680
223    0.000752
224    0.001062
225    0.000548
226    0.000508
227    0.000391
228    0.001269
229    0.000648
230    0.000855
231    0.000570
232    0.000509
233    0.000436
234    0.000673
235    0.000590
236    0.000521
237    0.000470
238    0.000427
239    0.000252
240    0.000882
241    0.000273
242    0.000583
243    0.000550
244    0.000542
245    0.000696
246    0.000409
247    0.000678
248    0.000477
249    0.000709
250    0.000738
251    0.000450
252    0.000829
253    0.000648
254    0.000392
255    0.000443
256    0.000344
257    0.000217
258    0.000256
259    0.000722
260    0.000650
261    0.000762
262    0.000651
263    0.000817
264    0.000613
265    0.000382
266    0.000332
267    0.000305
268    0.000741
269    0.000684
270    0.000568
271    0.000607
272    0.000494
273    0.000492
274    0.000901
275    0.000554
276    0.000354
277    0.000566
278    0.000450
279    0.000361
280    0.000439
281    0.000377
282    0.000448
283    0.000607
284    0.000382
285    0.000382
286    0.000588
287    0.000807
288    0.000366
289    0.000554
290    0.000344
291    0.000592
292    0.000419
293    0.000409
294    0.000285
295    0.000404
296    0.000666
297    0.000329
298    0.000805
299    0.000632
300    0.000734
301    0.000477
302    0.000477
303    0.000614
304    0.000549
305    0.000596
306    0.000449
307    0.000324
308    0.000513
309    0.000463
310    0.000303
311    0.000425
312    0.000559
313    0.000691
314    0.000589
315    0.000323
316    0.000672
317    0.000701
318    0.000411
319    0.000423
320    0.000310
321    0.000798
322    0.000495
323    0.000459
324    0.000446
325    0.000394
326    0.000386
327    0.000203
328    0.000174
329    0.000619
330    0.000694
331    0.000555
332    0.000339
333    0.000450
334    0.000408
335    0.000200
336    0.000397
337    0.000762
338    0.000460
339    0.000206
340    0.000330
341    0.000309
342    0.000271
343    0.000387
344    0.000291
345    0.000621
346    0.000276
347    0.000459
348    0.000397
349    0.000507
350    0.000589
351    0.000470
352    0.000472
353    0.000415
354    0.000585
355    0.000379
356    0.000655
357    0.000348
358    0.000390
359    0.000367
360    0.000350
361    0.000091
362    0.000359
363    0.000642
364    0.000373
365    0.000302
366    0.000402
367    0.000405
368    0.000527
369    0.000371
370    0.000467
371    0.000416
372    0.000484
373    0.000627
374    0.000357
375    0.000412
376    0.000478
377    0.000423
378    0.000371
379    0.000440
380    0.000551
381    0.000564
382    0.000816
383    0.000469
384    0.000406
385    0.000624
386    0.001000
387    0.000578
388    0.000647
389    0.000445
390    0.000498
391    0.000298
392    0.000637
393    0.000879
394    0.000538
395    0.000523
396    0.000129
397    0.000513
398    0.000324
399    0.000325
400    0.000570
401    0.001009
402    0.000629
403    0.000828
404    0.000520
405    0.000513
406    0.000617
407    0.000103
408    0.000416
409    0.000274
410    0.000373
411    0.000137
412    0.000430
413    0.000365
414    0.000573
415    0.000430
416    0.000582
417    0.000673
418    0.000251
419    0.000242
420    0.000391
421    0.000545
422    0.000321
423    0.000227
424    0.000338
425    0.000329
426    0.000287
427    0.000290
428    0.000244
429    0.000288
430    0.000332
431    0.000365
432    0.000469
433    0.000191
434    0.000444
435    0.000209
436    0.000367
437    0.000418
438    0.000356
439    0.000206
440    0.000452
441    0.000253
442    0.000264
443    0.000406
444    0.000417
445    0.000385
446    0.000412
447    0.000453
448    0.000411
449    0.000363
450    0.000394
451    0.000669
452    0.000390
453    0.000372
454    0.000401
455    0.000253
456    0.000278
457    0.000253
458    0.000286
459    0.000327
460    0.000520
461    0.000154
462    0.000345
463    0.000411
464    0.000571
465    0.000209
466    0.000457
467    0.000329
468    0.000352
469    0.000279
470    0.000617
471    0.000214
472    0.000688
473    0.000661
474    0.000403
475    0.000294
476    0.000201
477    0.000426
478    0.000341
479    0.000328
480    0.000444
481    0.000470
482    0.000731
483    0.000400
484    0.000314
485    0.000610
486    0.000527
487    0.000305
488    0.000541
489    0.000317
490    0.000178
491    0.000186
492    0.000163
493    0.000378
494    0.000301
495    0.000236
496    0.000428
497    0.000270
498    0.000219
499    0.000429
500    0.000267
501    0.000416
502    0.000418
503    0.000255
504    0.000295
505    0.000259
506    0.000340
507    0.000370
508    0.000407
509    0.000318
510    0.000469
511    0.000336
512    0.000283
513    0.000407
514    0.000365
515    0.000260
516    0.000168
517    0.000325
518    0.000376
519    0.000315
520    0.000296
521    0.000196
522    0.000351
523    0.000160
524    0.000268
525    0.000410
526    0.000568
527    0.000485
528    0.000126
529    0.000405
530    0.000160
531    0.000610
532    0.000288
533    0.000472
534    0.000389
535    0.000326
536    0.000317
537    0.000185
538    0.000226
539    0.000151
540    0.000243
541    0.000355
542    0.000307
543    0.000191
544    0.000179
545    0.000152
546    0.000256
547    0.000379
548    0.000343
549    0.000342
550    0.000442
551    0.000329
552    0.000415
553    0.000443
554    0.000166
555    0.000152
556    0.000324
557    0.000496
558    0.000228
559    0.000145
560    0.000298
561    0.000267
562    0.000267
563    0.000218
564    0.000271
565    0.000333
566    0.000251
567    0.000341
568    0.000220
569    0.000326
570    0.000375
571    0.000298
572    0.000115
573    0.000296
574    0.000224
575    0.000393
576    0.000264
577    0.000201
578    0.000304
579    0.000163
580    0.000207
581    0.000277
582    0.000277
583    0.000296
584    0.000215
585    0.000252
586    0.000174
587    0.000096
588    0.000111
589    0.000278
590    0.000167
591    0.000212
592    0.000161
593    0.000216
594    0.000131
595    0.000285
596    0.000247
597    0.000236
598    0.000203
599    0.000160
600    0.000205
601    0.000245
602    0.000316
603    0.000294
604    0.000348
605    0.000297
606    0.000249
607    0.000249
608    0.000177
609    0.000199
610    0.000196
611    0.000230
612    0.000294
613    0.000198
614    0.000269
615    0.000100
616    0.000178
617    0.000176
618    0.000241
619    0.000163
620    0.000123
621    0.000402
622    0.000151
623    0.000313
624    0.000211
625    0.000099
626    0.000309
627    0.000192
628    0.000242
629    0.000319
630    0.000095
631    0.000176
632    0.000281
633    0.000258
634    0.000144
635    0.000221
636    0.000273
637    0.000220
638    0.000108
639    0.000113
640    0.000214
641    0.000193
642    0.000234
643    0.000104
644    0.000226
645    0.000243
646    0.000296
647    0.000338
648    0.000280
649    0.000462
650    0.000166
651    0.000362
652    0.000163
653    0.000168
654    0.000198
655    0.000175
656    0.000295
657    0.000223
658    0.000291
659    0.000438
660    0.000193
661    0.000286
662    0.000392
663    0.000229
664    0.000253
665    0.000259
666    0.000252
667    0.000157
668    0.000356
669    0.000278
670    0.000141
671    0.000382
672    0.000214
673    0.000216
674    0.000137
675    0.000191
676    0.000247
677    0.000265
678    0.000244
679    0.000183
680    0.000282
681    0.000177
682    0.000187
683    0.000228
684    0.000152
685    0.000210
686    0.000184
687    0.000287
688    0.000200
689    0.000143
690    0.000278
691    0.000189
692    0.000326
693    0.000298
694    0.000163
695    0.000256
696    0.000137
697    0.000336
698    0.000397
699    0.000218
700    0.000199
701    0.000308
702    0.000114
703    0.000227
704    0.000219
705    0.000242
706    0.000190
707    0.000215
708    0.000217
709    0.000072
710    0.000164
711    0.000086
712    0.000234
713    0.000049
714    0.000176
715    0.000195
716    0.000285
717    0.000308
718    0.000152
719    0.000249
720    0.000232
721    0.000218
722    0.000082
723    0.000183
724    0.000228
725    0.000115
726    0.000133
727    0.000227
728    0.000145
729    0.000326
730    0.000140
731    0.000237
732    0.000138
733    0.000275
734    0.000190
735    0.000334
736    0.000516
737    0.000277
738    0.000071
739    0.000285
740    0.000534
741    0.000106
742    0.000113
743    0.000373
744    0.000204
745    0.000199
746    0.000214
747    0.000211
748    0.000380
749    0.000346
750    0.000249
751    0.000147
752    0.000232
753    0.000197
754    0.000338
755    0.000146
756    0.000225
757    0.000239
758    0.000178
759    0.000292
760    0.000200
761    0.000334
762    0.000268
763    0.000341
764    0.000185
765    0.000261
766    0.000127
767    0.000212
768    0.000159
769    0.000114
770    0.000068
771    0.000195
772    0.000186
773    0.000189
774    0.000078
775    0.000188
776    0.000284
777    0.000106
778    0.000224
779    0.000103
780    0.000259
781    0.000232
782    0.000068
783    0.000139
784    0.000169
785    0.000142
786    0.000174
787    0.000372
788    0.000061
789    0.000146
790    0.000131
791    0.000290
792    0.000148
793    0.000144
794    0.000123
795    0.000134
796    0.000218
797    0.000160
798    0.000136
799    0.000168
800    0.000100
801    0.000095
802    0.000135
803    0.000131
804    0.000118
805    0.000282
806    0.000112
807    0.000172
808    0.000162
809    0.000170
810    0.000214
811    0.000053
812    0.000105
813    0.000126
814    0.000188
815    0.000087
816    0.000143
817    0.000266
818    0.000251
819    0.000241
820    0.000150
821    0.000204
822    0.000355
823    0.000079
824    0.000246
825    0.000608
