  1    0.031284
  2    0.020176
  3    0.153257
  4    0.011919
  5    0.081705
  6    0.005524
  7    0.032684
  8    0.018818
  9    0.004072
 10    0.007016
 11    0.012096
 12    0.013659
 13    0.004590
 14    0.006052
 15    0.005043
 16    0.006206
 17    0.004382
 18    0.008474
 19    0.008183
 20    0.010780
 21    0.007394
 22    0.005619
 23    0.004823
 24    0.007050
 25    0.003725
 26    0.004394
 27    0.003857
 28    0.005591
 29    0.005456
 30    0.003332
 31    0.006798
 32    0.005297
 33    0.005160
 34    0.003823
 35    0.004692
 36    0.002481
 37    0.003600
 38    0.002021
 39    0.002051
 40    0.003684
 41    0.002732
 42    0.002262
 43    0.004255
 44    0.003291
 45    0.003732
 46    0.001988
 47    0.003457
 48    0.003638
 49    0.002544
 50    0.002601
 51    0.002404
 52    0.002795
 53    0.001857
 54    0.003078
 55    0.002103
 56    0.002798
 57    0.002186
 58    0.001505
 59    0.001546
 60    0.001011
 61    0.001145
 62    0.001682
 63    0.002336
 64    0.001569
 65    0.001433
 66    0.002807
 67    0.001351
 68    0.001133
 69    0.001841
 70    0.001302
 71    0.001639
 72    0.001781
 73    0.001499
 74    0.001553
 75    0.001919
 76    0.002504
 77    0.001780
 78    0.001000
 79    0.001826
 80    0.001757
 81    0.001851
 82    0.001323
 83    0.001350
 84    0.001711
 85    0.001409
 86    0.001804
 87    0.001250
 88    0.001889
 89    0.001858
 90    0.001305
 91    0.001460
 92    0.001823
 93    0.001728
 94    0.001427
 95    0.000875
 96    0.001151
 97    0.001382
 98    0.001326
 99    0.000867
100    0.000995
101    0.000889
102    0.001029
103    0.000767
104    0.000757
105    0.001358
106    0.001531
107    0.001106
108    0.001409
109    0.001864
110    0.001308
111    0.000963
112    0.000760
113    0.001106
114    0.001626
115    0.001188
116    0.001599
117    0.001407
118    0.001173
119    0.000904
120    0.001708
121    0.001024
122    0.000989
123    0.001529
124    0.000793
125    0.002622
126    0.001144
127    0.002252
128    0.001254
129    0.000879
130    0.001119
131    0.000832
132    0.001276
133    0.000951
134    0.001105
135    0.001167
136    0.001052
137    0.001493
138    0.001167
139    0.000769
140    0.000604
141    0.001056
142    0.001093
143    0.001137
144    0.001480
145    0.000887
146    0.001183
147    0.000950
148    0.000849
149    0.000948
150    0.001067
151    0.000743
152    0.001241
153    0.000969
154    0.000636
155    0.000954
156    0.001286
157    0.000970
158    0.000904
159    0.000861
160    0.001065
161    0.000994
162    0.000953
163    0.000915
164    0.000961
165    0.001163
166    0.001052
167    0.001305
168    0.001179
169    0.001152
170    0.001303
171    0.000699
172    0.000902
173    0.001773
174    0.000806
175    0.000847
176    0.000657
177    0.000762
178    0.000681
179    0.000686
180    0.001120
181    0.000817
182    0.001916
183    0.000646
184    0.000965
185    0.001044
186    0.001009
187    0.000904
188    0.000768
189    0.000990
190    0.001147
191    0.000868
192    0.000923
193    0.000744
194    0.000532
195    0.000848
196    0.000986
197    0.001069
198    0.000602
199    0.000768
200    0.000992
201    0.000916
202    0.000845
203    0.000986
204    0.001036
205    0.001168
206    0.001166
207    0.000756
208    0.000668
209    0.001015
210    0.001120
211    0.000648
212    0.001052
213    0.001020
214    0.000670
215    0.000905
216    0.000757
217    0.000784
218    0.000520
219    0.000501
220    0.000810
221    0.000889
222    0.000735
223    0.001127
224    0.000402
225    0.000713
226    0.000594
227    0.000750
228    0.000550
229    0.000798
230    0.000602
231    0.000581
232    0.000851
233    0.001214
234    0.000506
235    0.000522
236    0.001200
237    0.000438
238    0.000854
239    0.000506
240    0.000366
241    0.000734
242    0.000641
243    0.000443
244    0.000805
245    0.000523
246    0.000812
247    0.000539
248    0.000515
249    0.000367
250    0.000972
251    0.000431
252    0.000825
253    0.000603
254    0.000385
255    0.000747
256    0.000466
257    0.000486
258    0.000608
259    0.000638
260    0.000909
261    0.000721
262    0.000401
263    0.000830
264    0.000545
265    0.000564
266    0.000858
267    0.000382
268    0.001038
269    0.000613
270    0.000928
271    0.000856
272    0.000464
273    0.000952
274    0.000638
275    0.000555
276    0.000508
277    0.000902
278    0.000313
279    0.000329
280    0.000484
281    0.000450
282    0.000978
283    0.000520
284    0.000626
285    0.000708
286    0.000598
287    0.000876
288    0.000373
289    0.000435
290    0.000401
291    0.000952
292    0.000384
293    0.000340
294    0.000478
295    0.000359
296    0.000571
297    0.000274
298    0.000410
299    0.000452
300    0.000540
301    0.000339
302    0.000558
303    0.000440
304    0.000473
305    0.000906
306    0.000415
307    0.000556
308    0.000526
309    0.000679
310    0.000576
311    0.000817
312    0.000573
313    0.000430
314    0.000465
315    0.000806
316    0.000388
317    0.000397
318    0.000620
319    0.000593
320    0.000485
321    0.000644
322    0.000315
323    0.000399
324    0.000435
325    0.000511
326    0.000447
327    0.000558
328    0.000544
329    0.000421
330    0.000746
331    0.000617
332    0.000805
333    0.000386
334    0.000512
335    0.000295
336    0.000382
337    0.000692
338    0.000533
339    0.000454
340    0.000347
341    0.000416
342    0.000402
343    0.000382
344    0.000551
345    0.000510
346    0.000477
347    0.000520
348    0.000488
349    0.000487
350    0.000457
351    0.000346
352    0.000542
353    0.000460
354    0.000381
355    0.000865
356    0.000547
357    0.000546
358    0.000526
359    0.000299
360    0.000460
361    0.000506
362    0.000270
363    0.000326
364    0.000522
365    0.000612
366    0.000428
367    0.000454
368    0.000382
369    0.000478
370    0.000603
371    0.000900
372    0.000866
373    0.000542
374    0.000523
375    0.000406
376    0.000739
377    0.000483
378    0.000387
379    0.000419
380    0.000671
381    0.000353
382    0.000458
383    0.000363
384    0.000403
385    0.000618
386    0.000389
387    0.000384
388    0.000423
389    0.000261
390    0.000463
391    0.000559
392    0.000296
393    0.000482
394    0.000633
395    0.000319
396    0.000548
397    0.000404
398    0.000318
399    0.000364
400    0.000450
401    0.000373
402    0.000447
403    0.000355
404    0.000308
405    0.000432
406    0.000394
407    0.000435
408    0.000341
409    0.000539
410    0.000357
411    0.000490
412    0.000255
413    0.000323
414    0.000366
415    0.000198
416    0.000311
417    0.000316
418    0.000400
419    0.000729
420    0.000487
421    0.000298
422    0.000515
423    0.000357
424    0.000592
425    0.000213
426    0.000381
427    0.000300
428    0.000353
429    0.000326
430    0.000300
431    0.000394
432    0.000427
433    0.000404
434    0.000537
435    0.000191
436    0.000387
437    0.000556
438    0.000413
439    0.000524
440    0.000174
441    0.000382
442    0.000489
443    0.000454
444    0.000241
445    0.000647
446    0.000571
447    0.000473
448    0.000789
449    0.000554
450    0.000376
451    0.000536
452    0.000702
453    0.000556
454    0.000675
455    0.000352
456    0.000448
457    0.000321
458    0.000478
459    0.000459
460    0.000329
461    0.000345
462    0.000266
463    0.000561
464    0.000298
465    0.000311
466    0.000324
467    0.000432
468    0.000387
469    0.000292
470    0.000292
471    0.000292
472    0.000317
473    0.000416
474    0.000333
475    0.000305
476    0.000259
477    0.000256
478    0.000339
479    0.000285
480    0.000263
481    0.000383
482    0.000437
483    0.000395
484    0.000412
485    0.000302
486    0.000411
487    0.000147
488    0.000416
489    0.000335
490    0.000276
491    0.000414
492    0.000271
493    0.000383
494    0.000302
495    0.000277
496    0.000500
497    0.000230
498    0.000305
499    0.000281
500    0.000338
501    0.000378
502    0.000219
503    0.000333
504    0.000238
505    0.000383
506    0.000347
507    0.000233
508    0.000349
509    0.000223
510    0.000418
511    0.000447
512    0.000436
513    0.000249
514    0.000298
515    0.000280
516    0.000488
517    0.000307
518    0.000324
519    0.000292
520    0.000336
521    0.000278
522    0.000249
523    0.000298
524    0.000285
525    0.000421
526    0.000291
527    0.000268
528    0.000387
529    0.000486
530    0.000302
531    0.000288
532    0.000353
533    0.000540
534    0.000238
535    0.000167
536    0.000337
537    0.000501
538    0.000268
539    0.000311
540    0.000379
541    0.000587
542    0.000198
543    0.000390
544    0.000489
545    0.000340
546    0.000261
547    0.000336
548    0.000391
549    0.000271
550    0.000210
551    0.000328
552    0.000287
553    0.000252
554    0.000333
555    0.000421
556    0.000409
557    0.000257
558    0.000317
559    0.000282
560    0.000278
561    0.000253
562    0.000162
563    0.000322
564    0.000172
565    0.000194
566    0.000284
567    0.000318
568    0.000261
569    0.000268
570    0.000296
571    0.000247
572    0.000243
573    0.000323
574    0.000250
575    0.000382
576    0.000201
577    0.000245
578    0.000248
579    0.000225
580    0.000268
581    0.000321
582    0.000162
583    0.000262
584    0.000215
585    0.000270
586    0.000258
587    0.000338
588    0.000322
589    0.000300
590    0.000290
591    0.000243
592    0.000223
593    0.000285
594    0.000183
595    0.000252
596    0.000242
597    0.000196
598    0.000273
599    0.000318
600    0.000276
601    0.000271
602    0.000371
603    0.000204
604    0.000264
605    0.000377
606    0.000339
607    0.000235
608    0.000251
609    0.000366
610    0.000267
611    0.000170
612    0.000310
613    0.000174
614    0.000210
615    0.000173
616    0.000197
617    0.000167
618    0.000225
619    0.000298
620    0.000254
621    0.000443
622    0.000401
623    0.000233
624    0.000268
625    0.000379
626    0.000274
627    0.000409
628    0.000388
629    0.000341
630    0.000327
631    0.000230
632    0.000277
633    0.000347
634    0.000310
635    0.000336
636    0.000260
637    0.000180
638    0.000237
639    0.000344
640    0.000362
641    0.000361
642    0.000206
643    0.000216
644    0.000266
645    0.000250
646    0.000278
647    0.000180
648    0.000334
649    0.000271
650    0.000287
651    0.000211
652    0.000248
653    0.000350
654    0.000288
655    0.000256
656    0.000222
657    0.000236
658    0.000300
659    0.000224
660    0.000360
661    0.000150
662    0.000318
663    0.000276
664    0.000477
665    0.000254
666    0.000272
667    0.000365
668    0.000348
669    0.000299
670    0.000193
671    0.000300
672    0.000207
673    0.000278
674    0.000275
675    0.000329
676    0.000236
677    0.000249
678    0.000250
679    0.000360
680    0.000277
681    0.000229
682    0.000243
683    0.000308
684    0.000359
685    0.000305
686    0.000181
687    0.000193
688    0.000222
689    0.000344
690    0.000240
691    0.000235
692    0.000285
693    0.000199
694    0.000240
695    0.000350
696    0.000190
697    0.000185
698    0.000204
699    0.000176
700    0.000213
701    0.000188
702    0.000173
703    0.000316
704    0.000261
705    0.000217
706    0.000328
707    0.000239
708    0.000254
709    0.000220
710    0.000247
711    0.000262
712    0.000249
713    0.000245
714    0.000270
715    0.000248
716    0.000213
717    0.000235
718    0.000204
719    0.000270
720    0.000279
721    0.000210
722    0.000260
723    0.000173
724    0.000156
725    0.000188
726    0.000125
727    0.000220
728    0.000304
729    0.000267
730    0.000159
731    0.000245
732    0.000274
733    0.000333
734    0.000347
735    0.000362
736    0.000255
737    0.000213
738    0.000187
739    0.000190
740    0.000234
741    0.000196
742    0.000154
743    0.000358
744    0.000236
745    0.000249
746    0.000276
747    0.000216
748    0.000313
749    0.000202
750    0.000196
751    0.000199
752    0.000209
753    0.000233
754    0.000220
755    0.000186
756    0.000247
757    0.000085
758    0.000172
759    0.000177
760    0.000382
761    0.000157
762    0.000154
763    0.000292
764    0.000225
765    0.000196
766    0.000077
767    0.000202
768    0.000162
769    0.000277
770    0.000205
771    0.000148
772    0.000119
773    0.000176
774    0.000176
775    0.000174
776    0.000353
777    0.000276
778    0.000123
779    0.000245
780    0.000176
781    0.000197
782    0.000151
783    0.000193
784    0.000276
785    0.000185
786    0.000213
787    0.000113
788    0.000208
789    0.000159
790    0.000209
791    0.000289
792    0.000274
793    0.000246
794    0.000219
795    0.000170
796    0.000203
797    0.000201
798    0.000208
799    0.000194
800    0.000151
801    0.000081
802    0.000159
803    0.000235
804    0.000233
805    0.000164
806    0.000146
807    0.000198
808    0.000210
809    0.000155
810    0.000134
811    0.000354
812    0.000104
813    0.000202
814    0.000255
815    0.000051
816    0.000508
817    0.000476
818    0.000142
819    0.000399
820    0.000338
821    0.000289
822    0.000189
823    0.000201
824    0.000058
825    0.000484
