  0.001191
  0.015443
  0.032848
 -0.212996
  0.824442
  0.371026
  0.157125
 -0.028774
  0.022243
  0.065452
  0.280626
  0.075628
 -0.118792
  0.013841
  0.000519
 -0.004177
 -0.005490
  0.000684
 -0.001462
  0.040376
  0.001114
 -0.025707
 -0.000121
  0.003319
 -0.009544
 -0.006300
  0.028816
  0.004849
  0.013296
 -0.006680
  0.000934
  0.001373
 -0.011951
  0.006994
  0.001668
 -0.011390
 -0.000865
 -0.016736
 -0.003288
 -0.010216
  0.008128
 -0.003660
  0.010181
 -0.009048
 -0.008015
 -0.002262
 -0.009396
  0.001327
 -0.008772
  0.005813
 -0.000210
  0.002866
 -0.000483
  0.009790
  0.003124
 -0.017151
  0.003855
  0.006884
 -0.006222
  0.002910
 -0.000746
 -0.004227
 -0.001433
 -0.001874
  0.001896
  0.003831
 -0.002899
  0.002715
 -0.004412
 -0.001670
  0.003483
  0.000837
 -0.002411
  0.000600
  0.000107
  0.001674
  0.000899
  0.002024
  0.002116
  0.000826
 -0.001061
  0.000223
  0.000993
 -0.000409
  0.000237
 -0.004623
  0.003588
  0.001823
 -0.001680
 -0.002860
 -0.001543
 -0.002193
  0.001634
  0.010277
 -0.001531
  0.002053
  0.000563
 -0.002561
 -0.000569
  0.000083
  0.003896
 -0.002001
  0.001929
  0.000340
 -0.002200
 -0.003946
 -0.003344
  0.001409
 -0.003628
 -0.003014
  0.003670
 -0.002271
  0.000762
 -0.005031
  0.000193
 -0.000691
  0.001876
 -0.001700
  0.003689
  0.001131
 -0.000938
  0.003182
 -0.003522
 -0.003753
 -0.002918
  0.002420
 -0.001800
  0.002548
  0.002761
  0.000175
  0.000449
  0.005823
  0.001697
 -0.000359
  0.001123
  0.001545
  0.000096
  0.005122
  0.001566
 -0.006100
 -0.002856
  0.002139
 -0.002796
  0.000155
  0.006263
  0.000700
 -0.001926
 -0.000698
  0.000288
 -0.000922
 -0.000300
 -0.002324
 -0.004497
  0.003033
  0.003581
 -0.002267
  0.001349
 -0.000655
 -0.000892
  0.000910
 -0.001242
 -0.003604
 -0.001222
  0.001453
  0.001778
 -0.002059
 -0.000438
 -0.000278
 -0.000497
 -0.002750
  0.001135
 -0.002749
  0.001778
  0.000576
  0.000449
 -0.000847
  0.001512
  0.002258
  0.001165
 -0.000673
 -0.000069
 -0.000836
 -0.001040
  0.002860
  0.000771
  0.000747
 -0.002074
 -0.001992
 -0.000261
 -0.000889
  0.001410
 -0.001765
  0.003373
 -0.004288
  0.000060
  0.001008
  0.003446
 -0.002422
 -0.001501
 -0.001765
  0.000334
  0.000608
  0.000082
  0.002013
  0.001281
  0.002070
 -0.000298
 -0.003182
  0.001385
 -0.001593
 -0.001085
  0.000509
  0.001422
  0.000038
  0.001944
  0.002159
 -0.000503
  0.000658
 -0.000522
 -0.000574
 -0.001938
  0.000915
  0.000689
  0.000127
 -0.001582
  0.001158
  0.000786
 -0.001136
 -0.001559
 -0.000481
  0.001513
  0.000236
  0.000064
  0.000490
 -0.000496
  0.000551
 -0.000470
  0.000718
 -0.000071
 -0.000831
  0.001140
 -0.000574
 -0.002105
 -0.001253
  0.000496
  0.000105
  0.001280
  0.000398
 -0.002207
 -0.001608
  0.000508
 -0.001209
 -0.000270
 -0.001383
  0.000521
 -0.000276
 -0.000477
  0.000056
 -0.001747
 -0.001281
 -0.000130
 -0.000166
  0.000332
  0.001366
 -0.000729
  0.000252
 -0.000415
 -0.001451
  0.000204
  0.000557
 -0.000300
 -0.001040
  0.000333
 -0.002954
  0.000358
  0.001514
 -0.003202
 -0.001842
 -0.000868
  0.001817
  0.000515
  0.000405
  0.000100
  0.001405
 -0.001958
 -0.000930
 -0.000627
  0.001028
 -0.000896
 -0.000306
  0.002194
 -0.000692
  0.000213
 -0.000457
  0.000922
 -0.000155
 -0.000585
  0.000513
  0.000623
  0.000873
 -0.000082
  0.000266
 -0.000579
  0.000972
  0.000237
  0.000859
  0.000196
  0.001199
 -0.000863
 -0.000585
 -0.000227
  0.000146
  0.000574
 -0.000108
 -0.001556
  0.000221
  0.000349
  0.000169
 -0.001287
 -0.000391
 -0.001774
  0.000749
  0.001461
  0.000647
  0.000562
  0.003664
  0.000742
 -0.000048
 -0.000667
  0.004230
  0.000895
  0.002585
  0.002835
  0.000257
 -0.000135
 -0.000913
 -0.001714
  0.001345
 -0.000834
  0.003876
 -0.001386
  0.001331
 -0.000846
 -0.003262
  0.002235
 -0.003495
 -0.000674
  0.002385
  0.000738
  0.000809
 -0.001267
 -0.001676
  0.002213
 -0.000229
 -0.000077
 -0.001187
  0.000421
 -0.000719
 -0.000368
 -0.000162
  0.001445
  0.002255
 -0.000881
  0.003150
  0.001199
  0.003327
 -0.001234
 -0.000080
 -0.000846
 -0.000888
 -0.001471
  0.000939
  0.001381
  0.000712
 -0.002260
 -0.000090
  0.000592
 -0.002507
  0.000526
  0.003184
  0.001600
 -0.000677
  0.005204
  0.000563
 -0.002133
 -0.000294
  0.001838
  0.002916
 -0.001596
 -0.000564
 -0.001139
 -0.000751
  0.001278
  0.000716
  0.000205
 -0.001364
  0.001969
  0.001845
  0.000996
 -0.000656
  0.000172
 -0.000885
  0.000442
  0.001298
 -0.001359
 -0.001032
  0.000536
 -0.001341
 -0.000187
 -0.000388
 -0.003457
 -0.000054
 -0.000593
  0.000308
 -0.002482
 -0.000270
 -0.001098
 -0.000837
 -0.000271
 -0.000044
  0.000497
  0.001387
 -0.000575
  0.000688
 -0.000418
 -0.000145
  0.000439
  0.000609
  0.000046
 -0.000489
  0.000627
  0.000231
 -0.000011
 -0.000574
  0.000066
  0.000029
  0.002355
  0.001714
 -0.000062
  0.001644
 -0.001349
 -0.000507
  0.001757
  0.000966
 -0.000208
 -0.001768
 -0.003887
  0.000516
  0.000990
  0.001954
  0.000248
 -0.000848
 -0.002711
  0.000181
 -0.002664
  0.002263
 -0.000447
 -0.000432
  0.000498
 -0.000777
 -0.000275
  0.006301
 -0.003925
  0.000313
 -0.001319
 -0.001527
 -0.000959
  0.003011
 -0.002144
 -0.000023
 -0.000846
 -0.001672
 -0.000563
 -0.000862
 -0.000939
 -0.000068
  0.000539
  0.001005
 -0.001829
 -0.000642
  0.000104
 -0.000737
 -0.001226
  0.001459
  0.001348
  0.001668
  0.001833
 -0.001062
  0.000677
  0.000361
  0.000046
  0.000040
  0.000122
 -0.000887
  0.000595
  0.000782
  0.000510
  0.000573
  0.000310
  0.000789
  0.000190
 -0.001352
  0.001233
 -0.000206
  0.000177
  0.000342
 -0.000244
 -0.000736
 -0.000006
 -0.000379
  0.000393
 -0.000086
  0.000365
  0.000384
  0.000458
  0.001055
  0.000288
  0.000008
  0.000915
 -0.000155
 -0.000828
 -0.000722
 -0.000414
 -0.000056
  0.000266
 -0.000420
  0.000029
 -0.000072
 -0.001527
 -0.000100
 -0.000044
 -0.000730
 -0.001190
 -0.000822
  0.000492
 -0.000031
 -0.000379
 -0.000918
  0.000148
 -0.000145
  0.000573
  0.000328
  0.001773
 -0.000409
  0.000449
 -0.000190
  0.000157
  0.000870
 -0.000247
  0.000389
  0.000567
 -0.001782
  0.000603
 -0.000458
 -0.000211
  0.000036
  0.000533
  0.000679
  0.000389
 -0.000209
  0.000722
 -0.000834
 -0.000662
  0.000132
  0.000741
 -0.000613
 -0.000546
 -0.000429
  0.000012
 -0.000120
 -0.000473
 -0.000085
  0.000547
  0.000454
 -0.000802
  0.000835
 -0.000847
 -0.000249
  0.000883
  0.001161
 -0.000198
  0.000282
  0.000193
 -0.000155
  0.000148
  0.000283
 -0.000032
  0.000040
  0.000014
 -0.000544
  0.000566
 -0.000005
  0.000483
  0.000474
 -0.000015
 -0.000375
  0.000246
 -0.000818
  0.000196
 -0.000376
  0.000379
 -0.000181
  0.000942
 -0.000750
 -0.000075
  0.000692
  0.000173
 -0.000328
  0.000600
 -0.000232
  0.000061
  0.000326
 -0.000228
  0.001202
  0.000022
 -0.000567
  0.000380
 -0.000717
  0.000048
 -0.000573
  0.000125
  0.000260
 -0.000690
  0.000134
 -0.001553
 -0.000566
 -0.000990
 -0.000716
  0.000715
 -0.000825
 -0.000633
 -0.000333
 -0.000725
 -0.000295
  0.000213
  0.000920
 -0.000272
 -0.000440
 -0.000390
 -0.000832
 -0.000928
  0.001014
  0.000525
 -0.000208
  0.001084
 -0.000196
 -0.000653
 -0.000493
  0.000083
 -0.000662
  0.000088
  0.000154
  0.000310
 -0.000152
 -0.000350
  0.000369
  0.000062
  0.000646
 -0.000596
  0.000622
  0.001052
  0.000632
 -0.000356
 -0.000285
 -0.000471
  0.000100
 -0.000426
  0.000268
 -0.000748
  0.000481
 -0.000518
 -0.000048
 -0.000889
  0.000381
  0.000097
  0.000080
 -0.000289
 -0.000289
 -0.000331
  0.000179
 -0.000089
 -0.000966
  0.000274
 -0.000407
  0.000476
 -0.000285
 -0.001095
 -0.000263
  0.000044
 -0.000052
  0.000193
  0.000662
 -0.000159
 -0.000254
  0.000231
  0.000132
 -0.000120
 -0.000249
  0.000582
  0.000330
 -0.000055
  0.000363
 -0.000215
 -0.000035
  0.000028
 -0.000850
  0.000057
 -0.000093
  0.000061
 -0.001275
  0.000918
  0.000360
 -0.000448
 -0.000280
  0.000591
  0.000287
  0.000543
  0.000116
 -0.000710
 -0.000672
 -0.000295
 -0.000078
  0.000452
  0.000196
 -0.000233
  0.000650
  0.000750
  0.000142
 -0.000282
 -0.001173
  0.000524
  0.000160
 -0.000091
  0.000013
  0.000750
  0.000029
 -0.000296
  0.000458
  0.000261
  0.000055
  0.000271
 -0.000015
  0.000311
 -0.000222
 -0.000154
 -0.000180
 -0.000032
  0.000507
  0.000190
 -0.000144
 -0.000325
  0.000133
  0.000247
  0.000189
 -0.000016
  0.000490
 -0.000190
 -0.000366
 -0.000347
  0.000158
  0.000085
  0.000093
 -0.000341
  0.000336
 -0.000603
  0.000179
  0.000010
  0.000431
  0.000310
 -0.000008
  0.000087
  0.000266
  0.000508
  0.000226
 -0.000275
  0.000176
 -0.000233
  0.000081
 -0.000006
 -0.000441
 -0.000236
  0.000159
 -0.000694
  0.000515
  0.000670
 -0.000099
 -0.000416
 -0.000073
 -0.000031
  0.000011
  0.000225
 -0.000280
  0.000280
 -0.000116
  0.000537
  0.000444
 -0.000106
 -0.000072
 -0.000218
  0.000002
  0.000183
 -0.000060
 -0.000135
  0.000152
 -0.000312
  0.000174
 -0.000009
  0.000007
 -0.000108
 -0.000052
 -0.000114
  0.000060
  0.000088
 -0.000103
 -0.000013
  0.000254
  0.000074
 -0.000009
 -0.000027
 -0.000124
 -0.000048
  0.000087
  0.000063
  0.000017
  0.000164
