 -0.018867
  0.456670
 -0.164360
 -0.369424
 -0.008962
  0.766663
 -0.119871
 -0.102210
 -0.033370
  0.010343
  0.028044
  0.072588
  0.005262
 -0.007395
 -0.014537
  0.024087
 -0.052449
  0.025848
  0.017548
 -0.002176
 -0.004342
 -0.007192
  0.002885
  0.005512
  0.014228
  0.000690
  0.004710
 -0.002661
 -0.004796
 -0.005602
  0.014608
 -0.000397
 -0.005872
 -0.004535
 -0.013533
 -0.019522
  0.008928
 -0.001601
  0.003223
 -0.006943
  0.000231
  0.005846
 -0.005016
  0.002236
 -0.000532
 -0.005112
  0.005057
  0.001089
  0.000650
  0.001734
  0.002132
 -0.001666
  0.001218
  0.005463
 -0.000733
  0.004139
 -0.002824
 -0.001153
  0.001385
  0.001103
 -0.001631
  0.002255
  0.004663
 -0.001609
  0.004182
 -0.005918
  0.002052
  0.000574
  0.001919
 -0.001771
  0.000647
 -0.003070
 -0.002851
  0.002330
 -0.000522
  0.001692
  0.004101
 -0.001216
  0.000923
 -0.000135
 -0.003230
  0.000185
  0.001825
 -0.001650
 -0.000623
  0.000062
  0.000704
 -0.000987
  0.002784
  0.002004
 -0.000383
  0.000729
  0.000543
  0.000136
 -0.001265
  0.001484
  0.001619
 -0.003987
 -0.002447
  0.003051
  0.000475
  0.000059
  0.002051
  0.000682
  0.000537
  0.002180
  0.001145
  0.000496
 -0.001794
  0.000370
 -0.003187
  0.000840
 -0.002948
  0.000309
 -0.000113
  0.001692
 -0.003645
 -0.000732
  0.000724
 -0.003126
 -0.000158
  0.000233
  0.001169
 -0.001000
 -0.002524
 -0.002130
  0.000164
  0.000697
 -0.002262
  0.001392
 -0.001906
 -0.001681
  0.000831
  0.001874
  0.000732
  0.001350
  0.002045
  0.000659
 -0.002518
  0.002388
 -0.001447
  0.000438
  0.000001
 -0.001201
  0.001122
 -0.000219
 -0.001375
  0.003850
 -0.002179
  0.000078
 -0.000438
  0.000782
  0.001267
  0.000584
 -0.000407
  0.009838
  0.000318
  0.000986
 -0.000073
 -0.000451
 -0.001037
 -0.012458
 -0.002057
 -0.001557
 -0.003908
 -0.000584
  0.002641
 -0.001853
  0.004096
 -0.006540
 -0.000246
 -0.003390
  0.001046
 -0.007087
 -0.000967
 -0.000563
 -0.002095
 -0.001379
 -0.006791
 -0.001348
 -0.008440
 -0.000724
  0.000761
 -0.001295
  0.003083
 -0.002750
  0.004965
 -0.002177
  0.004664
 -0.002242
 -0.002572
  0.000413
  0.002872
  0.000686
  0.000552
 -0.000259
 -0.000559
 -0.002360
 -0.000770
  0.005016
  0.003033
 -0.001668
  0.000157
 -0.000368
  0.002032
 -0.002156
 -0.000921
 -0.000668
 -0.002607
 -0.002002
  0.002138
  0.001397
 -0.000958
  0.001505
 -0.001052
  0.000559
 -0.004732
 -0.001738
 -0.001479
  0.000989
 -0.000608
 -0.001796
 -0.001296
 -0.000478
  0.000542
 -0.001205
 -0.001082
  0.000620
  0.000237
 -0.000856
  0.004108
  0.000171
 -0.000611
  0.000426
 -0.000859
 -0.001432
  0.001744
 -0.000638
 -0.001208
 -0.001376
  0.000529
  0.002525
 -0.000075
  0.000616
 -0.001368
 -0.001034
 -0.002285
  0.001391
  0.002313
  0.002728
  0.001552
 -0.000611
  0.004184
 -0.000076
  0.001293
 -0.000596
  0.001956
  0.000467
  0.000767
 -0.001122
  0.000187
  0.001004
 -0.001781
  0.001039
  0.002686
 -0.000917
  0.000244
 -0.000131
  0.002332
  0.000267
 -0.000773
 -0.000625
  0.000103
  0.000733
  0.000614
 -0.000011
  0.001015
  0.000254
  0.001153
 -0.000258
  0.000212
  0.001452
  0.000581
  0.000052
  0.000773
  0.000024
 -0.000912
 -0.000519
 -0.000063
 -0.000724
  0.001290
 -0.001843
  0.000822
 -0.000464
  0.000615
  0.000451
  0.000237
 -0.000235
 -0.000022
  0.001185
 -0.000189
  0.000341
 -0.000175
  0.000678
 -0.000071
  0.000339
 -0.000200
  0.000093
 -0.000264
 -0.000181
 -0.000706
 -0.000212
 -0.000376
  0.000784
 -0.000952
 -0.001152
  0.001020
  0.000087
  0.001493
  0.002737
  0.000435
  0.000587
 -0.000889
  0.000429
 -0.000284
  0.001329
  0.000807
 -0.000649
 -0.001324
  0.000438
  0.001014
 -0.000103
  0.000804
 -0.000439
 -0.000751
  0.000334
  0.000991
 -0.000940
  0.000228
 -0.000630
  0.001045
  0.001612
 -0.000915
 -0.002314
 -0.001207
  0.004141
  0.000315
 -0.002119
 -0.001263
 -0.001432
 -0.000207
  0.001898
 -0.001229
 -0.000254
 -0.000363
  0.000938
 -0.000387
 -0.001048
 -0.001267
  0.000572
  0.000042
 -0.000804
 -0.000349
  0.002157
 -0.000485
  0.000105
  0.000028
  0.000357
  0.000463
  0.000113
 -0.003466
  0.001001
 -0.003083
  0.001940
 -0.003079
 -0.000414
 -0.001365
  0.000546
 -0.001686
 -0.000655
 -0.001167
 -0.000182
 -0.001023
 -0.001915
  0.000277
 -0.000259
 -0.000226
 -0.002618
 -0.000996
 -0.001403
 -0.000659
 -0.000611
 -0.000665
 -0.000232
 -0.000240
 -0.000370
  0.000727
 -0.000296
  0.000086
 -0.000297
 -0.000685
  0.000808
  0.000819
 -0.000031
  0.001656
  0.000024
 -0.000646
  0.001301
 -0.001282
 -0.000744
  0.000393
  0.000608
 -0.000951
  0.000525
 -0.000004
 -0.000461
  0.000886
  0.000469
  0.000225
  0.000563
 -0.000268
  0.000949
 -0.000186
  0.000472
  0.000230
  0.000498
  0.000526
 -0.000843
  0.000263
  0.000301
 -0.000705
  0.002076
  0.002011
 -0.000700
 -0.000162
 -0.000402
 -0.001756
  0.001004
 -0.000931
  0.001395
 -0.001107
  0.001253
  0.002229
 -0.002531
 -0.000132
  0.000102
  0.000208
  0.001362
 -0.000493
 -0.000970
  0.000529
 -0.000135
 -0.001181
 -0.000299
 -0.000042
  0.000681
  0.000927
  0.004463
 -0.001293
  0.000722
  0.001010
  0.001648
  0.000709
  0.000150
 -0.001173
  0.000624
 -0.000700
  0.002174
 -0.000925
 -0.001197
 -0.001136
 -0.000175
  0.000420
 -0.000334
  0.000899
  0.000754
 -0.001094
 -0.000747
  0.001582
  0.000080
 -0.000315
 -0.001178
 -0.000755
  0.000110
  0.000506
 -0.001223
  0.000061
  0.000082
  0.000071
 -0.000704
  0.000802
  0.000111
 -0.000156
 -0.001207
 -0.000695
  0.001515
  0.000807
  0.000776
  0.000379
 -0.000424
 -0.000108
  0.000841
  0.000476
  0.000356
 -0.000076
  0.000405
 -0.000667
 -0.000320
  0.000482
 -0.000642
 -0.000690
  0.000102
  0.000203
  0.000074
  0.000414
 -0.000745
  0.000478
  0.000295
  0.000701
  0.000011
 -0.000466
 -0.000960
 -0.000013
  0.000256
 -0.000767
  0.000336
  0.000119
 -0.001292
  0.000308
 -0.000209
  0.001188
  0.000195
 -0.000039
 -0.000324
  0.000001
 -0.000989
 -0.000523
  0.000105
  0.000012
 -0.000577
 -0.000240
 -0.000959
  0.000006
  0.000928
  0.000130
 -0.000196
 -0.000549
 -0.000216
  0.000019
  0.000286
  0.000051
 -0.000438
  0.000287
  0.000593
 -0.000086
  0.000230
 -0.000075
 -0.000396
 -0.000186
  0.000109
 -0.000315
 -0.000782
 -0.000441
  0.000011
  0.000508
  0.000017
 -0.000632
  0.000662
  0.000134
  0.000248
 -0.000057
 -0.000018
  0.000149
  0.000421
  0.000574
  0.000454
 -0.000112
 -0.000154
  0.000057
 -0.000641
 -0.001069
  0.000596
 -0.000416
  0.000176
 -0.000152
 -0.000740
  0.000070
  0.000287
  0.000010
  0.000212
 -0.001035
  0.000093
  0.000126
  0.000583
 -0.000101
  0.000714
 -0.000368
 -0.000161
 -0.000306
  0.000382
  0.000571
  0.000164
 -0.000315
 -0.000046
  0.000321
  0.000299
 -0.000041
  0.000254
  0.000203
 -0.000560
 -0.001228
 -0.000006
  0.000056
  0.000452
  0.000016
 -0.000051
  0.000270
  0.000109
 -0.000539
 -0.000229
  0.000410
 -0.000135
 -0.000279
 -0.000419
  0.000363
  0.000108
  0.000195
  0.000094
  0.000239
 -0.000189
  0.000526
  0.000035
  0.000348
  0.000392
  0.000001
  0.000705
  0.000042
  0.000042
  0.000136
  0.000043
 -0.000276
 -0.000393
 -0.000209
  0.000071
 -0.000148
 -0.000281
  0.000024
 -0.000052
  0.000245
 -0.000108
 -0.000055
  0.000100
 -0.000086
  0.000535
  0.000436
 -0.000068
 -0.000005
  0.000089
  0.000138
  0.000541
  0.000288
 -0.000541
  0.000030
 -0.000261
  0.000152
 -0.000520
  0.000208
 -0.000283
  0.000364
 -0.000081
 -0.000229
  0.000320
  0.000063
  0.000261
  0.000303
 -0.000116
  0.000125
 -0.000297
 -0.000176
 -0.000280
 -0.000009
 -0.000088
 -0.000300
 -0.000225
  0.000220
  0.000415
  0.000285
  0.000342
 -0.001237
  0.000369
 -0.000216
  0.000669
 -0.000066
 -0.000079
  0.000293
  0.000093
  0.000201
 -0.000232
  0.000150
 -0.000195
 -0.000021
 -0.000341
  0.000310
 -0.000656
  0.000642
  0.000196
  0.000316
 -0.000320
  0.000199
  0.000279
 -0.000299
  0.000249
 -0.000341
 -0.000827
  0.000171
 -0.000280
  0.000733
  0.000315
 -0.000330
 -0.000252
 -0.000282
 -0.000068
 -0.000268
 -0.000037
  0.000413
  0.000057
 -0.000043
  0.000445
 -0.000195
 -0.000046
  0.000216
 -0.000356
 -0.000306
 -0.000053
  0.000170
 -0.000222
 -0.000076
  0.000325
  0.000089
 -0.000020
 -0.000335
 -0.000094
  0.000171
  0.000089
 -0.000011
  0.000186
 -0.000320
 -0.000153
  0.000047
 -0.000216
 -0.000074
  0.000078
  0.000026
 -0.000189
  0.000041
  0.000126
  0.000320
 -0.000170
  0.000067
 -0.000233
  0.000051
 -0.000314
  0.000012
 -0.000070
  0.000129
  0.000051
  0.000049
  0.000179
  0.000005
 -0.000063
 -0.000458
  0.000056
 -0.000114
  0.000319
 -0.000071
 -0.000173
  0.000589
  0.000067
 -0.000216
 -0.000054
 -0.000014
  0.000029
 -0.000004
  0.000074
 -0.000269
 -0.000179
  0.000092
 -0.000041
 -0.000146
 -0.000027
  0.000133
  0.000071
  0.000135
 -0.000193
  0.000217
  0.000090
 -0.000024
  0.000002
  0.000043
  0.000095
 -0.000014
 -0.000000
 -0.000016
  0.000006
 -0.000053
 -0.000134
  0.000165
 -0.000022
 -0.000220
 -0.000001
  0.000044
  0.000019
  0.000092
 -0.000022
  0.000004
 -0.000162
 -0.000086
  0.000114
 -0.000044
  0.000067
  0.000045
 -0.000018
  0.000033
 -0.000033
  0.000101
