  0.022777
 -0.544991
  0.144614
  0.000515
  0.008574
 -0.813688
  0.067826
 -0.046910
 -0.010849
  0.067466
  0.012938
 -0.044483
 -0.025581
  0.026178
 -0.028390
 -0.019571
 -0.002340
  0.000991
 -0.013904
 -0.010905
  0.005679
 -0.010992
 -0.019563
  0.004074
  0.003893
 -0.001150
 -0.004695
  0.009080
  0.002082
  0.009069
  0.006799
 -0.015086
 -0.016482
 -0.010289
 -0.002751
 -0.003891
 -0.003922
 -0.001075
 -0.005681
  0.003927
 -0.002784
  0.006085
  0.006867
  0.000759
 -0.002209
  0.003249
  0.002317
  0.004774
  0.001085
 -0.001544
 -0.003199
  0.000672
  0.001613
 -0.004339
 -0.004016
 -0.002043
 -0.001725
  0.006209
  0.012052
 -0.002795
 -0.014548
  0.002751
  0.002746
  0.001471
 -0.000640
 -0.002622
  0.002319
  0.003670
  0.000939
 -0.000393
  0.000312
 -0.014668
 -0.000319
 -0.001224
  0.002277
 -0.002839
 -0.000965
  0.002239
 -0.006236
  0.002747
  0.000696
 -0.000684
 -0.001075
 -0.001359
  0.000730
  0.002543
 -0.000323
  0.000922
  0.001891
 -0.000577
  0.000972
  0.000093
  0.000776
  0.000886
  0.000300
  0.002549
  0.000171
 -0.000521
 -0.001287
 -0.000120
 -0.001529
 -0.000522
  0.002017
 -0.000306
 -0.003914
 -0.000629
  0.002879
  0.000659
  0.000167
 -0.001139
 -0.000703
  0.000108
  0.001505
  0.000408
 -0.000507
 -0.001230
 -0.001281
 -0.000242
  0.000976
 -0.000796
  0.000715
 -0.000752
 -0.003023
 -0.002470
 -0.002639
 -0.001824
  0.002066
  0.000379
 -0.003889
 -0.002023
  0.001151
 -0.001187
  0.002914
 -0.000476
 -0.001179
 -0.001020
  0.001744
  0.002505
  0.001829
 -0.000937
  0.001001
 -0.000017
 -0.000441
  0.000522
  0.000185
  0.000549
  0.002072
  0.002089
 -0.000295
 -0.001052
 -0.000402
  0.000093
  0.001404
 -0.002239
  0.000015
 -0.000804
  0.000187
 -0.000047
 -0.000098
  0.001025
 -0.000231
  0.001346
 -0.000335
  0.000796
  0.000481
 -0.001414
 -0.001168
 -0.000837
  0.000184
 -0.001461
 -0.001994
  0.000165
 -0.001129
 -0.000276
  0.000841
 -0.000219
 -0.000446
 -0.001740
  0.000329
 -0.001690
  0.000064
 -0.000115
  0.001729
 -0.002792
 -0.000789
  0.002774
  0.001648
 -0.000128
  0.001113
  0.000247
  0.002282
 -0.000129
 -0.000972
  0.000453
  0.002529
  0.002376
 -0.002992
  0.001438
 -0.003212
 -0.002406
 -0.001416
 -0.000855
  0.000580
 -0.000260
 -0.000444
  0.001671
  0.000165
 -0.002869
  0.001101
 -0.001232
  0.000866
 -0.000348
 -0.000225
 -0.000536
  0.000289
  0.000179
  0.000094
  0.001515
 -0.001088
 -0.000657
  0.000693
  0.000602
  0.001377
 -0.000197
  0.000275
 -0.000266
 -0.000005
  0.000342
  0.000086
 -0.000069
  0.000954
  0.000449
  0.000696
  0.000015
  0.000201
 -0.000431
  0.000410
  0.000145
  0.000052
  0.000680
 -0.000002
 -0.000152
 -0.000421
  0.000141
  0.000657
 -0.000136
  0.000066
 -0.000829
  0.000532
  0.000099
 -0.000410
 -0.000139
  0.000600
 -0.000494
  0.000386
 -0.000139
  0.000293
  0.001301
  0.000498
  0.001990
 -0.001045
  0.000476
 -0.000504
  0.001497
 -0.000448
  0.000699
  0.000195
 -0.000991
 -0.000316
  0.000978
 -0.001369
 -0.000125
  0.000418
 -0.000832
 -0.000908
 -0.000495
  0.000489
 -0.000190
 -0.000656
  0.000498
 -0.001416
 -0.000989
  0.000039
  0.000899
  0.000260
  0.000509
  0.000805
  0.001625
 -0.000250
 -0.000885
 -0.000795
  0.000016
 -0.000076
  0.000323
  0.000600
  0.001704
  0.000066
  0.000832
 -0.000159
  0.000607
 -0.000240
 -0.000233
  0.002133
 -0.004403
  0.000857
  0.001791
  0.000078
 -0.001694
  0.002068
 -0.000903
 -0.000304
 -0.000325
 -0.001950
  0.000589
 -0.001746
 -0.000721
 -0.001505
 -0.000290
 -0.001142
  0.001459
 -0.001693
 -0.001493
  0.002057
 -0.000346
  0.000439
  0.000858
 -0.000619
  0.002387
  0.000450
 -0.000273
  0.000256
 -0.000956
 -0.000308
 -0.000177
 -0.000533
 -0.000754
  0.000071
 -0.002001
 -0.002287
  0.002241
  0.001484
  0.001042
  0.002645
 -0.000338
 -0.000467
  0.000392
 -0.000013
  0.000409
  0.000180
  0.000295
  0.000774
 -0.000684
 -0.000192
 -0.000469
  0.000342
 -0.000116
  0.001148
  0.000103
 -0.001000
 -0.000336
 -0.000393
  0.000010
  0.000088
 -0.000148
 -0.000871
  0.000039
 -0.000238
  0.000826
  0.001226
  0.000719
  0.000480
  0.000862
  0.001249
 -0.000922
 -0.000169
  0.000738
 -0.000746
 -0.000245
 -0.000252
  0.000729
 -0.000769
  0.000597
  0.000132
 -0.002891
  0.001744
 -0.001685
 -0.000348
 -0.000107
 -0.000631
  0.000603
  0.001099
  0.000301
  0.000316
  0.000508
  0.000878
 -0.000142
 -0.000443
  0.000372
  0.000348
 -0.000221
 -0.000167
 -0.000972
  0.000624
  0.000172
 -0.000176
 -0.000365
  0.001248
  0.000260
 -0.000919
 -0.000882
 -0.000021
 -0.000282
 -0.000284
  0.001324
  0.000061
 -0.000603
 -0.001241
 -0.000270
 -0.000357
  0.000130
  0.000554
  0.000749
 -0.000870
 -0.000629
  0.000439
  0.000057
  0.001206
  0.000201
 -0.000225
 -0.001003
 -0.001247
 -0.001014
 -0.000818
  0.000108
  0.000658
 -0.000156
  0.000007
  0.000194
  0.000595
  0.000925
  0.000470
  0.000082
  0.000149
  0.000292
 -0.000295
 -0.000065
  0.000971
  0.000405
 -0.000268
  0.000374
 -0.000917
  0.000470
  0.000116
  0.000063
  0.000517
 -0.002162
 -0.000336
 -0.000627
 -0.000170
  0.000923
  0.000305
 -0.000182
 -0.000303
 -0.000002
  0.000476
  0.000860
  0.000090
 -0.000749
  0.000270
  0.000217
 -0.000659
  0.000158
  0.000244
 -0.000512
  0.000330
 -0.000055
  0.001194
  0.000715
  0.000983
 -0.000630
  0.000269
  0.000232
 -0.000203
  0.000159
 -0.000218
 -0.000625
  0.000210
 -0.000449
  0.000106
  0.000266
  0.000364
 -0.000268
  0.000570
  0.000017
 -0.000370
 -0.000887
 -0.000401
 -0.000194
  0.000094
  0.000504
  0.000427
 -0.000665
 -0.000005
  0.000500
 -0.000364
  0.000545
 -0.000201
 -0.000026
 -0.000073
 -0.000282
 -0.000122
  0.000328
  0.000490
  0.000081
 -0.000156
  0.000819
 -0.000344
 -0.000707
  0.000036
  0.000208
  0.000218
 -0.000239
  0.000429
 -0.000579
 -0.000137
 -0.000092
 -0.000113
  0.000177
  0.000003
 -0.000225
 -0.000272
  0.000017
 -0.000125
  0.000451
 -0.000088
  0.000325
 -0.000276
  0.000245
 -0.000272
 -0.000176
  0.000250
  0.000303
  0.000438
  0.000223
  0.000152
  0.000037
 -0.000729
 -0.000212
  0.000220
 -0.000353
 -0.000083
  0.000678
 -0.000532
 -0.000321
 -0.000251
  0.000282
 -0.000090
 -0.000335
 -0.001202
  0.000252
  0.000254
  0.000027
  0.000249
  0.000241
 -0.000575
 -0.000097
  0.000299
 -0.000006
 -0.000166
  0.000172
 -0.000116
  0.000647
  0.000018
  0.000277
 -0.000218
 -0.000326
 -0.000162
 -0.000244
 -0.000198
 -0.000248
 -0.000028
 -0.000114
  0.000121
 -0.000072
  0.000054
 -0.000072
 -0.000027
  0.000100
  0.000197
  0.000020
  0.000447
  0.000040
  0.000322
  0.000345
 -0.000154
  0.000305
 -0.000631
 -0.000172
  0.000540
  0.000288
  0.000439
 -0.000223
  0.000269
  0.000003
  0.000368
  0.000378
  0.000310
 -0.000358
  0.000281
  0.000533
 -0.000147
  0.000713
 -0.000784
 -0.000098
 -0.000172
 -0.000080
  0.000147
 -0.000703
  0.000283
 -0.000106
  0.000095
 -0.000309
  0.000080
 -0.000085
  0.000528
  0.000049
 -0.000272
  0.000113
 -0.000178
 -0.000521
  0.000095
 -0.000157
 -0.000356
 -0.000549
 -0.000178
 -0.000205
  0.000225
 -0.000027
  0.000253
  0.000199
 -0.000408
 -0.000413
 -0.000027
 -0.000367
  0.000152
 -0.000003
  0.000054
 -0.000308
  0.000086
  0.000025
  0.000251
 -0.000021
 -0.000483
 -0.000170
 -0.000188
 -0.000011
  0.000101
 -0.000351
  0.000042
 -0.000122
  0.000021
 -0.000086
 -0.000114
 -0.000093
  0.000243
 -0.000112
 -0.000160
  0.000219
 -0.000125
  0.000488
  0.000385
 -0.000323
  0.000188
  0.000577
 -0.000101
  0.000471
 -0.000324
  0.000308
  0.000033
 -0.000093
  0.000042
  0.000220
 -0.000489
 -0.000136
  0.000583
 -0.000043
 -0.000163
  0.000175
  0.000147
 -0.000051
 -0.000035
 -0.000193
 -0.000188
  0.000037
  0.000304
 -0.000147
 -0.000132
 -0.000064
 -0.000236
  0.000322
 -0.000357
  0.000029
 -0.000151
 -0.000315
 -0.000070
 -0.000087
  0.000164
 -0.000302
 -0.000115
 -0.000478
 -0.000164
  0.000337
 -0.000049
  0.000052
  0.000466
 -0.000082
 -0.000271
  0.000048
  0.000574
  0.000008
 -0.000006
 -0.000302
 -0.000081
 -0.000164
  0.000288
 -0.000205
 -0.000344
 -0.000059
  0.000079
  0.000152
 -0.000097
  0.000259
  0.000235
  0.000466
  0.000197
  0.000307
 -0.000174
 -0.000349
 -0.000043
 -0.000385
  0.000293
  0.000095
 -0.000215
  0.000089
 -0.000100
  0.000201
  0.000054
 -0.000277
 -0.000302
 -0.000039
 -0.000297
  0.000002
  0.000308
  0.000023
 -0.000384
  0.000016
 -0.000064
  0.000041
  0.000025
  0.000261
 -0.000126
  0.000060
  0.000309
 -0.000167
 -0.000263
 -0.000075
  0.000088
  0.000196
  0.000007
 -0.000024
 -0.000094
  0.000174
  0.000097
  0.000188
  0.000242
 -0.000079
  0.000086
 -0.000309
 -0.000072
  0.000372
  0.000027
 -0.000078
  0.000082
 -0.000291
  0.000236
  0.000316
  0.000149
 -0.000068
  0.000146
  0.000192
 -0.000403
 -0.000034
 -0.000327
  0.000118
 -0.000510
 -0.000128
  0.000029
 -0.000168
  0.000005
 -0.000101
  0.000007
  0.000185
  0.000142
  0.000080
  0.000037
  0.000010
  0.000011
 -0.000258
 -0.000215
  0.000042
 -0.000038
 -0.000004
 -0.000033
 -0.000258
 -0.000020
 -0.000054
 -0.000011
 -0.000073
 -0.000057
  0.000019
  0.000086
  0.000015
 -0.000016
 -0.000015
  0.000045
