 -0.112388
 -0.761466
 -0.594411
  0.070550
 -0.170400
 -0.088568
 -0.059646
  0.034289
 -0.038243
 -0.031014
 -0.004064
 -0.000446
 -0.002933
 -0.007912
 -0.013691
 -0.023708
 -0.030086
 -0.001419
  0.000135
  0.021779
 -0.012834
 -0.001093
 -0.012380
 -0.008957
  0.004191
  0.016167
 -0.000203
  0.006215
  0.005289
 -0.004739
 -0.005192
 -0.000408
  0.005290
 -0.003144
  0.005007
 -0.004988
  0.003885
  0.016970
 -0.003380
 -0.001198
 -0.004107
 -0.007129
  0.002879
 -0.004641
  0.006440
  0.004309
  0.010845
  0.006851
  0.006973
  0.012840
 -0.003624
  0.007572
 -0.005454
 -0.000109
 -0.003763
  0.001275
 -0.006399
  0.012997
 -0.006467
  0.003877
 -0.002169
 -0.002044
 -0.004283
 -0.005005
  0.006488
 -0.004817
 -0.000167
  0.005060
 -0.003000
 -0.001887
 -0.001511
  0.004210
 -0.003192
 -0.000412
  0.005894
  0.004766
 -0.003842
  0.002401
 -0.003285
 -0.006506
 -0.002102
  0.000823
  0.001024
 -0.000732
  0.004947
  0.000784
  0.001593
 -0.005604
  0.004663
  0.002910
 -0.000556
 -0.001486
 -0.002821
  0.001428
 -0.001041
  0.003928
 -0.001080
  0.000016
  0.006919
 -0.000236
 -0.004636
  0.000279
  0.000351
 -0.002816
  0.000971
  0.001835
 -0.001300
  0.000898
  0.001791
  0.003319
 -0.000648
  0.000939
 -0.002435
  0.000353
 -0.003169
  0.001525
  0.003799
  0.000787
 -0.001949
  0.001151
 -0.004225
 -0.000332
  0.001274
  0.000646
 -0.000600
 -0.000063
 -0.000091
 -0.000049
 -0.000798
 -0.002519
  0.002076
 -0.001164
 -0.000926
 -0.001489
 -0.000414
 -0.002061
 -0.001623
  0.000829
 -0.000818
 -0.002168
  0.002766
  0.000529
  0.001435
 -0.000509
 -0.000850
  0.000158
  0.000422
 -0.000579
  0.001027
  0.000342
 -0.000723
  0.001271
  0.000372
 -0.001600
  0.000587
  0.000380
  0.000570
  0.002161
  0.000016
 -0.001757
 -0.001546
 -0.001179
  0.002842
  0.000440
 -0.002330
 -0.001995
 -0.000508
  0.000980
 -0.002122
  0.000075
 -0.000796
 -0.000375
  0.000538
  0.000677
 -0.000251
 -0.000760
  0.000684
  0.001449
  0.000295
 -0.000567
  0.001175
 -0.001302
  0.000586
  0.000280
 -0.000548
 -0.000975
  0.000843
 -0.000668
 -0.000399
 -0.001619
  0.000304
 -0.000686
  0.000361
  0.000017
 -0.000054
 -0.000189
  0.000050
 -0.001187
  0.001209
 -0.000039
 -0.000236
 -0.000450
  0.000513
  0.000325
  0.000894
 -0.000170
  0.000583
  0.000040
 -0.000220
  0.000090
 -0.000635
  0.000001
 -0.000185
 -0.000284
 -0.000314
  0.000155
  0.001721
 -0.001655
  0.001097
  0.000369
  0.000269
  0.000267
  0.000219
 -0.000277
 -0.001913
 -0.001369
  0.000548
  0.000965
  0.002091
 -0.000207
  0.000001
 -0.000027
 -0.000849
  0.001252
  0.003416
  0.000813
  0.000496
  0.000029
  0.000872
 -0.000533
 -0.001648
  0.000404
  0.000094
 -0.000009
  0.000219
  0.000457
 -0.000201
  0.000198
  0.001662
  0.001025
  0.002031
  0.001038
 -0.000837
 -0.001595
  0.000357
 -0.000297
 -0.000602
  0.000333
  0.000716
 -0.000332
  0.000509
 -0.000313
  0.001051
  0.000337
 -0.000161
  0.001161
  0.001031
  0.000151
 -0.000327
  0.000801
  0.001094
 -0.000094
 -0.001026
 -0.000993
  0.000092
  0.001212
 -0.000631
 -0.000196
  0.000417
 -0.000798
  0.000620
  0.000548
  0.001166
 -0.000110
 -0.000106
  0.000500
  0.000551
 -0.001012
 -0.000303
 -0.000733
  0.000345
  0.000342
  0.000067
 -0.000158
 -0.000168
 -0.000339
  0.001129
  0.000252
 -0.000384
 -0.000360
 -0.000707
  0.000122
 -0.000175
 -0.000463
  0.000512
  0.000027
  0.000851
 -0.000629
  0.000107
  0.000127
 -0.000005
 -0.000161
 -0.000780
  0.000251
 -0.000073
  0.000303
  0.000513
 -0.000014
  0.000483
  0.000776
 -0.000221
 -0.000298
  0.000098
  0.000006
 -0.000124
  0.000069
 -0.000373
  0.000027
 -0.000059
  0.000062
  0.000152
 -0.000118
  0.000057
  0.000072
  0.000001
  0.000197
  0.000073
 -0.000157
 -0.000392
  0.000184
  0.000426
  0.000060
  0.000488
  0.000298
  0.000315
 -0.000014
  0.000066
  0.000193
 -0.000353
 -0.000495
  0.000463
 -0.000264
 -0.000095
 -0.000053
 -0.000346
  0.000402
  0.000118
  0.000037
 -0.000409
  0.000173
  0.000018
  0.000053
 -0.000081
  0.000130
 -0.000366
  0.000235
 -0.000101
  0.000481
  0.000463
  0.000135
 -0.000168
 -0.000721
  0.001107
 -0.000285
 -0.000174
  0.000084
 -0.000697
  0.000980
  0.000204
  0.001646
 -0.000310
 -0.000098
 -0.000587
  0.000379
  0.000094
 -0.001440
 -0.000125
  0.000196
 -0.000544
  0.000559
  0.000665
  0.000273
 -0.000591
  0.000950
  0.000356
  0.000919
 -0.000937
 -0.000417
  0.000065
 -0.000195
 -0.000250
  0.000019
  0.000354
 -0.000254
 -0.000337
  0.000337
  0.000054
  0.000021
  0.000451
 -0.000596
 -0.000233
 -0.000221
 -0.000909
 -0.000383
  0.000126
 -0.000282
 -0.000130
 -0.000472
  0.000558
 -0.000393
 -0.000291
  0.000674
  0.000902
  0.000126
 -0.000438
  0.000530
  0.000658
 -0.000787
 -0.000317
 -0.000363
  0.000168
 -0.000358
  0.000006
 -0.000619
 -0.000424
  0.000512
  0.000150
  0.000192
  0.000179
 -0.000173
 -0.000943
 -0.000427
 -0.000669
  0.000018
  0.000254
  0.001160
  0.000245
  0.000425
 -0.000480
  0.000273
  0.000339
 -0.000379
  0.000470
 -0.000436
  0.000544
 -0.000208
  0.000029
 -0.000853
 -0.000294
  0.000407
  0.000013
 -0.000129
  0.000151
 -0.000082
 -0.000035
  0.000400
 -0.000189
 -0.000770
 -0.000227
  0.000044
  0.000214
 -0.001644
  0.000436
  0.001099
  0.000083
  0.000272
  0.000176
 -0.000378
 -0.000304
  0.000100
  0.000503
  0.001141
 -0.000865
  0.000439
  0.000302
 -0.000092
  0.000164
  0.000009
  0.000408
 -0.000295
  0.000027
  0.000361
 -0.000181
 -0.000296
 -0.000165
 -0.001175
 -0.000411
 -0.000629
  0.000267
 -0.000228
 -0.000041
 -0.000501
  0.000646
 -0.000058
  0.000799
  0.000901
  0.000610
 -0.000403
  0.000396
  0.000289
  0.000454
  0.000422
 -0.000185
 -0.000123
 -0.000150
 -0.000812
  0.000428
 -0.000522
  0.000167
 -0.000344
 -0.000143
  0.000365
  0.000049
  0.000721
  0.000435
 -0.000919
  0.000115
  0.000211
  0.000079
  0.000564
 -0.000439
  0.000900
  0.000136
 -0.000174
 -0.000573
 -0.000099
 -0.000256
  0.000471
  0.000740
 -0.000480
  0.000379
 -0.000278
  0.000161
  0.001523
 -0.000358
  0.000149
 -0.000565
  0.000056
 -0.000754
  0.000201
 -0.000063
 -0.000559
 -0.000927
  0.000174
 -0.000755
 -0.000212
  0.000178
  0.000017
 -0.000125
 -0.000361
 -0.000553
 -0.000330
 -0.000109
 -0.000172
  0.000541
  0.001058
 -0.000518
 -0.000510
  0.000108
  0.000313
 -0.000384
 -0.000399
 -0.000329
  0.000158
 -0.000311
  0.000087
  0.000552
 -0.000370
 -0.000139
 -0.000142
 -0.000011
  0.000317
 -0.000199
  0.000127
  0.000053
  0.000483
  0.000642
 -0.000066
  0.000174
  0.000003
 -0.000152
  0.000027
  0.000317
  0.000277
 -0.000430
  0.000071
 -0.000266
 -0.000920
 -0.000086
 -0.000078
 -0.000361
 -0.000146
  0.000432
  0.001569
  0.000109
  0.000516
  0.000834
  0.000394
 -0.000015
  0.000058
  0.000461
 -0.000242
 -0.000050
 -0.000327
 -0.000887
  0.000292
  0.000256
  0.000199
  0.000446
  0.000547
 -0.000333
 -0.000122
 -0.000139
  0.000213
 -0.000117
  0.000483
  0.000474
  0.000426
  0.000179
 -0.000659
  0.000012
 -0.001198
  0.000390
 -0.000237
 -0.000210
  0.000010
  0.000200
 -0.000241
  0.000354
 -0.000171
 -0.000026
  0.000086
  0.000371
  0.000241
 -0.000066
 -0.000134
 -0.000295
  0.000366
  0.000212
  0.000389
  0.000072
 -0.000074
 -0.000232
 -0.000070
  0.000264
  0.000157
 -0.000026
  0.000273
  0.000014
 -0.000506
 -0.000087
 -0.000484
  0.000045
 -0.000054
  0.000048
  0.000035
  0.000124
  0.000193
  0.000342
  0.000206
 -0.000435
 -0.000516
  0.000326
 -0.000254
  0.000211
 -0.000003
  0.000557
 -0.000092
  0.000005
 -0.000049
 -0.000186
  0.000306
  0.000148
 -0.000384
 -0.000452
 -0.000368
 -0.000125
 -0.000236
  0.000278
  0.000202
  0.000274
  0.000204
  0.000032
  0.000298
  0.000260
  0.000854
  0.000461
  0.000127
  0.000863
  0.000173
 -0.000067
 -0.000550
 -0.000026
  0.000063
 -0.000336
 -0.000230
 -0.000435
 -0.000767
  0.000235
 -0.000213
 -0.000123
  0.000069
  0.000241
 -0.000015
 -0.000165
  0.000069
 -0.000039
 -0.000162
  0.000506
  0.000016
  0.000030
 -0.000064
 -0.000178
  0.000233
  0.000133
 -0.000538
 -0.000372
  0.000127
 -0.000110
 -0.000496
  0.000287
 -0.000445
  0.000559
 -0.000193
 -0.000152
  0.000049
 -0.000345
  0.000045
 -0.000441
 -0.000287
 -0.000085
  0.000175
  0.000378
 -0.000068
  0.000093
  0.000325
  0.000020
 -0.000388
 -0.000158
  0.000306
  0.000148
 -0.000332
  0.000205
 -0.000451
  0.000175
  0.000169
  0.000209
 -0.000087
 -0.000035
  0.000306
  0.000129
  0.000003
 -0.000143
 -0.000134
 -0.000168
  0.000200
  0.000216
 -0.000055
 -0.000212
  0.000292
  0.000230
 -0.000060
 -0.000410
 -0.000188
 -0.000104
 -0.000251
 -0.000213
  0.000091
 -0.000140
  0.000113
 -0.000062
  0.000175
 -0.000033
 -0.000092
  0.000000
 -0.000238
 -0.000112
 -0.000277
  0.000279
  0.000133
  0.000427
  0.000116
 -0.000414
  0.000970
 -0.000026
 -0.000145
 -0.000527
 -0.000088
 -0.000031
 -0.000832
 -0.000103
 -0.000332
 -0.000115
  0.000500
 -0.000099
  0.000031
 -0.000609
 -0.000161
  0.000206
  0.000700
  0.000148
  0.000087
  0.000031
 -0.000066
 -0.000199
 -0.000864
 -0.000175
  0.000355
  0.000710
 -0.000320
  0.000356
 -0.000306
 -0.000045
 -0.000061
 -0.000041
