 -0.019389
  0.745175
 -0.375642
 -0.278612
  0.221977
  0.293709
 -0.222835
  0.102415
 -0.008193
 -0.039927
  0.016459
 -0.065378
 -0.013765
 -0.000297
 -0.080407
 -0.015584
 -0.044774
 -0.026041
 -0.056751
  0.004304
 -0.002269
 -0.007798
  0.013965
 -0.003130
 -0.010458
 -0.000211
  0.025632
 -0.001127
  0.026066
  0.009939
  0.008041
 -0.000176
  0.009750
  0.008251
  0.011643
  0.012224
 -0.006143
 -0.006407
 -0.006605
  0.009684
  0.045534
  0.000089
  0.010531
 -0.025966
 -0.013202
 -0.008726
 -0.001191
 -0.017897
 -0.001222
  0.003489
 -0.004199
 -0.003637
 -0.005695
 -0.009187
 -0.006151
  0.006800
  0.003265
  0.004422
  0.010994
  0.009632
 -0.008048
 -0.005194
  0.001604
  0.007511
 -0.003241
 -0.000951
 -0.000903
 -0.002666
 -0.002879
  0.001649
  0.001958
  0.001441
 -0.001148
 -0.004817
  0.000816
 -0.002388
 -0.001379
  0.001812
  0.003556
  0.001450
  0.003109
  0.002170
  0.005058
 -0.000693
  0.000165
 -0.000619
 -0.000690
 -0.000874
  0.001437
 -0.001596
  0.004553
  0.007486
 -0.001257
  0.002992
  0.000463
 -0.001800
 -0.000172
  0.003361
 -0.001419
  0.003330
  0.000906
 -0.000020
 -0.000026
  0.001068
 -0.000973
  0.003217
 -0.000572
  0.004724
 -0.002964
 -0.002621
 -0.004655
 -0.001344
  0.002766
 -0.003377
  0.000680
  0.001963
 -0.000172
 -0.000268
 -0.000886
  0.000902
 -0.001913
  0.001021
 -0.000512
  0.000282
 -0.001809
  0.002612
  0.000414
  0.002763
  0.003903
 -0.002172
 -0.002207
  0.003351
 -0.001094
 -0.001856
 -0.000587
 -0.005404
 -0.012470
 -0.000805
 -0.002131
 -0.000797
  0.000358
  0.006406
 -0.003777
  0.003950
  0.000592
 -0.000405
  0.004717
  0.004232
  0.001662
  0.003378
  0.005566
 -0.000913
  0.004385
 -0.001674
  0.000794
 -0.000164
 -0.001800
 -0.004356
 -0.001255
 -0.001017
 -0.004959
 -0.000146
 -0.002671
 -0.000720
  0.006322
 -0.002045
 -0.001165
 -0.002137
 -0.000414
  0.006386
  0.000519
 -0.003697
 -0.000288
  0.005433
 -0.001389
  0.005621
 -0.001489
  0.004059
 -0.002474
 -0.006699
 -0.004547
  0.003822
 -0.001737
 -0.003926
  0.006129
  0.000592
 -0.007762
 -0.006697
  0.007114
 -0.004259
  0.001181
 -0.002680
  0.001079
  0.010738
 -0.006864
  0.003015
  0.001554
 -0.000072
  0.000776
 -0.004336
  0.000426
  0.004116
  0.000541
 -0.002738
  0.000113
 -0.002072
  0.001417
 -0.005481
 -0.001715
 -0.000304
 -0.002140
 -0.003457
  0.004824
  0.000078
 -0.004477
  0.004050
 -0.002961
 -0.007085
  0.000373
 -0.004867
 -0.004968
  0.001324
 -0.008610
 -0.006314
 -0.000602
 -0.002389
  0.002668
 -0.000082
  0.001318
 -0.006311
  0.001598
  0.008422
  0.004803
  0.005630
 -0.008225
 -0.006712
  0.001278
  0.005865
  0.005084
  0.004492
  0.000433
  0.008117
  0.001473
 -0.005748
  0.007687
  0.000828
  0.002886
  0.006723
  0.006080
  0.000551
  0.009578
 -0.000310
  0.011979
  0.002929
 -0.003406
 -0.004077
  0.000991
 -0.015183
  0.001553
 -0.006263
 -0.005322
  0.000293
  0.008369
  0.000072
  0.000618
  0.004504
 -0.002475
  0.009144
  0.000909
  0.001712
 -0.005213
 -0.001009
  0.000658
 -0.003551
  0.002524
 -0.001031
  0.001825
  0.000939
 -0.000917
  0.001526
  0.000045
  0.000586
  0.002876
  0.001092
 -0.000991
  0.000070
  0.001802
 -0.002371
 -0.001294
 -0.000203
  0.001321
  0.000798
 -0.004088
 -0.004220
  0.000001
 -0.002001
 -0.001121
  0.000227
 -0.000095
 -0.000210
  0.001180
  0.001314
 -0.001283
 -0.001635
  0.001197
 -0.000051
 -0.000420
 -0.000388
 -0.001273
 -0.001635
  0.001048
  0.000089
  0.000219
  0.000453
 -0.000670
  0.000207
 -0.000020
  0.000114
 -0.000437
 -0.000122
  0.000918
 -0.000647
 -0.000332
 -0.000213
  0.000302
 -0.000071
 -0.000621
 -0.000127
  0.000144
 -0.000391
  0.000971
 -0.000699
 -0.000169
  0.000603
  0.001067
  0.000403
 -0.000131
  0.001386
  0.001239
 -0.002491
  0.000248
 -0.001550
  0.000352
 -0.001498
 -0.000715
 -0.000004
  0.000030
  0.004355
 -0.000446
  0.001447
 -0.002003
  0.000661
 -0.000695
  0.001075
 -0.003732
  0.000786
 -0.000030
 -0.000566
  0.001037
  0.000234
  0.000320
 -0.000588
  0.000539
  0.000946
  0.000007
 -0.000165
 -0.002177
 -0.001040
  0.000203
  0.000910
 -0.000633
 -0.001034
 -0.000335
 -0.000903
  0.000320
 -0.001791
 -0.000705
 -0.002060
  0.000402
 -0.000248
  0.000119
 -0.001407
 -0.000945
 -0.000174
 -0.000175
 -0.000332
  0.000662
 -0.000509
 -0.000008
 -0.000466
 -0.001293
  0.000980
  0.001151
 -0.001800
 -0.000256
 -0.000022
  0.001259
 -0.001133
  0.000442
 -0.000066
 -0.000977
 -0.000062
  0.001954
 -0.001473
 -0.001394
 -0.001529
 -0.000847
  0.001920
  0.000692
  0.000285
  0.000417
 -0.002462
  0.002040
 -0.001893
 -0.001655
 -0.004093
  0.000799
 -0.001244
  0.000520
 -0.000965
 -0.004619
 -0.002218
 -0.001971
 -0.000983
 -0.000602
 -0.005367
  0.001519
  0.000359
  0.001681
 -0.002893
  0.003418
  0.000049
 -0.001206
 -0.005079
  0.000228
 -0.002129
 -0.000075
  0.002741
 -0.001441
 -0.003511
  0.001812
  0.000013
  0.003146
 -0.011763
 -0.000375
  0.001458
  0.000950
 -0.000532
  0.001625
  0.000062
 -0.001804
 -0.000608
  0.000470
 -0.002506
 -0.000658
 -0.000670
 -0.000581
 -0.002327
  0.001159
 -0.000104
  0.000168
  0.000392
 -0.000908
  0.000085
 -0.001187
 -0.000894
  0.000141
  0.000913
  0.000168
  0.000157
 -0.000661
 -0.000298
  0.000483
  0.000743
  0.000660
  0.001344
  0.001179
  0.000004
  0.000793
  0.001517
  0.000016
 -0.000180
  0.000623
  0.000202
  0.000154
  0.000908
 -0.001260
  0.000856
  0.000085
  0.000934
 -0.001361
  0.000637
  0.000694
  0.001804
 -0.001003
  0.000166
  0.002089
 -0.000081
  0.000372
 -0.000228
 -0.000283
  0.000440
 -0.000778
 -0.001248
  0.001140
 -0.000710
 -0.000466
 -0.000555
  0.001711
 -0.000189
 -0.000139
  0.000459
  0.000670
  0.001309
  0.000084
  0.001815
 -0.001788
  0.000165
  0.000380
  0.002476
 -0.001053
 -0.000469
 -0.000483
 -0.002846
  0.003226
  0.001237
  0.000483
  0.000434
  0.002320
  0.005383
  0.000532
  0.000497
 -0.001405
  0.001120
  0.002596
 -0.003212
  0.002868
 -0.003680
 -0.001375
 -0.000213
 -0.000609
  0.000442
 -0.003996
 -0.000693
  0.000159
  0.004332
 -0.000131
 -0.000289
 -0.000719
 -0.003150
 -0.001704
  0.000019
 -0.001416
 -0.000952
  0.000219
  0.000480
  0.000032
  0.000633
 -0.000110
  0.001093
  0.002138
 -0.000316
  0.002324
  0.000350
  0.000276
 -0.000928
 -0.000972
 -0.001724
 -0.000249
  0.000529
 -0.000181
 -0.000094
 -0.001640
 -0.000425
  0.000613
  0.000314
 -0.000046
 -0.000051
  0.000001
  0.000318
 -0.000275
 -0.000619
 -0.000508
  0.000524
 -0.001216
 -0.000022
  0.000447
 -0.000115
  0.000061
  0.000356
 -0.000051
  0.000422
 -0.000257
 -0.000092
  0.000480
  0.000402
  0.000424
 -0.000238
 -0.000618
 -0.000193
 -0.000575
 -0.000172
  0.000112
  0.000138
 -0.000149
 -0.000347
 -0.000005
 -0.000149
  0.000331
 -0.000686
 -0.000369
  0.000245
 -0.000235
  0.000192
  0.000513
 -0.000156
 -0.000708
 -0.000589
  0.000379
  0.000044
  0.000432
 -0.000162
  0.000431
  0.000683
 -0.000775
  0.000163
  0.000283
  0.000042
 -0.000138
  0.000319
  0.000063
  0.001080
  0.000712
  0.000047
  0.000003
  0.000147
 -0.000209
  0.000017
  0.000134
  0.000194
 -0.000431
 -0.000135
 -0.000478
  0.001012
 -0.000170
  0.000234
  0.000685
  0.000469
 -0.002387
  0.002089
  0.000758
  0.000763
 -0.000801
  0.000396
  0.003518
  0.003447
  0.001934
 -0.000567
  0.000722
  0.000325
 -0.000511
 -0.000344
 -0.000644
 -0.001060
 -0.001278
 -0.000628
  0.000466
  0.000562
  0.000897
 -0.000666
  0.001007
  0.000278
 -0.000496
  0.000126
 -0.000531
  0.000940
 -0.001256
  0.000478
  0.002198
  0.000110
  0.000655
  0.000688
 -0.001424
  0.000280
 -0.000424
  0.000629
 -0.000507
 -0.000879
 -0.000017
 -0.000594
  0.000078
 -0.000648
  0.001815
 -0.000874
  0.000862
  0.000794
 -0.000803
  0.001263
 -0.000815
  0.000133
  0.000433
  0.000266
 -0.000094
  0.000726
  0.000618
  0.000294
 -0.000388
 -0.000144
 -0.000364
  0.000311
 -0.000177
 -0.000277
  0.000387
 -0.000118
  0.000679
  0.000207
 -0.001755
  0.001016
 -0.000702
 -0.000462
 -0.002093
 -0.001899
 -0.000353
 -0.001241
  0.000640
  0.004880
  0.001285
 -0.000703
  0.000492
  0.000312
  0.000747
  0.000809
  0.000688
 -0.001009
  0.001921
  0.000248
 -0.001363
 -0.002943
 -0.000196
  0.001348
  0.000348
 -0.002088
  0.000172
  0.000356
  0.000027
 -0.000165
  0.000205
 -0.000360
 -0.000082
  0.000374
  0.000199
  0.000045
  0.000539
 -0.001881
 -0.000102
 -0.000365
 -0.000472
 -0.000258
 -0.000035
  0.000265
 -0.000101
 -0.000312
  0.000395
  0.000072
  0.000222
 -0.000298
 -0.000138
  0.000016
 -0.000138
 -0.000663
  0.000062
 -0.000124
 -0.000086
  0.000076
 -0.000041
 -0.000483
  0.000784
 -0.000123
 -0.000501
  0.000067
  0.000152
  0.000119
  0.000052
  0.000341
 -0.000496
  0.000004
 -0.000314
 -0.000069
 -0.000005
 -0.000631
 -0.000110
 -0.000006
 -0.000152
  0.000053
 -0.000107
  0.000082
  0.000024
  0.000027
 -0.000010
  0.000052
 -0.000057
  0.000014
  0.000081
  0.000019
 -0.000012
 -0.000021
  0.000025
 -0.000036
 -0.000127
  0.000046
  0.000053
  0.000117
  0.000131
 -0.000030
 -0.000047
 -0.000043
 -0.000028
 -0.000020
 -0.000031
  0.000141
 -0.000034
 -0.000017
  0.000007
  0.000060
  0.000007
