 -0.998907
 -0.022505
 -0.024157
  0.001811
  0.009373
  0.004598
 -0.008166
 -0.015960
 -0.009044
 -0.004723
  0.007303
  0.003346
 -0.012764
  0.001689
 -0.003638
  0.002151
 -0.004386
 -0.001400
  0.002438
  0.005328
 -0.002981
 -0.000161
  0.000223
  0.002375
  0.001231
  0.000701
 -0.002940
  0.000706
  0.001240
  0.001471
 -0.003343
  0.003221
  0.002050
  0.000743
  0.002996
  0.002534
 -0.002031
  0.002009
  0.001586
 -0.000399
  0.000143
 -0.000969
 -0.003112
  0.000291
  0.001534
 -0.000467
 -0.001432
  0.000541
 -0.000403
 -0.000048
  0.001310
  0.001770
 -0.000429
  0.003109
 -0.000922
  0.000645
  0.000942
 -0.002395
 -0.002694
 -0.000834
 -0.002147
  0.001612
  0.000237
 -0.000250
  0.001844
 -0.001179
  0.000834
 -0.000134
 -0.000778
 -0.001758
 -0.003096
  0.001073
  0.000132
 -0.006485
 -0.001513
  0.000192
 -0.000623
  0.001279
  0.000221
  0.001908
 -0.000654
 -0.001079
  0.000843
 -0.000569
 -0.001019
  0.000038
 -0.000294
 -0.000188
 -0.000293
 -0.000817
  0.000785
 -0.000729
 -0.000225
 -0.000491
  0.000401
 -0.000543
  0.000254
 -0.001141
  0.001058
 -0.000126
  0.000915
 -0.000111
 -0.000235
 -0.000670
 -0.000424
  0.000328
 -0.000046
 -0.000313
  0.000349
  0.000199
  0.000178
 -0.000145
  0.000656
 -0.000393
 -0.000597
  0.000194
 -0.000571
  0.000025
  0.000565
  0.000520
  0.000006
 -0.000081
 -0.000268
  0.000255
 -0.000557
  0.000808
  0.000602
 -0.000139
  0.000510
  0.000442
  0.000538
  0.000753
  0.000822
  0.000948
 -0.000151
 -0.000067
 -0.000276
 -0.000352
 -0.000076
 -0.000678
  0.000485
  0.000348
 -0.000143
  0.000391
 -0.000401
  0.000458
  0.000137
 -0.000295
  0.000640
  0.000232
  0.000066
  0.000230
  0.000126
 -0.001259
 -0.000240
  0.000651
  0.000022
 -0.000043
 -0.000462
  0.000025
  0.000232
  0.000226
  0.001839
 -0.000271
  0.000172
 -0.000216
 -0.000327
  0.000202
 -0.000142
  0.000610
 -0.000195
  0.000013
  0.000457
 -0.000127
 -0.000577
 -0.000131
  0.000076
 -0.000388
  0.000135
 -0.000524
  0.000294
  0.000040
 -0.000092
  0.000559
 -0.000083
 -0.000011
 -0.000332
  0.000286
  0.000027
  0.000116
  0.000176
  0.000139
 -0.000166
 -0.000006
  0.000130
 -0.000112
 -0.000264
  0.000067
 -0.000225
 -0.000222
 -0.000236
  0.000257
 -0.000313
  0.000141
  0.000218
  0.000085
  0.000363
  0.000154
  0.000044
 -0.000324
  0.000189
  0.000070
 -0.000414
 -0.000111
  0.000189
 -0.000425
  0.000289
 -0.000233
  0.000121
 -0.000804
  0.000173
 -0.000435
  0.000239
 -0.000054
 -0.000615
 -0.000284
  0.000525
 -0.000371
 -0.000363
  0.000014
 -0.000096
 -0.000069
 -0.000184
 -0.000125
  0.000505
  0.000324
  0.000177
 -0.000672
 -0.000004
  0.000234
  0.000084
  0.000146
  0.000116
  0.000138
 -0.000307
 -0.000210
  0.000491
  0.000237
 -0.000051
 -0.000004
  0.000514
  0.000258
  0.000211
 -0.000225
 -0.000150
 -0.000358
  0.000135
 -0.000118
  0.000036
  0.000018
 -0.000033
 -0.000280
  0.000131
  0.000128
 -0.000133
  0.000240
  0.000075
  0.000099
  0.000067
 -0.000054
 -0.000274
 -0.000180
 -0.000318
  0.000301
  0.000391
 -0.000445
 -0.000120
 -0.000006
 -0.000290
 -0.000212
  0.000148
  0.000197
 -0.000054
  0.000022
 -0.000204
  0.000374
  0.000032
  0.000025
  0.000141
  0.000366
 -0.000303
 -0.000189
 -0.000046
  0.000348
 -0.000007
 -0.000061
  0.000256
 -0.000560
  0.000194
  0.000289
  0.000257
  0.000061
 -0.000283
 -0.000187
 -0.000261
  0.000359
  0.000482
 -0.000029
  0.000223
 -0.000339
 -0.000241
 -0.000261
  0.000106
  0.000384
 -0.000018
 -0.000506
 -0.000077
 -0.000278
  0.000161
 -0.000106
  0.000003
  0.000297
  0.000117
  0.000117
 -0.000001
 -0.000273
  0.000108
 -0.000161
  0.000307
  0.000116
  0.000079
 -0.000160
 -0.000140
 -0.000068
  0.000164
 -0.000045
 -0.000035
 -0.000144
 -0.000268
  0.000222
  0.000069
  0.000001
  0.000053
  0.000073
 -0.000125
 -0.000082
  0.000110
 -0.000146
  0.000030
 -0.000139
  0.000159
  0.000002
 -0.000076
 -0.000021
 -0.000400
 -0.000216
  0.000636
  0.000010
  0.000087
 -0.000125
 -0.000062
  0.000028
  0.000318
  0.000015
  0.000201
 -0.000003
  0.000107
 -0.000106
  0.000053
 -0.000254
  0.000074
 -0.000081
 -0.000098
  0.000056
  0.000079
  0.000064
 -0.000231
  0.000315
 -0.000057
 -0.000044
 -0.000162
  0.000066
 -0.000130
 -0.000152
  0.000156
 -0.000335
  0.000277
 -0.000159
  0.000045
 -0.000041
  0.000169
 -0.000144
 -0.000151
  0.000207
  0.000196
 -0.000359
  0.000044
  0.000045
  0.000049
 -0.000178
  0.000195
 -0.000232
  0.000040
 -0.000058
 -0.000087
  0.000919
 -0.000079
  0.000099
  0.000236
  0.000001
  0.000014
 -0.000044
  0.000045
  0.000114
  0.000126
  0.000070
  0.000079
 -0.000005
  0.000133
 -0.000003
 -0.000277
  0.000027
 -0.000000
  0.000114
 -0.000003
  0.000038
  0.000206
  0.000170
 -0.000061
 -0.000012
  0.000097
  0.000072
 -0.000150
  0.000053
  0.000241
  0.000094
 -0.000236
 -0.000046
  0.000037
 -0.000102
  0.000152
 -0.000149
  0.000100
 -0.000138
 -0.000064
 -0.000148
  0.000315
 -0.000185
 -0.000036
 -0.000132
  0.000189
  0.000022
 -0.000053
 -0.000123
 -0.000192
  0.000004
  0.000128
 -0.000023
  0.000141
  0.000359
 -0.000169
 -0.000182
 -0.000013
  0.000005
 -0.000345
  0.000165
  0.000132
 -0.000079
 -0.000101
  0.000118
 -0.000203
  0.000190
  0.000167
  0.000113
  0.000218
  0.000104
 -0.000235
 -0.000110
  0.000169
  0.000146
 -0.000220
  0.000047
  0.000085
 -0.000134
  0.000014
  0.000132
  0.000151
 -0.000005
 -0.000054
 -0.000220
 -0.000216
  0.000513
 -0.000251
  0.000211
  0.000327
 -0.000123
  0.000293
  0.000061
  0.000133
  0.000218
  0.000369
  0.000063
  0.000008
  0.000018
 -0.000022
  0.000102
  0.000287
 -0.000156
 -0.000041
  0.000059
  0.000030
  0.000030
  0.000140
  0.000245
 -0.000008
  0.000010
  0.000035
  0.000108
  0.000131
  0.000115
 -0.000072
  0.000175
 -0.000076
  0.000008
  0.000072
 -0.000098
 -0.000012
 -0.000062
 -0.000109
 -0.000124
  0.000049
 -0.000020
 -0.000111
  0.000059
 -0.000006
  0.000108
  0.000120
 -0.000066
  0.000165
 -0.000137
 -0.000130
 -0.000020
 -0.000051
  0.000133
 -0.000246
  0.000048
  0.000076
 -0.000039
  0.000161
  0.000159
 -0.000048
 -0.000093
  0.000103
  0.000100
  0.000284
 -0.000129
  0.000090
 -0.000109
 -0.000176
  0.000026
  0.000150
 -0.000082
 -0.000147
 -0.000113
  0.000003
  0.000052
 -0.000182
 -0.000092
  0.000207
  0.000049
  0.000013
 -0.000121
  0.000025
  0.000214
  0.000227
  0.000061
  0.000167
  0.000047
  0.000013
 -0.000014
  0.000266
  0.000077
 -0.000183
  0.000095
  0.000137
  0.000001
 -0.000273
  0.000364
  0.000289
 -0.000043
  0.000017
 -0.000047
 -0.000072
  0.000167
 -0.000117
  0.000050
  0.000381
  0.000189
 -0.000038
  0.000123
 -0.000059
 -0.000112
  0.000054
  0.000125
  0.000062
 -0.000052
 -0.000102
 -0.000179
  0.000095
 -0.000269
 -0.000118
 -0.000062
  0.000176
  0.000191
 -0.000021
  0.000044
 -0.000158
  0.000137
 -0.000078
  0.000048
 -0.000017
 -0.000034
 -0.000112
 -0.000242
 -0.000035
  0.000094
 -0.000006
  0.000018
  0.000210
  0.000125
  0.000099
 -0.000093
 -0.000166
  0.000072
 -0.000084
 -0.000015
 -0.000168
  0.000076
  0.000085
  0.000042
 -0.000044
  0.000074
 -0.000102
  0.000127
 -0.000038
 -0.000047
  0.000108
 -0.000066
 -0.000080
  0.000012
 -0.000012
 -0.000015
 -0.000088
 -0.000115
 -0.000261
 -0.000022
 -0.000063
 -0.000014
 -0.000024
  0.000056
  0.000272
  0.000047
 -0.000183
  0.000049
 -0.000148
 -0.000089
  0.000038
 -0.000120
 -0.000067
  0.000295
  0.000139
  0.000100
 -0.000136
  0.000030
  0.000100
  0.000022
 -0.000117
 -0.000037
 -0.000053
  0.000076
 -0.000234
 -0.000035
 -0.000082
 -0.000070
 -0.000169
 -0.000002
  0.000213
 -0.000032
  0.000054
 -0.000144
  0.000020
 -0.000344
 -0.000092
  0.000109
  0.000196
 -0.000099
 -0.000041
  0.000129
 -0.000164
 -0.000047
 -0.000308
 -0.000134
  0.000084
 -0.000067
  0.000011
  0.000173
 -0.000109
  0.000182
 -0.000068
  0.000072
  0.000095
 -0.000003
  0.000112
 -0.000044
 -0.000113
  0.000116
  0.000063
  0.000016
 -0.000087
  0.000015
  0.000233
  0.000152
  0.000060
  0.000050
  0.000163
 -0.000055
 -0.000042
 -0.000108
  0.000069
 -0.000117
  0.000067
 -0.000020
 -0.000063
 -0.000084
 -0.000002
 -0.000064
 -0.000135
 -0.000004
 -0.000005
 -0.000167
 -0.000075
 -0.000099
  0.000012
  0.000309
  0.000172
 -0.000226
 -0.000061
 -0.000080
  0.000074
 -0.000056
 -0.000186
  0.000201
 -0.000081
  0.000000
 -0.000031
  0.000121
  0.000086
  0.000032
  0.000045
 -0.000050
  0.000031
 -0.000135
  0.000104
 -0.000270
 -0.000201
  0.000150
  0.000196
 -0.000125
  0.000066
 -0.000002
 -0.000054
  0.000249
  0.000012
 -0.000014
 -0.000000
 -0.000085
 -0.000096
  0.000150
  0.000058
 -0.000112
  0.000025
  0.000012
  0.000064
 -0.000025
 -0.000083
  0.000055
  0.000007
  0.000036
 -0.000050
  0.000059
 -0.000081
 -0.000020
  0.000026
 -0.000061
 -0.000088
  0.000047
 -0.000090
  0.000103
 -0.000022
  0.000042
  0.000001
  0.000059
 -0.000026
  0.000028
 -0.000012
  0.000011
  0.000008
  0.000041
 -0.000021
  0.000067
 -0.000001
 -0.000018
  0.000079
 -0.000090
 -0.000002
  0.000034
 -0.000012
 -0.000177
  0.000041
  0.000037
 -0.000077
  0.000024
 -0.000053
 -0.000020
 -0.000027
