  1    0.049756
  2    0.040411
  3    0.028710
  4    0.034244
  5    0.017353
  6    0.041688
  7    0.040966
  8    0.011323
  9    0.013321
 10    0.002942
 11    0.023272
 12    0.009458
 13    0.011584
 14    0.010886
 15    0.004665
 16    0.004243
 17    0.009349
 18    0.004589
 19    0.009550
 20    0.004198
 21    0.011729
 22    0.006113
 23    0.006210
 24    0.005525
 25    0.006198
 26    0.005564
 27    0.004609
 28    0.006001
 29    0.008271
 30    0.006131
 31    0.004589
 32    0.006716
 33    0.005149
 34    0.006253
 35    0.006349
 36    0.008130
 37    0.002917
 38    0.004318
 39    0.005360
 40    0.004253
 41    0.003360
 42    0.004917
 43    0.003821
 44    0.002692
 45    0.004386
 46    0.002237
 47    0.004198
 48    0.001821
 49    0.002344
 50    0.002757
 51    0.001993
 52    0.002885
 53    0.003517
 54    0.001583
 55    0.002034
 56    0.004602
 57    0.001837
 58    0.001834
 59    0.001549
 60    0.002646
 61    0.001266
 62    0.001840
 63    0.001807
 64    0.002192
 65    0.003568
 66    0.001819
 67    0.001348
 68    0.002373
 69    0.001822
 70    0.001173
 71    0.000704
 72    0.001634
 73    0.000990
 74    0.001234
 75    0.001238
 76    0.001070
 77    0.001706
 78    0.001152
 79    0.001294
 80    0.001102
 81    0.000740
 82    0.002837
 83    0.001116
 84    0.001447
 85    0.001642
 86    0.001670
 87    0.000788
 88    0.001226
 89    0.002102
 90    0.000883
 91    0.001536
 92    0.002012
 93    0.001617
 94    0.000896
 95    0.002002
 96    0.002196
 97    0.001097
 98    0.002051
 99    0.001456
100    0.001514
101    0.002179
102    0.001519
103    0.001503
104    0.001337
105    0.000836
106    0.000293
107    0.000937
108    0.001369
109    0.001228
110    0.001140
111    0.001354
112    0.000713
113    0.001499
114    0.001684
115    0.001026
116    0.001482
117    0.000869
118    0.000708
119    0.001105
120    0.000925
121    0.001504
122    0.001567
123    0.002253
124    0.002449
125    0.001152
126    0.000948
127    0.001179
128    0.002305
129    0.000880
130    0.002759
131    0.001188
132    0.001336
133    0.000807
134    0.001103
135    0.002289
136    0.001156
137    0.001173
138    0.001291
139    0.001134
140    0.000522
141    0.002031
142    0.001012
143    0.000977
144    0.001333
145    0.001084
146    0.001161
147    0.001221
148    0.001100
149    0.001101
150    0.000667
151    0.000554
152    0.000701
153    0.001304
154    0.000999
155    0.000963
156    0.000915
157    0.000913
158    0.000654
159    0.000631
160    0.001151
161    0.000921
162    0.000646
163    0.001579
164    0.001173
165    0.000644
166    0.001439
167    0.000916
168    0.001294
169    0.000459
170    0.000648
171    0.000855
172    0.000920
173    0.001270
174    0.000549
175    0.000962
176    0.000657
177    0.000736
178    0.000870
179    0.000877
180    0.001001
181    0.000699
182    0.000980
183    0.000383
184    0.001106
185    0.000992
186    0.001241
187    0.000495
188    0.000488
189    0.000360
190    0.000644
191    0.000755
192    0.000871
193    0.001134
194    0.000594
195    0.001353
196    0.000655
197    0.000318
198    0.001444
199    0.000621
200    0.000502
201    0.000686
202    0.001048
203    0.000524
204    0.001003
205    0.000548
206    0.000580
207    0.001820
208    0.000499
209    0.001057
210    0.000720
211    0.000813
212    0.000544
213    0.000524
214    0.000588
215    0.001288
216    0.000699
217    0.001168
218    0.000566
219    0.000979
220    0.000216
221    0.000645
222    0.000496
223    0.000928
224    0.001116
225    0.000564
226    0.000612
227    0.000504
228    0.000551
229    0.001274
230    0.000596
231    0.000680
232    0.000627
233    0.001062
234    0.000629
235    0.000774
236    0.000509
237    0.000643
238    0.001085
239    0.001349
240    0.001303
241    0.000771
242    0.000673
243    0.001190
244    0.000928
245    0.000776
246    0.000595
247    0.000780
248    0.001207
249    0.000715
250    0.000450
251    0.000826
252    0.001040
253    0.000807
254    0.001158
255    0.000855
256    0.000791
257    0.001309
258    0.000783
259    0.001127
260    0.001088
261    0.000719
262    0.000447
263    0.000802
264    0.000611
265    0.000827
266    0.001080
267    0.000359
268    0.000429
269    0.000580
270    0.000738
271    0.000453
272    0.001038
273    0.000681
274    0.000609
275    0.000706
276    0.000364
277    0.001113
278    0.000825
279    0.000582
280    0.000314
281    0.000367
282    0.000679
283    0.000441
284    0.000860
285    0.000807
286    0.000546
287    0.000625
288    0.000791
289    0.000827
290    0.001058
291    0.000587
292    0.000478
293    0.000536
294    0.000774
295    0.000793
296    0.000783
297    0.000328
298    0.000651
299    0.000587
300    0.000551
301    0.000758
302    0.000389
303    0.000400
304    0.000525
305    0.000225
306    0.000417
307    0.000347
308    0.000458
309    0.000780
310    0.000428
311    0.000428
312    0.001048
313    0.000319
314    0.000557
315    0.000943
316    0.000803
317    0.000569
318    0.000417
319    0.000626
320    0.000464
321    0.000548
322    0.000631
323    0.000364
324    0.000909
325    0.000170
326    0.000561
327    0.000590
328    0.000372
329    0.000380
330    0.000278
331    0.000688
332    0.000487
333    0.000573
334    0.000373
335    0.000363
336    0.000485
337    0.000595
338    0.000325
339    0.000478
340    0.000646
341    0.000219
342    0.000221
343    0.000735
344    0.000430
345    0.000857
346    0.000265
347    0.000448
348    0.000458
349    0.000323
350    0.000516
351    0.000443
352    0.000382
353    0.000262
354    0.000741
355    0.000461
356    0.000693
357    0.000564
358    0.000602
359    0.000435
360    0.000454
361    0.000457
362    0.000945
363    0.000370
364    0.000953
365    0.000940
366    0.000679
367    0.000428
368    0.000599
369    0.000358
370    0.000471
371    0.000324
372    0.000741
373    0.000425
374    0.001004
375    0.000492
376    0.000665
377    0.000740
378    0.000239
379    0.000221
380    0.000259
381    0.000851
382    0.000609
383    0.000412
384    0.000635
385    0.000373
386    0.000480
387    0.000960
388    0.000383
389    0.000679
390    0.001274
391    0.000567
392    0.000542
393    0.000313
394    0.000321
395    0.000430
396    0.000588
397    0.000513
398    0.000481
399    0.000327
400    0.000508
401    0.000671
402    0.000420
403    0.000495
404    0.000561
405    0.000486
406    0.000399
407    0.000467
408    0.000463
409    0.000799
410    0.000633
411    0.000611
412    0.000894
413    0.000423
414    0.000582
415    0.000459
416    0.000597
417    0.000716
418    0.000331
419    0.000306
420    0.000472
421    0.000137
422    0.000336
423    0.000392
424    0.000407
425    0.000415
426    0.000249
427    0.000311
428    0.000564
429    0.000448
430    0.000757
431    0.000611
432    0.000667
433    0.000414
434    0.000260
435    0.000382
436    0.000193
437    0.000737
438    0.000532
439    0.000585
440    0.000349
441    0.000539
442    0.000660
443    0.000553
444    0.000615
445    0.000437
446    0.000705
447    0.000437
448    0.000219
449    0.000590
450    0.000532
451    0.000849
452    0.000470
453    0.000606
454    0.000741
455    0.000372
456    0.000712
457    0.000809
458    0.000625
459    0.000320
460    0.000419
461    0.000526
462    0.000306
463    0.000378
464    0.000270
465    0.000666
466    0.000491
467    0.000407
468    0.000568
469    0.000417
470    0.000459
471    0.000578
472    0.000455
473    0.000283
474    0.000366
475    0.000249
476    0.000416
477    0.000755
478    0.000289
479    0.000527
480    0.000439
481    0.000597
482    0.000487
483    0.000538
484    0.000312
485    0.000351
486    0.000323
487    0.000475
488    0.000394
489    0.000643
490    0.000337
491    0.000339
492    0.000339
493    0.000448
494    0.000441
495    0.000528
496    0.000298
497    0.000435
498    0.000442
499    0.000292
500    0.000437
501    0.000505
502    0.000540
503    0.000296
504    0.000528
505    0.000393
506    0.000550
507    0.000687
508    0.000371
509    0.000438
510    0.000381
511    0.000567
512    0.000462
513    0.000525
514    0.000285
515    0.000758
516    0.000370
517    0.000628
518    0.000360
519    0.000335
520    0.000412
521    0.000381
522    0.000263
523    0.000240
524    0.000490
525    0.000496
526    0.000376
527    0.000293
528    0.000356
529    0.000411
530    0.000228
531    0.000307
532    0.000558
533    0.000317
534    0.000520
535    0.000446
536    0.000153
537    0.000371
538    0.000276
539    0.000235
540    0.000371
541    0.000539
542    0.000295
543    0.000141
544    0.000200
545    0.000344
546    0.000284
547    0.000565
548    0.000251
549    0.000479
550    0.000220
551    0.000395
552    0.000313
553    0.000366
554    0.000543
555    0.000667
556    0.000333
557    0.000389
558    0.000252
559    0.000217
560    0.000457
561    0.000496
562    0.000346
563    0.000293
564    0.000406
565    0.000303
566    0.000399
567    0.000275
568    0.000285
569    0.000331
570    0.000346
571    0.000393
572    0.000364
573    0.000455
574    0.000344
575    0.000369
576    0.000394
577    0.000299
578    0.000423
579    0.000193
580    0.000212
581    0.000402
582    0.000247
583    0.000443
584    0.000171
585    0.000280
586    0.000408
587    0.000205
588    0.000192
589    0.000156
590    0.000270
591    0.000405
592    0.000357
593    0.000297
594    0.000274
595    0.000408
596    0.000667
597    0.000264
598    0.000254
599    0.000188
600    0.000196
601    0.000321
602    0.000300
603    0.000340
604    0.000253
605    0.000384
606    0.000172
607    0.000328
608    0.000184
609    0.000534
610    0.000337
611    0.000297
612    0.000393
613    0.000472
614    0.000138
615    0.000327
616    0.000437
617    0.000351
618    0.000341
619    0.000288
620    0.000195
621    0.000446
622    0.000317
623    0.000323
624    0.000436
625    0.000266
626    0.000519
627    0.000333
628    0.000212
629    0.000306
630    0.000452
631    0.000340
632    0.000412
633    0.000427
634    0.000378
635    0.000341
636    0.000139
637    0.000262
638    0.000365
639    0.000299
640    0.000127
641    0.000512
642    0.000482
643    0.000327
644    0.000287
645    0.000382
646    0.000388
647    0.000321
648    0.000335
649    0.000351
650    0.000242
651    0.000277
652    0.000175
653    0.000285
654    0.000114
655    0.000308
656    0.000372
657    0.000438
658    0.000361
659    0.000348
660    0.000302
661    0.000339
662    0.000226
663    0.000354
664    0.000208
665    0.000286
666    0.000236
667    0.000168
668    0.000335
669    0.000404
670    0.000315
671    0.000149
672    0.000264
673    0.000262
674    0.000203
675    0.000258
676    0.000273
677    0.000507
678    0.000345
679    0.000395
680    0.000221
681    0.000250
682    0.000254
683    0.000267
684    0.000315
685    0.000373
686    0.000150
687    0.000263
688    0.000355
689    0.000380
690    0.000281
691    0.000266
692    0.000396
693    0.000331
694    0.000346
695    0.000276
696    0.000425
697    0.000331
698    0.000288
699    0.000419
700    0.000132
701    0.000256
702    0.000405
703    0.000266
704    0.000244
705    0.000345
706    0.000431
707    0.000166
708    0.000215
709    0.000157
710    0.000355
711    0.000324
712    0.000235
713    0.000247
714    0.000246
715    0.000327
716    0.000328
717    0.000161
718    0.000297
719    0.000237
720    0.000283
721    0.000280
722    0.000415
723    0.000248
724    0.000531
725    0.000217
726    0.000255
727    0.000291
728    0.000395
729    0.000601
730    0.000170
731    0.000372
732    0.000363
733    0.000123
734    0.000357
735    0.000372
736    0.000199
737    0.000433
738    0.000369
739    0.000380
740    0.000315
741    0.000500
742    0.000229
743    0.000153
744    0.000419
745    0.000294
746    0.000319
747    0.000252
748    0.000545
749    0.000469
750    0.000330
751    0.000259
752    0.000256
753    0.000235
754    0.000299
755    0.000265
756    0.000169
757    0.000141
758    0.000396
759    0.000437
760    0.000217
761    0.000289
762    0.000203
763    0.000274
764    0.000319
765    0.000302
766    0.000384
767    0.000215
768    0.000299
769    0.000073
770    0.000443
771    0.000144
772    0.000232
773    0.000207
774    0.000115
775    0.000419
776    0.000247
777    0.000382
778    0.000302
779    0.000218
780    0.000163
781    0.000197
782    0.000396
783    0.000266
784    0.000386
785    0.000194
786    0.000336
787    0.000199
788    0.000324
789    0.000202
790    0.000618
791    0.000196
792    0.000298
793    0.000516
794    0.000271
795    0.000222
796    0.000418
797    0.000500
798    0.000309
799    0.000190
800    0.000384
801    0.000220
802    0.000148
803    0.000219
804    0.000209
805    0.000074
806    0.000333
807    0.000035
808    0.000127
809    0.000148
810    0.000326
811    0.000048
812    0.000097
813    0.000151
814    0.000296
815    0.000097
816    0.000134
817    0.000062
818    0.000003
819    0.000769
820    0.000241
821    0.000177
822    0.000255
823    0.000428
824    0.000540
825    0.000373
