  1    0.051946
  2    0.006227
  3    0.038656
  4    0.017014
  5    0.028964
  6    0.005069
  7    0.025762
  8    0.017054
  9    0.011961
 10    0.017700
 11    0.007595
 12    0.014167
 13    0.013599
 14    0.004308
 15    0.007633
 16    0.010972
 17    0.008895
 18    0.003406
 19    0.007262
 20    0.011796
 21    0.010298
 22    0.006655
 23    0.005477
 24    0.008289
 25    0.007963
 26    0.006357
 27    0.004370
 28    0.005803
 29    0.002736
 30    0.004914
 31    0.004950
 32    0.007040
 33    0.004121
 34    0.006313
 35    0.009694
 36    0.004803
 37    0.005061
 38    0.003681
 39    0.008337
 40    0.002471
 41    0.002925
 42    0.006345
 43    0.004932
 44    0.002801
 45    0.002702
 46    0.002191
 47    0.003158
 48    0.001200
 49    0.003580
 50    0.002160
 51    0.002354
 52    0.003196
 53    0.004099
 54    0.004463
 55    0.001326
 56    0.004876
 57    0.001872
 58    0.002761
 59    0.002316
 60    0.002634
 61    0.001242
 62    0.002785
 63    0.001196
 64    0.002948
 65    0.001848
 66    0.004133
 67    0.002350
 68    0.001344
 69    0.001943
 70    0.001334
 71    0.001371
 72    0.002124
 73    0.002717
 74    0.003044
 75    0.001856
 76    0.001420
 77    0.002254
 78    0.002084
 79    0.002245
 80    0.000955
 81    0.001409
 82    0.001744
 83    0.001453
 84    0.002332
 85    0.001951
 86    0.000774
 87    0.000720
 88    0.001099
 89    0.000808
 90    0.001340
 91    0.001616
 92    0.001575
 93    0.001520
 94    0.001460
 95    0.000946
 96    0.001046
 97    0.001959
 98    0.002791
 99    0.001281
100    0.002015
101    0.000929
102    0.001587
103    0.001615
104    0.002251
105    0.001432
106    0.000578
107    0.003373
108    0.002893
109    0.002126
110    0.001026
111    0.001572
112    0.001118
113    0.001009
114    0.002724
115    0.000924
116    0.000801
117    0.002021
118    0.001871
119    0.001701
120    0.001000
121    0.001527
122    0.001116
123    0.001242
124    0.000917
125    0.001973
126    0.001779
127    0.000995
128    0.002217
129    0.000790
130    0.001778
131    0.000896
132    0.001934
133    0.001575
134    0.000230
135    0.001062
136    0.000862
137    0.002046
138    0.001684
139    0.002733
140    0.000968
141    0.001686
142    0.001021
143    0.000864
144    0.001347
145    0.000785
146    0.000995
147    0.000413
148    0.002146
149    0.001965
150    0.001106
151    0.001314
152    0.000901
153    0.001771
154    0.001818
155    0.001634
156    0.001444
157    0.000704
158    0.001296
159    0.001039
160    0.000883
161    0.001460
162    0.001825
163    0.000953
164    0.000933
165    0.000879
166    0.001228
167    0.000591
168    0.001010
169    0.000985
170    0.001018
171    0.000538
172    0.001141
173    0.000748
174    0.001445
175    0.001589
176    0.001591
177    0.001102
178    0.000872
179    0.000785
180    0.001274
181    0.000973
182    0.002126
183    0.001110
184    0.000592
185    0.001154
186    0.001200
187    0.000796
188    0.001144
189    0.002069
190    0.000507
191    0.000525
192    0.000688
193    0.002321
194    0.000593
195    0.000872
196    0.000929
197    0.000903
198    0.001818
199    0.000493
200    0.000772
201    0.000526
202    0.001511
203    0.000531
204    0.000654
205    0.001381
206    0.001084
207    0.001375
208    0.000662
209    0.000759
210    0.001445
211    0.000828
212    0.000343
213    0.001101
214    0.000926
215    0.000818
216    0.000631
217    0.001313
218    0.001343
219    0.001033
220    0.001013
221    0.001293
222    0.000585
223    0.000769
224    0.000632
225    0.001044
226    0.000953
227    0.001188
228    0.001151
229    0.000552
230    0.000904
231    0.001001
232    0.000967
233    0.000910
234    0.000899
235    0.000483
236    0.000602
237    0.000661
238    0.000739
239    0.000760
240    0.001356
241    0.000732
242    0.000365
243    0.000652
244    0.002022
245    0.000412
246    0.000423
247    0.000552
248    0.002456
249    0.000736
250    0.001041
251    0.000423
252    0.001578
253    0.001160
254    0.001178
255    0.000322
256    0.001499
257    0.000326
258    0.001312
259    0.001045
260    0.001288
261    0.000106
262    0.000528
263    0.001055
264    0.000769
265    0.000674
266    0.001177
267    0.000354
268    0.001060
269    0.000534
270    0.000714
271    0.000522
272    0.000851
273    0.000443
274    0.001180
275    0.000364
276    0.000607
277    0.001281
278    0.000226
279    0.000368
280    0.000918
281    0.000264
282    0.000478
283    0.000556
284    0.001226
285    0.000563
286    0.000962
287    0.000278
288    0.000759
289    0.000608
290    0.000817
291    0.000657
292    0.000806
293    0.001025
294    0.000617
295    0.000548
296    0.000797
297    0.000329
298    0.000778
299    0.000743
300    0.000869
301    0.000524
302    0.000685
303    0.000439
304    0.000541
305    0.000446
306    0.000525
307    0.000459
308    0.000538
309    0.000604
310    0.001366
311    0.000949
312    0.000363
313    0.000455
314    0.000751
315    0.000482
316    0.000994
317    0.000462
318    0.000586
319    0.001040
320    0.000639
321    0.000183
322    0.000602
323    0.000602
324    0.001149
325    0.000318
326    0.000592
327    0.001077
328    0.000366
329    0.000603
330    0.000243
331    0.000756
332    0.000542
333    0.000509
334    0.000803
335    0.000299
336    0.001116
337    0.000728
338    0.000875
339    0.000681
340    0.001043
341    0.000604
342    0.000513
343    0.000502
344    0.000475
345    0.000720
346    0.000658
347    0.000530
348    0.000393
349    0.000985
350    0.000474
351    0.000374
352    0.000479
353    0.000614
354    0.000692
355    0.000818
356    0.000498
357    0.000952
358    0.001309
359    0.000625
360    0.000291
361    0.000523
362    0.000704
363    0.000292
364    0.000273
365    0.000413
366    0.000945
367    0.000730
368    0.000817
369    0.000403
370    0.000419
371    0.000478
372    0.000480
373    0.000759
374    0.000354
375    0.000809
376    0.000492
377    0.000391
378    0.000512
379    0.000590
380    0.000715
381    0.000362
382    0.001029
383    0.000369
384    0.000790
385    0.000762
386    0.000744
387    0.000727
388    0.001033
389    0.000288
390    0.000626
391    0.000540
392    0.000702
393    0.000541
394    0.000660
395    0.000329
396    0.000822
397    0.000574
398    0.000689
399    0.000730
400    0.000861
401    0.000553
402    0.000541
403    0.000520
404    0.000497
405    0.000507
406    0.000467
407    0.001058
408    0.000645
409    0.000478
410    0.000317
411    0.000597
412    0.000979
413    0.000270
414    0.000578
415    0.000265
416    0.000693
417    0.000660
418    0.000428
419    0.000352
420    0.000229
421    0.000445
422    0.000469
423    0.000573
424    0.000483
425    0.000521
426    0.000635
427    0.000463
428    0.001091
429    0.000381
430    0.000664
431    0.000247
432    0.000667
433    0.000723
434    0.000653
435    0.000525
436    0.000430
437    0.000561
438    0.000639
439    0.000455
440    0.000591
441    0.000540
442    0.000509
443    0.000804
444    0.000605
445    0.000584
446    0.000210
447    0.000937
448    0.000590
449    0.000409
450    0.000696
451    0.000587
452    0.000643
453    0.000392
454    0.000363
455    0.000362
456    0.000524
457    0.001018
458    0.000682
459    0.000313
460    0.000588
461    0.000634
462    0.000528
463    0.000705
464    0.000703
465    0.000621
466    0.000400
467    0.000525
468    0.000608
469    0.000684
470    0.000477
471    0.000311
472    0.000439
473    0.000311
474    0.000961
475    0.000396
476    0.000560
477    0.000399
478    0.000634
479    0.000471
480    0.000189
481    0.000511
482    0.000560
483    0.000529
484    0.000476
485    0.000304
486    0.000491
487    0.000589
488    0.000474
489    0.000542
490    0.000289
491    0.000848
492    0.000321
493    0.000632
494    0.000488
495    0.000373
496    0.000170
497    0.000525
498    0.000295
499    0.000452
500    0.000704
501    0.000330
502    0.000545
503    0.000328
504    0.000494
505    0.000293
506    0.000288
507    0.000334
508    0.000305
509    0.000939
510    0.000732
511    0.000255
512    0.000439
513    0.000228
514    0.000633
515    0.000624
516    0.000665
517    0.000217
518    0.000482
519    0.000353
520    0.000635
521    0.000645
522    0.000474
523    0.000521
524    0.000631
525    0.000605
526    0.000248
527    0.000550
528    0.000592
529    0.000503
530    0.000665
531    0.000260
532    0.000473
533    0.000536
534    0.000423
535    0.000423
536    0.000476
537    0.000515
538    0.000610
539    0.000749
540    0.000435
541    0.000349
542    0.000651
543    0.000573
544    0.000513
545    0.000358
546    0.000583
547    0.000650
548    0.000668
549    0.000278
550    0.000454
551    0.000355
552    0.000299
553    0.000474
554    0.000363
555    0.000324
556    0.000376
557    0.000289
558    0.000190
559    0.000668
560    0.000544
561    0.000120
562    0.000347
563    0.000317
564    0.000427
565    0.000263
566    0.000501
567    0.000438
568    0.000286
569    0.000350
570    0.000445
571    0.000310
572    0.000368
573    0.000210
574    0.000626
575    0.000317
576    0.000241
577    0.000360
578    0.000172
579    0.000297
580    0.000190
581    0.000196
582    0.000272
583    0.000378
584    0.000249
585    0.000305
586    0.000412
587    0.000180
588    0.000351
589    0.000440
590    0.000429
591    0.000333
592    0.000393
593    0.000548
594    0.000442
595    0.000215
596    0.000369
597    0.000249
598    0.000291
599    0.000271
600    0.000303
601    0.000358
602    0.000324
603    0.000397
604    0.000304
605    0.000518
606    0.000326
607    0.000443
608    0.000697
609    0.000442
610    0.000286
611    0.000439
612    0.000608
613    0.000187
614    0.000375
615    0.000376
616    0.000256
617    0.000391
618    0.000371
619    0.000422
620    0.000240
621    0.000255
622    0.000085
623    0.000341
624    0.000493
625    0.000378
626    0.000391
627    0.000676
628    0.000597
629    0.000254
630    0.000285
631    0.000248
632    0.000238
633    0.000344
634    0.000376
635    0.000195
636    0.000395
637    0.000562
638    0.000227
639    0.000261
640    0.000298
641    0.000331
642    0.000354
643    0.000202
644    0.000211
645    0.000155
646    0.000275
647    0.000502
648    0.000567
649    0.000319
650    0.000351
651    0.000276
652    0.000377
653    0.000377
654    0.000258
655    0.000273
656    0.000262
657    0.000302
658    0.000340
659    0.000149
660    0.000253
661    0.000430
662    0.000386
663    0.000350
664    0.000400
665    0.000254
666    0.000234
667    0.000242
668    0.000235
669    0.000422
670    0.000318
671    0.000367
672    0.000276
673    0.000374
674    0.000283
675    0.000288
676    0.000308
677    0.000273
678    0.000226
679    0.000372
680    0.000346
681    0.000401
682    0.000437
683    0.000275
684    0.000164
685    0.000378
686    0.000296
687    0.000418
688    0.000271
689    0.000425
690    0.000214
691    0.000460
692    0.000194
693    0.000285
694    0.000414
695    0.000271
696    0.000219
697    0.000233
698    0.000371
699    0.000423
700    0.000160
701    0.000189
702    0.000231
703    0.000297
704    0.000334
705    0.000247
706    0.000220
707    0.000250
708    0.000339
709    0.000098
710    0.000248
711    0.000361
712    0.000255
713    0.000190
714    0.000156
715    0.000173
716    0.000290
717    0.000247
718    0.000252
719    0.000384
720    0.000409
721    0.000310
722    0.000193
723    0.000406
724    0.000260
725    0.000245
726    0.000211
727    0.000354
728    0.000342
729    0.000215
730    0.000497
731    0.000280
732    0.000376
733    0.000340
734    0.000396
735    0.000241
736    0.000425
737    0.000330
738    0.000169
739    0.000201
740    0.000462
741    0.000301
742    0.000389
743    0.000351
744    0.000400
745    0.000340
746    0.000228
747    0.000222
748    0.000244
749    0.000151
750    0.000279
751    0.000155
752    0.000226
753    0.000168
754    0.000175
755    0.000270
756    0.000161
757    0.000192
758    0.000305
759    0.000309
760    0.000380
761    0.000210
762    0.000160
763    0.000117
764    0.000360
765    0.000262
766    0.000217
767    0.000509
768    0.000450
769    0.000120
770    0.000419
771    0.000159
772    0.000368
773    0.000326
774    0.000099
775    0.000238
776    0.000222
777    0.000319
778    0.000232
779    0.000517
780    0.000134
781    0.000054
782    0.000098
783    0.000248
784    0.000213
785    0.000093
786    0.000192
787    0.000187
788    0.000320
789    0.000297
790    0.000276
791    0.000352
792    0.000263
793    0.000360
794    0.000519
795    0.000464
796    0.000251
797    0.000349
798    0.000271
799    0.000311
800    0.000132
801    0.000306
802    0.000108
803    0.000166
804    0.000248
805    0.000171
806    0.000190
807    0.000135
808    0.000123
809    0.000038
810    0.000140
811    0.000237
812    0.000050
813    0.000204
814    0.000539
815    0.000157
816    0.000112
817    0.000240
818    0.000085
819    0.000043
820    0.000468
821    0.000396
822    0.000199
823    0.000377
824    0.000625
825    0.000673
