  1    0.057868
  2    0.024686
  3    0.024061
  4    0.023679
  5    0.112801
  6    0.059421
  7    0.020020
  8    0.008869
  9    0.027472
 10    0.020495
 11    0.009460
 12    0.004786
 13    0.008953
 14    0.016950
 15    0.002931
 16    0.009949
 17    0.006236
 18    0.003957
 19    0.007566
 20    0.007011
 21    0.002288
 22    0.005124
 23    0.005151
 24    0.005857
 25    0.008228
 26    0.006179
 27    0.007453
 28    0.002812
 29    0.005039
 30    0.002255
 31    0.006366
 32    0.003760
 33    0.002889
 34    0.003343
 35    0.003429
 36    0.002624
 37    0.002825
 38    0.003555
 39    0.004526
 40    0.004431
 41    0.004834
 42    0.002843
 43    0.005381
 44    0.001466
 45    0.002421
 46    0.003325
 47    0.002151
 48    0.003696
 49    0.003464
 50    0.003580
 51    0.002680
 52    0.002859
 53    0.002641
 54    0.002431
 55    0.002600
 56    0.001875
 57    0.003226
 58    0.002190
 59    0.001081
 60    0.002371
 61    0.001388
 62    0.001054
 63    0.004082
 64    0.001331
 65    0.000906
 66    0.001227
 67    0.001495
 68    0.002942
 69    0.001223
 70    0.001498
 71    0.003019
 72    0.001204
 73    0.001656
 74    0.001314
 75    0.001868
 76    0.000298
 77    0.001000
 78    0.002285
 79    0.001685
 80    0.000653
 81    0.001341
 82    0.001776
 83    0.001346
 84    0.002144
 85    0.001603
 86    0.001963
 87    0.001683
 88    0.001635
 89    0.001794
 90    0.001422
 91    0.001613
 92    0.001393
 93    0.001175
 94    0.001023
 95    0.001634
 96    0.001298
 97    0.001989
 98    0.002319
 99    0.000752
100    0.001891
101    0.001136
102    0.002128
103    0.001389
104    0.001323
105    0.001511
106    0.001791
107    0.000991
108    0.002241
109    0.000303
110    0.001038
111    0.000818
112    0.000492
113    0.001097
114    0.000506
115    0.001533
116    0.002097
117    0.000134
118    0.001680
119    0.000857
120    0.000705
121    0.001434
122    0.003161
123    0.001172
124    0.000803
125    0.003717
126    0.001099
127    0.002232
128    0.000911
129    0.001565
130    0.001139
131    0.001939
132    0.003774
133    0.001209
134    0.001740
135    0.000918
136    0.000767
137    0.000758
138    0.000746
139    0.001878
140    0.001194
141    0.000995
142    0.002134
143    0.001148
144    0.001702
145    0.000837
146    0.000795
147    0.001377
148    0.000736
149    0.000796
150    0.001179
151    0.001444
152    0.001073
153    0.000454
154    0.001163
155    0.001168
156    0.000985
157    0.000788
158    0.000446
159    0.000852
160    0.000854
161    0.000456
162    0.000718
163    0.000680
164    0.000421
165    0.000902
166    0.000901
167    0.000535
168    0.000471
169    0.001177
170    0.001276
171    0.001494
172    0.000973
173    0.001070
174    0.000838
175    0.000482
176    0.000628
177    0.001221
178    0.000913
179    0.001248
180    0.001211
181    0.000764
182    0.000503
183    0.000923
184    0.000320
185    0.000798
186    0.001620
187    0.000838
188    0.000845
189    0.000961
190    0.000803
191    0.001288
192    0.000532
193    0.001141
194    0.000742
195    0.000475
196    0.001107
197    0.000515
198    0.000520
199    0.000625
200    0.000896
201    0.001211
202    0.000942
203    0.000491
204    0.000871
205    0.000510
206    0.000849
207    0.001095
208    0.000716
209    0.000434
210    0.000946
211    0.000786
212    0.000697
213    0.000773
214    0.000716
215    0.000737
216    0.000811
217    0.000548
218    0.000523
219    0.000895
220    0.000515
221    0.000689
222    0.000517
223    0.000668
224    0.000366
225    0.000444
226    0.000848
227    0.000696
228    0.000361
229    0.000445
230    0.000852
231    0.000287
232    0.000664
233    0.001534
234    0.000360
235    0.000824
236    0.000891
237    0.000864
238    0.001005
239    0.000746
240    0.000380
241    0.000753
242    0.000604
243    0.000162
244    0.000467
245    0.000394
246    0.000681
247    0.000683
248    0.000713
249    0.000713
250    0.000297
251    0.000358
252    0.000909
253    0.000744
254    0.000457
255    0.001040
256    0.000715
257    0.000340
258    0.000937
259    0.000635
260    0.000880
261    0.000844
262    0.000290
263    0.000830
264    0.000649
265    0.000463
266    0.000606
267    0.000454
268    0.000678
269    0.000560
270    0.000639
271    0.000482
272    0.000406
273    0.000400
274    0.000836
275    0.000358
276    0.000568
277    0.000893
278    0.000425
279    0.000365
280    0.000633
281    0.000556
282    0.000604
283    0.000373
284    0.000444
285    0.000468
286    0.000677
287    0.000591
288    0.000503
289    0.000798
290    0.000711
291    0.000867
292    0.000726
293    0.000397
294    0.000608
295    0.000129
296    0.000421
297    0.000373
298    0.000726
299    0.000428
300    0.000321
301    0.000313
302    0.000341
303    0.000746
304    0.000672
305    0.000553
306    0.000385
307    0.000286
308    0.000753
309    0.000288
310    0.000403
311    0.000211
312    0.000486
313    0.000480
314    0.000770
315    0.000985
316    0.000195
317    0.000345
318    0.000348
319    0.000249
320    0.000449
321    0.000352
322    0.000526
323    0.000661
324    0.000657
325    0.000499
326    0.000603
327    0.000444
328    0.000397
329    0.000748
330    0.000334
331    0.000531
332    0.000529
333    0.000374
334    0.000584
335    0.000216
336    0.000640
337    0.000418
338    0.000291
339    0.000463
340    0.000546
341    0.000744
342    0.000383
343    0.000165
344    0.000525
345    0.000486
346    0.000389
347    0.000859
348    0.000441
349    0.000493
350    0.000507
351    0.000460
352    0.000077
353    0.000685
354    0.000415
355    0.000690
356    0.000324
357    0.000685
358    0.000435
359    0.000430
360    0.000297
361    0.000444
362    0.000576
363    0.000407
364    0.000482
365    0.000604
366    0.000341
367    0.000544
368    0.000567
369    0.000347
370    0.000298
371    0.000937
372    0.000561
373    0.000456
374    0.000907
375    0.000547
376    0.000167
377    0.000577
378    0.000335
379    0.000293
380    0.000553
381    0.000514
382    0.000319
383    0.000503
384    0.000317
385    0.000531
386    0.000580
387    0.000483
388    0.000296
389    0.000227
390    0.000474
391    0.000288
392    0.000374
393    0.000398
394    0.000462
395    0.000614
396    0.000349
397    0.000223
398    0.000790
399    0.000158
400    0.000378
401    0.000289
402    0.000418
403    0.000372
404    0.000723
405    0.000411
406    0.000308
407    0.000865
408    0.000558
409    0.000223
410    0.000759
411    0.000247
412    0.000742
413    0.000372
414    0.000194
415    0.000246
416    0.000563
417    0.000349
418    0.000523
419    0.000447
420    0.000317
421    0.000274
422    0.000164
423    0.000487
424    0.000382
425    0.000324
426    0.000343
427    0.000513
428    0.000660
429    0.000377
430    0.000188
431    0.000346
432    0.000471
433    0.000525
434    0.000522
435    0.000408
436    0.000297
437    0.000351
438    0.000608
439    0.000385
440    0.000653
441    0.000098
442    0.000278
443    0.000213
444    0.000447
445    0.000421
446    0.000544
447    0.000329
448    0.000377
449    0.000367
450    0.000296
451    0.000132
452    0.000492
453    0.000344
454    0.000203
455    0.000297
456    0.000341
457    0.000388
458    0.000255
459    0.000214
460    0.000221
461    0.000333
462    0.000328
463    0.000457
464    0.000139
465    0.000322
466    0.000342
467    0.000232
468    0.000629
469    0.000519
470    0.000446
471    0.000492
472    0.000337
473    0.000566
474    0.000246
475    0.000693
476    0.000277
477    0.000340
478    0.000449
479    0.000146
480    0.000240
481    0.000483
482    0.000419
483    0.000494
484    0.000181
485    0.000073
486    0.000597
487    0.000210
488    0.000314
489    0.000391
490    0.000346
491    0.000303
492    0.000462
493    0.000271
494    0.000340
495    0.000500
496    0.000155
497    0.000521
498    0.000384
499    0.000343
500    0.000346
501    0.000358
502    0.000511
503    0.000189
504    0.000601
505    0.000286
506    0.000178
507    0.000314
508    0.000344
509    0.000244
510    0.000298
511    0.000333
512    0.000375
513    0.000239
514    0.000562
515    0.000252
516    0.000196
517    0.000221
518    0.000584
519    0.000138
520    0.000285
521    0.000322
522    0.000267
523    0.000093
524    0.000232
525    0.000203
526    0.000226
527    0.000179
528    0.000343
529    0.000383
530    0.000420
531    0.000370
532    0.000180
533    0.000433
534    0.000478
535    0.000331
536    0.000156
537    0.000351
538    0.000521
539    0.000329
540    0.000383
541    0.000222
542    0.000293
543    0.000243
544    0.000261
545    0.000204
546    0.000416
547    0.000426
548    0.000169
549    0.000260
550    0.000401
551    0.000259
552    0.000408
553    0.000244
554    0.000102
555    0.000259
556    0.000279
557    0.000438
558    0.000170
559    0.000320
560    0.000334
561    0.000223
562    0.000279
563    0.000201
564    0.000273
565    0.000450
566    0.000332
567    0.000221
568    0.000144
569    0.000249
570    0.000357
571    0.000381
572    0.000171
573    0.000213
574    0.000269
575    0.000151
576    0.000141
577    0.000225
578    0.000213
579    0.000205
580    0.000172
581    0.000416
582    0.000221
583    0.000088
584    0.000392
585    0.000297
586    0.000408
587    0.000171
588    0.000238
589    0.000270
590    0.000280
591    0.000129
592    0.000244
593    0.000267
594    0.000201
595    0.000346
596    0.000194
597    0.000333
598    0.000146
599    0.000204
600    0.000240
601    0.000246
602    0.000177
603    0.000314
604    0.000294
605    0.000279
606    0.000208
607    0.000263
608    0.000217
609    0.000238
610    0.000187
611    0.000297
612    0.000194
613    0.000269
614    0.000426
615    0.000194
616    0.000223
617    0.000276
618    0.000111
619    0.000152
620    0.000194
621    0.000435
622    0.000171
623    0.000180
624    0.000177
625    0.000323
626    0.000084
627    0.000338
628    0.000191
629    0.000137
630    0.000349
631    0.000098
632    0.000226
633    0.000210
634    0.000204
635    0.000347
636    0.000227
637    0.000338
638    0.000280
639    0.000277
640    0.000125
641    0.000183
642    0.000111
643    0.000195
644    0.000133
645    0.000120
646    0.000407
647    0.000361
648    0.000217
649    0.000264
650    0.000183
651    0.000206
652    0.000148
653    0.000361
654    0.000496
655    0.000281
656    0.000256
657    0.000235
658    0.000266
659    0.000105
660    0.000270
661    0.000257
662    0.000125
663    0.000234
664    0.000068
665    0.000207
666    0.000144
667    0.000242
668    0.000132
669    0.000263
670    0.000310
671    0.000204
672    0.000358
673    0.000156
674    0.000144
675    0.000166
676    0.000175
677    0.000126
678    0.000200
679    0.000272
680    0.000367
681    0.000281
682    0.000090
683    0.000192
684    0.000194
685    0.000344
686    0.000217
687    0.000215
688    0.000338
689    0.000250
690    0.000231
691    0.000077
692    0.000105
693    0.000198
694    0.000203
695    0.000169
696    0.000198
697    0.000169
698    0.000187
699    0.000253
700    0.000202
701    0.000178
702    0.000111
703    0.000204
704    0.000139
705    0.000141
706    0.000190
707    0.000239
708    0.000300
709    0.000195
710    0.000219
711    0.000173
712    0.000147
713    0.000270
714    0.000207
715    0.000305
716    0.000125
717    0.000113
718    0.000191
719    0.000197
720    0.000179
721    0.000261
722    0.000128
723    0.000202
724    0.000255
725    0.000188
726    0.000124
727    0.000283
728    0.000262
729    0.000162
730    0.000372
731    0.000314
732    0.000388
733    0.000159
734    0.000261
735    0.000265
736    0.000229
737    0.000403
738    0.000545
739    0.000181
740    0.000135
741    0.000058
742    0.000241
743    0.000118
744    0.000239
745    0.000087
746    0.000356
747    0.000124
748    0.000102
749    0.000108
750    0.000238
751    0.000141
752    0.000137
753    0.000175
754    0.000377
755    0.000274
756    0.000084
757    0.000166
758    0.000266
759    0.000163
760    0.000109
761    0.000224
762    0.000140
763    0.000180
764    0.000166
765    0.000209
766    0.000184
767    0.000262
768    0.000190
769    0.000103
770    0.000141
771    0.000090
772    0.000084
773    0.000291
774    0.000202
775    0.000167
776    0.000088
777    0.000264
778    0.000162
779    0.000182
780    0.000207
781    0.000251
782    0.000134
783    0.000111
784    0.000138
785    0.000231
786    0.000236
787    0.000258
788    0.000134
789    0.000379
790    0.000151
791    0.000117
792    0.000057
793    0.000215
794    0.000167
795    0.000113
796    0.000173
797    0.000080
798    0.000161
799    0.000248
800    0.000350
801    0.000096
802    0.000130
803    0.000184
804    0.000089
805    0.000037
806    0.000133
807    0.000211
808    0.000176
809    0.000185
810    0.000247
811    0.000099
812    0.000358
813    0.000079
814    0.000103
815    0.000339
816    0.000121
817    0.000261
818    0.000143
819    0.000146
820    0.000140
821    0.000130
822    0.000149
823    0.000198
824    0.000056
825    0.000506
