    1  16.34   0.000
    2   8.57   0.000
    3  10.06   0.000
    4   8.91   0.000
    5   5.49   0.000
    6   8.35   0.000
    7   8.52   0.000
    8  12.70   0.000
    9   9.53   0.000
   10   7.29   0.000
   11  10.59   0.000
   12  10.14   0.000
   13  14.14   0.000
   14  17.01   0.000
   15  13.77   0.140
   16  10.78   0.000
   17  20.11   0.040
   18  27.95   0.740
   19  46.07   0.680
   20  51.86   2.230
   21  25.47   1.040
   22  18.13   1.960
   23  15.47   0.960
   24   9.98   0.960
   25   7.92   0.100
   26   5.71   0.000
   27   6.62   0.000
   28   7.05   0.000
   29   5.35   0.000
   30  12.95   0.000
   31  15.29   0.000
   32  23.10   0.000
   33  56.07   0.000
   34  50.01   0.000
   35  51.87   0.000
   36  31.20   0.000
   37  16.29   0.000
   38  10.64   0.000
   39   6.61   0.000
   40   3.74   0.000
   41   4.10   0.010
   42   4.63   0.010
   43   8.06   2.250
   44   7.43  31.130
   45   8.20 143.710
   46   9.29 244.660
   47  14.45 272.790
   48  12.34 258.940
   49  18.44 130.690
   50  13.95  12.620
   51  15.33   2.860
   52  13.22   1.380
   53   8.54   1.250
   54   6.83   1.190
   55   9.39   1.390
   56   6.83   1.480
   57   4.97   1.370
   58   5.45   0.980
   59   5.17   0.260
   60   4.24   0.350
   61   3.99   0.230
   62   5.80   0.000
   63   4.08   0.000
   64   3.30   0.000
   65   4.05   0.000
   66   6.31   0.000
   67   4.82   0.000
   68   5.59   0.000
   69   5.53   0.000
   70   5.41   0.000
   71   3.29   0.000
   72   3.36   0.000
   73   3.35   0.000
   74   3.76   0.000
   75   3.74   0.000
   76   3.83   0.000
   77   4.31   0.000
   78   3.90   0.060
   79   5.05   0.050
   80   9.14   0.050
   81  16.52   0.170
   82  21.01   0.350
   83  10.15   5.960
   84   6.07   0.870
   85   4.10   0.440
   86   3.37   0.850
   87   3.36   0.070
   88   4.13   0.000
   89   4.81   0.000
   90   5.05   0.000
   91   5.35   0.000
   92   6.94   0.000
   93   6.41   0.000
   94   5.84   0.000
   95   4.77   0.000
   96   3.58   0.000
   97   4.74   0.000
   98   5.83   0.000
   99   5.29   0.000
  100   4.67   0.000
  101   6.03   0.000
  102   9.42   0.000
  103  11.38   0.000
  104   7.69   0.000
  105  15.82   0.000
  106  18.57   0.000
  107   7.75   0.000
  108  10.13   0.000
  109   4.71   0.000
  110   5.18   0.000
  111   6.21   0.000
  112   3.70   0.000
  113   3.05   0.000
  114   4.01   0.000
  115   3.21   0.000
  116   3.06   0.000
  117   4.18   0.000
  118   3.87   0.000
  119   2.56   0.000
  120   3.05   0.000
  121   3.41   0.000
  122   3.75   0.000
  123   2.52   0.000
  124   3.80   0.000
  125   4.09   0.000
  126   3.49   0.000
  127   3.65   0.000
  128   8.14   0.000
  129   5.61   0.000
  130   5.79   0.000
  131   3.44   0.050
  132   3.07   0.270
  133   2.94   0.130
  134   3.19   2.840
  135   3.45   0.180
  136   2.63   0.000
  137   3.26   0.000
  138   3.62   0.000
  139   4.28   0.000
  140   4.47   0.000
  141   3.31   0.000
  142   3.63   0.000
  143   4.07   0.000
  144   4.65   0.000
  145   8.50   0.000
  146   5.74   0.000
  147   7.32   0.000
  148   5.17   0.000
  149   3.45   0.000
  150   3.33   0.000
  151   2.76   0.000
  152   3.85   0.000
  153   3.96   0.000
  154   3.41   0.000
  155   4.59   1.030
  156   4.76   0.620
  157   4.16   0.320
  158   4.74   0.170
  159   4.93   0.150
  160   5.14   0.070
  161   7.99   0.060
  162  11.49  10.250
  163  12.91 100.230
  164  26.91 245.750
  165  29.33 249.290
  166  20.59 214.520
  167  21.89 118.190
  168  25.21 140.460
  169  23.44  34.590
  170  25.28  55.820
  171  12.42  15.960
  172  23.07  15.820
  173  33.23   9.500
  174  10.21   1.090
  175   7.49   0.050
  176   6.05   0.090
  177   5.20   0.000
  178   3.53   0.000
  179   3.17   0.000
  180   2.89   0.000
  181   4.03   0.000
  182   5.66   0.000
  183   5.69   0.000
  184   6.17   0.000
  185  12.79   0.000
  186  14.84   0.000
  187  11.02   0.270
  188   8.80   0.160
  189   4.38   0.280
  190   3.44   0.060
  191   3.02   0.000
  192   3.19   0.000
  193   2.68   0.000
  194   2.60   0.000
  195   2.31   0.000
  196   2.62   0.000
  197   2.61   0.000
  198   2.32   0.000
  199   2.87   0.000
  200   2.65   0.000
  201   2.76   0.000
  202   2.73   0.000
  203   2.97   0.000
  204   3.44   0.000
  205   3.09   0.000
  206   3.36   0.000
  207   4.32   0.000
  208   4.22   0.000
  209   4.24   0.000
  210   6.71   0.000
  211  10.34   0.000
  212   5.85   0.000
  213   8.35   0.000
  214  20.46   0.000
  215  29.36   0.000
  216  12.77   0.000
  217  14.01   0.000
  218   9.95   0.030
  219  12.87   0.000
  220  12.42   0.000
  221   7.46   0.000
  222   7.48   0.000
  223   9.97   0.000
  224   9.75   0.000
  225   7.26   0.000
  226   9.96   0.000
  227  16.28   0.000
  228  10.69   0.000
  229  14.94   0.000
  230   7.93   0.000
  231   5.62   0.000
  232   7.06   0.000
  233   5.04   0.000
  234   4.64   0.000
  235   8.25   0.000
  236   5.89   0.000
  237   5.27   0.000
  238   6.37   0.000
  239   6.12   0.000
  240   5.81   0.000
  241   3.65   0.000
  242   3.78   0.000
  243   6.84   0.000
  244   4.41   0.000
  245   2.88   0.000
  246   3.93   0.000
  247   4.80   0.000
  248   2.83   0.000
  249   2.80   0.000
  250   4.86   0.000
  251   5.78   0.000
  252   7.14   0.000
  253   3.95   0.000
  254   6.38   0.000
  255   6.53   0.000
  256   3.81   0.000
  257   3.85   0.000
  258   3.92   0.000
  259   3.14   0.000
  260   4.66   0.000
  261   5.71   0.000
  262   2.93   0.000
  263   4.39   0.000
  264   5.86   0.000
  265   4.33   0.000
  266   3.53   0.000
  267   5.05   0.000
  268   9.02   0.000
  269   4.59   0.000
  270   4.40   0.000
  271   8.09   0.000
  272   8.21   0.000
  273   5.42   0.000
  274   7.50   0.000
  275   8.06   0.000
  276   5.15   0.000
  277   4.60   0.000
