  1    0.085484
  2    0.162177
  3    0.042701
  4    0.046698
  5    0.035088
  6    0.032970
  7    0.016642
  8    0.017746
  9    0.009569
 10    0.018793
 11    0.013076
 12    0.010455
 13    0.009236
 14    0.005519
 15    0.008672
 16    0.006932
 17    0.003914
 18    0.009521
 19    0.002964
 20    0.004646
 21    0.004433
 22    0.008971
 23    0.006735
 24    0.007344
 25    0.006322
 26    0.004478
 27    0.005729
 28    0.005666
 29    0.004671
 30    0.004832
 31    0.006149
 32    0.003542
 33    0.003681
 34    0.002617
 35    0.004755
 36    0.003526
 37    0.004717
 38    0.003072
 39    0.005894
 40    0.003529
 41    0.002632
 42    0.005345
 43    0.004036
 44    0.002212
 45    0.002825
 46    0.003743
 47    0.002266
 48    0.002956
 49    0.002301
 50    0.003790
 51    0.003442
 52    0.003360
 53    0.002245
 54    0.003341
 55    0.001974
 56    0.002127
 57    0.003157
 58    0.002211
 59    0.002602
 60    0.002289
 61    0.000876
 62    0.001281
 63    0.001131
 64    0.001704
 65    0.001547
 66    0.001776
 67    0.001350
 68    0.001790
 69    0.001847
 70    0.002060
 71    0.001668
 72    0.001974
 73    0.001611
 74    0.001150
 75    0.001267
 76    0.001491
 77    0.002337
 78    0.001062
 79    0.002240
 80    0.002586
 81    0.001631
 82    0.001824
 83    0.002659
 84    0.002230
 85    0.001983
 86    0.002076
 87    0.001426
 88    0.001097
 89    0.000694
 90    0.001191
 91    0.001418
 92    0.001546
 93    0.001601
 94    0.001562
 95    0.000929
 96    0.001485
 97    0.001245
 98    0.001410
 99    0.001320
100    0.002380
101    0.001450
102    0.001170
103    0.001376
104    0.000971
105    0.001021
106    0.000836
107    0.001902
108    0.001272
109    0.000860
110    0.001001
111    0.001481
112    0.001505
113    0.001343
114    0.001911
115    0.001338
116    0.001128
117    0.000662
118    0.000915
119    0.001287
120    0.000988
121    0.000986
122    0.001192
123    0.001057
124    0.001254
125    0.001531
126    0.001308
127    0.001854
128    0.001595
129    0.001013
130    0.001379
131    0.001692
132    0.000925
133    0.001802
134    0.001453
135    0.000891
136    0.000867
137    0.001354
138    0.002004
139    0.001228
140    0.000680
141    0.001098
142    0.000939
143    0.000877
144    0.001746
145    0.001165
146    0.001593
147    0.000895
148    0.000992
149    0.001232
150    0.000798
151    0.000808
152    0.001074
153    0.001378
154    0.000813
155    0.001197
156    0.001224
157    0.001109
158    0.001482
159    0.000893
160    0.001578
161    0.001366
162    0.000829
163    0.000573
164    0.000495
165    0.000938
166    0.000922
167    0.001584
168    0.000629
169    0.001087
170    0.000896
171    0.001364
172    0.001346
173    0.001041
174    0.000785
175    0.001004
176    0.000680
177    0.000520
178    0.000693
179    0.000590
180    0.000897
181    0.001146
182    0.001014
183    0.000833
184    0.000609
185    0.000685
186    0.001156
187    0.000746
188    0.000773
189    0.000703
190    0.000557
191    0.000740
192    0.001093
193    0.000984
194    0.000709
195    0.000648
196    0.000860
197    0.000755
198    0.000597
199    0.000633
200    0.000601
201    0.000750
202    0.000461
203    0.001114
204    0.000663
205    0.000962
206    0.001066
207    0.000823
208    0.000770
209    0.000614
210    0.000871
211    0.000895
212    0.000998
213    0.000757
214    0.000307
215    0.000368
216    0.000443
217    0.000564
218    0.000584
219    0.000692
220    0.000456
221    0.001066
222    0.000520
223    0.000738
224    0.000609
225    0.000408
226    0.000559
227    0.000816
228    0.000828
229    0.000424
230    0.000482
231    0.000950
232    0.000622
233    0.000831
234    0.000795
235    0.000606
236    0.000839
237    0.000665
238    0.000622
239    0.000998
240    0.000473
241    0.000663
242    0.000795
243    0.000607
244    0.001003
245    0.000726
246    0.000914
247    0.000825
248    0.000557
249    0.000577
250    0.000511
251    0.000429
252    0.000516
253    0.000744
254    0.000955
255    0.000777
256    0.000517
257    0.000790
258    0.000961
259    0.000649
260    0.000619
261    0.000691
262    0.000868
263    0.000549
264    0.000436
265    0.000804
266    0.000576
267    0.000485
268    0.000498
269    0.000474
270    0.000432
271    0.000506
272    0.000754
273    0.000500
274    0.000704
275    0.000535
276    0.000632
277    0.000678
278    0.000555
279    0.000420
280    0.000901
281    0.000525
282    0.000405
283    0.000841
284    0.000536
285    0.000378
286    0.000548
287    0.000457
288    0.000480
289    0.000615
290    0.000579
291    0.000429
292    0.000512
293    0.000246
294    0.000665
295    0.000323
296    0.000659
297    0.000866
298    0.000679
299    0.000822
300    0.000301
301    0.000289
302    0.000254
303    0.000400
304    0.000405
305    0.000401
306    0.000627
307    0.000353
308    0.000392
309    0.000359
310    0.000254
311    0.000451
312    0.000809
313    0.000541
314    0.000420
315    0.000564
316    0.000786
317    0.000476
318    0.000510
319    0.000371
320    0.000452
321    0.000528
322    0.000507
323    0.000690
324    0.000402
325    0.000434
326    0.000460
327    0.000352
328    0.000554
329    0.000501
330    0.000424
331    0.000350
332    0.000476
333    0.000249
334    0.000380
335    0.000342
336    0.000462
337    0.000420
338    0.000569
339    0.000449
340    0.000406
341    0.000376
342    0.000346
343    0.000682
344    0.000585
345    0.000503
346    0.000557
347    0.000627
348    0.000479
349    0.000258
350    0.000480
351    0.000404
352    0.000411
353    0.000722
354    0.000320
355    0.000442
356    0.000459
357    0.000494
358    0.000468
359    0.000457
360    0.000420
361    0.000483
362    0.000371
363    0.000353
364    0.000206
365    0.000298
366    0.000376
367    0.000645
368    0.000335
369    0.000329
370    0.000379
371    0.000297
372    0.000395
373    0.000465
374    0.000267
375    0.000268
376    0.000343
377    0.000358
378    0.000295
379    0.000254
380    0.000231
381    0.000280
382    0.000509
383    0.000258
384    0.000250
385    0.000266
386    0.000354
387    0.000397
388    0.000451
389    0.000332
390    0.000307
391    0.000344
392    0.000428
393    0.000342
394    0.000217
395    0.000303
396    0.000149
397    0.000350
398    0.000296
399    0.000208
400    0.000238
401    0.000184
402    0.000243
403    0.000143
404    0.000160
405    0.000202
406    0.000188
407    0.000206
408    0.000262
409    0.000221
410    0.000249
411    0.000284
412    0.000193
413    0.000236
414    0.000127
415    0.000394
416    0.000159
417    0.000352
418    0.000235
419    0.000190
420    0.000157
421    0.000243
422    0.000098
423    0.000205
424    0.000104
425    0.000086
426    0.000125
427    0.000163
428    0.000156
429    0.000098
430    0.000084
431    0.000075
432    0.000178
433    0.000193
434    0.000194
435    0.000185
436    0.000194
437    0.000156
438    0.000182
439    0.000110
440    0.000099
441    0.000129
442    0.000114
443    0.000106
444    0.000175
445    0.000133
446    0.000100
447    0.000114
448    0.000113
449    0.000115
450    0.000149
451    0.000149
452    0.000113
453    0.000137
454    0.000128
455    0.000132
456    0.000120
457    0.000153
458    0.000211
459    0.000135
460    0.000137
461    0.000157
462    0.000091
463    0.000183
464    0.000121
465    0.000125
466    0.000162
467    0.000139
468    0.000110
469    0.000119
470    0.000139
471    0.000115
472    0.000102
473    0.000132
474    0.000125
475    0.000180
476    0.000115
477    0.000162
478    0.000157
479    0.000133
480    0.000107
481    0.000103
482    0.000095
483    0.000145
484    0.000170
485    0.000119
486    0.000161
487    0.000109
488    0.000102
489    0.000062
490    0.000111
491    0.000070
492    0.000130
493    0.000133
494    0.000112
495    0.000112
496    0.000109
497    0.000123
498    0.000139
499    0.000139
500    0.000115
501    0.000101
502    0.000118
503    0.000112
504    0.000113
505    0.000058
506    0.000069
507    0.000063
508    0.000134
509    0.000103
510    0.000117
511    0.000118
512    0.000124
513    0.000102
514    0.000091
515    0.000079
516    0.000086
517    0.000122
518    0.000093
519    0.000096
520    0.000093
521    0.000079
522    0.000116
523    0.000110
524    0.000105
525    0.000100
526    0.000103
527    0.000117
528    0.000080
529    0.000110
530    0.000078
531    0.000047
532    0.000098
533    0.000115
534    0.000118
535    0.000071
536    0.000062
537    0.000120
538    0.000062
539    0.000074
540    0.000075
541    0.000071
542    0.000061
543    0.000090
544    0.000073
545    0.000096
546    0.000075
547    0.000066
548    0.000065
549    0.000034
550    0.000042
551    0.000027
552    0.000004
553    0.000002
554    0.000002
555    0.000003
556    0.000002
557    0.000003
558    0.000002
559    0.000002
560    0.000002
561    0.000002
562    0.000002
563    0.000003
564    0.000002
565    0.000003
566    0.000003
567    0.000003
568    0.000004
569    0.000002
570    0.000003
571    0.000002
572    0.000002
573    0.000003
574    0.000002
575    0.000002
576    0.000003
577    0.000002
578    0.000003
579    0.000002
580    0.000002
581    0.000002
582    0.000002
583    0.000001
584    0.000002
585    0.000001
586    0.000002
587    0.000002
588    0.000002
589    0.000001
590    0.000001
591    0.000002
592    0.000001
593    0.000001
594    0.000002
595    0.000002
596    0.000002
597    0.000001
598    0.000001
599    0.000001
600    0.000002
601    0.000002
602    0.000001
603    0.000001
604    0.000001
605    0.000001
606    0.000002
607    0.000001
608    0.000001
609    0.000002
610    0.000001
611    0.000001
612    0.000001
613    0.000001
614    0.000002
615    0.000001
616    0.000002
617    0.000002
618    0.000002
619    0.000002
620    0.000002
621    0.000002
622    0.000001
623    0.000001
624    0.000001
625    0.000001
626    0.000002
627    0.000001
628    0.000002
629    0.000002
630    0.000001
631    0.000002
632    0.000001
633    0.000001
634    0.000001
635    0.000001
636    0.000002
637    0.000001
638    0.000001
639    0.000002
640    0.000002
641    0.000002
642    0.000002
643    0.000002
644    0.000002
645    0.000002
646    0.000001
647    0.000002
648    0.000001
649    0.000001
650    0.000002
651    0.000002
652    0.000001
653    0.000001
654    0.000002
655    0.000002
656    0.000001
657    0.000002
658    0.000001
659    0.000002
660    0.000001
661    0.000002
662    0.000002
663    0.000002
664    0.000001
665    0.000001
666    0.000002
667    0.000002
668    0.000002
669    0.000002
670    0.000002
671    0.000002
672    0.000002
673    0.000002
674    0.000002
675    0.000002
676    0.000001
677    0.000001
678    0.000002
679    0.000002
680    0.000001
681    0.000001
682    0.000002
683    0.000001
684    0.000001
685    0.000001
686    0.000002
687    0.000001
688    0.000001
689    0.000001
690    0.000001
691    0.000002
692    0.000002
693    0.000001
694    0.000001
695    0.000001
696    0.000002
697    0.000001
698    0.000001
699    0.000002
700    0.000001
701    0.000002
702    0.000002
703    0.000001
704    0.000001
705    0.000001
706    0.000002
707    0.000001
708    0.000001
709    0.000002
710    0.000001
711    0.000001
712    0.000001
713    0.000002
714    0.000001
715    0.000002
716    0.000002
717    0.000002
718    0.000001
719    0.000001
720    0.000001
721    0.000001
722    0.000002
723    0.000001
724    0.000001
725    0.000001
726    0.000002
727    0.000002
728    0.000002
729    0.000002
730    0.000001
731    0.000001
732    0.000001
733    0.000001
734    0.000002
735    0.000002
736    0.000002
737    0.000001
738    0.000002
739    0.000002
740    0.000002
741    0.000002
742    0.000003
743    0.000002
744    0.000002
745    0.000001
746    0.000001
747    0.000001
748    0.000002
749    0.000001
750    0.000002
751    0.000001
752    0.000002
753    0.000001
754    0.000001
755    0.000003
756    0.000002
757    0.000002
758    0.000002
759    0.000002
760    0.000001
761    0.000001
762    0.000001
763    0.000001
764    0.000001
765    0.000001
766    0.000001
767    0.000001
768    0.000001
769    0.000002
770    0.000001
771    0.000002
772    0.000001
773    0.000002
774    0.000002
775    0.000001
776    0.000001
777    0.000002
778    0.000002
779    0.000001
780    0.000001
781    0.000001
782    0.000001
783    0.000002
784    0.000001
785    0.000001
786    0.000002
787    0.000002
788    0.000001
789    0.000001
790    0.000001
791    0.000001
792    0.000001
793    0.000001
794    0.000002
795    0.000002
796    0.000001
797    0.000002
798    0.000001
799    0.000001
800    0.000001
801    0.000001
802    0.000001
803    0.000001
804    0.000001
805    0.000001
806    0.000001
807    0.000001
808    0.000002
809    0.000000
810    0.000001
811    0.000001
812    0.000001
813    0.000001
814    0.000001
815    0.000001
816    0.000001
817    0.000002
818    0.000001
819    0.000002
820    0.000001
821    0.000003
822    0.000002
823    0.000001
824    0.000001
825    0.000004
