 -0.020381
  0.145193
 -0.017272
 -0.063119
  0.103619
 -0.018026
  0.228613
  0.271138
  0.078107
 -0.157410
  0.019918
 -0.342399
  0.769991
 -0.054858
  0.008885
 -0.243209
 -0.123180
  0.013870
  0.012604
 -0.007685
 -0.020488
  0.046794
 -0.023368
  0.026915
  0.016521
  0.024657
 -0.028650
 -0.005949
  0.010829
 -0.006294
  0.026255
 -0.016623
  0.009443
 -0.026246
 -0.031272
 -0.005181
  0.018215
 -0.003076
  0.003366
  0.007503
 -0.018398
  0.008877
  0.004917
  0.010311
  0.019171
  0.016917
  0.003203
 -0.012376
  0.007504
 -0.000119
 -0.006821
 -0.026290
  0.010768
 -0.000261
  0.000326
 -0.006858
  0.002730
 -0.002813
  0.013989
 -0.012852
 -0.014787
 -0.014557
  0.001076
  0.006030
  0.011621
 -0.000007
  0.006745
  0.008913
 -0.011801
 -0.008745
 -0.017051
 -0.000902
  0.002962
  0.006588
  0.005739
  0.000471
  0.001032
 -0.005202
  0.002858
  0.002522
  0.002772
 -0.001516
 -0.012289
  0.004651
  0.000878
  0.001027
  0.005973
  0.001855
  0.002957
 -0.002653
 -0.007318
  0.000269
 -0.001569
 -0.002705
 -0.003902
  0.002522
 -0.000169
  0.004905
 -0.003131
  0.003011
  0.000112
  0.008516
  0.005830
 -0.001977
  0.000799
 -0.004521
  0.005762
  0.004385
  0.001267
 -0.000388
 -0.003644
 -0.003665
  0.000577
 -0.012629
 -0.001627
  0.004532
  0.012013
 -0.009711
 -0.008130
  0.002240
  0.004385
 -0.000651
  0.003246
 -0.005860
  0.008552
 -0.012914
 -0.000449
 -0.012911
 -0.000143
 -0.000168
 -0.001074
 -0.002288
 -0.000186
  0.010222
  0.001746
  0.005348
 -0.002773
 -0.003773
  0.012517
  0.003921
 -0.001721
  0.003504
 -0.006006
 -0.005867
 -0.002321
 -0.005076
 -0.000028
  0.003819
  0.002346
  0.000270
 -0.003225
  0.005349
  0.009160
 -0.005719
 -0.002018
 -0.004025
 -0.001304
 -0.005209
 -0.007995
  0.003423
  0.000458
 -0.008968
 -0.003198
  0.011000
 -0.004693
  0.000199
 -0.003509
  0.003948
 -0.001918
  0.009685
  0.000042
 -0.001751
 -0.001502
 -0.006183
 -0.009826
  0.006257
 -0.001806
 -0.000136
  0.004866
 -0.004027
 -0.001457
 -0.000659
  0.004090
  0.002735
 -0.000027
 -0.003878
  0.001298
 -0.000649
  0.001771
 -0.002108
 -0.003380
  0.000797
  0.000121
  0.000896
  0.005183
 -0.000150
 -0.002779
  0.004447
  0.001289
 -0.003572
 -0.001851
 -0.002133
 -0.005215
 -0.003393
  0.002288
 -0.000192
  0.001305
  0.000081
  0.003333
 -0.007092
  0.000203
 -0.000231
  0.001581
  0.003531
  0.000528
 -0.001629
  0.001038
  0.003544
  0.000944
 -0.000813
  0.002295
 -0.000913
  0.001332
  0.000517
 -0.004892
  0.004700
  0.001628
  0.004659
 -0.002365
  0.000628
  0.004066
 -0.002734
  0.000198
  0.004744
  0.001490
 -0.000807
 -0.004793
 -0.006408
  0.000902
  0.009095
 -0.000618
 -0.000981
 -0.001528
  0.009419
  0.002843
  0.001529
  0.003812
 -0.010988
  0.001832
  0.002319
 -0.001882
  0.005311
 -0.001435
 -0.000770
  0.001697
 -0.001269
  0.003475
  0.001372
 -0.001075
 -0.000524
  0.000767
  0.001561
 -0.001263
 -0.002045
  0.002018
 -0.003187
 -0.000624
 -0.003185
  0.000642
  0.000256
 -0.000217
  0.000154
  0.001088
  0.001376
 -0.000227
  0.000800
 -0.004107
 -0.001027
 -0.001677
 -0.002227
  0.001356
  0.000993
 -0.000945
 -0.004732
  0.001226
 -0.004530
  0.000026
  0.004769
  0.003136
 -0.002718
  0.003909
 -0.001258
  0.000633
 -0.003880
 -0.000698
 -0.000153
  0.001654
 -0.005235
 -0.002880
 -0.001478
 -0.000406
 -0.000096
 -0.000663
 -0.000776
 -0.002684
  0.000046
  0.000676
 -0.000134
  0.001008
 -0.002647
 -0.000097
 -0.000522
 -0.000094
 -0.000212
 -0.001888
 -0.000164
  0.000506
  0.000994
  0.000078
  0.000047
 -0.000377
 -0.001463
 -0.001693
  0.000898
 -0.000817
  0.001168
 -0.001819
 -0.000130
 -0.000030
  0.000570
  0.003004
 -0.000892
 -0.000037
  0.002708
 -0.000248
  0.001050
  0.001780
 -0.000491
  0.002239
 -0.003526
  0.000984
  0.000871
 -0.000956
 -0.001731
 -0.000849
  0.002507
 -0.001118
  0.000805
  0.001955
 -0.003610
 -0.001098
 -0.001371
  0.001126
  0.000674
  0.001497
 -0.000927
  0.001221
 -0.000069
 -0.004786
 -0.000850
  0.002308
 -0.002154
  0.000674
 -0.001038
 -0.000680
 -0.000671
  0.000622
  0.001299
 -0.002583
 -0.002159
  0.000763
 -0.001716
 -0.000296
  0.001733
 -0.001170
  0.002814
  0.002751
  0.000947
 -0.001356
  0.000917
  0.001558
 -0.000162
 -0.000546
 -0.000223
 -0.001537
 -0.002023
  0.000063
 -0.000665
 -0.001183
  0.001837
 -0.000507
 -0.000139
 -0.001660
  0.000196
  0.001040
  0.001468
  0.001323
  0.000449
 -0.002492
  0.003706
  0.000126
  0.001198
  0.001927
  0.000439
  0.002026
  0.000314
 -0.001603
  0.000339
 -0.000695
  0.000623
 -0.000098
  0.001815
 -0.000217
  0.000531
  0.002216
  0.002275
 -0.002208
 -0.001700
  0.000953
  0.000371
 -0.001294
  0.001213
 -0.002139
  0.002027
  0.002083
 -0.002491
  0.001503
  0.003261
  0.002134
 -0.002081
 -0.000493
 -0.000921
 -0.001359
 -0.001796
  0.003123
  0.002928
  0.000627
  0.001238
  0.000807
  0.000590
 -0.000611
 -0.000974
  0.002337
  0.000636
 -0.000880
 -0.000733
 -0.000589
  0.001905
  0.001379
  0.002772
 -0.002556
  0.000131
  0.000613
 -0.000753
 -0.002758
  0.000083
  0.001321
  0.001058
 -0.000500
  0.000224
  0.001779
 -0.002460
 -0.000421
  0.000802
  0.002061
 -0.000511
 -0.000256
  0.000872
  0.002156
  0.000266
 -0.000780
  0.001774
 -0.001428
 -0.001557
 -0.001209
  0.001416
  0.000419
  0.002605
  0.002292
 -0.001490
 -0.001276
  0.000261
 -0.002072
 -0.002427
  0.001025
 -0.000287
 -0.002412
 -0.001009
  0.003347
 -0.002125
 -0.002068
 -0.001072
 -0.001371
 -0.001954
  0.000006
 -0.000168
 -0.004280
  0.000916
  0.000486
  0.000068
 -0.001701
  0.000688
  0.000834
  0.000407
  0.000562
  0.001014
  0.000060
 -0.000648
  0.002635
  0.000647
 -0.002139
 -0.001174
 -0.001096
  0.000228
  0.000955
  0.002817
 -0.000461
 -0.000733
 -0.001388
 -0.000641
  0.000422
 -0.000859
 -0.000552
 -0.000375
 -0.000017
 -0.000978
  0.000291
 -0.000758
 -0.001261
 -0.002559
  0.001720
 -0.001034
  0.001975
 -0.000990
 -0.002682
 -0.002049
 -0.000209
 -0.000882
  0.001266
  0.001522
  0.000798
 -0.000091
 -0.000717
 -0.001263
  0.001635
 -0.000484
  0.002059
  0.000272
  0.000593
 -0.000152
  0.000999
 -0.000872
 -0.001075
 -0.000621
  0.000305
 -0.000415
  0.000011
  0.000321
  0.000562
 -0.000126
  0.000338
 -0.000174
  0.001516
 -0.002762
 -0.001031
 -0.001949
 -0.001582
  0.000713
 -0.001749
 -0.003181
  0.002581
  0.000354
 -0.000185
  0.002555
 -0.000239
  0.000080
  0.000105
  0.001815
 -0.001102
 -0.001146
  0.001343
  0.000522
  0.000601
 -0.001237
 -0.000383
  0.001871
 -0.000109
 -0.000444
 -0.000565
 -0.001410
 -0.001131
 -0.000860
 -0.002403
 -0.000842
  0.000148
 -0.001066
 -0.002496
  0.002796
 -0.001270
 -0.000298
  0.000706
 -0.000245
  0.001002
  0.000710
 -0.001727
 -0.000198
  0.000845
  0.000739
 -0.000693
  0.003107
 -0.001297
  0.000274
  0.000311
 -0.001921
  0.000125
 -0.000095
  0.000601
 -0.001356
  0.000323
  0.000213
  0.001653
 -0.001147
  0.001997
 -0.003167
  0.000640
  0.001912
  0.002065
 -0.002927
 -0.001006
  0.000903
  0.000457
 -0.001485
  0.001877
  0.000642
  0.000397
 -0.002489
  0.001752
  0.003273
  0.000431
 -0.001347
  0.000054
  0.000826
  0.000472
  0.000813
 -0.000208
 -0.000580
  0.001282
 -0.000121
  0.000807
  0.001144
 -0.001053
 -0.000134
 -0.001114
  0.000657
 -0.000781
 -0.000257
  0.000161
 -0.000511
  0.000372
 -0.000509
 -0.002220
 -0.000471
  0.000421
  0.000190
  0.001633
  0.000100
  0.000282
 -0.002235
  0.000827
  0.001027
 -0.000728
  0.000763
  0.000888
 -0.000071
  0.000205
 -0.000713
 -0.000593
  0.001488
 -0.001101
 -0.000304
  0.000415
  0.001406
  0.000108
 -0.001034
 -0.001064
 -0.000742
  0.001079
 -0.000351
 -0.002069
 -0.001546
 -0.001463
  0.001087
  0.000416
 -0.000934
 -0.001166
  0.001969
  0.001971
  0.000052
 -0.001514
  0.000114
 -0.000734
  0.000642
 -0.000951
  0.001834
  0.002143
 -0.000935
  0.001914
 -0.003830
  0.000065
 -0.000877
  0.004292
  0.000034
  0.000314
 -0.000646
 -0.001273
 -0.002648
 -0.000887
 -0.000790
 -0.001993
  0.001556
  0.000402
  0.000028
 -0.002917
 -0.000492
 -0.002075
  0.001549
  0.000128
 -0.000064
 -0.000655
 -0.001245
 -0.001399
 -0.000693
 -0.000239
  0.001491
  0.001415
 -0.002167
  0.001558
 -0.000739
  0.000880
 -0.001160
  0.001979
  0.000337
 -0.000132
  0.000294
 -0.000460
  0.000111
  0.000153
 -0.000670
  0.000439
 -0.001242
  0.000083
  0.000020
  0.000126
  0.000299
 -0.001047
  0.000241
  0.000356
 -0.000192
  0.001281
  0.000483
  0.000979
  0.001084
 -0.000469
  0.000151
 -0.000269
 -0.000077
 -0.000644
 -0.003372
  0.000189
  0.000713
  0.000530
  0.001304
 -0.000824
 -0.000318
 -0.000893
 -0.002012
 -0.001518
 -0.000439
 -0.000887
 -0.000976
  0.001253
  0.000476
  0.002374
  0.000762
  0.001529
  0.000109
  0.001087
 -0.002104
 -0.000010
 -0.004527
  0.002263
 -0.001091
  0.001688
 -0.010370
  0.004701
 -0.002970
 -0.006767
  0.000429
 -0.000702
 -0.000982
  0.001994
  0.000454
  0.000328
 -0.001803
  0.001579
 -0.000188
 -0.000712
  0.000350
  0.000672
  0.000377
  0.000296
  0.000785
 -0.000101
 -0.000103
 -0.000532
 -0.000147
 -0.000380
 -0.000906
 -0.000173
  0.001104
  0.000898
  0.000059
  0.000209
  0.001914
 -0.000261
