  0.885499
 -0.030681
  0.046516
  0.212742
 -0.378034
  0.085368
  0.032895
  0.024358
  0.021797
 -0.009667
  0.042372
 -0.011648
 -0.052995
 -0.052448
 -0.020074
 -0.014903
  0.030184
 -0.000762
 -0.002963
  0.032490
 -0.016361
  0.025325
  0.009208
  0.011586
  0.004868
  0.005142
  0.006299
  0.001520
 -0.001810
 -0.000514
  0.005744
  0.001922
 -0.002026
 -0.026700
  0.012365
 -0.000857
  0.009712
 -0.002269
  0.004251
 -0.002036
 -0.013956
  0.000651
 -0.000496
  0.004942
 -0.005133
  0.001513
 -0.000001
  0.000892
 -0.006052
  0.003297
  0.005719
 -0.007825
  0.005709
 -0.004159
 -0.002178
  0.004656
 -0.008701
 -0.008734
 -0.001424
  0.002717
 -0.002045
 -0.000686
 -0.003806
 -0.000111
 -0.000864
 -0.003133
 -0.003208
  0.005046
 -0.004568
  0.001906
  0.001855
 -0.002089
 -0.012386
 -0.008381
 -0.001257
 -0.002996
 -0.004795
  0.002156
 -0.000649
 -0.003048
  0.002489
 -0.004212
  0.002737
 -0.000340
  0.006651
  0.000156
  0.001452
  0.000430
 -0.001411
 -0.002594
  0.001868
  0.000283
 -0.001655
 -0.004571
 -0.000143
  0.004415
  0.000985
 -0.005711
  0.000752
  0.001013
 -0.000954
  0.001157
  0.002790
  0.006054
  0.006257
  0.002616
 -0.004887
 -0.000538
  0.007441
  0.001154
 -0.002225
 -0.008909
 -0.007273
  0.002214
  0.002549
  0.000986
 -0.000252
  0.002568
  0.002285
  0.001974
 -0.003811
 -0.002587
 -0.002784
  0.003406
 -0.004888
  0.000387
 -0.001998
  0.002203
  0.001862
  0.004790
  0.002068
 -0.001351
 -0.001927
 -0.001115
  0.000603
 -0.001995
  0.001316
 -0.000175
 -0.001184
 -0.000417
  0.000303
 -0.001415
 -0.000159
 -0.002241
  0.002282
 -0.000367
 -0.000934
  0.004580
  0.001038
 -0.000262
 -0.001684
  0.002901
  0.000182
  0.000637
 -0.000807
 -0.001459
 -0.001607
  0.000356
 -0.002959
 -0.000940
  0.000008
  0.001026
 -0.000051
 -0.000440
 -0.000472
 -0.002150
 -0.001384
  0.001205
 -0.000928
 -0.000547
 -0.000351
 -0.002985
 -0.000263
 -0.000711
 -0.000771
 -0.001787
  0.003024
 -0.000091
 -0.000680
  0.001238
  0.004290
 -0.000221
 -0.001142
  0.001191
  0.001557
  0.003013
  0.003160
  0.004110
  0.000291
 -0.001452
 -0.002032
  0.001523
  0.001551
 -0.001574
  0.000755
  0.000434
 -0.000618
 -0.002256
  0.001286
  0.000232
  0.001103
 -0.000399
 -0.002493
  0.000904
 -0.001533
 -0.004313
  0.001724
  0.001645
  0.002346
 -0.001014
 -0.000020
 -0.000965
  0.000025
 -0.001534
 -0.000710
 -0.001003
  0.002335
  0.001543
  0.004529
  0.000607
  0.000706
 -0.001393
  0.000376
 -0.000895
 -0.000154
  0.000383
 -0.003247
  0.000959
 -0.002174
  0.003769
  0.000730
  0.000327
 -0.001296
 -0.001532
  0.000798
  0.004583
 -0.006713
 -0.002851
  0.001622
  0.001795
 -0.003339
  0.004947
  0.001749
  0.000282
  0.000974
 -0.005881
  0.000822
 -0.001074
  0.004595
  0.000764
 -0.001135
 -0.000054
  0.002406
  0.007752
 -0.001100
  0.001400
  0.000422
  0.000930
  0.000802
  0.001547
 -0.002672
  0.001287
 -0.000554
 -0.001045
  0.001794
  0.000469
  0.000002
  0.000799
 -0.000511
 -0.002150
  0.001398
  0.001875
  0.002189
  0.001350
  0.000316
 -0.000287
  0.000652
 -0.001349
 -0.004297
  0.000558
 -0.001687
 -0.000270
  0.001078
  0.000420
  0.000277
  0.000004
  0.000842
 -0.002624
  0.000032
  0.001141
 -0.002242
 -0.000005
 -0.003010
  0.001339
 -0.003507
  0.002215
  0.003892
 -0.000372
 -0.002372
  0.004688
 -0.000448
  0.003227
  0.001110
  0.000846
 -0.002336
  0.001144
  0.001385
 -0.001170
  0.000604
 -0.001856
 -0.000054
 -0.000058
 -0.001509
 -0.001466
  0.000072
 -0.000739
  0.000244
 -0.000931
 -0.000965
 -0.000802
  0.000735
 -0.001105
 -0.002156
  0.000371
 -0.002533
 -0.001274
 -0.000678
 -0.001285
 -0.001108
 -0.000313
 -0.000293
 -0.000987
  0.000421
  0.000645
 -0.001148
 -0.000976
 -0.000023
 -0.000246
  0.004545
 -0.003000
  0.000020
  0.001901
 -0.001099
 -0.000210
 -0.000771
  0.002032
 -0.000738
  0.001434
 -0.000747
 -0.000589
  0.000049
 -0.000221
  0.000647
 -0.000459
  0.001925
  0.001238
  0.000725
  0.000501
 -0.000435
 -0.000450
 -0.000863
 -0.001058
 -0.000582
 -0.000374
 -0.001597
  0.002234
 -0.000537
 -0.001144
  0.000503
 -0.001380
  0.000475
  0.001819
  0.001245
  0.000267
  0.000143
 -0.000434
  0.000166
 -0.001166
 -0.000483
  0.001155
  0.002611
 -0.000153
 -0.000342
  0.000658
 -0.000316
  0.002531
  0.000144
 -0.001933
  0.000993
 -0.000463
  0.000482
 -0.001406
 -0.000840
 -0.000508
 -0.000277
  0.001139
  0.000564
 -0.002657
 -0.000850
 -0.000958
 -0.001575
 -0.001803
  0.000560
  0.003353
 -0.002012
 -0.001395
  0.001069
 -0.002281
  0.000772
 -0.001582
 -0.001451
  0.002034
 -0.001608
  0.004172
 -0.000938
  0.000422
 -0.000978
  0.000143
  0.000141
 -0.000337
 -0.002952
 -0.003388
  0.000645
 -0.000326
  0.000417
  0.000743
 -0.000453
 -0.000148
  0.000361
 -0.000294
  0.001815
 -0.000664
 -0.001525
 -0.000573
  0.000024
  0.000209
  0.002922
  0.000480
  0.000703
 -0.000328
  0.000621
 -0.000639
 -0.000201
  0.000437
 -0.000093
 -0.000007
 -0.000344
  0.000969
  0.000601
 -0.000919
  0.000254
  0.000735
 -0.000539
 -0.000359
 -0.000491
 -0.001285
  0.001571
 -0.001391
  0.000228
 -0.001427
 -0.000525
  0.000048
  0.001021
 -0.000017
  0.001336
  0.000431
  0.000105
 -0.000628
 -0.001415
 -0.000015
 -0.000009
 -0.000801
 -0.000675
 -0.000489
 -0.000219
 -0.000194
 -0.000011
  0.001245
  0.000163
  0.001372
  0.000230
  0.000208
 -0.000169
 -0.000336
 -0.000565
 -0.000090
 -0.001743
 -0.000299
 -0.000170
 -0.000024
  0.000674
  0.001166
 -0.000355
 -0.000217
 -0.000627
 -0.001576
  0.000236
  0.001393
  0.000068
  0.000695
 -0.001564
  0.000824
  0.000977
  0.000903
 -0.000038
  0.000566
  0.000002
 -0.000417
  0.000105
  0.000049
 -0.000178
 -0.000116
 -0.000401
 -0.000113
 -0.000084
 -0.000232
  0.000007
 -0.000878
  0.000817
  0.002555
  0.000797
  0.000887
  0.000662
  0.000254
 -0.000000
 -0.000984
 -0.000726
 -0.000425
  0.000614
  0.000788
  0.000094
 -0.000469
  0.000535
 -0.001425
 -0.000818
  0.002269
  0.000198
  0.000241
 -0.000285
 -0.000398
 -0.000030
 -0.000024
  0.001284
 -0.000492
  0.000496
  0.000334
 -0.000572
  0.000052
 -0.000707
  0.000210
 -0.000366
 -0.000977
  0.000310
  0.000060
  0.000419
  0.000330
 -0.000310
  0.000562
 -0.000068
 -0.000158
  0.000140
 -0.000190
 -0.000299
 -0.000198
 -0.000233
  0.000332
  0.000228
 -0.001682
  0.000953
  0.000070
 -0.000276
 -0.000227
  0.000862
 -0.000941
 -0.000325
 -0.000378
  0.001963
 -0.000186
  0.000325
  0.000073
 -0.000077
  0.002209
  0.001739
  0.000037
  0.000631
  0.000225
  0.001253
 -0.001224
 -0.000114
 -0.000089
  0.000014
 -0.000355
 -0.000068
 -0.000162
  0.000088
 -0.000156
 -0.001456
 -0.000098
  0.001222
  0.000486
  0.000587
 -0.000492
 -0.000431
 -0.000012
  0.000640
 -0.000382
  0.000508
  0.000356
  0.000187
 -0.001104
 -0.000449
 -0.000623
  0.001298
 -0.000044
 -0.000404
 -0.000564
  0.001189
  0.001355
 -0.000560
  0.000221
 -0.001114
 -0.000416
  0.000247
  0.001101
  0.000558
  0.000059
  0.000260
 -0.000631
 -0.000568
  0.000099
 -0.000258
 -0.000064
  0.000247
  0.000261
 -0.000800
  0.000367
 -0.000120
  0.000902
 -0.000862
  0.000356
 -0.000448
  0.001443
  0.001279
 -0.000110
  0.000613
  0.000143
  0.000792
 -0.000079
 -0.000192
 -0.000180
  0.000227
 -0.000406
 -0.000250
  0.000084
  0.000144
 -0.000876
 -0.000225
 -0.000153
 -0.000123
  0.000685
 -0.000018
 -0.000919
  0.000695
 -0.000501
  0.000137
 -0.001024
 -0.000327
  0.000122
 -0.000466
  0.000050
 -0.001074
  0.000931
 -0.000455
 -0.000662
 -0.000411
 -0.000007
 -0.000005
  0.000405
  0.000571
 -0.000075
 -0.000391
 -0.000276
  0.001133
 -0.000637
 -0.000023
 -0.000101
 -0.000453
 -0.000344
 -0.000648
  0.000260
 -0.000338
 -0.000343
  0.000029
 -0.000158
 -0.000110
  0.000341
  0.000040
  0.000675
  0.000095
  0.000902
  0.000032
  0.000240
  0.000214
 -0.000532
  0.001821
  0.000006
  0.001318
  0.000181
  0.000018
 -0.000481
  0.000421
  0.000820
 -0.000324
  0.000103
 -0.000079
  0.000132
 -0.000013
 -0.000285
  0.000138
 -0.000445
 -0.000845
 -0.000131
  0.000003
 -0.001092
  0.000039
  0.001077
 -0.000147
 -0.000827
  0.000193
 -0.001038
  0.000129
 -0.000137
  0.001960
  0.000351
  0.000317
  0.000016
  0.000711
 -0.000383
  0.001142
 -0.001166
 -0.000944
 -0.000061
  0.000070
 -0.000134
 -0.000052
 -0.000033
  0.000289
  0.000452
 -0.000098
  0.001210
 -0.000033
 -0.000264
  0.000215
 -0.000794
 -0.000042
  0.000540
 -0.000908
 -0.000321
  0.000142
  0.000243
 -0.000546
 -0.000139
  0.000106
 -0.000787
  0.000081
  0.000060
  0.000209
 -0.000008
 -0.000142
 -0.000075
  0.000146
 -0.000250
  0.000244
 -0.000204
  0.000237
  0.000090
  0.000070
  0.000378
  0.000070
 -0.000031
 -0.000320
  0.000027
 -0.000744
  0.000093
  0.000804
 -0.000409
  0.000069
  0.000582
 -0.001927
 -0.001622
 -0.001927
  0.000089
 -0.000177
 -0.000667
  0.001252
  0.000341
  0.000537
 -0.000409
 -0.000821
 -0.001053
 -0.000340
 -0.000064
  0.000232
 -0.001244
  0.000382
  0.000720
  0.000086
 -0.000604
 -0.000287
 -0.000616
  0.000445
 -0.000486
  0.000922
 -0.000175
 -0.000167
  0.000019
 -0.000060
  0.000149
 -0.000340
  0.000091
  0.000439
 -0.000081
 -0.000061
 -0.000115
  0.000097
