 -0.747577
  0.105908
  0.069510
 -0.047627
  0.637490
  0.010970
  0.076358
 -0.054683
  0.003724
 -0.003166
 -0.014070
 -0.017634
  0.001955
  0.025678
  0.016765
 -0.043215
  0.004374
 -0.008132
  0.019438
 -0.014140
  0.021572
 -0.020662
  0.005647
 -0.009046
 -0.018236
  0.012367
  0.004790
 -0.020259
 -0.005993
  0.010890
 -0.000473
  0.009736
 -0.003987
 -0.002256
  0.000137
  0.002696
  0.003092
  0.004304
 -0.003757
 -0.004156
  0.003843
 -0.001038
 -0.003419
 -0.003854
 -0.005112
  0.004339
  0.000832
  0.000828
  0.002258
 -0.002920
  0.009093
 -0.000461
  0.000219
 -0.004663
 -0.003697
  0.001060
 -0.005219
 -0.001009
  0.002388
 -0.002166
  0.002606
  0.000546
 -0.001666
  0.005258
  0.000890
 -0.000628
  0.003673
 -0.003850
 -0.000231
  0.000530
 -0.001939
  0.000378
 -0.003134
 -0.001194
  0.001715
  0.004213
  0.001514
 -0.003303
  0.003197
  0.005860
 -0.000220
 -0.003866
  0.005271
 -0.000028
 -0.002588
 -0.002333
 -0.002662
  0.000807
 -0.002551
  0.005503
 -0.002786
 -0.003397
 -0.002786
  0.000711
  0.004466
 -0.002331
  0.002658
  0.004496
  0.000003
  0.000126
  0.011947
  0.003659
 -0.001360
 -0.001495
 -0.000374
  0.001776
 -0.001044
 -0.000060
  0.000322
  0.001085
 -0.001975
 -0.001818
 -0.000766
 -0.002354
  0.000722
 -0.001960
 -0.000706
 -0.000879
  0.000461
  0.000741
  0.002052
 -0.000791
  0.002672
  0.001004
  0.000537
 -0.001572
  0.001115
  0.001607
  0.001259
 -0.000758
  0.000516
 -0.000666
  0.001481
  0.002221
  0.001371
  0.001091
 -0.005557
  0.001811
 -0.002715
  0.000640
 -0.000508
  0.002938
 -0.000944
 -0.001932
 -0.003333
 -0.000710
 -0.003015
 -0.002330
  0.001064
  0.001648
 -0.003488
 -0.000504
 -0.001536
  0.000883
 -0.001596
 -0.001458
 -0.000036
 -0.000409
 -0.002658
 -0.000537
 -0.000819
  0.001246
  0.001294
 -0.004857
 -0.000094
  0.000938
  0.001394
 -0.003057
  0.000962
 -0.001268
  0.001183
 -0.003124
 -0.003317
  0.001851
  0.001087
  0.000046
 -0.000525
 -0.002817
 -0.002412
  0.000928
 -0.000196
  0.000106
 -0.001421
  0.000160
  0.000420
 -0.000564
  0.000249
  0.000090
 -0.000500
 -0.001130
  0.000203
 -0.001240
  0.000208
 -0.000828
  0.001513
  0.000569
  0.000651
  0.002012
 -0.000168
 -0.001452
  0.000122
  0.000592
  0.000761
 -0.000950
 -0.000616
 -0.001313
 -0.000009
  0.000774
  0.001019
 -0.001114
 -0.000191
  0.000340
  0.000266
  0.000117
 -0.000367
 -0.000188
  0.000711
  0.002898
  0.000081
  0.000360
  0.001970
 -0.001353
  0.000300
 -0.000950
 -0.000067
 -0.000051
 -0.000861
  0.000625
 -0.000181
  0.000945
  0.000323
 -0.000440
 -0.001413
 -0.001018
  0.000611
  0.000919
  0.000467
  0.000051
  0.000289
 -0.001248
 -0.000912
 -0.000257
  0.000211
 -0.000089
  0.000252
 -0.000802
 -0.001313
 -0.000928
 -0.000613
 -0.000514
  0.000471
 -0.000473
  0.000194
 -0.000174
 -0.000143
  0.000155
  0.000389
  0.000115
  0.000017
 -0.000744
 -0.000295
  0.000581
  0.000455
 -0.000243
  0.000061
  0.000343
  0.000484
  0.000448
  0.000207
  0.001444
  0.000721
  0.000238
 -0.000634
  0.000097
 -0.000233
  0.000187
  0.000070
  0.000102
 -0.000645
 -0.000382
  0.000132
  0.000377
 -0.000358
 -0.000259
 -0.000249
  0.000688
  0.000780
  0.001479
  0.000098
  0.000172
  0.000414
  0.001067
  0.000113
 -0.000739
 -0.000383
 -0.000039
  0.000152
  0.000012
 -0.000091
  0.000028
 -0.001135
  0.000509
  0.000211
  0.000494
  0.000125
  0.000275
 -0.000414
  0.000433
  0.000077
  0.000123
 -0.000125
 -0.000380
 -0.000566
  0.000398
 -0.000170
  0.000668
 -0.000242
 -0.000119
  0.001123
  0.000320
  0.000435
  0.000026
 -0.000118
 -0.000577
  0.000246
  0.000598
 -0.000074
  0.000216
  0.000218
 -0.000155
  0.000032
  0.000327
 -0.000582
  0.000011
  0.000800
 -0.000278
 -0.000411
  0.000019
  0.000628
  0.000234
  0.000118
 -0.000748
  0.000044
 -0.000279
 -0.000031
  0.000822
 -0.000053
 -0.000163
 -0.000015
  0.000049
  0.000478
 -0.000615
  0.000181
  0.000167
  0.000100
  0.000933
  0.000089
 -0.000436
  0.000097
  0.000194
 -0.000191
 -0.000315
 -0.000678
 -0.000160
 -0.000489
 -0.000641
  0.000190
  0.000042
  0.000432
  0.000063
 -0.000469
  0.000347
 -0.000017
  0.000353
  0.000792
  0.000136
  0.000150
  0.000074
 -0.000587
  0.000296
  0.000056
  0.000440
  0.000253
 -0.001625
 -0.000218
 -0.000336
 -0.000517
 -0.000588
  0.000061
  0.000236
  0.000481
 -0.000010
 -0.001007
  0.000377
 -0.000078
 -0.000369
  0.000007
 -0.000364
  0.000382
  0.000134
  0.000468
  0.000148
 -0.000005
 -0.000789
  0.000070
 -0.000291
 -0.001459
 -0.000394
 -0.000223
  0.000693
 -0.000657
 -0.001175
 -0.000907
  0.001851
  0.000525
 -0.000500
  0.001474
 -0.000760
 -0.000800
  0.000132
 -0.001008
  0.000078
 -0.001339
  0.001672
 -0.001222
  0.001503
 -0.000243
  0.000410
  0.000429
  0.000165
 -0.000132
  0.000805
  0.000162
  0.000323
 -0.000523
  0.000003
  0.000251
  0.000143
 -0.000103
  0.000553
 -0.000141
  0.000605
  0.000279
 -0.000011
  0.000702
  0.000231
  0.000355
 -0.000122
 -0.000822
 -0.000783
 -0.000161
 -0.001033
 -0.000622
  0.000278
  0.000597
  0.000060
  0.000343
 -0.000485
 -0.000348
 -0.000028
 -0.000809
  0.000085
 -0.000146
 -0.000146
 -0.000009
  0.000177
  0.000054
  0.000035
 -0.001314
  0.000525
 -0.000170
  0.000682
 -0.000002
  0.000032
  0.000041
  0.000395
  0.000501
 -0.000284
 -0.000150
  0.000525
 -0.000479
 -0.000432
 -0.000700
  0.000224
 -0.000483
 -0.000300
 -0.000748
  0.001084
  0.000036
 -0.000543
 -0.000219
 -0.000184
  0.000309
  0.000128
 -0.000657
  0.000235
 -0.000575
 -0.000035
  0.000180
 -0.000761
 -0.000044
  0.000165
 -0.001210
  0.000444
  0.000471
 -0.000619
 -0.000393
  0.000142
 -0.000788
 -0.002190
  0.000939
 -0.000168
 -0.001015
 -0.000755
 -0.000084
  0.000555
  0.001360
  0.000222
 -0.000296
  0.000598
 -0.000409
  0.000070
 -0.000381
 -0.000502
  0.000138
 -0.000142
 -0.001499
 -0.000233
  0.000266
  0.000397
  0.000032
  0.000071
  0.000361
  0.002070
  0.001108
 -0.000806
 -0.001082
 -0.000491
 -0.000468
  0.000138
  0.000247
 -0.000081
  0.000338
 -0.000196
 -0.000476
 -0.000566
  0.000044
 -0.000890
 -0.000693
  0.000544
  0.000294
  0.000070
 -0.000143
 -0.000034
 -0.000783
  0.000039
 -0.000141
 -0.000042
 -0.000802
 -0.000097
 -0.000138
 -0.000274
  0.000228
  0.000282
 -0.000154
  0.000353
  0.000321
 -0.000172
  0.000042
  0.000780
 -0.000246
 -0.000207
  0.000489
 -0.000492
  0.000224
  0.000275
  0.000004
 -0.000167
 -0.000090
 -0.000386
 -0.000052
  0.000150
  0.000012
 -0.000087
 -0.000188
 -0.000088
 -0.000089
  0.000136
 -0.000224
 -0.000020
 -0.000058
 -0.000030
  0.000019
  0.000149
 -0.000378
 -0.000045
  0.000271
  0.000159
  0.000022
 -0.000325
 -0.000132
  0.000508
  0.000207
  0.000346
  0.000449
  0.000476
 -0.000136
  0.000121
  0.000268
  0.000281
  0.000380
  0.000031
 -0.001123
  0.001104
  0.000481
  0.000152
 -0.000462
 -0.000597
 -0.000658
  0.001036
 -0.000634
 -0.000123
 -0.000288
  0.000335
  0.000655
 -0.000247
 -0.000515
 -0.000364
  0.000242
  0.000514
 -0.000075
  0.000366
 -0.000413
  0.000164
  0.000290
  0.000019
 -0.000270
  0.000137
  0.000044
  0.000062
 -0.000012
  0.000160
  0.000012
 -0.000322
 -0.000237
 -0.000537
 -0.000089
  0.000298
 -0.000011
  0.000102
 -0.000379
 -0.000080
  0.000865
 -0.000082
  0.000224
 -0.000157
 -0.000190
  0.000115
  0.000238
  0.000703
  0.000519
  0.000240
 -0.000064
  0.000097
  0.000120
 -0.000112
 -0.000662
 -0.000543
  0.000371
 -0.000470
 -0.000087
 -0.000478
  0.000359
  0.000315
 -0.000529
 -0.000191
  0.000110
  0.000227
 -0.000186
  0.000138
 -0.000250
  0.000380
  0.000165
 -0.000373
 -0.000201
  0.000204
  0.000350
  0.000021
 -0.000494
  0.000089
 -0.000049
  0.000137
 -0.000155
  0.000003
  0.000036
  0.000024
 -0.000576
  0.000073
 -0.000595
 -0.000292
 -0.000228
  0.000243
  0.000242
  0.000295
 -0.000137
 -0.000296
 -0.000191
  0.000478
  0.000100
  0.000531
 -0.000082
  0.000146
 -0.000397
  0.000115
 -0.000038
  0.000458
 -0.000167
  0.000252
 -0.000196
  0.000019
 -0.000123
  0.000485
  0.000732
  0.000531
  0.000030
  0.001295
  0.000149
 -0.000494
 -0.000378
  0.000131
  0.000705
 -0.000443
  0.000321
  0.000413
 -0.000148
  0.000627
  0.000446
 -0.000074
 -0.000737
 -0.000398
  0.001070
 -0.000434
 -0.001276
  0.000300
 -0.000491
  0.000163
 -0.000060
  0.000308
  0.000638
  0.000055
 -0.000262
 -0.000563
 -0.000385
  0.000181
  0.000162
  0.000140
  0.001309
  0.000254
  0.000286
 -0.000524
  0.000442
 -0.000934
 -0.000410
  0.000642
  0.000410
 -0.000254
  0.000233
 -0.000229
  0.000156
  0.000268
 -0.000254
 -0.000632
  0.000516
  0.000147
 -0.000739
  0.000163
 -0.000113
 -0.000071
 -0.000117
 -0.000344
  0.000237
  0.000315
 -0.000074
 -0.000315
 -0.000558
  0.000070
 -0.000208
  0.000045
 -0.000126
  0.000353
  0.000109
 -0.000524
  0.000158
 -0.000040
 -0.000274
 -0.000124
 -0.000079
 -0.000507
  0.000021
 -0.000099
  0.000494
  0.000080
 -0.000009
 -0.000143
 -0.000303
  0.000191
  0.000040
 -0.000369
  0.000370
 -0.000686
  0.000160
  0.001906
 -0.000095
  0.000000
 -0.000026
 -0.000021
  0.000021
 -0.000044
 -0.000085
  0.000190
  0.000076
  0.000096
  0.000017
 -0.000376
  0.000056
