 -0.012682
  0.028245
 -0.924555
  0.308429
  0.011735
 -0.017874
 -0.074492
 -0.034861
 -0.010145
  0.005172
  0.039147
  0.041690
  0.072658
  0.073454
  0.051174
  0.035753
  0.018161
  0.044667
  0.047024
 -0.033203
  0.035712
 -0.023449
 -0.014050
  0.038199
 -0.019757
 -0.010148
 -0.010922
  0.000976
 -0.021645
 -0.023172
  0.005701
  0.011590
 -0.003793
  0.011370
  0.005967
 -0.004553
 -0.007224
 -0.004234
 -0.006882
 -0.014876
 -0.005792
 -0.000786
 -0.015572
 -0.024403
 -0.000985
 -0.006837
 -0.005162
 -0.038475
  0.016544
 -0.019398
  0.031522
  0.007248
  0.001550
 -0.003878
 -0.005976
  0.009500
 -0.009838
 -0.010180
 -0.019586
  0.004213
  0.016283
  0.007819
  0.047550
 -0.000129
  0.003770
  0.003312
 -0.003112
 -0.021658
 -0.003221
 -0.014063
 -0.006871
  0.002524
 -0.001584
 -0.006360
  0.000116
  0.006234
 -0.006196
 -0.009223
 -0.007764
 -0.014675
 -0.005799
  0.004105
 -0.002659
  0.001607
  0.001834
 -0.001120
  0.003196
  0.003988
 -0.005535
  0.005133
  0.011205
 -0.003293
  0.001761
  0.002403
  0.006846
  0.007889
  0.003055
 -0.003549
  0.000850
 -0.012677
  0.003909
 -0.004820
  0.000228
 -0.001300
 -0.003808
 -0.004785
  0.003112
  0.001662
 -0.000410
 -0.003459
 -0.002961
  0.004996
  0.012302
 -0.001594
 -0.003729
  0.002591
 -0.003554
  0.002748
  0.005827
  0.001595
  0.000698
  0.001902
  0.000770
  0.002193
  0.002147
  0.000604
  0.008176
 -0.001757
  0.005943
  0.000125
 -0.008989
  0.008010
  0.004258
  0.000981
  0.003817
 -0.009055
 -0.005662
 -0.002759
  0.000144
  0.004022
 -0.003980
 -0.000456
  0.003251
  0.001784
 -0.005424
  0.003503
  0.002941
 -0.000111
  0.003445
  0.008409
 -0.005217
 -0.003981
 -0.001604
 -0.003654
 -0.006333
  0.002486
 -0.000548
  0.002203
  0.003958
  0.000933
  0.004658
 -0.005885
 -0.000946
 -0.001014
 -0.008451
 -0.000949
  0.003537
  0.007498
  0.003583
  0.002938
 -0.000661
  0.004321
  0.003028
  0.004196
  0.002687
  0.002146
  0.003922
 -0.001126
  0.004214
 -0.003374
 -0.003192
 -0.000121
 -0.001950
 -0.000951
  0.002995
 -0.003513
 -0.002760
  0.003004
  0.000093
 -0.002383
  0.005598
 -0.003044
 -0.003538
 -0.000985
 -0.001598
  0.000384
  0.000692
 -0.000883
  0.001159
 -0.001954
 -0.002076
  0.001406
 -0.000040
  0.003707
 -0.001465
  0.000814
  0.000314
  0.000083
 -0.000292
 -0.000241
 -0.000768
  0.004434
  0.001153
  0.001764
 -0.001886
  0.002081
  0.001806
  0.003295
 -0.001961
  0.004130
  0.002804
  0.002958
  0.001537
  0.001189
 -0.000906
 -0.001094
  0.000074
 -0.001341
  0.001075
  0.003130
 -0.004272
  0.001148
 -0.007017
 -0.003657
  0.001809
 -0.001164
  0.001293
  0.007173
  0.000185
  0.002880
  0.000263
 -0.001126
  0.002809
  0.001880
 -0.002744
  0.001877
  0.000120
  0.001220
  0.001619
 -0.000488
  0.000604
  0.001434
  0.001029
  0.002683
 -0.001929
  0.000377
  0.003852
  0.000823
 -0.001382
 -0.000412
 -0.004809
 -0.002319
  0.001540
 -0.000570
 -0.000704
 -0.004944
  0.007216
 -0.001198
  0.001934
 -0.002666
 -0.001667
 -0.000373
 -0.000470
  0.004345
 -0.000741
 -0.000892
 -0.003120
 -0.004767
  0.001117
  0.001148
 -0.000533
 -0.000961
 -0.003040
 -0.001573
 -0.000836
  0.000504
  0.001425
 -0.002177
 -0.000338
 -0.000910
 -0.000760
 -0.003098
 -0.005185
  0.001997
  0.001728
  0.000357
  0.001583
  0.000974
  0.001512
  0.000816
  0.000481
  0.000513
 -0.003472
 -0.000147
 -0.003912
 -0.003007
 -0.002571
  0.003508
 -0.001396
  0.000049
 -0.000999
  0.000897
 -0.002780
  0.001855
  0.001485
 -0.002682
  0.000487
 -0.001935
  0.000254
  0.001715
 -0.000687
  0.000991
 -0.000854
 -0.000658
 -0.001327
 -0.001382
 -0.000167
 -0.000937
  0.000046
 -0.000661
  0.000829
 -0.000650
 -0.003963
  0.003342
  0.001213
  0.002980
  0.000226
 -0.000471
 -0.000433
  0.000402
 -0.000154
 -0.001792
 -0.002932
  0.004173
 -0.002030
  0.000813
 -0.001292
 -0.002851
 -0.001789
  0.002441
 -0.000567
 -0.002245
 -0.000170
  0.000998
  0.000688
  0.001363
  0.000620
 -0.000667
 -0.000736
 -0.000226
 -0.001769
 -0.001308
  0.003588
 -0.000556
 -0.000173
 -0.002915
 -0.000135
  0.001212
  0.004517
  0.001124
 -0.001152
  0.001026
  0.001338
 -0.000353
 -0.000221
 -0.001996
 -0.001787
  0.000435
  0.000964
  0.000354
  0.000527
 -0.000036
 -0.000777
  0.002262
 -0.001892
 -0.000226
 -0.000351
 -0.002767
  0.007614
 -0.000872
 -0.000283
 -0.001578
  0.000226
 -0.000286
 -0.000772
 -0.002372
  0.002960
  0.002138
  0.003608
  0.003305
  0.001037
 -0.000508
  0.003102
  0.002045
 -0.000039
 -0.000939
 -0.003696
  0.000467
  0.001252
  0.000744
  0.002121
 -0.000368
  0.001136
 -0.000476
  0.000780
  0.002672
  0.000884
  0.001570
  0.000038
  0.000481
  0.001539
  0.000299
  0.000550
  0.001291
 -0.000705
 -0.000280
  0.002109
 -0.000370
 -0.000373
  0.000235
 -0.000895
  0.002377
 -0.002959
 -0.001593
 -0.000521
 -0.000466
 -0.000109
 -0.000567
  0.000665
  0.002690
 -0.002079
 -0.000202
 -0.000035
  0.001134
 -0.001137
 -0.000896
 -0.000521
 -0.001483
 -0.000776
 -0.001601
  0.000198
 -0.000037
 -0.002296
 -0.002356
  0.002529
  0.002982
  0.001937
  0.000392
 -0.000678
 -0.000496
  0.001581
 -0.001459
 -0.001842
  0.002316
 -0.002342
 -0.000485
 -0.000192
 -0.000038
  0.000516
  0.001314
 -0.000035
 -0.000969
  0.000629
  0.000148
  0.001089
  0.001374
  0.000332
  0.000581
 -0.000660
 -0.000797
 -0.001023
 -0.001967
  0.000831
 -0.000661
 -0.002276
  0.000012
  0.000253
 -0.002028
 -0.000545
  0.002069
 -0.000618
 -0.000047
  0.000100
  0.000157
 -0.000166
  0.002703
 -0.000813
  0.002135
 -0.000042
  0.000320
  0.000011
  0.002104
 -0.001490
  0.001253
  0.000528
 -0.000257
 -0.000721
  0.001963
 -0.000296
  0.000643
  0.000574
 -0.000543
  0.000367
 -0.001240
 -0.000132
 -0.000146
  0.001417
 -0.000820
  0.000324
  0.001599
 -0.001488
 -0.000455
  0.001083
 -0.002311
 -0.002079
  0.000805
  0.000761
  0.001699
 -0.000314
 -0.000319
 -0.002425
 -0.001109
  0.000805
 -0.000792
  0.001673
 -0.001834
  0.000464
  0.001722
  0.001785
 -0.002249
 -0.000427
  0.000188
 -0.000147
  0.000231
 -0.001963
 -0.002571
 -0.001439
 -0.001370
  0.000942
 -0.000964
  0.000476
 -0.001312
 -0.000108
  0.000347
 -0.001815
 -0.003140
  0.002846
  0.001954
 -0.000809
  0.002831
  0.000549
  0.000181
  0.001346
  0.001231
 -0.002661
  0.002047
  0.000923
  0.001434
  0.000283
  0.002808
 -0.002748
 -0.000590
  0.001809
 -0.000660
 -0.001856
  0.001708
  0.000588
  0.003579
  0.000286
 -0.000773
 -0.001018
  0.001086
 -0.000051
 -0.001917
  0.001164
  0.001240
 -0.001108
 -0.000770
  0.001029
  0.001688
  0.000732
 -0.000190
  0.002030
 -0.001877
  0.000735
 -0.000335
 -0.000867
 -0.000703
 -0.000975
 -0.001707
  0.000544
 -0.000663
  0.001424
 -0.001762
 -0.000177
  0.000899
 -0.002068
  0.001387
 -0.000493
  0.000547
 -0.000159
 -0.000228
  0.000945
 -0.000353
  0.002007
 -0.000603
 -0.001651
 -0.000818
  0.000241
 -0.001941
 -0.001205
 -0.001603
  0.000580
  0.001580
  0.002227
  0.000205
  0.001287
  0.000482
  0.001220
  0.000880
  0.001263
  0.000131
  0.000533
  0.001605
  0.001913
 -0.000045
 -0.001355
 -0.001001
 -0.001787
  0.000946
  0.001750
  0.000369
  0.000825
  0.000735
  0.001469
 -0.001373
 -0.000701
  0.001654
 -0.000359
  0.000332
 -0.000306
 -0.000319
  0.001267
  0.001807
  0.000648
 -0.001113
 -0.000591
 -0.000385
  0.000056
  0.002454
 -0.001609
 -0.000115
  0.000468
 -0.000315
  0.000391
  0.004433
 -0.000339
  0.000068
 -0.004001
 -0.001226
 -0.000634
 -0.001349
 -0.000627
 -0.000292
 -0.000138
 -0.001230
  0.001316
  0.000557
 -0.001029
  0.000510
  0.000102
  0.000546
 -0.000456
 -0.000620
  0.000424
  0.000607
  0.000869
  0.000827
  0.000825
 -0.000011
 -0.002263
  0.000334
 -0.000296
 -0.000921
  0.000294
 -0.001840
 -0.001794
 -0.002194
  0.002080
  0.000175
 -0.000707
  0.000323
  0.000339
 -0.000774
 -0.002008
  0.002530
  0.000483
  0.001018
  0.001326
 -0.000236
 -0.000890
 -0.000762
 -0.000411
  0.000379
  0.001352
 -0.000547
  0.000303
  0.000828
 -0.000475
  0.000532
 -0.000418
 -0.001625
  0.001196
 -0.001322
  0.000153
  0.001160
  0.001173
  0.000128
  0.001019
  0.000757
 -0.000355
 -0.001142
  0.001001
 -0.000602
 -0.001308
 -0.000818
  0.000458
 -0.000154
 -0.000366
 -0.000483
  0.001677
 -0.000002
 -0.000014
  0.000422
 -0.000297
 -0.001005
 -0.001475
  0.002346
  0.000403
  0.001787
 -0.000153
  0.000769
  0.000872
 -0.000678
 -0.000704
  0.000812
 -0.001390
 -0.000021
  0.000347
 -0.000492
  0.000104
 -0.001079
  0.000075
  0.000146
  0.000645
 -0.000429
 -0.000639
  0.000075
  0.000350
  0.000814
 -0.000562
  0.000763
  0.000238
  0.000052
  0.000994
 -0.000538
  0.000098
  0.000635
  0.000138
  0.000251
 -0.000800
 -0.000910
 -0.000554
 -0.000369
 -0.000649
 -0.002414
  0.000679
  0.001109
 -0.000334
 -0.000331
  0.001008
  0.000296
 -0.000593
 -0.001753
 -0.002195
  0.000696
  0.000221
 -0.001017
  0.000492
  0.005532
  0.000780
  0.001178
  0.001271
  0.000361
 -0.001461
 -0.000356
  0.000445
  0.000301
  0.000187
 -0.000243
  0.000345
 -0.001005
  0.000328
  0.000494
  0.000075
 -0.001758
 -0.000355
 -0.000528
 -0.001344
 -0.001284
 -0.000604
 -0.000055
 -0.000668
 -0.000985
 -0.000041
