  0.670803
 -0.008262
  0.724422
  0.089435
 -0.004649
 -0.028917
  0.030268
 -0.058520
  0.024811
 -0.043383
 -0.022539
 -0.002479
 -0.014561
  0.015291
  0.013156
  0.009309
  0.028820
  0.001032
  0.035102
 -0.027174
  0.013589
  0.005613
 -0.001030
 -0.020136
 -0.004741
 -0.006775
 -0.018620
 -0.012886
 -0.003164
 -0.002058
 -0.004029
 -0.002539
 -0.010431
  0.011686
 -0.007232
  0.019604
  0.016787
  0.007907
 -0.009159
 -0.005091
 -0.009492
 -0.010245
  0.013730
 -0.000622
 -0.004674
  0.007756
  0.005235
  0.001687
  0.010755
  0.004455
  0.000972
 -0.016755
  0.001506
 -0.008835
 -0.004776
  0.003822
 -0.002710
 -0.004495
  0.007003
  0.003458
 -0.008759
 -0.001796
  0.000675
 -0.000043
 -0.002286
 -0.008087
 -0.004818
  0.004884
 -0.004851
  0.003765
 -0.006959
  0.004177
 -0.001259
  0.001178
  0.000274
  0.002172
  0.000484
 -0.000468
 -0.003992
 -0.000449
 -0.004210
 -0.000855
 -0.002659
  0.000179
 -0.000674
  0.003341
 -0.001184
 -0.002744
 -0.002345
 -0.000186
 -0.001130
  0.008744
  0.002335
 -0.001925
 -0.003070
  0.003853
 -0.003120
 -0.000225
  0.003768
 -0.002476
 -0.002724
  0.001513
 -0.001747
  0.001599
  0.000426
 -0.001615
 -0.006250
 -0.005574
  0.001325
  0.000506
 -0.001526
  0.004466
 -0.001817
 -0.002555
 -0.005792
 -0.002062
 -0.002193
 -0.003352
  0.000572
  0.002098
  0.001974
  0.006225
  0.000668
  0.000122
  0.004885
 -0.003237
 -0.003653
 -0.002108
 -0.003768
  0.000344
  0.003340
  0.002291
  0.002069
  0.002766
  0.005462
  0.003919
 -0.003826
  0.000105
 -0.001012
 -0.002703
  0.002160
  0.002943
  0.003409
  0.000233
 -0.003322
 -0.001211
  0.002440
 -0.000721
 -0.007485
  0.001685
  0.001217
  0.000166
 -0.001449
 -0.000863
 -0.000820
 -0.002293
  0.000222
  0.002206
  0.000806
  0.000843
 -0.001074
 -0.003942
 -0.001465
 -0.000235
 -0.000196
  0.000032
  0.000410
  0.001093
  0.002845
  0.000537
  0.001395
  0.001444
 -0.002083
 -0.001013
 -0.001771
 -0.001180
  0.005679
  0.001481
  0.000654
  0.000679
  0.004761
 -0.003182
  0.000854
 -0.002146
 -0.000815
  0.004777
 -0.002256
  0.004724
 -0.003284
  0.004523
  0.000704
 -0.002617
 -0.003189
  0.004243
 -0.000691
 -0.005201
 -0.002349
 -0.004243
 -0.002010
 -0.001023
 -0.004314
 -0.000443
  0.002581
 -0.000542
  0.001076
 -0.000894
 -0.001985
  0.001710
 -0.001893
 -0.003332
 -0.002108
 -0.000566
  0.000832
 -0.001348
 -0.002751
 -0.000543
  0.000603
  0.004520
 -0.002373
 -0.002499
  0.000361
  0.000777
  0.002301
 -0.000101
  0.000625
 -0.002718
  0.000310
 -0.000570
  0.000457
 -0.001373
 -0.000906
 -0.001511
  0.001554
  0.000595
  0.004845
 -0.001419
  0.000245
  0.001082
 -0.003756
  0.000326
 -0.000802
 -0.001257
  0.000561
 -0.000027
  0.000967
  0.002158
 -0.001135
  0.000686
 -0.000516
  0.001435
  0.001331
  0.000942
 -0.000769
  0.002047
 -0.000491
 -0.000748
  0.000767
  0.002365
  0.001601
  0.002007
 -0.000069
 -0.000093
 -0.000546
 -0.001718
 -0.000972
 -0.000558
 -0.000164
  0.000644
 -0.000141
 -0.001012
 -0.000169
 -0.000182
 -0.001161
  0.000239
 -0.000612
 -0.000743
 -0.001217
  0.001327
  0.000642
  0.000703
  0.001097
  0.001242
 -0.000813
  0.000826
 -0.001084
 -0.000516
  0.001046
 -0.002370
 -0.001526
  0.000317
  0.000024
  0.000009
  0.001176
 -0.001248
 -0.003949
 -0.002412
 -0.000116
 -0.000901
  0.002073
  0.001149
  0.000109
 -0.000166
 -0.000431
  0.000609
 -0.000786
 -0.000749
  0.001433
  0.000035
 -0.000164
  0.000341
 -0.000516
 -0.000445
 -0.000597
 -0.000282
 -0.000486
  0.000605
 -0.000108
 -0.002610
  0.000044
  0.000213
  0.000709
  0.002208
 -0.000668
  0.000978
 -0.000590
  0.000488
 -0.000192
  0.000743
  0.001569
  0.000584
 -0.002280
  0.000153
  0.001555
  0.003440
  0.000622
  0.000160
  0.000015
  0.001933
 -0.001711
  0.001569
 -0.002286
  0.000361
 -0.001274
 -0.000221
 -0.000357
 -0.000491
  0.001427
  0.000125
 -0.000190
  0.000172
 -0.000329
 -0.000290
  0.000022
 -0.000288
 -0.000526
 -0.000469
  0.001623
  0.001375
  0.001856
 -0.000923
  0.002193
 -0.000661
 -0.002371
 -0.000130
 -0.000275
 -0.001023
  0.000672
 -0.000081
 -0.001682
 -0.000462
 -0.001047
 -0.001032
 -0.001271
  0.000939
 -0.000463
  0.001859
 -0.000136
  0.001079
 -0.000713
 -0.000331
 -0.000385
  0.000366
 -0.000469
  0.000382
 -0.000924
  0.001008
 -0.001076
 -0.000529
  0.000482
  0.000764
 -0.002317
  0.001635
 -0.002289
 -0.000357
  0.000738
  0.000991
  0.000572
 -0.001607
 -0.000394
  0.000266
 -0.000807
  0.001031
 -0.000401
 -0.000345
  0.000661
 -0.000005
 -0.000906
 -0.000076
 -0.000567
 -0.001126
  0.000143
 -0.000079
  0.001123
 -0.000082
 -0.000429
  0.000313
  0.002130
  0.000567
 -0.001230
  0.001131
  0.000851
 -0.000208
 -0.000827
  0.000219
 -0.000157
 -0.000021
 -0.000520
  0.001244
  0.000030
 -0.000044
 -0.000154
 -0.001103
 -0.001314
 -0.000445
 -0.000980
 -0.000913
 -0.000295
  0.001435
 -0.000097
  0.001071
  0.000318
 -0.000297
 -0.000590
 -0.000307
 -0.000849
 -0.001165
  0.001836
 -0.000165
 -0.000519
 -0.001292
 -0.003356
  0.000443
 -0.000454
 -0.000979
  0.000002
  0.000325
  0.000106
  0.000491
 -0.000757
 -0.000310
  0.000500
 -0.000339
  0.000177
 -0.000396
  0.000356
 -0.000121
 -0.000731
  0.000152
 -0.000766
  0.000358
  0.000905
 -0.001931
 -0.001201
  0.001160
 -0.000536
 -0.000343
 -0.000139
 -0.000111
  0.000866
  0.000614
  0.000271
  0.000429
  0.001601
  0.000257
  0.000899
 -0.000285
  0.000754
 -0.000024
  0.001075
 -0.000212
  0.000888
 -0.000006
 -0.000637
 -0.000696
  0.000436
 -0.000534
  0.000929
 -0.001370
 -0.000399
 -0.000193
 -0.000259
  0.000075
  0.000508
 -0.001298
  0.000418
  0.000914
 -0.000712
 -0.000724
  0.000813
 -0.000938
  0.000315
  0.001091
 -0.000998
  0.001015
  0.000170
  0.000541
 -0.000753
 -0.000881
 -0.000106
  0.000983
 -0.000670
  0.000815
 -0.000790
  0.001181
 -0.000930
  0.000321
  0.001047
 -0.000360
  0.001018
 -0.001470
  0.000324
  0.000066
  0.000222
 -0.002359
  0.001002
  0.001487
 -0.000600
  0.000646
 -0.001017
 -0.000470
 -0.001024
 -0.000089
 -0.001800
  0.000036
  0.000078
 -0.000229
  0.000996
  0.001155
  0.001191
 -0.000199
 -0.000627
  0.001370
 -0.000057
 -0.000841
 -0.000778
 -0.000050
  0.000294
 -0.000037
 -0.001128
 -0.000696
  0.000054
  0.001192
  0.000119
 -0.000688
 -0.000300
  0.000468
  0.000989
  0.000714
  0.000305
 -0.000400
 -0.000697
  0.000121
  0.001154
 -0.000691
  0.000001
  0.000017
 -0.000608
 -0.001837
  0.000306
  0.000966
  0.000265
 -0.000078
  0.000494
  0.001455
 -0.000321
  0.000218
  0.000303
 -0.000091
  0.000563
 -0.000741
 -0.000277
 -0.000215
  0.000764
  0.000341
 -0.001199
 -0.000927
 -0.001282
  0.000703
 -0.000631
  0.000046
 -0.000521
  0.000183
  0.001843
  0.001538
  0.000321
 -0.000886
  0.000351
 -0.001232
 -0.001321
  0.000694
  0.000568
 -0.000360
  0.000276
  0.000386
 -0.001369
 -0.001287
  0.000365
  0.001674
  0.000237
  0.001103
 -0.000610
 -0.000398
 -0.001358
  0.001128
 -0.000347
 -0.000319
  0.000437
  0.000915
 -0.001193
 -0.000502
 -0.000717
  0.000290
 -0.001718
  0.000244
  0.001081
  0.000766
  0.000537
  0.000051
 -0.000116
 -0.000951
  0.001406
  0.000071
 -0.000153
  0.000822
  0.000768
 -0.001397
 -0.000108
  0.000797
 -0.000337
 -0.000520
  0.000223
 -0.001916
 -0.001139
  0.000020
 -0.000274
  0.000788
  0.000885
 -0.000600
  0.001065
 -0.000564
 -0.000960
 -0.000437
  0.000317
  0.000015
  0.000192
 -0.000177
 -0.000039
  0.000883
 -0.001032
  0.000502
  0.000038
 -0.000216
  0.000840
  0.000521
 -0.000578
 -0.000999
  0.000255
  0.000642
  0.001003
 -0.000221
  0.001259
 -0.000378
 -0.003139
  0.000520
 -0.000368
 -0.000124
  0.000879
  0.000816
  0.000701
  0.000473
  0.000818
 -0.000131
  0.000883
  0.000567
 -0.000048
 -0.000265
  0.000093
  0.000570
 -0.000109
  0.000594
  0.000042
  0.000070
 -0.000020
  0.000697
  0.000516
 -0.000332
  0.000513
  0.000373
  0.000102
 -0.000033
 -0.000120
  0.000087
  0.000780
  0.000288
 -0.000355
 -0.000246
  0.000103
  0.000805
  0.000074
 -0.000222
  0.000412
 -0.000722
 -0.000162
  0.000184
  0.001557
 -0.001779
 -0.000239
 -0.000006
  0.000464
 -0.000253
 -0.000473
 -0.001663
  0.000082
 -0.000610
  0.000612
 -0.000515
  0.000959
  0.001121
  0.001096
 -0.000949
  0.000846
  0.000936
 -0.000366
  0.000194
 -0.000166
 -0.000035
  0.001085
 -0.001336
  0.000170
 -0.000236
 -0.000284
  0.000279
  0.000057
 -0.000039
 -0.000807
  0.000499
 -0.001183
 -0.000960
  0.001872
  0.001275
  0.001220
 -0.001039
  0.000385
  0.000362
 -0.000405
  0.000051
  0.000294
 -0.000054
  0.000599
 -0.000769
 -0.000921
 -0.000881
 -0.000367
  0.000702
 -0.000684
  0.000457
 -0.000654
 -0.000802
  0.001582
 -0.000802
 -0.000107
 -0.000347
  0.002410
  0.000655
 -0.000671
  0.000826
 -0.000901
 -0.000017
 -0.001432
  0.000503
 -0.000603
  0.000420
  0.000392
 -0.000770
 -0.000614
  0.000031
  0.000067
 -0.001585
 -0.000740
 -0.001054
 -0.000463
  0.000010
  0.000694
 -0.001155
  0.000326
 -0.000304
  0.000407
  0.000126
 -0.000193
  0.000174
 -0.000139
 -0.000041
  0.000088
  0.000003
 -0.000023
  0.000507
  0.000087
  0.000014
 -0.000032
 -0.000141
  0.000872
 -0.000009
 -0.000097
  0.000094
 -0.000211
