  1    0.165384
  2    0.021817
  3    0.061134
  4    0.040408
  5    0.005618
  6    0.010234
  7    0.050094
  8    0.033546
  9    0.011794
 10    0.008769
 11    0.003454
 12    0.017241
 13    0.020129
 14    0.010288
 15    0.007774
 16    0.008190
 17    0.004714
 18    0.007285
 19    0.015922
 20    0.004744
 21    0.004067
 22    0.006660
 23    0.002223
 24    0.002587
 25    0.004349
 26    0.003605
 27    0.003808
 28    0.002400
 29    0.002587
 30    0.002089
 31    0.002468
 32    0.004126
 33    0.005289
 34    0.006149
 35    0.003123
 36    0.003065
 37    0.004145
 38    0.004583
 39    0.003385
 40    0.007610
 41    0.005758
 42    0.000892
 43    0.002964
 44    0.001180
 45    0.003381
 46    0.002946
 47    0.004589
 48    0.001669
 49    0.000936
 50    0.004650
 51    0.005043
 52    0.002948
 53    0.002790
 54    0.003185
 55    0.002981
 56    0.001692
 57    0.002416
 58    0.003061
 59    0.003654
 60    0.001192
 61    0.001832
 62    0.001547
 63    0.002619
 64    0.002307
 65    0.001719
 66    0.003553
 67    0.003322
 68    0.001567
 69    0.000864
 70    0.002052
 71    0.002084
 72    0.001079
 73    0.001657
 74    0.002170
 75    0.000371
 76    0.001623
 77    0.002189
 78    0.001288
 79    0.001745
 80    0.000841
 81    0.000588
 82    0.002548
 83    0.000927
 84    0.001260
 85    0.001405
 86    0.000569
 87    0.001359
 88    0.001375
 89    0.001397
 90    0.002040
 91    0.001531
 92    0.000690
 93    0.000648
 94    0.001501
 95    0.002012
 96    0.000486
 97    0.001774
 98    0.001700
 99    0.000578
100    0.001405
101    0.001710
102    0.001370
103    0.001780
104    0.001776
105    0.000668
106    0.002037
107    0.000985
108    0.002388
109    0.002508
110    0.000582
111    0.001017
112    0.001252
113    0.000972
114    0.001516
115    0.000967
116    0.000924
117    0.000921
118    0.000286
119    0.001492
120    0.000622
121    0.002014
122    0.000624
123    0.000263
124    0.000744
125    0.000391
126    0.000932
127    0.001316
128    0.001367
129    0.000726
130    0.001231
131    0.001292
132    0.000763
133    0.000930
134    0.000812
135    0.000779
136    0.001333
137    0.000597
138    0.001682
139    0.000784
140    0.001491
141    0.001034
142    0.000908
143    0.000562
144    0.000663
145    0.000771
146    0.000903
147    0.001083
148    0.001066
149    0.000771
150    0.000456
151    0.000579
152    0.001232
153    0.000513
154    0.001060
155    0.001632
156    0.000714
157    0.000772
158    0.000538
159    0.000296
160    0.000319
161    0.000832
162    0.001119
163    0.000407
164    0.000343
165    0.000903
166    0.000542
167    0.001202
168    0.000537
169    0.000563
170    0.001147
171    0.000942
172    0.000696
173    0.000460
174    0.000486
175    0.000445
176    0.000690
177    0.000531
178    0.000716
179    0.000918
180    0.000640
181    0.000662
182    0.000940
183    0.000452
184    0.001236
185    0.000320
186    0.000484
187    0.000681
188    0.000551
189    0.000523
190    0.000824
191    0.000626
192    0.000562
193    0.000631
194    0.000838
195    0.000774
196    0.000962
197    0.000643
198    0.001039
199    0.001353
200    0.000620
201    0.000623
202    0.000442
203    0.000497
204    0.000224
205    0.000715
206    0.000849
207    0.000713
208    0.000414
209    0.000924
210    0.000926
211    0.000942
212    0.001017
213    0.000857
214    0.000894
215    0.000432
216    0.000292
217    0.000370
218    0.000320
219    0.000827
220    0.000864
221    0.000732
222    0.000682
223    0.000942
224    0.000774
225    0.000699
226    0.000847
227    0.000550
228    0.000424
229    0.000551
230    0.000878
231    0.000581
232    0.000693
233    0.000921
234    0.000714
235    0.000733
236    0.000404
237    0.000295
238    0.000694
239    0.000539
240    0.000973
241    0.000665
242    0.000431
243    0.000708
244    0.000778
245    0.000635
246    0.000559
247    0.001019
248    0.000918
249    0.000353
250    0.000752
251    0.000626
252    0.001528
253    0.000881
254    0.000393
255    0.000814
256    0.000537
257    0.000528
258    0.001345
259    0.000342
260    0.000858
261    0.000355
262    0.000754
263    0.000580
264    0.000398
265    0.000620
266    0.000236
267    0.000998
268    0.001178
269    0.000746
270    0.000619
271    0.001008
272    0.000555
273    0.000735
274    0.000832
275    0.000489
276    0.000757
277    0.000186
278    0.000364
279    0.000554
280    0.000440
281    0.000623
282    0.000170
283    0.000409
284    0.000298
285    0.000786
286    0.000465
287    0.000414
288    0.000309
289    0.000347
290    0.000351
291    0.000382
292    0.000423
293    0.000599
294    0.000293
295    0.000528
296    0.000660
297    0.000444
298    0.000678
299    0.000333
300    0.000354
301    0.000595
302    0.000655
303    0.000517
304    0.000459
305    0.000455
306    0.000545
307    0.000824
308    0.000443
309    0.000691
310    0.000988
311    0.000310
312    0.000369
313    0.000571
314    0.000196
315    0.000837
316    0.000317
317    0.000270
318    0.000951
319    0.000139
320    0.000617
321    0.000327
322    0.000449
323    0.000341
324    0.000526
325    0.000457
326    0.000223
327    0.000277
328    0.000424
329    0.000344
330    0.000212
331    0.000317
332    0.000489
333    0.000280
334    0.000353
335    0.000457
336    0.000245
337    0.000246
338    0.000335
339    0.000321
340    0.000291
341    0.000727
342    0.000441
343    0.000230
344    0.000482
345    0.000581
346    0.000724
347    0.000235
348    0.000194
349    0.000286
350    0.000373
351    0.000314
352    0.000412
353    0.000373
354    0.000326
355    0.000293
356    0.000184
357    0.000571
358    0.000293
359    0.000156
360    0.000577
361    0.000416
362    0.000472
363    0.000268
364    0.000729
365    0.000070
366    0.000438
367    0.000548
368    0.000348
369    0.000268
370    0.000400
371    0.000348
372    0.000855
373    0.000348
374    0.000439
375    0.000292
376    0.000086
377    0.000268
378    0.000330
379    0.000443
380    0.000429
381    0.000244
382    0.000211
383    0.000504
384    0.000420
385    0.000254
386    0.000416
387    0.000473
388    0.000096
389    0.000639
390    0.000381
391    0.000628
392    0.000797
393    0.000300
394    0.000807
395    0.000627
396    0.000539
397    0.000522
398    0.000346
399    0.000515
400    0.000560
401    0.000513
402    0.000449
403    0.000398
404    0.000500
405    0.000312
406    0.000199
407    0.000595
408    0.000372
409    0.000261
410    0.000225
411    0.000218
412    0.000310
413    0.000276
414    0.000337
415    0.000387
416    0.000281
417    0.000340
418    0.000464
419    0.000434
420    0.000281
421    0.000266
422    0.000537
423    0.000238
424    0.000461
425    0.000304
426    0.000310
427    0.000385
428    0.000275
429    0.000258
430    0.000430
431    0.000434
432    0.000208
433    0.000471
434    0.000367
435    0.000218
436    0.000268
437    0.000204
438    0.000093
439    0.000326
440    0.000154
441    0.000192
442    0.000430
443    0.000246
444    0.000379
445    0.000229
446    0.000431
447    0.000268
448    0.000602
449    0.000582
450    0.000282
451    0.000623
452    0.000192
453    0.000621
454    0.000345
455    0.000294
456    0.000222
457    0.000354
458    0.000259
459    0.000494
460    0.000290
461    0.000237
462    0.000259
463    0.000223
464    0.000381
465    0.000387
466    0.000086
467    0.000405
468    0.000363
469    0.000413
470    0.000272
471    0.000367
472    0.000335
473    0.000198
474    0.000138
475    0.000466
476    0.000278
477    0.000394
478    0.000267
479    0.000265
480    0.000311
481    0.000432
482    0.000206
483    0.000411
484    0.000385
485    0.000353
486    0.000324
487    0.000370
488    0.000328
489    0.000623
490    0.000260
491    0.000392
492    0.000289
493    0.000228
494    0.000207
495    0.000422
496    0.000265
497    0.000162
498    0.000137
499    0.000304
500    0.000522
501    0.000354
502    0.000361
503    0.000353
504    0.000256
505    0.000286
506    0.000180
507    0.000213
508    0.000492
509    0.000302
510    0.000416
511    0.000264
512    0.000272
513    0.000219
514    0.000432
515    0.000103
516    0.000216
517    0.000209
518    0.000320
519    0.000214
520    0.000084
521    0.000490
522    0.000346
523    0.000266
524    0.000333
525    0.000316
526    0.000159
527    0.000591
528    0.000210
529    0.000267
530    0.000278
531    0.000293
532    0.000153
533    0.000271
534    0.000174
535    0.000201
536    0.000139
537    0.000192
538    0.000236
539    0.000426
540    0.000222
541    0.000137
542    0.000082
543    0.000252
544    0.000360
545    0.000081
546    0.000326
547    0.000164
548    0.000269
549    0.000407
550    0.000388
551    0.000182
552    0.000337
553    0.000415
554    0.000186
555    0.000126
556    0.000131
557    0.000127
558    0.000312
559    0.000135
560    0.000115
561    0.000182
562    0.000291
563    0.000299
564    0.000443
565    0.000110
566    0.000662
567    0.000119
568    0.000154
569    0.000264
570    0.000112
571    0.000174
572    0.000264
573    0.000246
574    0.000357
575    0.000063
576    0.000218
577    0.000195
578    0.000225
579    0.000197
580    0.000140
581    0.000255
582    0.000280
583    0.000167
584    0.000217
585    0.000319
586    0.000248
587    0.000324
588    0.000383
589    0.000375
590    0.000386
591    0.000192
592    0.000127
593    0.000107
594    0.000216
595    0.000022
596    0.000138
597    0.000237
598    0.000325
599    0.000181
600    0.000219
601    0.000121
602    0.000245
603    0.000227
604    0.000192
605    0.000171
606    0.000342
607    0.000263
608    0.000246
609    0.000175
610    0.000239
611    0.000168
612    0.000306
613    0.000336
614    0.000078
615    0.000068
616    0.000275
617    0.000155
618    0.000178
619    0.000197
620    0.000260
621    0.000196
622    0.000174
623    0.000183
624    0.000281
625    0.000133
626    0.000183
627    0.000273
628    0.000227
629    0.000182
630    0.000267
631    0.000209
632    0.000175
633    0.000255
634    0.000163
635    0.000229
636    0.000315
637    0.000235
638    0.000200
639    0.000074
640    0.000329
641    0.000205
642    0.000060
643    0.000247
644    0.000155
645    0.000115
646    0.000202
647    0.000212
648    0.000257
649    0.000142
650    0.000288
651    0.000159
652    0.000206
653    0.000368
654    0.000107
655    0.000084
656    0.000273
657    0.000124
658    0.000086
659    0.000278
660    0.000203
661    0.000317
662    0.000088
663    0.000100
664    0.000221
665    0.000188
666    0.000057
667    0.000101
668    0.000172
669    0.000169
670    0.000175
671    0.000101
672    0.000224
673    0.000170
674    0.000242
675    0.000159
676    0.000181
677    0.000295
678    0.000107
679    0.000159
680    0.000244
681    0.000323
682    0.000156
683    0.000218
684    0.000161
685    0.000136
686    0.000285
687    0.000227
688    0.000210
689    0.000163
690    0.000157
691    0.000329
692    0.000281
693    0.000226
694    0.000079
695    0.000141
696    0.000125
697    0.000115
698    0.000197
699    0.000055
700    0.000120
701    0.000265
702    0.000182
703    0.000119
704    0.000207
705    0.000160
706    0.000218
707    0.000045
708    0.000160
709    0.000129
710    0.000145
711    0.000123
712    0.000150
713    0.000081
714    0.000100
715    0.000211
716    0.000067
717    0.000100
718    0.000226
719    0.000074
720    0.000153
721    0.000120
722    0.000195
723    0.000081
724    0.000180
725    0.000155
726    0.000113
727    0.000073
728    0.000418
729    0.000121
730    0.000327
731    0.000202
732    0.000115
733    0.000119
734    0.000342
735    0.000206
736    0.000204
737    0.000065
738    0.000101
739    0.000183
740    0.000158
741    0.000181
742    0.000368
743    0.000223
744    0.000179
745    0.000239
746    0.000173
747    0.000242
748    0.000155
749    0.000058
750    0.000162
751    0.000228
752    0.000173
753    0.000201
754    0.000267
755    0.000203
756    0.000177
757    0.000147
758    0.000084
759    0.000160
760    0.000168
761    0.000038
762    0.000063
763    0.000128
764    0.000116
765    0.000246
766    0.000051
767    0.000194
768    0.000317
769    0.000064
770    0.000236
771    0.000083
772    0.000048
773    0.000238
774    0.000279
775    0.000149
776    0.000054
777    0.000402
778    0.000102
779    0.000061
780    0.000035
781    0.000058
782    0.000096
783    0.000120
784    0.000054
785    0.000120
786    0.000104
787    0.000168
788    0.000208
789    0.000094
790    0.000075
791    0.000295
792    0.000160
793    0.000148
794    0.000302
795    0.000099
796    0.000124
797    0.000272
798    0.000271
799    0.000113
800    0.000215
801    0.000232
802    0.000126
803    0.000047
804    0.000095
805    0.000120
806    0.000286
807    0.000060
808    0.000113
809    0.000021
810    0.000115
811    0.000036
812    0.000057
813    0.000102
814    0.000172
815    0.000037
816    0.000230
817    0.000071
818    0.000095
819    0.000039
820    0.000113
821    0.000136
822    0.000104
823    0.000025
824    0.000307
825    0.000398
