 -0.067726
 -0.029479
  0.934071
  0.266091
 -0.043640
  0.057278
 -0.084596
 -0.019828
  0.027747
 -0.020528
  0.023815
  0.081775
  0.042015
  0.038509
  0.002113
 -0.026575
  0.003673
 -0.064812
  0.058382
  0.028321
  0.063836
  0.063224
  0.035740
  0.005427
 -0.021187
  0.006753
  0.003330
  0.012005
  0.003437
  0.004381
  0.010196
  0.020887
 -0.000280
 -0.012883
  0.002771
  0.008587
 -0.002926
  0.000893
 -0.005119
  0.013059
 -0.007911
  0.000150
 -0.021541
  0.014158
 -0.007247
  0.003677
  0.011960
 -0.006401
  0.016968
 -0.002772
 -0.013226
 -0.011345
  0.026298
 -0.000367
 -0.001258
  0.003970
  0.001329
 -0.011948
 -0.007318
 -0.002532
 -0.001763
  0.003203
 -0.004507
  0.007177
  0.001795
 -0.001400
 -0.002948
  0.005393
 -0.004070
 -0.007332
 -0.000283
  0.000776
 -0.005161
  0.002208
  0.005264
 -0.003338
  0.001735
 -0.003257
 -0.000800
 -0.000839
 -0.000999
 -0.002550
 -0.018479
 -0.007632
  0.003239
  0.008008
  0.004376
 -0.008222
  0.003258
 -0.002503
  0.005265
 -0.004069
 -0.007117
 -0.010010
  0.004844
 -0.002249
 -0.005973
 -0.007325
 -0.004333
 -0.003403
 -0.000170
  0.001701
  0.003328
 -0.002400
 -0.007453
 -0.005075
 -0.000368
 -0.004454
  0.004534
  0.001443
  0.002888
 -0.002517
 -0.000611
  0.003254
 -0.003790
  0.002351
 -0.004384
  0.006975
 -0.002874
  0.004830
 -0.004107
  0.003430
  0.004645
 -0.000325
 -0.008937
 -0.004804
  0.008939
  0.007565
 -0.002590
 -0.004174
 -0.004681
  0.002800
 -0.005534
  0.005906
  0.000738
 -0.000939
 -0.003053
 -0.002426
  0.007681
 -0.004804
 -0.000349
 -0.000353
 -0.002333
  0.003131
 -0.002791
  0.000119
  0.000163
 -0.002915
 -0.006038
 -0.001643
 -0.001081
  0.002778
  0.005476
 -0.001001
  0.002409
 -0.001988
  0.000699
 -0.002013
  0.001055
  0.008524
 -0.003359
  0.002597
  0.005894
  0.000344
 -0.000325
 -0.001498
  0.001189
  0.001427
  0.004469
 -0.001159
  0.003844
 -0.000313
 -0.000356
 -0.000348
 -0.002405
  0.001391
 -0.005348
  0.004830
 -0.001012
 -0.001356
 -0.002401
  0.001285
  0.001726
  0.000415
 -0.002257
  0.000256
  0.000243
  0.001234
  0.002057
 -0.003481
 -0.002919
  0.004387
 -0.002477
 -0.000518
 -0.000139
  0.001521
  0.003940
 -0.005937
  0.007441
  0.003114
 -0.007960
 -0.003827
  0.006964
  0.002652
 -0.002358
 -0.001499
  0.000543
 -0.003358
  0.001114
 -0.000764
 -0.001525
  0.003086
  0.000773
  0.003041
  0.000854
  0.000437
 -0.002129
 -0.001789
  0.002469
 -0.002639
 -0.003825
  0.002068
 -0.003381
  0.002002
  0.003006
  0.002063
  0.000211
  0.004764
  0.000108
 -0.000141
  0.002021
  0.001766
 -0.005255
 -0.003631
  0.000950
 -0.000509
  0.004660
 -0.004589
 -0.002735
 -0.001397
  0.005816
  0.001009
 -0.000631
 -0.004833
 -0.000727
  0.002091
  0.000052
  0.001240
 -0.000414
 -0.001074
 -0.002887
  0.001347
 -0.001677
 -0.002668
  0.000737
  0.000106
  0.000504
 -0.002162
 -0.003103
 -0.001120
 -0.001615
 -0.000277
 -0.000214
  0.002024
 -0.000954
 -0.000805
  0.000576
  0.000562
  0.001504
 -0.005488
  0.001853
  0.000336
  0.003535
 -0.006449
  0.000484
  0.000194
  0.000928
  0.000526
 -0.001443
 -0.005198
 -0.000054
 -0.000807
 -0.000453
  0.000078
  0.002290
  0.002387
  0.000584
 -0.000784
  0.001564
  0.001004
 -0.001596
 -0.001974
  0.002731
  0.001590
 -0.004715
  0.001545
 -0.001851
  0.005446
 -0.001636
  0.000835
 -0.001413
  0.001674
  0.000148
  0.001130
 -0.000697
 -0.001101
 -0.001345
  0.002773
 -0.000145
  0.000453
  0.000679
 -0.003713
 -0.001133
  0.000690
 -0.000632
  0.001612
  0.002416
 -0.000719
  0.003828
  0.000869
 -0.000410
 -0.000180
  0.000454
  0.000384
  0.002421
  0.002102
 -0.000762
 -0.001165
  0.002649
 -0.000815
 -0.000117
 -0.005382
 -0.001167
 -0.000415
  0.003534
  0.000334
 -0.001461
  0.004706
 -0.001340
  0.001978
 -0.002937
 -0.001302
  0.000424
  0.000055
 -0.000970
 -0.001824
 -0.000231
 -0.003711
 -0.002979
 -0.002884
  0.000119
 -0.000981
 -0.000162
 -0.001455
 -0.000988
  0.000806
  0.000835
  0.001131
 -0.002153
  0.001455
 -0.000220
  0.000008
 -0.000666
 -0.000418
  0.000245
 -0.000842
 -0.001740
 -0.003294
  0.000241
 -0.002193
  0.003685
  0.001567
 -0.001484
 -0.001362
 -0.000190
 -0.000833
  0.000456
 -0.000623
  0.001475
 -0.001939
 -0.002210
  0.006143
  0.000678
  0.002562
  0.000719
  0.001225
  0.000446
  0.000589
 -0.000968
 -0.001538
  0.000011
 -0.002962
 -0.002182
 -0.000716
 -0.001521
  0.000245
 -0.001059
 -0.000681
 -0.000190
 -0.000610
  0.000264
 -0.001192
  0.000510
  0.000119
  0.002700
  0.001433
 -0.001062
  0.000626
  0.000803
  0.001888
 -0.000362
  0.000275
  0.001572
  0.000774
 -0.001328
  0.000579
 -0.001042
  0.002041
 -0.000412
 -0.000467
 -0.001873
  0.000880
  0.000383
  0.002159
 -0.000085
  0.000141
  0.001000
  0.001263
 -0.001372
 -0.000693
  0.000572
  0.001332
 -0.001065
  0.000018
 -0.000075
 -0.001896
 -0.002980
 -0.000463
  0.001363
 -0.005497
 -0.000610
  0.001468
  0.000772
  0.002163
 -0.005201
  0.004749
 -0.000925
 -0.000826
  0.000809
  0.002420
 -0.000440
  0.002973
 -0.000606
  0.000013
 -0.000090
  0.000326
  0.000097
 -0.001459
  0.000284
 -0.001553
 -0.000456
  0.000561
 -0.000760
 -0.001417
  0.000648
  0.002008
 -0.000776
 -0.002285
  0.000910
  0.000518
  0.000038
 -0.001088
  0.001181
 -0.001391
  0.002095
  0.000703
  0.000825
 -0.000346
  0.000221
  0.000062
 -0.000456
 -0.003807
  0.000896
  0.004258
  0.001186
 -0.000723
  0.000692
 -0.000457
 -0.000766
 -0.000035
 -0.000957
 -0.000413
 -0.001468
 -0.000755
 -0.000781
  0.000450
 -0.002025
 -0.000577
 -0.002289
  0.000565
 -0.000504
  0.001420
  0.003024
  0.001558
  0.000733
 -0.000986
 -0.001115
 -0.000309
 -0.000465
  0.000610
  0.002246
 -0.000876
  0.002404
  0.003571
 -0.001289
 -0.001505
  0.000057
 -0.000580
 -0.000961
 -0.000373
 -0.000912
 -0.000415
  0.000998
 -0.000936
  0.000394
  0.000432
 -0.002345
  0.001049
 -0.001192
  0.000098
  0.000223
  0.000074
  0.001071
  0.001950
 -0.000155
  0.000418
 -0.000505
  0.000325
  0.000037
 -0.002151
 -0.000960
  0.000468
 -0.000210
  0.000482
  0.000467
  0.000361
  0.000392
  0.000388
 -0.000566
 -0.001063
 -0.000494
  0.000257
  0.000880
 -0.001445
  0.000988
  0.000931
 -0.000431
 -0.000689
  0.000411
 -0.000008
  0.000055
  0.001036
  0.000136
  0.001150
 -0.002964
 -0.001103
 -0.000123
  0.000372
 -0.000235
  0.000020
 -0.001385
 -0.000663
  0.000567
 -0.000426
  0.000201
  0.000138
  0.000097
  0.001844
  0.000706
  0.000747
  0.001268
 -0.001134
 -0.000652
  0.000967
 -0.000748
 -0.001623
  0.001400
 -0.000086
  0.001984
 -0.000655
 -0.000082
  0.000447
 -0.000239
 -0.001631
 -0.001768
 -0.001797
 -0.000362
 -0.000931
 -0.000615
  0.000343
  0.000577
  0.001570
 -0.004241
 -0.002387
 -0.000155
  0.002023
 -0.001055
  0.000454
 -0.001045
 -0.000223
  0.000974
 -0.000936
  0.002189
  0.000074
 -0.000800
  0.000667
  0.000054
  0.000239
  0.000359
 -0.000545
  0.000896
 -0.000422
  0.001309
  0.001552
 -0.000972
  0.000112
  0.000383
 -0.000628
 -0.002807
  0.000009
 -0.000110
  0.000162
 -0.000102
  0.000199
  0.000692
 -0.000622
  0.000544
  0.000826
 -0.000649
  0.001305
  0.001055
 -0.000881
  0.000222
 -0.001571
 -0.001210
  0.001658
  0.000167
 -0.001578
 -0.001303
 -0.000592
 -0.000550
  0.000665
  0.001115
  0.000397
 -0.000052
 -0.001167
 -0.002039
 -0.000381
 -0.000656
  0.000920
  0.000700
  0.000520
 -0.000600
 -0.002009
  0.000247
  0.000147
 -0.000459
  0.000294
  0.000662
 -0.000665
  0.000527
 -0.000405
 -0.000087
 -0.000387
 -0.000358
  0.000401
  0.000404
  0.000472
 -0.000046
  0.000446
  0.000206
  0.000819
 -0.000304
 -0.000005
  0.000510
 -0.000270
 -0.001349
 -0.000148
  0.000271
 -0.000316
 -0.000154
  0.000281
  0.000463
  0.000204
 -0.002271
 -0.000922
  0.000646
  0.000013
 -0.000022
  0.000175
  0.000476
 -0.001395
 -0.000373
  0.001021
 -0.000998
  0.000308
  0.000296
 -0.001470
  0.000289
 -0.000034
  0.000236
 -0.000733
  0.000122
 -0.000496
 -0.000602
 -0.000988
 -0.000356
 -0.000183
  0.000897
  0.000382
 -0.000040
  0.000462
 -0.002039
 -0.000235
 -0.000601
 -0.000321
  0.000064
  0.000275
  0.001291
  0.000798
  0.000396
  0.000445
  0.000060
 -0.000323
 -0.001112
 -0.001242
 -0.000662
 -0.000910
 -0.000420
 -0.000704
  0.000126
 -0.000771
 -0.001659
 -0.001008
 -0.000551
  0.000175
 -0.000921
 -0.000266
 -0.001068
  0.000497
 -0.000509
 -0.000673
  0.000436
 -0.001015
  0.000159
  0.000250
  0.001124
 -0.000387
 -0.000484
  0.000542
  0.000273
 -0.000481
 -0.000117
  0.000290
 -0.000037
 -0.001752
  0.000018
  0.000075
  0.001286
 -0.000536
  0.000280
 -0.000466
 -0.000339
  0.000650
  0.001909
 -0.000511
 -0.000279
 -0.000583
  0.001368
 -0.000670
  0.002942
 -0.003405
 -0.000149
  0.000056
 -0.000316
  0.000650
 -0.001040
 -0.002229
  0.000632
 -0.001467
 -0.000593
 -0.003228
 -0.001065
 -0.000366
  0.000050
  0.000165
  0.000896
 -0.000155
  0.000331
 -0.000122
  0.000527
 -0.000525
  0.000282
 -0.000215
  0.000115
 -0.000151
  0.000029
  0.000325
  0.000435
  0.000274
 -0.000395
  0.000159
  0.000006
  0.001235
 -0.000032
 -0.000336
 -0.000851
 -0.000092
  0.000211
  0.001056
  0.000008
 -0.000022
  0.000355
 -0.000937
  0.000042
