  1    0.104241
  2    0.064758
  3    0.033079
  4    0.034476
  5    0.016890
  6    0.018697
  7    0.063120
  8    0.018892
  9    0.016772
 10    0.007582
 11    0.004070
 12    0.001665
 13    0.005000
 14    0.009874
 15    0.010277
 16    0.009599
 17    0.003477
 18    0.004686
 19    0.004400
 20    0.005006
 21    0.007916
 22    0.004987
 23    0.007897
 24    0.002738
 25    0.007840
 26    0.005171
 27    0.005282
 28    0.002266
 29    0.006274
 30    0.003173
 31    0.005944
 32    0.006734
 33    0.003846
 34    0.003916
 35    0.006332
 36    0.003725
 37    0.003496
 38    0.002192
 39    0.002988
 40    0.004196
 41    0.004237
 42    0.004184
 43    0.003603
 44    0.004540
 45    0.003099
 46    0.002957
 47    0.003711
 48    0.004038
 49    0.001832
 50    0.000755
 51    0.001924
 52    0.001936
 53    0.002061
 54    0.001730
 55    0.002387
 56    0.001367
 57    0.004048
 58    0.001989
 59    0.003626
 60    0.001332
 61    0.001831
 62    0.003011
 63    0.001795
 64    0.000998
 65    0.001433
 66    0.001994
 67    0.001669
 68    0.002419
 69    0.001658
 70    0.002142
 71    0.001075
 72    0.001489
 73    0.001592
 74    0.001552
 75    0.001600
 76    0.003172
 77    0.001667
 78    0.001174
 79    0.001538
 80    0.000813
 81    0.001430
 82    0.000863
 83    0.001430
 84    0.000956
 85    0.002587
 86    0.001649
 87    0.001241
 88    0.003474
 89    0.004106
 90    0.002871
 91    0.001657
 92    0.000956
 93    0.001601
 94    0.001313
 95    0.002514
 96    0.001628
 97    0.001186
 98    0.001135
 99    0.000743
100    0.003149
101    0.001433
102    0.001729
103    0.000705
104    0.001897
105    0.001626
106    0.001622
107    0.000291
108    0.002127
109    0.001596
110    0.001358
111    0.001019
112    0.001001
113    0.000825
114    0.001013
115    0.000377
116    0.001335
117    0.000737
118    0.000736
119    0.001173
120    0.000787
121    0.000758
122    0.001517
123    0.000744
124    0.000955
125    0.001228
126    0.000962
127    0.000915
128    0.002093
129    0.001518
130    0.000988
131    0.000881
132    0.001447
133    0.001213
134    0.001590
135    0.000987
136    0.001460
137    0.001311
138    0.002380
139    0.002411
140    0.001348
141    0.000746
142    0.001317
143    0.000469
144    0.001030
145    0.000559
146    0.000544
147    0.001218
148    0.001067
149    0.000756
150    0.001571
151    0.001757
152    0.001718
153    0.001001
154    0.000641
155    0.001570
156    0.000993
157    0.001566
158    0.000847
159    0.000971
160    0.001105
161    0.000487
162    0.000996
163    0.000636
164    0.000761
165    0.001514
166    0.001447
167    0.001414
168    0.000993
169    0.000575
170    0.001153
171    0.000739
172    0.000424
173    0.000609
174    0.001065
175    0.001102
176    0.000609
177    0.000528
178    0.000847
179    0.000802
180    0.000646
181    0.000818
182    0.000808
183    0.000507
184    0.001322
185    0.000863
186    0.001165
187    0.000619
188    0.000277
189    0.000549
190    0.001273
191    0.000769
192    0.000344
193    0.000894
194    0.000551
195    0.000804
196    0.000832
197    0.000533
198    0.000808
199    0.001021
200    0.000698
201    0.000403
202    0.000222
203    0.000358
204    0.000842
205    0.000688
206    0.000373
207    0.000383
208    0.000346
209    0.000499
210    0.000645
211    0.000600
212    0.000483
213    0.000556
214    0.000444
215    0.000465
216    0.000398
217    0.000877
218    0.000764
219    0.000785
220    0.001558
221    0.001433
222    0.000697
223    0.000593
224    0.000961
225    0.000694
226    0.000236
227    0.000693
228    0.000540
229    0.000512
230    0.001291
231    0.001234
232    0.000910
233    0.000645
234    0.000585
235    0.000374
236    0.000729
237    0.000542
238    0.000554
239    0.000501
240    0.001043
241    0.000855
242    0.001152
243    0.000624
244    0.001006
245    0.000453
246    0.000611
247    0.001125
248    0.000846
249    0.001160
250    0.000439
251    0.000680
252    0.000852
253    0.000607
254    0.000796
255    0.001038
256    0.000434
257    0.000883
258    0.000570
259    0.000748
260    0.000622
261    0.000389
262    0.000523
263    0.000463
264    0.000550
265    0.000529
266    0.000580
267    0.000843
268    0.000856
269    0.000537
270    0.000380
271    0.000485
272    0.000709
273    0.000632
274    0.000466
275    0.000368
276    0.000471
277    0.000594
278    0.000847
279    0.000752
280    0.000816
281    0.000315
282    0.000275
283    0.000672
284    0.000868
285    0.000818
286    0.000580
287    0.000659
288    0.000431
289    0.000298
290    0.000711
291    0.000463
292    0.000539
293    0.000195
294    0.000823
295    0.000573
296    0.000712
297    0.000649
298    0.000793
299    0.000512
300    0.000597
301    0.000335
302    0.000554
303    0.000728
304    0.000548
305    0.000368
306    0.000680
307    0.000808
308    0.000542
309    0.000467
310    0.000446
311    0.000464
312    0.000458
313    0.000764
314    0.000244
315    0.000894
316    0.000968
317    0.000656
318    0.000415
319    0.000447
320    0.000509
321    0.000314
322    0.000277
323    0.000377
324    0.000462
325    0.000510
326    0.000310
327    0.000655
328    0.000835
329    0.000430
330    0.000331
331    0.000412
332    0.000382
333    0.000626
334    0.000657
335    0.000466
336    0.000183
337    0.000193
338    0.000697
339    0.000353
340    0.000543
341    0.000516
342    0.000419
343    0.000684
344    0.000640
345    0.000572
346    0.000694
347    0.000891
348    0.000461
349    0.000609
350    0.000494
351    0.000700
352    0.000490
353    0.000737
354    0.000537
355    0.000307
356    0.000579
357    0.000516
358    0.000558
359    0.000361
360    0.000298
361    0.000486
362    0.000377
363    0.000270
364    0.000661
365    0.000490
366    0.000690
367    0.000662
368    0.000715
369    0.000707
370    0.000455
371    0.000394
372    0.000299
373    0.000559
374    0.000385
375    0.000284
376    0.000369
377    0.000384
378    0.000578
379    0.000471
380    0.000442
381    0.000511
382    0.000744
383    0.000372
384    0.000363
385    0.000241
386    0.000390
387    0.000382
388    0.000418
389    0.000451
390    0.000646
391    0.000832
392    0.000207
393    0.000414
394    0.000364
395    0.000892
396    0.000578
397    0.000356
398    0.000253
399    0.000562
400    0.000621
401    0.000523
402    0.000319
403    0.000755
404    0.000547
405    0.000407
406    0.000260
407    0.000335
408    0.000366
409    0.000499
410    0.000364
411    0.000566
412    0.000505
413    0.000637
414    0.000373
415    0.000700
416    0.000348
417    0.000677
418    0.000292
419    0.000731
420    0.000333
421    0.000379
422    0.000191
423    0.000449
424    0.000157
425    0.000231
426    0.000729
427    0.000392
428    0.000372
429    0.000329
430    0.000500
431    0.000421
432    0.000456
433    0.000520
434    0.000346
435    0.000259
436    0.000517
437    0.000396
438    0.000252
439    0.000564
440    0.000283
441    0.000748
442    0.000444
443    0.000805
444    0.000241
445    0.000431
446    0.000368
447    0.000423
448    0.000293
449    0.000354
450    0.000601
451    0.000307
452    0.000311
453    0.000386
454    0.000421
455    0.000310
456    0.000336
457    0.000307
458    0.000311
459    0.000200
460    0.000313
461    0.000384
462    0.000382
463    0.000287
464    0.000296
465    0.000304
466    0.000228
467    0.000422
468    0.000284
469    0.000305
470    0.000203
471    0.000241
472    0.000359
473    0.000191
474    0.000317
475    0.000323
476    0.000271
477    0.000278
478    0.000345
479    0.000198
480    0.000162
481    0.000578
482    0.000287
483    0.000320
484    0.000251
485    0.000352
486    0.000230
487    0.000570
488    0.000234
489    0.000409
490    0.000456
491    0.000353
492    0.000404
493    0.000211
494    0.000371
495    0.000644
496    0.000295
497    0.000399
498    0.000273
499    0.000310
500    0.000397
501    0.000324
502    0.000272
503    0.000354
504    0.000497
505    0.000292
506    0.000538
507    0.000295
508    0.000575
509    0.000242
510    0.000598
511    0.000375
512    0.000322
513    0.000260
514    0.000391
515    0.000287
516    0.000347
517    0.000191
518    0.000501
519    0.000256
520    0.000271
521    0.000206
522    0.000273
523    0.000250
524    0.000251
525    0.000215
526    0.000516
527    0.000327
528    0.000225
529    0.000454
530    0.000214
531    0.000481
532    0.000345
533    0.000380
534    0.000341
535    0.000374
536    0.000378
537    0.000548
538    0.000234
539    0.000347
540    0.000246
541    0.000220
542    0.000274
543    0.000300
544    0.000440
545    0.000459
546    0.000381
547    0.000332
548    0.000250
549    0.000380
550    0.000113
551    0.000203
552    0.000289
553    0.000303
554    0.000215
555    0.000110
556    0.000162
557    0.000359
558    0.000534
559    0.000213
560    0.000261
561    0.000221
562    0.000264
563    0.000345
564    0.000368
565    0.000148
566    0.000346
567    0.000411
568    0.000095
569    0.000489
570    0.000300
571    0.000255
572    0.000317
573    0.000272
574    0.000324
575    0.000367
576    0.000305
577    0.000388
578    0.000204
579    0.000170
580    0.000158
581    0.000187
582    0.000231
583    0.000228
584    0.000328
585    0.000282
586    0.000316
587    0.000236
588    0.000173
589    0.000251
590    0.000105
591    0.000081
592    0.000142
593    0.000417
594    0.000335
595    0.000147
596    0.000188
597    0.000318
598    0.000254
599    0.000251
600    0.000182
601    0.000297
602    0.000202
603    0.000230
604    0.000172
605    0.000349
606    0.000244
607    0.000180
608    0.000286
609    0.000322
610    0.000277
611    0.000126
612    0.000370
613    0.000286
614    0.000215
615    0.000121
616    0.000246
617    0.000246
618    0.000245
619    0.000170
620    0.000249
621    0.000071
622    0.000258
623    0.000309
624    0.000347
625    0.000482
626    0.000308
627    0.000247
628    0.000373
629    0.000288
630    0.000454
631    0.000246
632    0.000361
633    0.000193
634    0.000231
635    0.000282
636    0.000189
637    0.000165
638    0.000188
639    0.000097
640    0.000188
641    0.000210
642    0.000404
643    0.000337
644    0.000237
645    0.000131
646    0.000233
647    0.000204
648    0.000269
649    0.000280
650    0.000436
651    0.000336
652    0.000187
653    0.000242
654    0.000336
655    0.000396
656    0.000147
657    0.000248
658    0.000353
659    0.000323
660    0.000261
661    0.000187
662    0.000280
663    0.000164
664    0.000336
665    0.000102
666    0.000161
667    0.000245
668    0.000262
669    0.000114
670    0.000226
671    0.000176
672    0.000274
673    0.000335
674    0.000354
675    0.000305
676    0.000289
677    0.000273
678    0.000170
679    0.000141
680    0.000505
681    0.000287
682    0.000332
683    0.000205
684    0.000243
685    0.000433
686    0.000159
687    0.000065
688    0.000180
689    0.000486
690    0.000292
691    0.000178
692    0.000267
693    0.000350
694    0.000267
695    0.000115
696    0.000226
697    0.000267
698    0.000358
699    0.000138
700    0.000096
701    0.000104
702    0.000118
703    0.000371
704    0.000179
705    0.000247
706    0.000100
707    0.000273
708    0.000175
709    0.000155
710    0.000130
711    0.000160
712    0.000185
713    0.000245
714    0.000071
715    0.000135
716    0.000182
717    0.000321
718    0.000157
719    0.000338
720    0.000356
721    0.000279
722    0.000332
723    0.000173
724    0.000273
725    0.000101
726    0.000317
727    0.000139
728    0.000443
729    0.000355
730    0.000238
731    0.000113
732    0.000270
733    0.000188
734    0.000431
735    0.000160
736    0.000214
737    0.000242
738    0.000322
739    0.000351
740    0.000329
741    0.000194
742    0.000219
743    0.000262
744    0.000318
745    0.000097
746    0.000218
747    0.000385
748    0.000093
749    0.000189
750    0.000144
751    0.000397
752    0.000143
753    0.000531
754    0.000264
755    0.000071
756    0.000182
757    0.000371
758    0.000290
759    0.000135
760    0.000174
761    0.000257
762    0.000308
763    0.000114
764    0.000131
765    0.000164
766    0.000125
767    0.000356
768    0.000128
769    0.000132
770    0.000191
771    0.000195
772    0.000219
773    0.000134
774    0.000140
775    0.000089
776    0.000323
777    0.000230
778    0.000342
779    0.000202
780    0.000109
781    0.000218
782    0.000125
783    0.000120
784    0.000264
785    0.000204
786    0.000145
787    0.000349
788    0.000302
789    0.000114
790    0.000310
791    0.000208
792    0.000077
793    0.000271
794    0.000171
795    0.000048
796    0.000234
797    0.000232
798    0.000066
799    0.000123
800    0.000351
801    0.000103
802    0.000105
803    0.000108
804    0.000093
805    0.000095
806    0.000157
807    0.000104
808    0.000166
809    0.000100
810    0.000138
811    0.000199
812    0.000130
813    0.000048
814    0.000055
815    0.000097
816    0.000327
817    0.000116
818    0.000361
819    0.000267
820    0.000188
821    0.000219
822    0.000307
823    0.000175
824    0.000101
825    0.000500
