  1    0.131587
  2    0.082368
  3    0.018877
  4    0.037105
  5    0.010066
  6    0.014191
  7    0.036093
  8    0.007007
  9    0.012428
 10    0.029306
 11    0.010673
 12    0.017340
 13    0.007985
 14    0.006185
 15    0.005541
 16    0.008440
 17    0.011452
 18    0.006334
 19    0.007779
 20    0.007771
 21    0.006412
 22    0.005955
 23    0.005295
 24    0.010741
 25    0.003819
 26    0.003486
 27    0.004211
 28    0.004840
 29    0.004314
 30    0.005085
 31    0.004896
 32    0.004635
 33    0.002814
 34    0.003881
 35    0.004418
 36    0.003838
 37    0.003086
 38    0.003327
 39    0.003104
 40    0.002725
 41    0.003253
 42    0.005713
 43    0.001824
 44    0.003072
 45    0.003166
 46    0.002367
 47    0.003459
 48    0.004064
 49    0.003135
 50    0.003572
 51    0.003033
 52    0.002630
 53    0.002437
 54    0.001329
 55    0.001552
 56    0.003081
 57    0.002057
 58    0.001602
 59    0.001121
 60    0.002026
 61    0.002003
 62    0.002149
 63    0.001932
 64    0.001652
 65    0.001070
 66    0.001885
 67    0.001539
 68    0.001141
 69    0.001194
 70    0.001188
 71    0.001652
 72    0.001122
 73    0.001362
 74    0.002240
 75    0.001365
 76    0.001835
 77    0.001847
 78    0.001124
 79    0.001186
 80    0.001423
 81    0.001633
 82    0.001501
 83    0.001985
 84    0.001862
 85    0.001785
 86    0.001170
 87    0.002058
 88    0.000904
 89    0.001660
 90    0.001676
 91    0.001769
 92    0.001905
 93    0.002894
 94    0.001770
 95    0.000903
 96    0.001468
 97    0.000888
 98    0.001065
 99    0.001241
100    0.001916
101    0.001737
102    0.001203
103    0.001937
104    0.001236
105    0.001283
106    0.001584
107    0.001142
108    0.001141
109    0.000982
110    0.000675
111    0.001036
112    0.001099
113    0.001081
114    0.001592
115    0.000861
116    0.001174
117    0.001331
118    0.000837
119    0.001322
120    0.000927
121    0.000557
122    0.000756
123    0.000807
124    0.001309
125    0.000957
126    0.000903
127    0.000568
128    0.000970
129    0.001318
130    0.000635
131    0.001353
132    0.000880
133    0.000818
134    0.000790
135    0.000972
136    0.000877
137    0.000834
138    0.001120
139    0.001067
140    0.001735
141    0.001247
142    0.001196
143    0.000845
144    0.001015
145    0.001430
146    0.001179
147    0.000686
148    0.001048
149    0.000955
150    0.000979
151    0.001037
152    0.000976
153    0.001115
154    0.000953
155    0.000832
156    0.000895
157    0.001314
158    0.001013
159    0.001120
160    0.001036
161    0.000668
162    0.000744
163    0.000592
164    0.000932
165    0.000677
166    0.000687
167    0.000883
168    0.000538
169    0.001375
170    0.000592
171    0.000853
172    0.001094
173    0.000702
174    0.001044
175    0.000744
176    0.000854
177    0.001081
178    0.001263
179    0.001360
180    0.000923
181    0.000871
182    0.000506
183    0.000889
184    0.000684
185    0.000665
186    0.000950
187    0.000668
188    0.000602
189    0.000624
190    0.000814
191    0.001593
192    0.000654
193    0.000548
194    0.001129
195    0.000880
196    0.001133
197    0.000742
198    0.000595
199    0.001009
200    0.000444
201    0.000495
202    0.000737
203    0.000455
204    0.000865
205    0.001152
206    0.001089
207    0.000932
208    0.000818
209    0.000892
210    0.000853
211    0.000792
212    0.000576
213    0.000904
214    0.000704
215    0.000784
216    0.000881
217    0.001016
218    0.000521
219    0.000460
220    0.000541
221    0.000550
222    0.000869
223    0.000545
224    0.000679
225    0.000569
226    0.000782
227    0.000705
228    0.001002
229    0.000659
230    0.000610
231    0.000721
232    0.000690
233    0.000703
234    0.000596
235    0.000737
236    0.001155
237    0.000905
238    0.000831
239    0.000476
240    0.000631
241    0.000647
242    0.001240
243    0.000791
244    0.000570
245    0.001247
246    0.000563
247    0.001050
248    0.000703
249    0.000420
250    0.000196
251    0.000264
252    0.000500
253    0.000473
254    0.000994
255    0.000481
256    0.000661
257    0.000757
258    0.000639
259    0.000585
260    0.000563
261    0.000629
262    0.000529
263    0.000611
264    0.000497
265    0.000309
266    0.000737
267    0.000695
268    0.000569
269    0.000504
270    0.000625
271    0.000715
272    0.000473
273    0.000740
274    0.000902
275    0.000413
276    0.000317
277    0.000553
278    0.000320
279    0.000970
280    0.000539
281    0.000608
282    0.000252
283    0.000330
284    0.000412
285    0.000488
286    0.000279
287    0.000828
288    0.000787
289    0.000326
290    0.000656
291    0.000718
292    0.000800
293    0.000634
294    0.000343
295    0.000810
296    0.000420
297    0.000256
298    0.001022
299    0.000389
300    0.000519
301    0.000556
302    0.000616
303    0.000569
304    0.000410
305    0.000652
306    0.000322
307    0.000573
308    0.000558
309    0.000284
310    0.000855
311    0.000800
312    0.000551
313    0.000426
314    0.000234
315    0.000673
316    0.000832
317    0.000279
318    0.000599
319    0.000646
320    0.000374
321    0.000547
322    0.000542
323    0.000815
324    0.000470
325    0.000313
326    0.000323
327    0.000359
328    0.000406
329    0.000517
330    0.000516
331    0.000527
332    0.000462
333    0.000386
334    0.000344
335    0.000629
336    0.000778
337    0.000562
338    0.000673
339    0.000489
340    0.000397
341    0.000444
342    0.000545
343    0.000597
344    0.000322
345    0.000721
346    0.000632
347    0.000477
348    0.000229
349    0.000557
350    0.000324
351    0.000531
352    0.000261
353    0.000445
354    0.000403
355    0.000604
356    0.000635
357    0.000347
358    0.000588
359    0.000354
360    0.000490
361    0.000335
362    0.000372
363    0.000481
364    0.000317
365    0.000499
366    0.000507
367    0.000262
368    0.000394
369    0.000572
370    0.000315
371    0.000514
372    0.000382
373    0.000372
374    0.000255
375    0.000284
376    0.000415
377    0.000460
378    0.000453
379    0.000325
380    0.000382
381    0.000346
382    0.000276
383    0.000274
384    0.000367
385    0.000180
386    0.000368
387    0.000425
388    0.000478
389    0.000406
390    0.000469
391    0.000217
392    0.000376
393    0.000254
394    0.000261
395    0.000433
396    0.000586
397    0.000308
398    0.000528
399    0.000403
400    0.000322
401    0.000513
402    0.000304
403    0.000446
404    0.000518
405    0.000255
406    0.000244
407    0.000318
408    0.000414
409    0.000209
410    0.000391
411    0.000323
412    0.000377
413    0.000299
414    0.000284
415    0.000472
416    0.000449
417    0.000322
418    0.000309
419    0.000416
420    0.000354
421    0.000373
422    0.000440
423    0.000399
424    0.000347
425    0.000368
426    0.000287
427    0.000212
428    0.000355
429    0.000519
430    0.000369
431    0.000388
432    0.000311
433    0.000370
434    0.000249
435    0.000445
436    0.000381
437    0.000368
438    0.000308
439    0.000455
440    0.000626
441    0.000403
442    0.000453
443    0.000271
444    0.000483
445    0.000310
446    0.000351
447    0.000267
448    0.000429
449    0.000445
450    0.000381
451    0.000256
452    0.000275
453    0.000399
454    0.000495
455    0.000312
456    0.000250
457    0.000365
458    0.000386
459    0.000500
460    0.000240
461    0.000417
462    0.000239
463    0.000380
464    0.000424
465    0.000190
466    0.000274
467    0.000313
468    0.000284
469    0.000315
470    0.000294
471    0.000245
472    0.000300
473    0.000366
474    0.000346
475    0.000470
476    0.000210
477    0.000336
478    0.000214
479    0.000252
480    0.000235
481    0.000346
482    0.000303
483    0.000242
484    0.000387
485    0.000277
486    0.000406
487    0.000306
488    0.000233
489    0.000291
490    0.000249
491    0.000249
492    0.000162
493    0.000211
494    0.000468
495    0.000259
496    0.000298
497    0.000280
498    0.000206
499    0.000361
500    0.000320
501    0.000528
502    0.000409
503    0.000313
504    0.000332
505    0.000397
506    0.000407
507    0.000325
508    0.000331
509    0.000304
510    0.000325
511    0.000430
512    0.000305
513    0.000190
514    0.000420
515    0.000416
516    0.000384
517    0.000394
518    0.000284
519    0.000320
520    0.000320
521    0.000320
522    0.000255
523    0.000218
524    0.000302
525    0.000204
526    0.000275
527    0.000274
528    0.000369
529    0.000282
530    0.000218
531    0.000218
532    0.000363
533    0.000339
534    0.000325
535    0.000301
536    0.000333
537    0.000230
538    0.000333
539    0.000353
540    0.000372
541    0.000222
542    0.000421
543    0.000254
544    0.000197
545    0.000270
546    0.000340
547    0.000290
548    0.000283
549    0.000351
550    0.000245
551    0.000303
552    0.000299
553    0.000331
554    0.000231
555    0.000245
556    0.000300
557    0.000517
558    0.000254
559    0.000369
560    0.000328
561    0.000233
562    0.000277
563    0.000307
564    0.000239
565    0.000317
566    0.000304
567    0.000264
568    0.000302
569    0.000317
570    0.000312
571    0.000226
572    0.000318
573    0.000230
574    0.000325
575    0.000299
576    0.000278
577    0.000354
578    0.000170
579    0.000321
580    0.000291
581    0.000415
582    0.000284
583    0.000121
584    0.000247
585    0.000241
586    0.000246
587    0.000348
588    0.000260
589    0.000212
590    0.000310
591    0.000355
592    0.000270
593    0.000269
594    0.000307
595    0.000176
596    0.000247
597    0.000319
598    0.000227
599    0.000228
600    0.000315
601    0.000274
602    0.000318
603    0.000261
604    0.000216
605    0.000252
606    0.000225
607    0.000270
608    0.000363
609    0.000198
610    0.000313
611    0.000268
612    0.000175
613    0.000283
614    0.000195
615    0.000289
616    0.000235
617    0.000242
618    0.000446
619    0.000365
620    0.000245
621    0.000311
622    0.000278
623    0.000171
624    0.000199
625    0.000268
626    0.000307
627    0.000148
628    0.000243
629    0.000150
630    0.000212
631    0.000276
632    0.000211
633    0.000234
634    0.000173
635    0.000159
636    0.000234
637    0.000163
638    0.000183
639    0.000214
640    0.000290
641    0.000222
642    0.000248
643    0.000198
644    0.000275
645    0.000174
646    0.000142
647    0.000293
648    0.000207
649    0.000153
650    0.000245
651    0.000212
652    0.000195
653    0.000104
654    0.000213
655    0.000238
656    0.000208
657    0.000173
658    0.000199
659    0.000128
660    0.000208
661    0.000239
662    0.000196
663    0.000292
664    0.000282
665    0.000291
666    0.000212
667    0.000278
668    0.000246
669    0.000331
670    0.000265
671    0.000169
672    0.000305
673    0.000227
674    0.000183
675    0.000220
676    0.000196
677    0.000277
678    0.000445
679    0.000262
680    0.000205
681    0.000162
682    0.000355
683    0.000225
684    0.000176
685    0.000253
686    0.000339
687    0.000250
688    0.000283
689    0.000404
690    0.000295
691    0.000177
692    0.000212
693    0.000283
694    0.000163
695    0.000265
696    0.000221
697    0.000281
698    0.000170
699    0.000208
700    0.000227
701    0.000261
702    0.000199
703    0.000117
704    0.000148
705    0.000276
706    0.000197
707    0.000225
708    0.000139
709    0.000261
710    0.000150
711    0.000199
712    0.000197
713    0.000223
714    0.000283
715    0.000170
716    0.000171
717    0.000170
718    0.000178
719    0.000357
720    0.000209
721    0.000233
722    0.000219
723    0.000307
724    0.000212
725    0.000329
726    0.000349
727    0.000204
728    0.000348
729    0.000308
730    0.000337
731    0.000247
732    0.000205
733    0.000198
734    0.000187
735    0.000171
736    0.000237
737    0.000165
738    0.000172
739    0.000112
740    0.000113
741    0.000204
742    0.000163
743    0.000264
744    0.000253
745    0.000143
746    0.000233
747    0.000182
748    0.000223
749    0.000209
750    0.000337
751    0.000213
752    0.000122
753    0.000184
754    0.000254
755    0.000147
756    0.000328
757    0.000188
758    0.000122
759    0.000160
760    0.000241
761    0.000098
762    0.000180
763    0.000174
764    0.000149
765    0.000097
766    0.000175
767    0.000234
768    0.000201
769    0.000209
770    0.000200
771    0.000126
772    0.000237
773    0.000180
774    0.000171
775    0.000199
776    0.000180
777    0.000161
778    0.000088
779    0.000231
780    0.000093
781    0.000170
782    0.000453
783    0.000199
784    0.000137
785    0.000284
786    0.000101
787    0.000255
788    0.000154
789    0.000276
790    0.000243
791    0.000256
792    0.000092
793    0.000198
794    0.000315
795    0.000205
796    0.000207
797    0.000247
798    0.000272
799    0.000244
800    0.000173
801    0.000281
802    0.000204
803    0.000086
804    0.000338
805    0.000045
806    0.000113
807    0.000116
808    0.000290
809    0.000203
810    0.000042
811    0.000153
812    0.000191
813    0.000111
814    0.000045
815    0.000194
816    0.000367
817    0.000245
818    0.000330
819    0.000101
820    0.000238
821    0.000188
822    0.000108
823    0.000318
824    0.000294
825    0.000408
