  1    0.151510
  2    0.082007
  3    0.039078
  4    0.019339
  5    0.014940
  6    0.031027
  7    0.016034
  8    0.012810
  9    0.008803
 10    0.008594
 11    0.013303
 12    0.006276
 13    0.005294
 14    0.008613
 15    0.006962
 16    0.008133
 17    0.007888
 18    0.009565
 19    0.009425
 20    0.005334
 21    0.008193
 22    0.004424
 23    0.006293
 24    0.005500
 25    0.006152
 26    0.004924
 27    0.004136
 28    0.004777
 29    0.004190
 30    0.003362
 31    0.004143
 32    0.003932
 33    0.002626
 34    0.002274
 35    0.002503
 36    0.003596
 37    0.004544
 38    0.004620
 39    0.003102
 40    0.004116
 41    0.003302
 42    0.004008
 43    0.003536
 44    0.001419
 45    0.003222
 46    0.003954
 47    0.003040
 48    0.002593
 49    0.003105
 50    0.001995
 51    0.001479
 52    0.004294
 53    0.003163
 54    0.002067
 55    0.001972
 56    0.003765
 57    0.002023
 58    0.000884
 59    0.001762
 60    0.001430
 61    0.001703
 62    0.002630
 63    0.003275
 64    0.001573
 65    0.002381
 66    0.001983
 67    0.001422
 68    0.001950
 69    0.001712
 70    0.002239
 71    0.001187
 72    0.001630
 73    0.001439
 74    0.001979
 75    0.001398
 76    0.001528
 77    0.001992
 78    0.001908
 79    0.001797
 80    0.001250
 81    0.002464
 82    0.002415
 83    0.002185
 84    0.001360
 85    0.001147
 86    0.001668
 87    0.001494
 88    0.001914
 89    0.002258
 90    0.001438
 91    0.001822
 92    0.001866
 93    0.001151
 94    0.001195
 95    0.001083
 96    0.001787
 97    0.001645
 98    0.001049
 99    0.001508
100    0.000956
101    0.002047
102    0.000953
103    0.001064
104    0.000872
105    0.000783
106    0.000754
107    0.001270
108    0.001626
109    0.001879
110    0.000480
111    0.000962
112    0.001094
113    0.001878
114    0.001092
115    0.000805
116    0.001021
117    0.002007
118    0.000885
119    0.001485
120    0.001376
121    0.000753
122    0.001236
123    0.001880
124    0.001401
125    0.001859
126    0.001276
127    0.001575
128    0.001551
129    0.000972
130    0.000824
131    0.001495
132    0.001583
133    0.001336
134    0.001301
135    0.001677
136    0.001066
137    0.000848
138    0.001311
139    0.001210
140    0.001469
141    0.001224
142    0.000816
143    0.001219
144    0.000516
145    0.000531
146    0.001571
147    0.000966
148    0.001257
149    0.001808
150    0.000887
151    0.000633
152    0.001421
153    0.000922
154    0.000769
155    0.001113
156    0.000750
157    0.001556
158    0.000594
159    0.000619
160    0.000774
161    0.000814
162    0.001130
163    0.001026
164    0.000805
165    0.000883
166    0.001071
167    0.001183
168    0.001342
169    0.001316
170    0.000822
171    0.000898
172    0.001458
173    0.001464
174    0.001017
175    0.000808
176    0.001135
177    0.000757
178    0.001082
179    0.001457
180    0.000602
181    0.000697
182    0.000742
183    0.001053
184    0.000780
185    0.000959
186    0.000801
187    0.000734
188    0.000607
189    0.001170
190    0.000622
191    0.001212
192    0.000652
193    0.000900
194    0.000696
195    0.001069
196    0.000720
197    0.000903
198    0.001602
199    0.001151
200    0.000787
201    0.000766
202    0.000731
203    0.000664
204    0.000458
205    0.000508
206    0.000517
207    0.000675
208    0.000646
209    0.000770
210    0.000637
211    0.001082
212    0.000692
213    0.000656
214    0.000595
215    0.000908
216    0.000582
217    0.000635
218    0.001023
219    0.000789
220    0.000699
221    0.000426
222    0.000734
223    0.000820
224    0.001119
225    0.000573
226    0.000382
227    0.000589
228    0.001053
229    0.000665
230    0.000419
231    0.000547
232    0.000598
233    0.000650
234    0.000495
235    0.000662
236    0.000458
237    0.000619
238    0.000611
239    0.000550
240    0.000630
241    0.000756
242    0.000890
243    0.000493
244    0.000563
245    0.000445
246    0.000249
247    0.000872
248    0.000622
249    0.000741
250    0.000509
251    0.000847
252    0.000557
253    0.000471
254    0.000570
255    0.000656
256    0.000711
257    0.000472
258    0.000641
259    0.000571
260    0.000368
261    0.000265
262    0.000669
263    0.000663
264    0.000638
265    0.000611
266    0.000527
267    0.000600
268    0.000336
269    0.000452
270    0.001016
271    0.000585
272    0.000511
273    0.000659
274    0.000556
275    0.000625
276    0.000450
277    0.000687
278    0.000745
279    0.000796
280    0.000599
281    0.000469
282    0.000511
283    0.000327
284    0.000796
285    0.000523
286    0.000484
287    0.000585
288    0.000681
289    0.000263
290    0.000630
291    0.000401
292    0.000385
293    0.000445
294    0.000571
295    0.000577
296    0.000523
297    0.000510
298    0.000792
299    0.000562
300    0.000602
301    0.000696
302    0.000474
303    0.000458
304    0.000313
305    0.000429
306    0.000418
307    0.000373
308    0.000425
309    0.000257
310    0.000523
311    0.000300
312    0.000354
313    0.000612
314    0.000336
315    0.000558
316    0.000655
317    0.000552
318    0.000531
319    0.000529
320    0.000508
321    0.000381
322    0.000520
323    0.000622
324    0.000506
325    0.000470
326    0.000534
327    0.000467
328    0.000357
329    0.000389
330    0.000543
331    0.000302
332    0.000308
333    0.000374
334    0.000429
335    0.000412
336    0.000404
337    0.000476
338    0.000268
339    0.000556
340    0.000540
341    0.000616
342    0.000571
343    0.000374
344    0.000691
345    0.000522
346    0.000307
347    0.000463
348    0.000351
349    0.000314
350    0.000760
351    0.000215
352    0.000420
353    0.000452
354    0.000672
355    0.000462
356    0.000540
357    0.000410
358    0.000542
359    0.000461
360    0.000383
361    0.000513
362    0.000305
363    0.000536
364    0.000671
365    0.000537
366    0.000530
367    0.000432
368    0.000336
369    0.000460
370    0.000419
371    0.000344
372    0.000442
373    0.000282
374    0.000347
375    0.000350
376    0.000374
377    0.000399
378    0.000453
379    0.000428
380    0.000391
381    0.000516
382    0.000594
383    0.000354
384    0.000422
385    0.000486
386    0.000451
387    0.000396
388    0.000310
389    0.000525
390    0.000327
391    0.000486
392    0.000381
393    0.000527
394    0.000248
395    0.000292
396    0.000418
397    0.000496
398    0.000355
399    0.000563
400    0.000452
401    0.000383
402    0.000325
403    0.000472
404    0.000348
405    0.000159
406    0.000339
407    0.000387
408    0.000395
409    0.000500
410    0.000529
411    0.000352
412    0.000285
413    0.000774
414    0.000507
415    0.000280
416    0.000355
417    0.000297
418    0.000556
419    0.000696
420    0.000572
421    0.000435
422    0.000355
423    0.000372
424    0.000354
425    0.000439
426    0.000553
427    0.000346
428    0.000562
429    0.000344
430    0.000390
431    0.000386
432    0.000286
433    0.000290
434    0.000246
435    0.000326
436    0.000243
437    0.000360
438    0.000325
439    0.000335
440    0.000387
441    0.000263
442    0.000149
443    0.000344
444    0.000259
445    0.000416
446    0.000310
447    0.000243
448    0.000322
449    0.000372
450    0.000306
451    0.000299
452    0.000367
453    0.000264
454    0.000388
455    0.000209
456    0.000313
457    0.000424
458    0.000376
459    0.000347
460    0.000279
461    0.000263
462    0.000412
463    0.000271
464    0.000376
465    0.000317
466    0.000316
467    0.000363
468    0.000231
469    0.000294
470    0.000246
471    0.000298
472    0.000372
473    0.000471
474    0.000406
475    0.000166
476    0.000423
477    0.000151
478    0.000282
479    0.000195
480    0.000403
481    0.000260
482    0.000323
483    0.000222
484    0.000229
485    0.000457
486    0.000210
487    0.000203
488    0.000261
489    0.000306
490    0.000230
491    0.000342
492    0.000260
493    0.000294
494    0.000359
495    0.000293
496    0.000159
497    0.000283
498    0.000204
499    0.000300
500    0.000286
501    0.000227
502    0.000442
503    0.000221
504    0.000178
505    0.000415
506    0.000318
507    0.000229
508    0.000205
509    0.000467
510    0.000169
511    0.000278
512    0.000252
513    0.000243
514    0.000440
515    0.000223
516    0.000461
517    0.000170
518    0.000206
519    0.000201
520    0.000400
521    0.000316
522    0.000255
523    0.000253
524    0.000157
525    0.000208
526    0.000280
527    0.000319
528    0.000247
529    0.000252
530    0.000239
531    0.000268
532    0.000243
533    0.000178
534    0.000234
535    0.000247
536    0.000362
537    0.000248
538    0.000291
539    0.000306
540    0.000232
541    0.000234
542    0.000276
543    0.000285
544    0.000288
545    0.000262
546    0.000577
547    0.000392
548    0.000315
549    0.000330
550    0.000275
551    0.000360
552    0.000450
553    0.000236
554    0.000294
555    0.000200
556    0.000242
557    0.000149
558    0.000370
559    0.000144
560    0.000271
561    0.000207
562    0.000254
563    0.000173
564    0.000302
565    0.000406
566    0.000258
567    0.000433
568    0.000207
569    0.000159
570    0.000211
571    0.000196
572    0.000253
573    0.000199
574    0.000211
575    0.000354
576    0.000257
577    0.000260
578    0.000246
579    0.000227
580    0.000223
581    0.000175
582    0.000196
583    0.000221
584    0.000228
585    0.000314
586    0.000225
587    0.000328
588    0.000157
589    0.000353
590    0.000227
591    0.000260
592    0.000144
593    0.000330
594    0.000354
595    0.000251
596    0.000237
597    0.000378
598    0.000234
599    0.000268
600    0.000190
601    0.000262
602    0.000244
603    0.000242
604    0.000279
605    0.000245
606    0.000269
607    0.000243
608    0.000217
609    0.000183
610    0.000189
611    0.000309
612    0.000246
613    0.000230
614    0.000233
615    0.000165
616    0.000288
617    0.000272
618    0.000211
619    0.000277
620    0.000195
621    0.000231
622    0.000260
623    0.000246
624    0.000313
625    0.000211
626    0.000288
627    0.000311
628    0.000298
629    0.000180
630    0.000183
631    0.000349
632    0.000244
633    0.000225
634    0.000217
635    0.000290
636    0.000234
637    0.000250
638    0.000202
639    0.000157
640    0.000249
641    0.000238
642    0.000260
643    0.000195
644    0.000227
645    0.000306
646    0.000303
647    0.000247
648    0.000244
649    0.000224
650    0.000216
651    0.000234
652    0.000204
653    0.000152
654    0.000237
655    0.000233
656    0.000264
657    0.000217
658    0.000179
659    0.000221
660    0.000182
661    0.000218
662    0.000339
663    0.000221
664    0.000211
665    0.000240
666    0.000180
667    0.000242
668    0.000424
669    0.000329
670    0.000264
671    0.000247
672    0.000255
673    0.000203
674    0.000305
675    0.000244
676    0.000297
677    0.000163
678    0.000400
679    0.000208
680    0.000279
681    0.000193
682    0.000284
683    0.000218
684    0.000292
685    0.000257
686    0.000406
687    0.000204
688    0.000306
689    0.000135
690    0.000187
691    0.000221
692    0.000161
693    0.000272
694    0.000112
695    0.000231
696    0.000257
697    0.000265
698    0.000162
699    0.000185
700    0.000231
701    0.000229
702    0.000232
703    0.000211
704    0.000303
705    0.000335
706    0.000161
707    0.000203
708    0.000263
709    0.000221
710    0.000158
711    0.000174
712    0.000219
713    0.000189
714    0.000201
715    0.000117
716    0.000240
717    0.000209
718    0.000222
719    0.000209
720    0.000101
721    0.000250
722    0.000237
723    0.000153
724    0.000198
725    0.000178
726    0.000282
727    0.000207
728    0.000198
729    0.000242
730    0.000185
731    0.000268
732    0.000180
733    0.000128
734    0.000181
735    0.000224
736    0.000293
737    0.000249
738    0.000261
739    0.000263
740    0.000303
741    0.000223
742    0.000248
743    0.000105
744    0.000154
745    0.000300
746    0.000235
747    0.000254
748    0.000245
749    0.000118
750    0.000144
751    0.000169
752    0.000120
753    0.000166
754    0.000159
755    0.000131
756    0.000174
757    0.000187
758    0.000107
759    0.000174
760    0.000303
761    0.000161
762    0.000202
763    0.000121
764    0.000239
765    0.000165
766    0.000099
767    0.000141
768    0.000103
769    0.000233
770    0.000258
771    0.000148
772    0.000210
773    0.000220
774    0.000225
775    0.000215
776    0.000163
777    0.000100
778    0.000154
779    0.000134
780    0.000246
781    0.000131
782    0.000099
783    0.000169
784    0.000215
785    0.000151
786    0.000154
787    0.000167
788    0.000130
789    0.000152
790    0.000120
791    0.000146
792    0.000198
793    0.000276
794    0.000079
795    0.000281
796    0.000169
797    0.000171
798    0.000242
799    0.000213
800    0.000081
801    0.000165
802    0.000221
803    0.000157
804    0.000140
805    0.000060
806    0.000130
807    0.000121
808    0.000230
809    0.000165
810    0.000140
811    0.000196
812    0.000228
813    0.000106
814    0.000220
815    0.000275
816    0.000164
817    0.000210
818    0.000419
819    0.000194
820    0.000304
821    0.000111
822    0.000268
823    0.000146
824    0.000220
825    0.000535
