 -0.064718
  0.004742
 -0.017722
 -0.037602
  0.262990
 -0.015349
  0.003928
 -0.147174
 -0.940319
  0.017826
 -0.072872
 -0.005691
 -0.080828
 -0.007928
  0.040345
 -0.022756
 -0.026879
 -0.010282
 -0.002970
  0.015205
  0.014095
 -0.017535
  0.016893
 -0.015265
 -0.002695
 -0.001128
 -0.023731
  0.006975
  0.002495
  0.005036
 -0.012229
 -0.007616
 -0.019932
  0.000966
  0.003397
  0.005373
  0.002580
  0.007040
  0.003997
 -0.001058
 -0.003363
  0.008371
  0.006085
 -0.010350
  0.002843
 -0.004410
  0.007211
 -0.000498
  0.002572
 -0.006355
 -0.003088
 -0.003355
  0.003430
  0.002171
 -0.002088
  0.001486
 -0.001501
 -0.001448
 -0.004117
 -0.002270
 -0.000408
 -0.003560
  0.002452
 -0.001153
  0.001832
 -0.001219
 -0.004085
 -0.001597
  0.006402
  0.003099
 -0.003322
 -0.000282
 -0.003124
  0.004493
 -0.000616
  0.001783
 -0.001252
 -0.001554
 -0.000343
 -0.001486
  0.000313
 -0.000157
  0.002419
  0.003411
  0.000717
 -0.001367
  0.001835
 -0.001377
 -0.000215
 -0.002090
 -0.001153
 -0.000104
  0.002873
 -0.001726
 -0.001453
  0.000068
  0.001081
  0.001093
  0.001160
  0.000208
  0.002537
  0.000736
 -0.000524
 -0.001199
  0.000629
 -0.001523
  0.001311
  0.001160
  0.000936
 -0.000196
  0.000930
  0.000348
 -0.001853
  0.002527
 -0.000091
  0.000904
  0.001392
  0.000982
  0.000766
 -0.000426
  0.002935
 -0.000708
  0.000064
  0.000932
 -0.001386
  0.001255
 -0.002789
  0.002181
 -0.001517
 -0.000220
 -0.001670
 -0.000455
  0.000921
  0.000287
 -0.001682
 -0.000673
 -0.000727
 -0.001036
 -0.000902
  0.000249
  0.000163
  0.002535
  0.000109
  0.000587
 -0.000967
  0.000885
  0.000346
 -0.001099
 -0.000885
  0.001370
 -0.001688
  0.000592
  0.000274
 -0.002172
  0.000481
 -0.001055
 -0.000633
  0.000163
  0.000130
 -0.000434
 -0.000337
 -0.000232
  0.002192
 -0.000317
 -0.000320
  0.000654
 -0.001610
 -0.001370
 -0.000607
  0.000005
 -0.000482
  0.000319
  0.000932
  0.001619
  0.000623
  0.000512
 -0.000457
 -0.000021
 -0.000708
  0.000323
  0.000072
  0.000222
  0.000118
 -0.000703
  0.000421
 -0.000201
  0.000062
  0.000945
  0.000186
  0.000197
  0.000771
  0.000697
 -0.001017
  0.000897
  0.000746
 -0.000611
 -0.000286
 -0.000711
 -0.000351
 -0.000690
  0.000002
  0.001116
  0.000072
  0.000095
  0.000268
  0.001050
  0.000123
 -0.000496
 -0.000132
  0.000810
 -0.000378
  0.000344
  0.000909
 -0.001026
  0.000279
 -0.001417
  0.000567
 -0.000232
 -0.000354
  0.000280
  0.000025
 -0.000387
  0.000318
  0.000682
  0.000086
  0.000494
  0.000114
 -0.000733
 -0.001108
 -0.000605
 -0.001878
 -0.000244
  0.000740
 -0.000944
 -0.000888
  0.002663
  0.000497
  0.000379
  0.000729
  0.000312
  0.000451
  0.000204
 -0.000888
 -0.000032
  0.001811
  0.001953
 -0.001439
  0.002922
 -0.000263
  0.000920
  0.000485
  0.001002
 -0.000268
  0.000388
 -0.000199
  0.001968
 -0.000040
  0.002523
  0.000041
 -0.000195
 -0.000657
 -0.001454
  0.000231
 -0.000805
  0.000203
  0.000244
  0.000488
 -0.000441
  0.000606
 -0.000911
  0.000204
 -0.000617
  0.000469
 -0.000112
  0.000131
 -0.000199
 -0.000111
  0.000765
 -0.000154
  0.000248
  0.000931
 -0.000591
  0.000889
 -0.001794
 -0.000368
  0.001494
 -0.000561
 -0.000368
 -0.001142
  0.000115
 -0.000808
 -0.000733
 -0.000168
 -0.000837
  0.000828
 -0.000675
  0.001066
 -0.000315
  0.000178
  0.000023
  0.000093
 -0.000632
 -0.000165
  0.000075
 -0.000031
 -0.000179
 -0.000032
 -0.000554
 -0.000151
 -0.000160
 -0.000138
  0.000754
  0.000509
 -0.000845
 -0.000192
 -0.000793
 -0.000227
 -0.000656
 -0.000444
  0.000146
  0.000449
  0.000609
  0.000584
  0.001156
  0.000475
  0.000194
  0.001519
 -0.000111
  0.000347
 -0.000095
 -0.000211
 -0.000651
 -0.000011
 -0.000218
 -0.000418
  0.000348
 -0.000434
 -0.000353
  0.001411
 -0.000362
 -0.000320
  0.000010
  0.001728
  0.000069
  0.000130
  0.000173
 -0.000432
 -0.000191
  0.000066
  0.001186
 -0.000052
  0.000885
 -0.001024
  0.000396
  0.000105
 -0.000335
 -0.000275
  0.000149
  0.000419
 -0.000211
  0.000801
 -0.000877
  0.000025
 -0.000792
  0.000253
  0.001648
  0.000037
 -0.000018
 -0.000836
 -0.000525
 -0.000449
 -0.000410
  0.001056
  0.000467
  0.001509
  0.000096
 -0.001338
  0.000612
 -0.000586
  0.000717
 -0.002636
 -0.000319
 -0.000031
  0.000554
  0.000689
  0.000723
  0.000293
 -0.000021
  0.000208
 -0.000241
 -0.000748
  0.000124
  0.000481
  0.000850
  0.000066
 -0.000935
  0.001447
  0.000063
  0.000441
  0.000451
  0.000173
 -0.000370
 -0.000014
  0.001971
 -0.001363
 -0.000643
 -0.001803
  0.000002
 -0.000205
  0.000796
  0.000570
  0.000978
 -0.000266
 -0.000243
 -0.000305
 -0.000816
  0.000294
  0.000903
  0.000413
  0.000108
  0.000247
  0.000157
 -0.000288
  0.000584
  0.000357
 -0.000214
 -0.000346
  0.000657
 -0.000023
 -0.000712
  0.000431
 -0.001178
  0.000542
 -0.000161
 -0.000220
  0.000338
  0.001232
 -0.000238
  0.000330
 -0.000239
  0.000666
 -0.000314
  0.000265
 -0.000274
  0.000450
 -0.000256
 -0.000576
 -0.000438
  0.000197
 -0.000350
  0.000287
  0.000092
 -0.000691
 -0.000079
 -0.000768
  0.000429
 -0.000235
  0.000535
 -0.000247
 -0.000586
  0.000448
 -0.000616
  0.000511
  0.000085
  0.000206
 -0.000131
  0.000835
  0.000222
  0.000347
  0.000047
  0.000515
  0.000911
 -0.000478
  0.000164
 -0.000318
  0.000275
  0.000255
 -0.000077
 -0.000334
 -0.000360
 -0.000215
  0.000172
 -0.000606
  0.000047
 -0.000533
  0.000499
 -0.000271
 -0.000640
  0.000362
 -0.000057
  0.000233
  0.000131
  0.000698
  0.000099
 -0.000720
  0.000205
  0.000678
 -0.000022
 -0.000271
  0.000799
 -0.000408
 -0.000239
 -0.000929
  0.000057
 -0.000009
  0.000120
  0.000232
  0.000077
 -0.000377
  0.000014
 -0.000050
  0.000120
  0.000315
  0.000411
  0.000121
  0.000022
  0.000483
 -0.000849
  0.000227
 -0.000049
  0.000119
  0.000087
 -0.000304
  0.000383
 -0.000079
 -0.000996
 -0.000563
  0.000330
  0.000358
  0.000338
 -0.000140
  0.000150
  0.000083
  0.000240
 -0.000084
  0.000409
 -0.000238
 -0.000501
 -0.000130
 -0.000488
 -0.000293
  0.000577
  0.000239
 -0.000078
  0.000120
 -0.000025
 -0.000050
  0.000315
 -0.000843
 -0.000062
 -0.000332
  0.000150
 -0.000673
 -0.000093
  0.000120
 -0.000408
  0.000186
 -0.000613
 -0.000221
  0.000529
 -0.000012
  0.000384
 -0.000006
  0.000066
 -0.000454
 -0.000008
  0.000035
  0.000522
  0.000333
 -0.000027
  0.000313
 -0.000243
  0.000082
 -0.000701
  0.000145
  0.000134
  0.000155
 -0.000635
  0.000169
 -0.000198
 -0.000414
 -0.000350
 -0.000045
  0.000258
 -0.000175
 -0.000233
 -0.000165
  0.000775
  0.000012
  0.000046
 -0.000217
  0.000313
 -0.000755
 -0.000512
 -0.000426
 -0.000158
  0.000248
  0.000501
  0.001014
  0.000271
 -0.000768
  0.000373
 -0.000060
  0.000339
  0.000162
 -0.000038
  0.000466
 -0.000071
 -0.000101
 -0.000024
 -0.000199
  0.000074
 -0.000289
 -0.000405
 -0.000162
 -0.000378
 -0.000196
 -0.000199
  0.000145
 -0.000155
 -0.000040
 -0.000099
 -0.000033
  0.000907
 -0.000342
 -0.000035
 -0.000319
  0.000352
 -0.000172
 -0.000613
 -0.000059
  0.000121
  0.000433
  0.000063
 -0.000016
 -0.000284
 -0.000233
 -0.000200
  0.000410
 -0.000261
  0.000285
 -0.000003
 -0.000234
 -0.000021
 -0.000129
 -0.000053
 -0.000025
  0.000012
  0.000014
  0.000151
  0.000115
  0.000133
 -0.000191
  0.000148
  0.000918
  0.000040
 -0.000156
 -0.000133
  0.000138
  0.000396
 -0.000377
 -0.000105
  0.000467
 -0.000200
  0.000018
  0.000491
 -0.000161
 -0.000178
 -0.000254
  0.000024
 -0.000140
  0.000071
  0.000312
  0.000209
  0.000070
  0.000168
 -0.000121
  0.000133
 -0.000338
  0.000549
 -0.000235
 -0.000730
 -0.000099
 -0.000476
  0.000035
  0.000032
 -0.000701
 -0.000265
 -0.000304
 -0.000274
  0.000244
  0.000047
  0.000122
  0.000292
 -0.000051
  0.000336
  0.000201
 -0.000240
 -0.000022
 -0.000090
 -0.000279
 -0.000549
 -0.000559
  0.000043
  0.000253
  0.000057
  0.000233
 -0.000044
  0.000660
 -0.000191
 -0.000144
 -0.000170
 -0.000096
 -0.000742
  0.000123
  0.000419
 -0.000415
 -0.000167
  0.000329
  0.000391
  0.000218
 -0.000125
  0.000229
 -0.000344
  0.000226
  0.000091
 -0.000604
 -0.000282
 -0.001069
 -0.000340
  0.000438
  0.000316
  0.000613
  0.000015
  0.000053
 -0.000119
 -0.000725
  0.000594
  0.000364
  0.000136
 -0.000504
 -0.000133
  0.000936
  0.000154
 -0.000084
  0.000425
  0.000402
  0.000128
 -0.000352
 -0.000121
 -0.000198
  0.000247
 -0.000480
 -0.000062
 -0.000120
  0.000020
  0.000065
  0.000180
 -0.000039
  0.000532
  0.000159
  0.000171
 -0.000031
 -0.000085
 -0.000372
  0.000295
  0.000136
 -0.000136
 -0.000093
  0.000190
  0.000188
 -0.000023
 -0.000090
 -0.000020
 -0.000179
  0.000237
 -0.000004
 -0.000087
 -0.000078
  0.000217
 -0.000038
 -0.000006
 -0.000236
 -0.000153
  0.000487
 -0.000253
 -0.000007
 -0.000413
 -0.000001
 -0.000137
  0.000328
 -0.000315
  0.000131
  0.000200
 -0.000097
  0.000577
 -0.000461
 -0.000096
 -0.000513
  0.000228
 -0.000166
 -0.000018
  0.000047
  0.000128
 -0.000577
  0.000026
 -0.000549
  0.000789
 -0.000680
 -0.000204
 -0.000320
 -0.000213
 -0.000154
 -0.000411
  0.000200
 -0.000182
  0.000028
  0.000039
  0.000887
  0.000039
  0.000441
 -0.000151
 -0.000206
  0.000049
  0.000099
