  0.391120
  0.035442
 -0.056618
 -0.151449
 -0.128514
  0.585556
 -0.001204
  0.626909
 -0.152998
 -0.038117
  0.175490
 -0.011699
 -0.009972
 -0.007793
  0.040277
  0.002383
 -0.047689
  0.006046
 -0.052961
  0.018323
 -0.011675
 -0.006615
  0.015742
  0.028939
  0.009242
 -0.006194
 -0.012842
  0.006632
 -0.008386
  0.012366
 -0.005264
 -0.004356
 -0.002037
  0.023322
 -0.005321
  0.001903
  0.009119
  0.002824
  0.002803
 -0.003834
  0.008139
 -0.005930
  0.002167
  0.007015
  0.010907
 -0.000630
 -0.000943
 -0.001887
 -0.002110
  0.001953
 -0.003761
  0.005977
  0.002812
 -0.002268
 -0.003714
  0.005756
  0.005032
  0.005974
 -0.002193
 -0.001670
  0.002771
  0.001756
  0.006819
  0.001822
 -0.004963
 -0.001610
  0.000634
 -0.002504
 -0.004907
  0.003406
 -0.001483
  0.004050
 -0.004260
 -0.002633
  0.002380
 -0.001972
 -0.002950
  0.003558
  0.003146
  0.001442
  0.001754
  0.003074
  0.007830
  0.004494
  0.002507
  0.000947
  0.001477
  0.000369
  0.002785
  0.000994
 -0.000488
 -0.000647
  0.000135
  0.003905
  0.005262
 -0.001347
 -0.001690
 -0.002015
  0.000695
 -0.001597
  0.002417
 -0.003470
  0.001359
  0.001181
 -0.000820
  0.000447
  0.000751
  0.000253
 -0.006385
 -0.002872
  0.003415
 -0.002280
 -0.000826
 -0.000792
 -0.001095
  0.000562
 -0.004806
 -0.004783
  0.003082
 -0.004037
 -0.002484
 -0.002560
 -0.002400
  0.000099
  0.002645
  0.003535
  0.000230
 -0.002206
  0.002333
 -0.001637
  0.001889
 -0.000254
  0.000731
  0.002314
 -0.001611
  0.002955
  0.001953
  0.000747
  0.003615
  0.003658
  0.000104
  0.003802
  0.001784
 -0.001264
 -0.002192
 -0.000084
 -0.000919
  0.000043
 -0.000509
  0.000259
 -0.000849
  0.000277
  0.000800
  0.000781
  0.000092
 -0.002366
  0.002554
  0.000982
  0.001065
  0.000967
 -0.001361
 -0.001537
  0.004300
  0.000031
  0.001142
  0.001034
  0.001054
 -0.000204
 -0.001578
  0.002289
 -0.000374
 -0.000540
  0.001932
  0.000962
 -0.000572
  0.000235
 -0.001007
  0.000046
  0.002899
  0.000882
  0.001304
 -0.001989
  0.000499
  0.000514
 -0.000399
 -0.001097
 -0.000029
  0.000051
 -0.000317
  0.001929
 -0.000406
  0.000654
 -0.000940
  0.000255
  0.000278
  0.000880
  0.000622
 -0.000337
  0.001735
 -0.000371
  0.000126
  0.001542
 -0.001793
 -0.000032
 -0.000407
  0.000227
  0.000374
  0.001117
  0.000372
  0.001532
  0.000139
 -0.001411
 -0.000638
 -0.000201
  0.000322
 -0.000569
  0.000923
 -0.000935
  0.000729
 -0.000932
 -0.001247
  0.003117
 -0.000515
  0.001427
 -0.000973
  0.001021
 -0.000130
 -0.001841
  0.000280
 -0.001908
  0.001246
 -0.000253
 -0.001992
  0.000953
 -0.000642
  0.002316
  0.000332
 -0.000914
 -0.002777
  0.001290
  0.001158
 -0.000294
 -0.001344
 -0.001778
  0.001790
 -0.000852
 -0.000331
 -0.000599
  0.000012
  0.001169
 -0.000546
  0.001195
  0.001392
 -0.000878
 -0.000324
  0.001456
 -0.000597
  0.000045
 -0.001216
  0.000521
  0.001325
 -0.000212
 -0.000163
 -0.000358
  0.002405
  0.000262
 -0.000329
  0.001337
  0.000123
 -0.000574
 -0.000107
  0.002299
  0.001521
 -0.000026
  0.000816
  0.000912
  0.001752
  0.000039
  0.001239
  0.000301
 -0.000618
 -0.000902
  0.000074
  0.000392
  0.001725
  0.000261
  0.001657
 -0.001144
 -0.001630
  0.000702
 -0.000591
 -0.001435
  0.000861
 -0.000877
  0.000490
 -0.000350
 -0.000764
  0.001043
  0.000351
  0.000995
  0.000808
  0.000995
  0.001841
  0.002329
 -0.000273
 -0.001023
 -0.000662
  0.001604
  0.000211
  0.000337
  0.000518
  0.000109
 -0.000019
  0.000995
 -0.000996
 -0.000115
 -0.001327
 -0.000746
 -0.000023
 -0.001820
  0.000475
 -0.001735
  0.000836
  0.001318
 -0.000927
 -0.000823
  0.000745
 -0.000114
  0.000206
  0.000126
 -0.001416
  0.000051
  0.000312
 -0.000276
  0.000366
 -0.000373
  0.000267
 -0.001324
  0.000561
  0.000693
  0.000449
 -0.000129
  0.000832
  0.001518
  0.000440
 -0.000089
 -0.000749
  0.001219
 -0.000199
  0.000319
  0.000947
 -0.000297
  0.000667
 -0.000581
 -0.000743
  0.001804
 -0.001279
  0.000674
 -0.000187
  0.000362
 -0.000087
  0.001138
 -0.000273
  0.001220
 -0.001531
 -0.000650
  0.001666
 -0.001241
  0.000883
  0.000346
  0.000374
  0.000642
 -0.000346
  0.000885
  0.000200
 -0.000782
 -0.000986
  0.000187
  0.000705
 -0.001221
 -0.001538
 -0.001368
  0.000315
 -0.000329
 -0.000087
  0.000669
  0.000606
  0.000937
  0.001685
  0.001054
 -0.002853
  0.000361
  0.000263
 -0.001235
 -0.000434
  0.001274
  0.000739
  0.000179
  0.002272
  0.002123
 -0.001092
  0.003357
 -0.000365
 -0.000866
 -0.000543
 -0.001189
  0.002084
 -0.001565
 -0.000991
 -0.000183
  0.001548
 -0.000690
  0.000563
  0.000708
 -0.000473
  0.000387
  0.000714
  0.000968
  0.000301
  0.000264
 -0.000378
 -0.000917
  0.000630
 -0.000505
  0.000384
  0.001178
  0.000660
 -0.000717
 -0.000036
 -0.000030
 -0.000222
  0.000820
  0.000616
 -0.001502
 -0.000036
 -0.001225
  0.000191
  0.000352
  0.000627
 -0.000302
  0.000177
 -0.000197
 -0.000280
 -0.000091
 -0.000026
 -0.000270
  0.000371
  0.000932
  0.000397
 -0.001392
  0.000252
  0.000211
 -0.001752
 -0.000186
 -0.000854
  0.001222
 -0.001145
 -0.000157
  0.000769
  0.000050
 -0.000243
 -0.001673
 -0.001003
 -0.000196
  0.000177
  0.000035
  0.002218
  0.000062
 -0.000137
  0.001472
  0.000374
 -0.000614
  0.001300
  0.000699
 -0.001671
 -0.000057
  0.000183
  0.001019
  0.000006
  0.000150
 -0.000144
  0.000323
  0.000163
  0.000268
 -0.000152
 -0.000450
 -0.000152
  0.000107
  0.000371
 -0.000404
  0.001292
  0.000191
 -0.000527
 -0.000957
 -0.000248
  0.000541
  0.000084
  0.000898
  0.000986
  0.000184
  0.001239
  0.001428
  0.000195
 -0.000694
  0.000193
  0.000996
  0.000320
 -0.000354
  0.000840
 -0.000054
 -0.000793
 -0.001502
 -0.000045
  0.000514
 -0.000111
  0.000438
  0.000239
  0.000760
  0.000623
  0.001609
 -0.000228
  0.000543
 -0.000464
  0.000831
  0.000853
  0.000634
  0.000806
 -0.000475
 -0.000951
  0.000986
  0.000123
  0.000806
  0.000631
 -0.000049
 -0.000029
 -0.000173
  0.000197
 -0.000809
 -0.000028
 -0.000036
  0.000581
  0.000625
 -0.000987
  0.000061
  0.000575
 -0.000312
 -0.000413
  0.000011
  0.000658
  0.000163
 -0.000466
 -0.000136
  0.000069
  0.001424
  0.000886
 -0.001340
  0.000431
 -0.000415
  0.000260
  0.000243
 -0.000687
  0.000071
  0.000099
  0.000100
 -0.000197
  0.000878
 -0.000271
  0.000013
 -0.000187
  0.000159
  0.000606
 -0.000140
 -0.000275
 -0.000694
  0.000670
  0.000822
  0.000423
  0.001133
 -0.000575
  0.000342
 -0.001144
 -0.000358
  0.000308
 -0.000671
  0.000903
 -0.001187
 -0.001170
  0.000244
  0.000554
  0.000046
  0.000011
  0.000520
  0.000072
  0.000664
 -0.000396
  0.000618
  0.000361
  0.000273
 -0.000086
 -0.000271
  0.000231
 -0.000264
 -0.000480
 -0.000080
  0.000183
  0.000336
  0.000130
  0.000179
 -0.000057
  0.000100
  0.000154
 -0.000053
 -0.000150
 -0.000324
  0.000314
 -0.000283
 -0.000213
 -0.000428
  0.000034
 -0.000096
  0.000116
  0.000164
  0.000024
 -0.000352
 -0.000413
 -0.000835
  0.000039
  0.000167
 -0.000086
  0.000640
  0.000400
 -0.000064
  0.000716
 -0.000280
 -0.000135
 -0.000190
  0.000640
  0.000065
 -0.000128
 -0.000812
 -0.000063
  0.000548
  0.000414
  0.000161
  0.000351
  0.001132
  0.000012
  0.000562
 -0.000334
 -0.000206
  0.000395
  0.000768
 -0.000363
 -0.000080
 -0.000909
 -0.000848
  0.001319
  0.000135
 -0.000195
 -0.000354
  0.000189
  0.000231
  0.000637
 -0.000293
  0.000056
  0.001075
  0.000290
 -0.000006
 -0.000293
 -0.000598
  0.000503
 -0.000729
 -0.000467
 -0.001585
  0.000479
 -0.000473
  0.000362
  0.000428
  0.000242
 -0.000335
  0.000158
 -0.000871
 -0.000569
 -0.000870
  0.000457
 -0.000293
  0.001221
 -0.002202
 -0.000209
  0.000976
 -0.000927
  0.000077
 -0.001235
  0.000226
  0.000467
 -0.000147
 -0.000158
  0.000018
  0.001153
  0.000008
 -0.000910
  0.000124
 -0.001149
 -0.001367
  0.001481
  0.000344
 -0.000685
  0.000131
 -0.000235
  0.000289
  0.000550
 -0.000429
  0.000540
  0.000689
  0.000183
  0.001493
 -0.000861
  0.000056
  0.000156
  0.000688
 -0.000224
  0.000346
 -0.000998
 -0.000427
  0.000218
  0.000425
 -0.000039
  0.000207
 -0.000686
 -0.000127
  0.000341
  0.000463
 -0.000210
  0.000220
  0.000115
 -0.000287
  0.001228
  0.000342
 -0.000222
  0.000022
  0.000848
  0.000219
 -0.000311
  0.000519
 -0.000150
 -0.001246
  0.000412
 -0.000659
  0.000065
 -0.000276
 -0.000112
  0.000420
  0.000035
 -0.000058
  0.000046
 -0.000308
  0.000167
  0.000039
  0.000378
 -0.000342
  0.000294
 -0.000615
 -0.000021
  0.000151
  0.000053
  0.000022
 -0.000093
 -0.000426
 -0.000658
  0.000009
 -0.000945
  0.000342
 -0.000684
  0.000063
  0.000621
 -0.000296
 -0.000208
 -0.000018
 -0.000073
  0.000248
 -0.000002
 -0.000906
  0.000296
  0.000085
  0.000627
 -0.000506
  0.000237
 -0.000065
  0.000803
  0.001194
  0.000972
  0.000053
  0.000061
 -0.000159
  0.000314
  0.000289
 -0.000121
 -0.000384
 -0.000588
  0.000571
  0.000706
 -0.000342
 -0.000154
 -0.000101
  0.000397
 -0.000168
  0.000214
  0.000376
  0.000077
 -0.000467
 -0.000117
 -0.000650
  0.000443
  0.000064
 -0.000055
  0.000154
  0.000133
  0.000340
  0.000464
 -0.000077
  0.000079
  0.000474
  0.000052
 -0.000130
  0.000011
