 -0.179572
 -0.033083
 -0.095149
  0.076611
 -0.268405
 -0.325300
 -0.826101
  0.207379
 -0.092241
  0.052362
 -0.004968
  0.008975
 -0.132232
 -0.058691
  0.031809
  0.026324
 -0.001940
 -0.011332
  0.016735
  0.038020
  0.019117
 -0.007131
 -0.023474
 -0.009705
  0.033430
 -0.010986
 -0.004313
  0.020243
  0.026099
  0.007796
 -0.002510
  0.028461
 -0.001275
  0.015774
 -0.006770
  0.007562
  0.021498
 -0.016596
  0.035548
  0.008153
 -0.014055
 -0.023590
 -0.020237
  0.020914
  0.017936
 -0.027667
 -0.006937
  0.014436
  0.003378
  0.007719
 -0.003286
  0.008872
 -0.012259
 -0.006972
  0.010489
  0.002999
  0.004376
  0.002223
  0.004408
  0.000647
 -0.004623
  0.003613
 -0.004967
 -0.000535
 -0.002598
  0.002147
 -0.001422
 -0.001044
 -0.007545
  0.005235
  0.001470
  0.013696
  0.006814
  0.017777
 -0.009062
 -0.001816
  0.017811
  0.012201
  0.000027
  0.000616
 -0.007612
  0.003153
  0.002498
  0.001752
 -0.007909
  0.001630
  0.000721
  0.002278
 -0.002547
  0.003178
  0.000423
  0.002548
 -0.000442
 -0.000474
 -0.000722
  0.001391
  0.001160
 -0.000612
  0.001916
 -0.002653
  0.005669
 -0.000285
 -0.000901
 -0.000244
  0.002719
  0.000388
  0.002857
 -0.001165
 -0.001214
 -0.000634
  0.003379
 -0.002730
 -0.001125
 -0.002210
 -0.004215
 -0.001196
 -0.002626
  0.000224
  0.001379
 -0.001881
  0.004226
  0.001889
 -0.001602
 -0.003728
  0.001930
  0.004834
  0.000689
  0.000007
  0.002045
 -0.002331
  0.000379
 -0.002920
 -0.002497
  0.001813
 -0.002631
  0.000554
 -0.001683
  0.001980
  0.003056
  0.001258
  0.000416
 -0.002463
 -0.002180
  0.002994
 -0.003648
  0.001979
 -0.002516
 -0.004978
 -0.000151
  0.000647
 -0.001740
  0.000175
 -0.001839
  0.004660
  0.001477
  0.004961
 -0.005069
 -0.002486
  0.002012
  0.001885
  0.001846
  0.002412
  0.001132
 -0.002297
 -0.000525
 -0.002904
  0.000785
 -0.000510
  0.001429
 -0.000802
 -0.000309
 -0.001020
 -0.003790
 -0.003223
 -0.001106
  0.000031
  0.001480
  0.000599
 -0.000579
  0.002825
 -0.000918
  0.000506
 -0.002014
 -0.000586
 -0.000835
 -0.002107
  0.002010
  0.001521
  0.003381
 -0.000164
 -0.002295
  0.000447
 -0.000435
  0.001162
 -0.000183
 -0.000406
 -0.000049
  0.000297
 -0.002685
  0.000945
 -0.001656
 -0.000289
  0.000392
 -0.000122
 -0.000090
 -0.000484
  0.000952
  0.000266
  0.001480
  0.001456
  0.000275
 -0.000417
 -0.000560
 -0.000365
  0.000746
  0.000120
 -0.001825
 -0.001499
  0.000166
 -0.000939
 -0.000193
  0.001176
 -0.000674
 -0.000365
 -0.000826
 -0.000307
 -0.001405
  0.000598
  0.000974
  0.000239
  0.001791
 -0.001187
  0.000443
 -0.001234
 -0.000759
 -0.000114
  0.001056
  0.000871
  0.000905
 -0.000866
 -0.000372
 -0.000819
 -0.002236
 -0.001429
 -0.000284
 -0.000765
 -0.000126
  0.000284
  0.000720
 -0.001270
  0.000689
 -0.000936
 -0.000155
 -0.000268
 -0.000061
 -0.001236
  0.000280
  0.000657
  0.001809
  0.002819
  0.000897
 -0.000198
 -0.001110
 -0.001283
 -0.001862
 -0.000707
 -0.000720
 -0.000565
  0.001080
 -0.000313
 -0.001165
 -0.000627
 -0.000459
 -0.000614
 -0.000242
  0.000626
  0.001169
  0.000820
 -0.000055
 -0.002667
  0.000417
 -0.002962
  0.000567
  0.003603
  0.001167
 -0.001226
  0.000479
 -0.000048
  0.001067
 -0.001559
 -0.001583
 -0.000078
 -0.001055
 -0.000302
  0.001016
  0.001333
 -0.000144
 -0.000160
  0.000430
 -0.000952
  0.002203
 -0.000739
  0.000786
 -0.000874
  0.001482
  0.001173
  0.000625
 -0.000224
 -0.001716
  0.000997
  0.000839
  0.001718
  0.001131
  0.000392
  0.000479
  0.000760
  0.001175
  0.002439
 -0.000142
 -0.000680
 -0.002002
  0.000363
  0.000497
  0.000340
  0.001689
  0.000855
 -0.001372
 -0.000108
  0.000356
  0.001311
  0.000232
  0.000431
  0.000624
 -0.000451
 -0.000208
  0.001747
 -0.000417
 -0.000264
  0.001164
  0.000682
 -0.000200
  0.002671
  0.000831
 -0.000207
  0.000184
  0.000396
 -0.000194
  0.000526
  0.001711
  0.000583
  0.000998
 -0.000110
 -0.002107
  0.001192
  0.002985
  0.001378
 -0.000485
  0.000533
 -0.000959
  0.001133
  0.000008
  0.000004
  0.000092
  0.000133
  0.000194
  0.001925
  0.000947
  0.001059
  0.000732
  0.001581
  0.002845
 -0.000442
  0.000110
  0.000500
 -0.000145
 -0.001331
 -0.000206
  0.000401
  0.001451
 -0.001501
 -0.000659
  0.000386
 -0.000676
  0.000308
 -0.001116
  0.001008
  0.001173
 -0.001218
 -0.001794
  0.000859
  0.000959
 -0.000298
  0.000974
  0.002658
  0.001750
 -0.000857
  0.002793
 -0.001176
  0.000249
 -0.000083
 -0.000493
  0.001191
 -0.000473
 -0.001213
 -0.000538
  0.001199
 -0.000508
  0.000123
 -0.001555
  0.000046
  0.000255
  0.000118
 -0.000059
  0.000806
  0.000787
  0.000778
 -0.001201
  0.000460
 -0.000124
 -0.001197
 -0.000111
 -0.000425
  0.000761
 -0.002707
 -0.000273
 -0.000463
 -0.000571
 -0.000860
  0.000395
  0.001918
  0.001076
  0.000418
 -0.001272
  0.000487
 -0.000209
  0.002105
 -0.000529
  0.000991
 -0.000803
 -0.000491
  0.000218
 -0.001452
  0.000127
  0.000300
  0.001378
  0.000699
  0.000984
 -0.001565
  0.002031
 -0.000848
 -0.001334
 -0.000316
  0.000750
  0.001986
 -0.000454
  0.000305
  0.000255
  0.000535
 -0.001581
 -0.000905
 -0.000307
  0.000384
  0.000767
  0.000934
  0.000068
  0.001038
 -0.001095
  0.000325
 -0.000180
 -0.000456
  0.000607
  0.000326
 -0.000611
  0.000524
 -0.001778
  0.000845
 -0.000127
 -0.001522
  0.001083
 -0.000196
  0.000160
 -0.001202
  0.002221
 -0.001624
 -0.000378
  0.001506
  0.000761
 -0.002832
 -0.000485
 -0.000166
  0.000930
 -0.000212
 -0.001098
 -0.001092
 -0.000351
  0.001118
  0.002139
  0.000173
  0.001284
  0.000440
 -0.000315
  0.000117
 -0.000569
  0.001285
 -0.001473
  0.000452
  0.000200
  0.000170
 -0.001442
 -0.001036
 -0.000167
 -0.000549
 -0.000816
  0.001114
 -0.000708
  0.000553
  0.000203
 -0.000715
  0.000739
  0.000389
 -0.000272
  0.000892
 -0.000378
  0.001444
  0.001410
  0.000607
  0.000074
 -0.000448
  0.001384
  0.001084
 -0.000141
 -0.001970
  0.001501
  0.001542
  0.000871
  0.000658
  0.000214
 -0.000916
  0.000263
  0.000005
 -0.000233
  0.000684
 -0.000326
 -0.000605
  0.000179
  0.000752
  0.000720
  0.000407
  0.000266
  0.000751
  0.000168
 -0.000165
 -0.000789
 -0.000486
  0.000629
  0.000231
  0.000092
 -0.000880
 -0.000061
  0.000372
 -0.000537
  0.000165
 -0.000052
  0.000622
 -0.000539
 -0.000361
  0.000209
 -0.001013
  0.000105
 -0.000164
 -0.000181
 -0.000502
  0.000147
 -0.000244
  0.000496
  0.000413
  0.000422
  0.000028
 -0.000144
 -0.000476
 -0.000589
 -0.000079
  0.000597
 -0.000056
 -0.001162
  0.000141
  0.000325
 -0.001123
  0.000366
 -0.000777
  0.000388
  0.000291
 -0.000076
 -0.000256
  0.000335
 -0.000659
 -0.000429
  0.000395
 -0.000337
 -0.000523
 -0.000070
 -0.000781
  0.000765
 -0.000394
 -0.000286
  0.001091
 -0.000130
 -0.000027
 -0.001289
 -0.001159
 -0.000968
 -0.000317
 -0.000052
 -0.000127
  0.000239
  0.000710
 -0.000977
  0.001194
  0.002059
  0.000850
  0.000800
  0.001030
  0.000233
 -0.000292
 -0.001150
  0.000254
  0.000124
 -0.000515
 -0.000013
  0.000353
 -0.000291
 -0.000950
 -0.000420
 -0.000074
 -0.000128
 -0.000336
  0.000189
 -0.000358
 -0.000353
 -0.000431
 -0.000234
  0.001199
 -0.000038
  0.000651
 -0.000763
  0.000300
 -0.000211
 -0.000475
 -0.000223
  0.000398
  0.000399
 -0.000187
 -0.000255
 -0.000463
 -0.000059
  0.000150
  0.000932
 -0.000097
  0.000466
 -0.000654
  0.001019
 -0.000012
  0.000824
 -0.000272
  0.000393
 -0.000114
  0.000200
 -0.000329
  0.000064
 -0.002247
 -0.000234
  0.000681
 -0.000419
  0.000708
  0.000145
 -0.000100
 -0.000464
  0.000473
  0.000480
 -0.000239
 -0.000311
  0.000016
 -0.000708
 -0.000247
  0.000132
 -0.000291
 -0.000102
 -0.000147
 -0.000668
  0.000462
  0.000354
  0.001170
 -0.000541
 -0.000131
 -0.001713
 -0.000129
  0.000471
  0.000773
 -0.000492
 -0.000058
  0.000433
  0.000024
 -0.000706
  0.000092
  0.000164
 -0.000016
  0.000028
 -0.000269
 -0.000392
 -0.000502
 -0.000196
 -0.000021
  0.000125
  0.000260
 -0.000241
 -0.000372
 -0.000049
  0.000022
  0.000780
  0.000500
  0.000109
 -0.000047
 -0.001012
 -0.000011
 -0.000121
 -0.000385
  0.000649
 -0.000011
 -0.000466
 -0.000020
  0.000349
  0.000521
  0.000225
 -0.000297
  0.000502
  0.000075
 -0.000012
  0.000473
  0.000726
 -0.000188
 -0.000459
  0.000817
  0.000030
 -0.000347
 -0.000297
 -0.000097
 -0.001152
  0.000150
 -0.000198
  0.000050
  0.000502
 -0.000347
  0.000908
 -0.000541
 -0.000118
 -0.000486
  0.000130
  0.000025
  0.000152
 -0.000123
  0.000394
 -0.000421
 -0.000165
  0.000073
 -0.000337
 -0.000001
 -0.000035
  0.000073
  0.000048
  0.000042
  0.000062
 -0.000169
  0.000208
 -0.000358
  0.000019
  0.000379
 -0.000392
 -0.000497
 -0.000311
  0.000476
  0.000278
  0.000002
  0.000024
  0.000412
  0.000428
  0.000055
  0.000669
 -0.000187
 -0.000012
  0.000146
 -0.000302
 -0.000130
 -0.000147
 -0.000253
 -0.000455
 -0.000507
  0.000112
  0.000051
 -0.000033
  0.000197
  0.000206
 -0.000281
 -0.000421
 -0.000177
 -0.000044
 -0.000023
 -0.000120
 -0.000167
  0.000099
  0.000056
 -0.000010
  0.000154
 -0.000087
 -0.000050
 -0.000145
  0.000089
  0.000020
 -0.000078
  0.000120
 -0.000055
  0.000284
  0.000024
 -0.000028
  0.000059
 -0.000053
