  0.067866
 -0.145741
  0.972376
 -0.025584
  0.084322
 -0.111909
  0.013609
  0.057404
 -0.001324
 -0.016555
  0.002114
 -0.008949
 -0.031948
  0.008646
 -0.021048
  0.001161
 -0.018321
  0.000112
  0.016595
 -0.000676
  0.010626
 -0.004842
  0.001977
 -0.020091
 -0.000951
 -0.019467
  0.000628
 -0.004101
 -0.001755
 -0.003062
 -0.000277
 -0.018768
 -0.008630
  0.004273
  0.005123
 -0.006952
 -0.008954
 -0.001269
 -0.009123
  0.001517
  0.000573
  0.006371
  0.000286
  0.002740
  0.001630
  0.000501
  0.003850
 -0.002219
 -0.006198
  0.002362
 -0.001384
  0.001666
 -0.001782
 -0.002061
 -0.002321
  0.002274
  0.001728
  0.001670
  0.003550
 -0.003718
  0.000830
 -0.001742
  0.005327
  0.001156
  0.000214
 -0.002008
  0.002225
  0.002850
 -0.001432
  0.001865
  0.003924
  0.000392
 -0.002407
  0.002097
 -0.000103
  0.001015
  0.001940
 -0.001166
 -0.000032
  0.002118
 -0.002575
 -0.003029
 -0.000859
  0.000950
  0.000043
  0.002469
  0.001250
  0.000030
 -0.001282
  0.000952
 -0.000739
 -0.000853
  0.003403
  0.001651
  0.001856
  0.002389
  0.000933
 -0.003051
 -0.000632
 -0.002644
  0.001736
  0.001461
  0.000102
  0.002122
  0.000846
 -0.000183
 -0.000865
 -0.002475
  0.002019
  0.001472
 -0.000784
  0.001068
 -0.000413
 -0.002740
  0.000223
  0.002336
 -0.001194
 -0.000657
 -0.000558
 -0.000408
  0.000133
  0.000320
 -0.001049
  0.004044
 -0.001338
 -0.001769
  0.001239
 -0.003546
  0.000584
 -0.002043
  0.000180
 -0.000977
 -0.003894
 -0.000058
 -0.002382
 -0.000747
 -0.000340
  0.002402
 -0.001179
  0.000720
  0.002232
 -0.001588
 -0.002158
 -0.001781
  0.000602
  0.000117
  0.001501
  0.002598
  0.000866
 -0.001002
  0.000087
  0.004164
 -0.000168
 -0.000798
 -0.000933
 -0.000112
  0.000654
  0.000180
  0.000320
 -0.000956
 -0.001662
 -0.001264
 -0.001149
  0.001196
 -0.000395
 -0.001202
 -0.000367
  0.000195
  0.000228
 -0.000655
 -0.000194
  0.000221
  0.001130
 -0.000071
 -0.000421
  0.001644
  0.000343
 -0.000558
  0.001203
  0.001365
 -0.000146
 -0.000297
 -0.001063
  0.000681
  0.000331
 -0.000276
 -0.000252
  0.001151
 -0.000204
  0.000190
  0.000148
 -0.001135
  0.000818
  0.001525
  0.000342
 -0.001019
 -0.000675
 -0.000877
 -0.000128
 -0.000346
  0.001177
  0.000273
  0.000412
 -0.001027
  0.000492
  0.000552
 -0.000908
 -0.000301
  0.000658
  0.000488
 -0.001079
 -0.001835
 -0.000421
  0.000778
  0.001288
  0.000649
  0.000779
  0.000389
 -0.000145
  0.000265
  0.000571
  0.000477
 -0.000365
 -0.000118
 -0.001085
  0.000385
 -0.002007
 -0.001126
  0.000547
  0.001220
 -0.000818
  0.001107
  0.000911
  0.001290
  0.001038
 -0.000954
  0.000575
  0.000829
 -0.000758
  0.000148
 -0.000923
 -0.000706
 -0.000145
 -0.000917
 -0.000391
 -0.000551
 -0.000417
 -0.000139
 -0.000214
  0.000290
  0.000872
 -0.000661
 -0.000550
  0.000480
 -0.000917
  0.001218
 -0.000486
 -0.000494
 -0.001123
  0.001004
 -0.000425
  0.001463
  0.000224
  0.000359
 -0.000554
 -0.000617
  0.000261
 -0.001650
  0.001244
 -0.000722
 -0.000337
  0.000085
  0.001142
 -0.001048
 -0.000821
  0.000220
  0.000964
  0.000468
  0.000983
 -0.000235
 -0.000481
  0.000158
  0.000519
  0.001010
  0.000370
  0.000250
  0.000693
 -0.000904
 -0.000743
  0.000515
 -0.000970
  0.000272
  0.000140
  0.001240
  0.000706
  0.000632
  0.000602
 -0.000561
 -0.000109
 -0.000320
  0.000821
 -0.000823
 -0.000420
 -0.000418
 -0.000151
  0.000748
  0.000998
  0.000380
  0.000281
  0.000939
 -0.000846
  0.000773
  0.000462
 -0.000326
  0.000220
 -0.001057
  0.000318
 -0.001333
 -0.001042
  0.000176
  0.000437
  0.000136
 -0.000429
 -0.000440
  0.000023
 -0.000589
 -0.001181
  0.000049
  0.000133
  0.001298
  0.000577
  0.001787
 -0.000403
 -0.001247
 -0.000345
  0.000425
  0.000325
  0.000737
  0.001161
 -0.001166
  0.000455
  0.000299
 -0.000208
  0.000283
 -0.000695
 -0.000374
  0.000415
 -0.000213
 -0.000862
 -0.000484
  0.000485
 -0.000313
 -0.000274
  0.000392
  0.000371
  0.001176
  0.000590
 -0.000966
  0.000372
  0.001105
  0.000049
 -0.000601
 -0.000693
  0.000440
 -0.001070
 -0.000342
  0.000232
  0.000646
  0.000146
 -0.001710
  0.001286
 -0.000676
  0.000845
  0.000221
  0.000185
 -0.000230
  0.000001
 -0.000450
  0.000478
  0.000209
 -0.000263
  0.000423
  0.000517
 -0.000275
  0.000118
  0.000098
 -0.000377
 -0.000396
  0.000397
  0.000884
 -0.000029
 -0.000271
  0.000712
 -0.002299
 -0.000510
 -0.000190
  0.000468
 -0.001104
 -0.000767
  0.000581
  0.000235
 -0.000363
 -0.000636
  0.000136
  0.000716
  0.000169
 -0.000224
  0.000144
  0.000213
  0.000472
  0.000608
  0.001546
  0.000483
  0.000093
  0.000211
 -0.000041
  0.000052
 -0.000493
 -0.000455
 -0.000432
 -0.000355
 -0.000840
 -0.000350
  0.000358
  0.000264
 -0.000305
  0.000549
  0.000260
  0.000420
  0.000949
  0.000010
  0.000563
 -0.000915
 -0.000240
 -0.001171
  0.000027
  0.000709
 -0.000662
 -0.000543
  0.000274
 -0.000718
  0.000039
  0.000464
  0.000264
  0.000196
 -0.000742
 -0.000225
 -0.000480
 -0.000148
  0.002335
  0.001091
 -0.000361
  0.001199
 -0.000187
 -0.000789
 -0.000524
 -0.000331
  0.000266
  0.000070
  0.000485
 -0.000539
  0.000586
  0.000225
 -0.000203
  0.000007
  0.000372
 -0.000153
 -0.000358
  0.000406
 -0.000569
  0.000437
  0.000339
 -0.000184
  0.000563
  0.000173
 -0.000062
  0.000332
  0.000103
 -0.000147
  0.001455
  0.000322
  0.000627
  0.000985
  0.001366
 -0.000424
  0.000413
  0.000452
  0.001361
  0.000491
  0.000151
 -0.000432
 -0.000290
  0.000386
  0.001272
  0.000207
 -0.000507
 -0.000862
  0.000667
  0.000111
 -0.000001
  0.000568
 -0.000439
  0.000289
 -0.000715
 -0.000094
 -0.000190
 -0.001074
 -0.000193
  0.000163
  0.000090
 -0.000268
 -0.000241
  0.001032
  0.000079
 -0.000386
 -0.000714
 -0.000652
  0.000151
  0.000426
 -0.000508
  0.001246
  0.000091
  0.001142
  0.000389
 -0.000569
 -0.000191
  0.000291
  0.000940
 -0.000307
  0.000084
 -0.000193
  0.000776
  0.000085
  0.000295
 -0.000062
 -0.000019
  0.000395
  0.000114
  0.000231
 -0.000671
 -0.000144
 -0.000394
  0.000255
  0.000248
 -0.000072
  0.000106
  0.000665
 -0.000195
  0.000346
  0.000307
  0.000328
 -0.000542
  0.000546
  0.000128
 -0.000413
  0.000257
 -0.000049
  0.000506
 -0.000011
 -0.000152
  0.000257
  0.000067
 -0.000142
  0.000579
  0.000308
  0.000126
 -0.000355
  0.000003
 -0.000493
  0.000785
  0.000155
 -0.000015
  0.000388
 -0.000568
 -0.000095
  0.000352
 -0.000271
 -0.000460
 -0.000510
 -0.000310
  0.001094
 -0.000247
 -0.000398
 -0.000150
 -0.000106
 -0.000064
 -0.000589
 -0.000250
 -0.000000
  0.000297
 -0.000072
 -0.000187
 -0.000132
  0.000106
 -0.000150
 -0.000307
  0.000158
  0.000067
 -0.000208
  0.000304
 -0.000195
  0.000074
  0.000508
  0.000087
 -0.000080
 -0.000324
 -0.000482
  0.000087
 -0.000010
  0.000040
  0.000423
  0.000142
  0.000035
  0.000389
  0.000590
 -0.000078
  0.000111
  0.000614
 -0.000186
 -0.000038
  0.000127
  0.000071
 -0.000165
 -0.000141
 -0.000262
 -0.000278
 -0.000214
  0.000093
  0.000008
  0.000174
 -0.000121
  0.000047
  0.001019
  0.000076
 -0.000268
 -0.000198
  0.000515
  0.000054
  0.000583
  0.000183
  0.000215
  0.000790
 -0.000027
  0.000149
 -0.000513
  0.000147
 -0.000398
  0.000745
 -0.000481
  0.000137
  0.000309
  0.000454
 -0.000057
 -0.000337
  0.000196
 -0.000322
 -0.000314
  0.000216
 -0.000498
  0.000868
 -0.000201
  0.001080
  0.000641
 -0.000671
  0.000516
 -0.000413
  0.000658
  0.000037
 -0.000352
  0.000809
 -0.000237
  0.000408
 -0.000118
  0.000068
 -0.000150
 -0.000249
 -0.000701
  0.001493
  0.000760
  0.000135
  0.000166
  0.000061
  0.000546
  0.000133
 -0.000585
  0.000567
 -0.000693
  0.000330
 -0.000356
 -0.000108
 -0.000417
  0.000129
 -0.000640
  0.000369
 -0.000050
  0.000236
  0.000043
 -0.000407
  0.000088
 -0.000662
 -0.000203
 -0.000306
 -0.000247
  0.000271
 -0.000228
  0.000279
 -0.000279
  0.000519
  0.000213
  0.000386
  0.000426
  0.000130
 -0.000365
 -0.000550
  0.000121
  0.000024
  0.000092
  0.001677
  0.000775
 -0.000579
 -0.000392
  0.000100
  0.000006
 -0.000208
  0.001203
  0.000641
  0.000326
 -0.000406
  0.000769
 -0.000053
 -0.000303
  0.000036
  0.000094
  0.000080
 -0.000081
  0.000041
 -0.000013
  0.000131
  0.000254
 -0.000503
  0.000387
  0.000150
 -0.000021
  0.000106
 -0.000418
 -0.000286
 -0.000183
  0.000113
 -0.000160
 -0.000067
 -0.000250
 -0.000341
 -0.000099
  0.000224
 -0.000016
 -0.000136
 -0.000128
  0.000080
  0.000136
  0.000148
 -0.000029
  0.000266
  0.000058
 -0.000135
 -0.000123
  0.000180
  0.000047
 -0.000168
  0.000127
 -0.000702
 -0.000113
 -0.000050
 -0.000352
 -0.000112
  0.000088
 -0.000427
  0.000079
  0.000473
  0.000484
  0.000366
 -0.000555
 -0.000372
  0.000524
 -0.000203
  0.000270
 -0.000005
  0.000277
  0.001105
 -0.000628
  0.000100
 -0.000008
 -0.000146
 -0.000263
  0.000319
 -0.000078
 -0.000057
 -0.000080
  0.000217
  0.000154
  0.000023
  0.000037
  0.000022
 -0.000028
 -0.000229
  0.000159
  0.000095
  0.000061
  0.000025
 -0.000020
 -0.000086
  0.000063
  0.000047
  0.000010
 -0.000146
  0.000108
  0.000012
  0.000028
  0.000140
 -0.000020
  0.000077
 -0.000007
  0.000195
 -0.000033
  0.000002
  0.000021
