 -0.015040
 -0.027098
  0.995479
  0.031785
  0.004671
 -0.032158
  0.024839
 -0.017765
  0.010327
  0.028499
 -0.014544
  0.005191
 -0.002724
 -0.006292
  0.026290
 -0.000023
 -0.010444
 -0.009247
  0.019450
 -0.009379
 -0.015814
 -0.000132
 -0.021339
  0.003388
  0.000543
 -0.005731
  0.003674
  0.003695
 -0.001626
  0.012471
  0.000148
 -0.001419
 -0.011357
 -0.003585
  0.015704
 -0.003900
 -0.008695
  0.007181
 -0.016157
  0.001334
 -0.002511
  0.000922
 -0.007099
 -0.001798
 -0.002652
  0.000397
 -0.001407
  0.003745
  0.000646
 -0.002317
  0.001500
 -0.001619
 -0.001881
  0.002165
  0.001874
  0.003220
  0.000942
  0.003305
  0.000542
 -0.002627
  0.000434
 -0.000361
  0.003636
  0.003860
 -0.000090
 -0.001729
  0.001800
  0.002951
  0.000894
 -0.002827
  0.000704
  0.005176
 -0.004274
  0.003018
 -0.001226
  0.002210
 -0.002852
  0.001824
 -0.001608
 -0.000674
 -0.002093
  0.000227
 -0.003634
 -0.002148
  0.003116
  0.000265
  0.002027
  0.000503
  0.000646
 -0.001240
  0.000434
  0.006138
  0.001084
 -0.002430
  0.000840
  0.002055
  0.002779
  0.003309
 -0.004425
  0.001694
  0.005131
  0.000682
  0.000931
 -0.001146
  0.000085
  0.001739
  0.000234
  0.001078
  0.000073
  0.002384
  0.001020
 -0.000111
 -0.000235
  0.000806
  0.001760
 -0.000993
  0.000009
  0.000901
 -0.000816
  0.002244
  0.002306
 -0.001925
 -0.001466
  0.000683
 -0.001801
 -0.000325
 -0.000544
  0.000432
  0.000969
 -0.001187
 -0.001588
 -0.000206
 -0.001569
 -0.001259
 -0.000032
  0.000813
  0.000510
 -0.000227
  0.000410
 -0.001273
  0.001998
 -0.000354
 -0.001296
 -0.001652
  0.001239
 -0.000432
  0.002007
  0.000348
  0.003235
  0.002839
  0.000072
 -0.001519
 -0.000983
  0.000604
 -0.001833
 -0.000133
  0.000253
 -0.000401
 -0.000284
  0.000224
 -0.001902
  0.000531
  0.000533
  0.001041
  0.001330
 -0.000982
 -0.000719
 -0.001690
 -0.000697
  0.000607
 -0.000999
  0.001313
 -0.000143
 -0.001152
 -0.000429
  0.001170
  0.000062
  0.000312
  0.000537
  0.001967
 -0.000070
 -0.000103
  0.000336
 -0.000701
 -0.000111
 -0.000113
  0.001101
 -0.000251
  0.000605
 -0.000258
 -0.000375
  0.000068
 -0.001022
  0.001414
  0.000087
  0.000013
 -0.000502
 -0.000626
 -0.000193
  0.000125
  0.000842
  0.000833
  0.002180
 -0.000524
  0.000116
  0.000472
  0.000464
 -0.000850
  0.000935
  0.000173
  0.001377
 -0.000633
  0.000839
  0.000615
 -0.000049
 -0.000307
  0.000337
 -0.000349
 -0.001475
 -0.001152
 -0.000319
 -0.001230
 -0.000050
  0.001048
  0.000678
 -0.001423
  0.000392
  0.000565
  0.001295
  0.000257
 -0.000475
  0.002045
  0.000237
  0.000058
  0.000422
 -0.000075
  0.000817
 -0.000462
 -0.000894
 -0.000493
 -0.000405
 -0.000783
 -0.000418
  0.000326
 -0.001023
  0.000035
 -0.001324
  0.001293
  0.001880
 -0.001388
  0.000029
  0.000202
 -0.000259
  0.000282
  0.001139
  0.000270
 -0.000208
  0.000455
 -0.000165
 -0.001208
  0.000105
  0.000264
 -0.000587
 -0.000220
  0.000001
  0.000565
  0.000485
  0.000189
  0.001575
  0.002425
 -0.001642
  0.000241
 -0.000473
  0.000283
 -0.001224
  0.000792
  0.002157
 -0.000275
  0.000933
 -0.001005
 -0.000803
 -0.000057
 -0.000437
 -0.000489
  0.000628
 -0.000749
  0.000495
 -0.000031
  0.000698
 -0.000222
  0.000741
  0.000589
  0.001158
 -0.001333
 -0.000356
  0.000628
 -0.000763
  0.000221
  0.000484
 -0.002037
  0.000371
 -0.000717
 -0.000379
  0.001509
  0.000348
  0.000257
 -0.001806
 -0.000333
 -0.000015
  0.001073
 -0.000313
  0.000006
 -0.000232
  0.000031
  0.000264
  0.000201
  0.001390
  0.000200
  0.000116
  0.001053
  0.000229
  0.000243
  0.000605
  0.000068
  0.000193
 -0.000102
 -0.001524
 -0.001159
  0.001359
  0.001776
  0.000132
  0.000336
  0.001060
 -0.000410
  0.000396
 -0.000599
  0.000753
  0.000773
  0.001293
  0.000222
 -0.000811
 -0.000617
  0.000427
 -0.000585
 -0.000322
  0.001360
 -0.001072
 -0.000587
 -0.000533
  0.000105
 -0.002195
  0.000016
  0.001529
  0.000166
 -0.000464
 -0.000782
 -0.000182
 -0.000369
  0.002881
  0.000780
  0.000711
 -0.000733
  0.000792
  0.001239
 -0.000576
 -0.000588
 -0.000512
  0.000016
 -0.000884
 -0.000062
 -0.000009
  0.000182
 -0.000090
 -0.000666
  0.001304
 -0.000343
 -0.001686
  0.000942
  0.000491
 -0.000286
  0.000065
 -0.000850
 -0.000002
 -0.000380
 -0.001320
 -0.001512
  0.000507
  0.000281
 -0.000033
 -0.000303
 -0.000539
  0.000440
  0.000014
  0.000944
  0.000766
 -0.000133
  0.001188
 -0.000802
  0.000826
 -0.000654
  0.000066
  0.000462
 -0.000069
  0.000087
  0.000429
  0.000447
 -0.001050
  0.000989
  0.001118
 -0.000096
  0.000393
 -0.000330
  0.000107
 -0.001202
  0.000608
 -0.000905
 -0.000788
 -0.000185
 -0.000170
  0.000410
 -0.000860
 -0.000630
  0.000416
 -0.000341
  0.000259
 -0.000229
  0.000075
 -0.000549
 -0.000254
  0.000924
 -0.000105
 -0.000431
 -0.000717
  0.000460
 -0.000658
 -0.000394
 -0.000735
 -0.000236
 -0.001554
  0.000124
  0.001188
 -0.000591
 -0.000224
 -0.000875
  0.000037
  0.000404
 -0.001670
  0.000530
 -0.001225
  0.000845
 -0.000601
 -0.000096
 -0.000539
  0.000653
  0.000304
  0.000169
  0.000008
  0.000196
 -0.000346
  0.000539
  0.000006
 -0.000160
 -0.000009
 -0.000720
 -0.000098
 -0.000341
  0.000320
  0.000684
  0.000446
  0.000100
 -0.000008
  0.000510
 -0.000084
 -0.001183
  0.001625
  0.000448
 -0.000532
  0.000187
 -0.000388
 -0.000829
 -0.000350
  0.000017
  0.000496
 -0.000945
 -0.000186
  0.000321
  0.000235
  0.000458
  0.000600
 -0.000156
  0.000542
  0.000204
 -0.000203
 -0.000007
  0.000347
  0.000262
 -0.000034
 -0.000178
  0.000174
  0.000729
  0.000416
  0.001063
  0.001260
 -0.000091
  0.000270
 -0.000103
 -0.001110
  0.000478
 -0.000618
  0.000182
 -0.000005
 -0.000713
 -0.000682
 -0.000681
  0.000581
 -0.000137
  0.000652
  0.000089
  0.000446
 -0.000703
 -0.000071
  0.000010
 -0.000703
  0.000194
 -0.000810
  0.000695
 -0.000179
 -0.000157
  0.000212
  0.000012
 -0.000683
 -0.000561
 -0.000799
 -0.000160
  0.000538
  0.000346
 -0.000145
  0.000043
 -0.000318
 -0.000055
 -0.000070
  0.000208
  0.000277
  0.000041
  0.000047
 -0.000546
  0.000305
 -0.000698
  0.000357
 -0.000145
 -0.000436
 -0.000065
 -0.000338
 -0.000428
 -0.000255
 -0.000425
 -0.000268
  0.000191
 -0.000404
 -0.000283
 -0.000214
  0.000922
  0.000031
  0.000293
 -0.000462
  0.000217
 -0.000333
 -0.001215
 -0.000041
 -0.001008
 -0.000299
 -0.000369
 -0.000481
  0.000913
 -0.000835
  0.000058
  0.000284
  0.000721
 -0.000289
  0.000119
  0.000639
 -0.000523
  0.000347
  0.000829
 -0.000472
 -0.000585
  0.000095
  0.000412
 -0.000035
  0.000083
  0.000403
  0.000005
 -0.000304
  0.000178
  0.000078
  0.000338
 -0.000820
  0.000248
 -0.000228
 -0.000229
  0.000152
  0.000146
  0.000218
  0.000571
  0.000243
 -0.000472
  0.000363
 -0.000351
 -0.000216
 -0.000561
  0.000217
 -0.000006
 -0.000130
  0.000181
 -0.000438
  0.000192
  0.000623
  0.000090
 -0.000265
  0.000081
  0.000013
  0.000389
  0.000165
 -0.000094
 -0.000511
 -0.000393
  0.001094
 -0.000008
 -0.000163
  0.000163
 -0.000339
  0.000345
  0.000490
  0.000388
 -0.000454
  0.000375
 -0.000207
 -0.000828
  0.000287
 -0.000544
 -0.000338
  0.000646
  0.000754
  0.000955
  0.000551
 -0.000754
  0.000805
  0.000553
 -0.000546
 -0.000117
 -0.000163
 -0.000129
 -0.000041
 -0.000639
 -0.000121
 -0.000563
  0.000621
  0.000353
  0.001002
 -0.000120
 -0.000286
 -0.000184
  0.000309
 -0.000058
  0.000216
  0.000141
 -0.000106
  0.000394
  0.000249
 -0.000451
  0.000428
  0.000907
 -0.000099
 -0.000008
 -0.001009
  0.000618
 -0.000065
 -0.000148
  0.000877
 -0.000051
  0.000207
  0.000508
 -0.000314
 -0.000278
 -0.000400
 -0.000217
  0.000082
  0.000134
  0.000035
 -0.000531
 -0.000311
  0.000149
 -0.001154
 -0.000392
  0.000351
  0.000588
  0.000007
  0.000069
  0.000153
  0.000037
 -0.000245
 -0.000162
  0.000330
 -0.000166
 -0.000317
 -0.000037
  0.000319
 -0.000102
  0.000634
 -0.000187
  0.000299
 -0.000183
  0.000423
 -0.000515
 -0.000249
 -0.000024
 -0.000381
  0.000212
 -0.000168
  0.000015
  0.000256
 -0.000112
 -0.000802
 -0.000413
 -0.000252
  0.000136
  0.000182
  0.000273
 -0.000005
  0.000421
 -0.000004
  0.000511
 -0.000059
  0.000202
 -0.000465
  0.000894
 -0.000541
 -0.000260
 -0.000083
  0.000631
 -0.000654
 -0.000256
  0.000133
 -0.000764
  0.000033
  0.000323
 -0.000169
 -0.000223
 -0.000625
  0.000153
 -0.000101
 -0.000274
 -0.000332
  0.000135
  0.000345
  0.000042
 -0.000153
 -0.000079
 -0.000060
 -0.000332
  0.000398
  0.000391
  0.000006
  0.000403
 -0.000124
 -0.000809
  0.000246
 -0.000340
  0.000001
 -0.000218
  0.000124
  0.000189
  0.000459
 -0.000167
 -0.000226
  0.000019
 -0.000376
 -0.000177
  0.000168
  0.000213
 -0.000254
  0.000084
  0.000280
 -0.000091
 -0.000231
  0.000181
  0.000036
 -0.000125
 -0.000408
 -0.000248
  0.000006
  0.000151
  0.000113
  0.000177
 -0.000242
 -0.000085
 -0.000044
  0.000335
  0.000100
  0.000156
  0.000215
 -0.000319
 -0.000135
 -0.000102
  0.000395
 -0.000323
  0.000185
  0.000108
  0.000053
  0.000077
  0.000008
 -0.000059
  0.000042
  0.000023
 -0.000020
  0.000064
  0.000118
  0.000082
  0.000047
  0.000029
  0.000103
  0.000152
 -0.000013
 -0.000025
  0.000002
