  0.011605
  0.029431
 -0.061886
 -0.007032
 -0.948510
  0.094306
 -0.000202
 -0.026205
  0.222256
  0.033733
  0.046661
 -0.042610
 -0.009659
  0.125090
 -0.063787
 -0.039703
  0.012668
  0.009722
  0.014506
  0.059155
  0.021184
 -0.019179
 -0.029349
  0.032013
  0.026534
  0.010628
 -0.000605
 -0.008846
  0.005786
 -0.001892
 -0.001546
 -0.005802
 -0.008149
 -0.005547
  0.012548
  0.008928
 -0.006755
  0.007298
 -0.005927
 -0.000943
 -0.002958
  0.007972
 -0.006297
 -0.006037
  0.005430
 -0.003765
  0.011713
  0.012149
 -0.000722
  0.000031
 -0.002473
 -0.009124
  0.000009
 -0.001943
 -0.001474
 -0.000234
 -0.000620
 -0.002044
  0.010598
 -0.000588
  0.000249
 -0.004313
 -0.004610
 -0.000686
 -0.001524
  0.005849
  0.000409
  0.002235
  0.002102
 -0.004300
 -0.005161
  0.001867
  0.000796
 -0.006740
 -0.002263
 -0.000423
  0.002311
  0.005588
  0.008500
 -0.006015
  0.001326
 -0.001709
  0.001355
  0.002192
  0.000783
  0.000596
  0.000468
 -0.000728
 -0.000326
  0.000416
 -0.002391
  0.001327
 -0.000423
 -0.003127
 -0.001216
  0.003329
  0.001751
  0.002871
  0.001340
  0.003278
 -0.002789
  0.000163
  0.000499
  0.000793
 -0.000965
  0.000102
  0.000876
  0.002751
  0.003392
 -0.000048
 -0.002121
  0.001036
  0.001244
 -0.000519
  0.003832
 -0.000116
 -0.001395
  0.002166
 -0.000551
  0.004242
  0.001843
 -0.000787
  0.002054
  0.003264
 -0.000174
  0.000099
  0.003160
  0.000897
 -0.000088
 -0.000599
 -0.005079
  0.004625
  0.005835
 -0.002256
  0.001165
 -0.000142
  0.003681
  0.000971
  0.001183
  0.001996
 -0.000885
 -0.000485
  0.001150
  0.000858
  0.003148
  0.000363
  0.000843
  0.001257
  0.000620
  0.001797
 -0.000255
 -0.000244
 -0.000334
 -0.001048
  0.001010
  0.001158
  0.000997
 -0.000801
 -0.001090
 -0.001356
 -0.000442
  0.000604
  0.002093
  0.000579
 -0.002927
  0.001792
 -0.000447
  0.002838
 -0.001640
 -0.000224
  0.000116
 -0.000651
  0.000262
 -0.001215
  0.000715
  0.002492
  0.000178
 -0.000906
 -0.002690
 -0.000241
  0.002173
  0.000130
 -0.001843
 -0.000487
  0.001854
  0.002187
  0.002848
  0.002650
 -0.002291
 -0.000995
  0.000946
  0.000150
  0.003546
  0.000430
 -0.000782
  0.000132
 -0.000294
  0.000400
 -0.000094
 -0.001404
 -0.000105
  0.002312
 -0.001774
  0.000303
  0.001176
  0.000185
  0.000379
  0.000706
  0.000537
 -0.001769
  0.000158
 -0.000066
  0.000596
  0.000316
 -0.000983
  0.000393
  0.000396
 -0.000177
  0.001009
 -0.000762
  0.000286
  0.000288
 -0.000380
  0.000132
  0.000745
  0.000744
 -0.000334
 -0.001544
  0.000784
 -0.002629
 -0.000299
 -0.001965
  0.000676
 -0.000651
  0.001300
 -0.000732
 -0.000077
 -0.000474
 -0.000221
 -0.000579
 -0.000518
  0.000419
  0.000693
 -0.000282
  0.000832
 -0.000534
  0.000835
 -0.000784
  0.000932
  0.000281
 -0.001033
  0.000951
 -0.000117
  0.000003
  0.000588
  0.000226
  0.000176
 -0.000015
  0.000349
 -0.000717
 -0.000479
  0.001043
  0.000191
  0.001148
  0.000612
  0.000934
 -0.000823
 -0.000953
  0.000858
  0.000681
 -0.000354
  0.000157
  0.000789
 -0.001021
  0.000054
  0.000564
  0.000263
 -0.000836
 -0.000471
 -0.000254
 -0.000834
  0.000662
  0.000356
  0.001126
  0.000152
 -0.000409
  0.000714
  0.000103
  0.001381
 -0.000935
  0.000031
  0.002244
  0.001943
 -0.001320
 -0.000252
 -0.001328
 -0.000203
 -0.000758
 -0.000445
 -0.000724
 -0.000322
 -0.000555
  0.001101
 -0.000367
 -0.000390
  0.000520
  0.000677
  0.000711
  0.002291
  0.000138
 -0.000145
  0.000209
 -0.001051
 -0.001513
  0.000875
 -0.000335
 -0.002604
  0.000328
  0.000080
  0.000575
 -0.000277
  0.000660
  0.000884
 -0.000824
 -0.000856
  0.000112
 -0.001386
 -0.001111
 -0.000999
 -0.000323
  0.000027
 -0.000055
 -0.000404
  0.001346
 -0.000278
 -0.000523
  0.001917
 -0.001132
 -0.000436
 -0.000507
 -0.000741
 -0.000063
 -0.000636
 -0.000942
 -0.000343
 -0.000397
 -0.000483
 -0.000668
 -0.001535
 -0.000857
  0.001048
  0.001724
  0.000818
  0.001306
  0.000369
 -0.001379
  0.000341
 -0.000784
 -0.000407
  0.001913
  0.001765
 -0.000890
 -0.000692
 -0.000091
 -0.001925
  0.000294
  0.001091
 -0.000525
 -0.000699
  0.000073
  0.001083
  0.001864
  0.000638
 -0.000531
 -0.001745
  0.003646
 -0.002217
  0.000476
  0.001458
  0.002136
 -0.000828
  0.000161
 -0.000374
  0.000456
  0.002633
  0.001788
  0.003662
  0.004176
  0.001507
  0.000437
  0.001148
 -0.001368
  0.000092
 -0.001567
 -0.000273
 -0.001078
  0.000471
 -0.000904
 -0.000531
  0.001337
  0.000987
  0.001714
 -0.002490
  0.000866
  0.000200
  0.003183
 -0.001714
 -0.000041
 -0.002395
  0.002535
 -0.000203
 -0.002170
  0.001670
 -0.001234
  0.000287
  0.000674
  0.000861
 -0.000780
 -0.000447
 -0.000744
  0.000635
 -0.000241
  0.000874
 -0.000311
  0.000049
 -0.000219
 -0.000383
  0.001089
  0.000106
  0.000069
 -0.000431
 -0.000630
  0.001273
  0.000009
 -0.000363
  0.000570
  0.000572
 -0.000048
 -0.000275
 -0.000566
 -0.000124
 -0.000436
  0.000102
 -0.000318
  0.000043
  0.000199
 -0.000135
  0.000093
  0.000054
  0.000771
  0.000608
  0.000026
 -0.000071
 -0.000150
 -0.000325
  0.000646
 -0.000432
 -0.000307
  0.000004
 -0.000587
  0.000785
 -0.001162
 -0.000164
  0.000060
 -0.000541
  0.001119
  0.002490
 -0.000796
 -0.001017
  0.001130
  0.001623
  0.000917
 -0.000567
  0.000880
  0.000654
 -0.004079
 -0.000121
 -0.000833
 -0.000216
  0.000000
 -0.000354
  0.000178
  0.000797
 -0.000242
  0.000194
 -0.000040
 -0.000977
 -0.000780
  0.000726
 -0.000309
  0.000046
  0.000026
 -0.000901
  0.000271
 -0.001536
  0.001032
  0.000796
 -0.000387
  0.001374
  0.000961
 -0.002441
  0.000526
  0.000228
  0.000485
 -0.000092
  0.000187
 -0.000313
  0.000267
  0.000345
  0.000766
  0.000525
 -0.000927
  0.000714
 -0.001041
  0.000506
  0.000415
 -0.000118
 -0.000409
  0.000289
 -0.000451
 -0.000042
 -0.000922
 -0.000040
  0.000606
 -0.000380
  0.000796
 -0.000233
  0.000533
  0.000003
 -0.000089
  0.000107
 -0.000242
  0.000626
  0.000893
  0.000205
 -0.000242
 -0.000001
 -0.000516
 -0.000199
  0.000260
 -0.000384
  0.000899
 -0.000040
  0.000362
  0.000259
 -0.000100
 -0.000448
 -0.000444
 -0.000251
  0.000201
 -0.000890
  0.000016
 -0.000199
  0.000616
  0.000187
  0.000095
 -0.000162
 -0.000424
 -0.000061
 -0.000065
 -0.000100
  0.000444
 -0.000156
 -0.000315
  0.000063
 -0.000013
 -0.000334
  0.000114
  0.000622
  0.000153
 -0.000013
  0.000964
 -0.000035
 -0.000230
 -0.000810
  0.000298
 -0.000434
 -0.000718
  0.000446
 -0.000496
  0.000169
 -0.000835
 -0.000236
 -0.000499
 -0.000115
  0.000229
  0.000241
  0.000235
  0.000567
 -0.000013
 -0.000315
 -0.000101
 -0.000482
 -0.000069
 -0.000633
 -0.000457
  0.000475
 -0.000324
 -0.000627
  0.000034
 -0.000029
 -0.000735
 -0.000260
 -0.000223
 -0.000850
 -0.000257
 -0.000393
 -0.000221
  0.000127
  0.000117
  0.000136
 -0.000118
 -0.000274
 -0.000116
 -0.000848
 -0.000232
  0.000047
  0.000682
  0.000470
 -0.000458
  0.000677
 -0.000597
 -0.000231
  0.000527
 -0.000847
 -0.001736
 -0.000711
  0.000569
 -0.000248
 -0.000020
 -0.000960
 -0.000293
 -0.000843
  0.000374
  0.000989
  0.000171
  0.000188
 -0.000576
  0.000150
  0.000101
  0.000843
 -0.000425
  0.000879
  0.000549
 -0.000352
 -0.000762
 -0.000340
  0.000013
 -0.000089
  0.000596
  0.001546
 -0.000317
  0.000666
 -0.000105
 -0.000294
  0.001140
  0.000534
  0.000553
 -0.001151
  0.000047
  0.000019
 -0.000256
 -0.000130
 -0.000101
 -0.000987
 -0.000213
 -0.000546
 -0.000167
 -0.000349
 -0.001409
 -0.000010
  0.000955
  0.001129
 -0.000167
  0.000219
 -0.000571
 -0.000231
 -0.000414
 -0.000281
  0.001458
  0.001170
 -0.000954
 -0.000398
 -0.000725
 -0.000355
  0.000862
 -0.000137
  0.000381
 -0.000454
  0.000113
 -0.000302
  0.000726
  0.000958
  0.000839
 -0.000910
  0.000427
 -0.000057
  0.000113
  0.000491
 -0.000056
 -0.000329
 -0.000364
 -0.000046
  0.000286
  0.000541
 -0.000669
  0.000287
 -0.000401
 -0.000494
  0.000842
 -0.000512
  0.000415
 -0.000319
 -0.001060
  0.000071
 -0.000507
  0.000595
  0.000161
 -0.000724
 -0.001038
 -0.000451
  0.000494
  0.000369
  0.000247
  0.000063
 -0.001564
  0.000607
 -0.000435
 -0.000398
  0.000999
  0.000018
  0.000424
 -0.000661
  0.000005
 -0.000747
  0.000787
  0.000270
 -0.000087
 -0.000344
 -0.000739
  0.000485
 -0.000336
  0.000291
 -0.000360
  0.000016
 -0.000004
  0.000047
 -0.000297
  0.000104
  0.000163
  0.000056
 -0.000090
 -0.000282
  0.000776
  0.000106
  0.000398
 -0.000281
 -0.000080
 -0.000302
  0.000933
 -0.000119
  0.000572
 -0.000509
 -0.000529
  0.000657
  0.000001
 -0.000288
  0.000484
  0.000458
  0.000086
 -0.000066
 -0.000979
  0.000306
 -0.000263
  0.000367
 -0.000040
 -0.000591
 -0.000304
  0.000731
 -0.000131
 -0.000320
  0.000050
  0.000213
 -0.000122
 -0.000204
  0.000659
 -0.000224
 -0.000914
 -0.000349
 -0.000234
  0.000479
  0.000232
  0.000033
  0.000105
 -0.000325
  0.000646
 -0.000290
 -0.000126
  0.000130
  0.000625
  0.000727
  0.000055
 -0.000049
  0.000074
 -0.000343
  0.000342
  0.000416
 -0.000102
 -0.000102
  0.000798
 -0.000494
  0.000057
 -0.000229
 -0.000474
  0.000830
 -0.000608
 -0.000411
 -0.000441
  0.000246
  0.000466
  0.000213
 -0.000070
  0.000046
  0.000012
  0.000142
