  0.003568
  0.026005
  0.008268
 -0.491933
  0.863661
  0.006731
  0.001334
  0.071687
  0.039771
 -0.019761
 -0.011323
  0.010383
  0.009998
  0.014419
 -0.011449
 -0.020312
  0.028935
 -0.013268
  0.006873
  0.004331
 -0.017840
 -0.016897
  0.010468
  0.007411
  0.005973
 -0.000719
 -0.012585
 -0.003140
  0.002699
  0.005821
  0.001925
 -0.009688
 -0.002593
  0.003902
  0.007018
  0.008819
 -0.007144
  0.005585
 -0.000907
  0.004292
  0.003470
 -0.009921
  0.009158
  0.000971
 -0.001343
  0.004548
 -0.002304
  0.002120
 -0.000229
  0.001384
 -0.001400
 -0.003286
  0.000573
  0.000237
 -0.005796
  0.000550
 -0.002051
  0.000245
 -0.001329
  0.000301
 -0.001957
  0.001033
 -0.000040
 -0.001194
  0.001145
 -0.003382
 -0.003732
  0.001021
 -0.001050
  0.001238
 -0.003542
 -0.004352
  0.003099
  0.000226
 -0.002190
  0.000715
  0.001196
 -0.000373
  0.000405
  0.000670
  0.000145
  0.000108
 -0.001392
  0.003026
  0.001141
  0.001109
  0.002292
 -0.000639
 -0.000936
 -0.001447
  0.000300
 -0.001515
  0.000934
  0.002071
  0.000432
  0.002357
  0.000632
 -0.000293
 -0.000542
  0.003635
 -0.000210
 -0.000649
  0.001056
  0.000190
  0.001046
 -0.000456
  0.000108
  0.000140
 -0.000632
 -0.000998
  0.001538
 -0.000430
  0.000999
  0.002026
 -0.000129
  0.000599
 -0.000242
  0.002344
  0.001022
  0.000601
  0.001976
  0.001717
 -0.000648
  0.002241
 -0.001713
  0.000206
 -0.001829
  0.000236
  0.000486
  0.001773
  0.002198
 -0.000323
  0.000593
  0.001952
 -0.001870
 -0.000926
  0.003272
 -0.001608
 -0.001181
  0.000502
 -0.000595
  0.001125
 -0.001458
 -0.002141
 -0.003707
  0.001692
 -0.001061
  0.001892
 -0.001080
 -0.000209
 -0.000481
 -0.001588
  0.000440
  0.000381
 -0.001122
 -0.001529
 -0.000868
  0.000305
  0.000501
 -0.001124
 -0.000662
 -0.000461
 -0.001198
 -0.000835
 -0.000510
  0.001296
 -0.000641
  0.000293
  0.000337
  0.000604
  0.000074
  0.000750
 -0.000044
 -0.000238
  0.000268
  0.000060
 -0.000719
 -0.000131
 -0.000243
  0.001681
 -0.000588
  0.000271
 -0.000035
 -0.000110
 -0.000706
 -0.000061
  0.001013
  0.001581
  0.000514
 -0.000136
  0.000089
 -0.000012
  0.000617
  0.000168
  0.000612
  0.000393
  0.000184
 -0.000324
  0.000128
 -0.000572
  0.000417
  0.000013
  0.000564
  0.000055
 -0.000034
  0.000043
 -0.000164
  0.000069
 -0.000198
 -0.000347
  0.000152
 -0.000134
 -0.000064
  0.000128
 -0.000717
  0.000510
  0.000324
  0.000226
  0.000153
 -0.000366
  0.000595
  0.000134
  0.000359
 -0.000371
  0.000106
 -0.000622
 -0.000139
 -0.000146
  0.000685
 -0.000960
 -0.000763
 -0.000250
  0.000198
  0.000672
  0.000578
  0.000052
 -0.000318
  0.000751
  0.000407
  0.000027
  0.000250
 -0.000466
  0.000337
  0.001169
  0.000174
 -0.000249
  0.000904
  0.000475
 -0.000138
 -0.000821
 -0.000062
 -0.000856
  0.000328
 -0.000404
  0.000742
 -0.000684
 -0.000713
  0.000478
 -0.000152
  0.000002
  0.000196
  0.000422
  0.000729
 -0.001678
 -0.001549
 -0.000199
  0.000643
  0.001005
  0.000975
  0.001495
 -0.001002
 -0.001058
 -0.000022
  0.000170
 -0.000667
 -0.000959
  0.001494
 -0.000722
 -0.000097
 -0.000873
  0.000253
  0.001865
  0.000694
 -0.000436
 -0.001057
  0.000860
  0.000263
  0.000324
 -0.000214
 -0.000487
 -0.000638
 -0.000241
  0.000461
  0.000308
  0.000174
 -0.000035
 -0.000931
  0.000120
 -0.000657
  0.000117
 -0.000453
  0.000350
  0.000647
  0.000800
 -0.001043
 -0.000493
  0.000006
  0.000250
 -0.000531
  0.000627
  0.000889
  0.000289
 -0.000109
 -0.000636
 -0.000544
 -0.000205
  0.000480
 -0.000025
 -0.001151
 -0.000940
 -0.000694
 -0.000209
  0.001038
 -0.000065
 -0.000223
  0.000298
 -0.000261
 -0.000457
  0.000431
  0.000587
  0.000421
 -0.000231
 -0.000433
  0.000934
 -0.000106
 -0.000317
  0.000035
 -0.000227
 -0.000373
 -0.000537
  0.000374
  0.000298
 -0.000189
  0.000033
 -0.000037
  0.000067
  0.000200
 -0.000235
 -0.000236
  0.000094
  0.000264
 -0.000419
  0.000116
 -0.000135
  0.000226
  0.000145
  0.000141
 -0.000454
  0.000019
 -0.000011
  0.000185
 -0.000061
 -0.000222
 -0.000345
  0.000666
  0.000499
 -0.001332
  0.000234
  0.000544
 -0.000778
  0.000593
  0.001292
  0.000646
 -0.000370
  0.001554
 -0.000227
 -0.000502
  0.000275
  0.000061
 -0.000216
 -0.000726
  0.000074
 -0.000237
  0.000416
  0.000746
 -0.000910
  0.000271
 -0.000086
  0.000310
  0.000341
 -0.000199
 -0.000343
 -0.000705
 -0.000423
  0.001350
  0.000414
 -0.000394
 -0.000105
 -0.000554
 -0.000606
  0.000292
  0.001010
  0.000265
 -0.000563
 -0.000076
  0.001091
 -0.000221
 -0.000148
 -0.000151
  0.000179
  0.000201
 -0.000276
  0.000125
  0.000489
 -0.000396
 -0.000079
 -0.000071
  0.000382
 -0.000036
 -0.000148
  0.000646
  0.000206
  0.000061
  0.000251
 -0.000292
 -0.000246
  0.000017
  0.000401
 -0.000832
 -0.000248
  0.000610
  0.000207
  0.000260
 -0.000063
  0.000027
  0.000031
  0.000261
  0.000311
 -0.000265
  0.000680
 -0.000530
  0.000659
  0.000385
  0.000365
  0.000215
 -0.000381
  0.000654
  0.000172
 -0.000720
  0.000456
 -0.000047
  0.001077
  0.000129
  0.000108
 -0.000070
  0.000448
 -0.000331
  0.000152
 -0.000083
  0.000063
 -0.000094
  0.000077
  0.000304
  0.000324
  0.000530
 -0.000016
 -0.000090
  0.000159
  0.000270
  0.000490
 -0.000580
 -0.000142
 -0.000103
 -0.000070
 -0.000115
  0.000151
  0.000081
 -0.000342
 -0.000048
 -0.000026
  0.000036
  0.000013
  0.000070
  0.000531
  0.000260
 -0.000156
 -0.000154
  0.000167
 -0.000186
  0.000045
  0.000072
  0.000030
 -0.000022
 -0.000204
  0.000276
  0.000280
 -0.000083
  0.000068
 -0.000399
 -0.000208
  0.000254
 -0.000266
  0.000151
  0.000535
  0.000276
 -0.000404
  0.000421
  0.000060
  0.000443
  0.000127
  0.000071
  0.000584
 -0.000063
 -0.000098
  0.000128
  0.000183
  0.000207
  0.000351
 -0.000487
  0.000061
  0.000318
 -0.000151
 -0.000033
 -0.000186
  0.000052
 -0.000076
 -0.000415
  0.000120
  0.000029
 -0.000287
  0.000621
  0.000023
  0.000285
  0.000829
  0.000334
  0.000352
  0.000333
 -0.000131
 -0.000275
 -0.000429
  0.000048
 -0.000121
  0.000386
  0.000186
  0.000083
  0.000264
 -0.000299
 -0.000018
 -0.000060
  0.000525
 -0.000146
 -0.000182
 -0.000224
 -0.000583
 -0.000081
  0.000121
  0.000056
 -0.000548
 -0.000450
 -0.000313
  0.000238
  0.000142
 -0.000634
  0.000851
 -0.000241
  0.000394
  0.000492
 -0.000089
 -0.000718
  0.000029
 -0.000153
 -0.000209
 -0.000069
  0.000063
  0.000096
  0.000122
  0.000042
  0.000112
 -0.000348
  0.000077
  0.000011
  0.000352
  0.000123
 -0.000084
  0.000557
  0.000001
 -0.000049
 -0.000439
  0.000362
 -0.000348
  0.000230
 -0.000187
 -0.000169
  0.000191
 -0.000230
 -0.000422
 -0.000109
 -0.000098
  0.000354
  0.000285
 -0.000515
 -0.000074
  0.000031
 -0.000047
  0.000041
 -0.000267
  0.000078
  0.000050
 -0.000308
  0.000141
 -0.000017
 -0.000124
  0.000068
 -0.000078
  0.000212
  0.000097
 -0.000139
  0.000307
  0.000568
 -0.000132
 -0.000079
 -0.000099
  0.000195
  0.000118
 -0.000185
 -0.000439
 -0.000060
 -0.000300
  0.000537
 -0.000534
 -0.000363
  0.000157
  0.000324
 -0.000621
  0.000122
 -0.000070
  0.000120
 -0.000669
  0.000019
  0.000283
  0.000827
 -0.000240
  0.000095
 -0.000187
 -0.000093
 -0.000296
 -0.000006
  0.000027
  0.000284
  0.000261
 -0.000264
 -0.000003
 -0.000205
 -0.000342
  0.000411
  0.000090
  0.000540
  0.000409
  0.000285
 -0.000149
 -0.000405
  0.000525
 -0.000218
 -0.000052
  0.000693
 -0.000204
  0.000214
  0.000047
  0.000568
 -0.000386
 -0.000115
  0.000089
 -0.000045
  0.000153
 -0.000328
 -0.000656
  0.000946
 -0.000351
  0.000352
 -0.000606
 -0.000125
 -0.000426
 -0.000118
 -0.000305
 -0.000479
 -0.000034
 -0.000159
  0.000155
 -0.000069
  0.000000
  0.000262
 -0.000098
 -0.000061
  0.000368
  0.000524
 -0.000567
  0.000405
 -0.000065
  0.000195
 -0.000062
 -0.000195
 -0.000275
 -0.000031
  0.000044
 -0.000046
  0.000357
 -0.000140
 -0.000017
 -0.000014
  0.000248
  0.000140
  0.000219
  0.000209
  0.000276
 -0.000024
 -0.000321
 -0.000030
  0.000204
  0.000034
 -0.000138
 -0.000351
 -0.000314
 -0.000296
  0.000193
  0.000255
  0.000011
  0.000027
  0.000068
  0.000240
  0.000052
  0.000018
  0.000204
  0.000240
 -0.000154
 -0.000146
  0.000203
  0.000175
 -0.000057
  0.000058
  0.000218
  0.000159
  0.000366
  0.000153
 -0.000012
  0.000218
 -0.000181
  0.000136
  0.000237
  0.000305
 -0.000087
  0.000094
 -0.000159
 -0.000086
 -0.000197
  0.000075
  0.000261
  0.000126
  0.000035
  0.000220
 -0.000216
 -0.000028
 -0.000215
  0.000018
 -0.000021
 -0.000364
  0.000080
  0.000063
  0.000065
 -0.000143
 -0.000018
 -0.000067
  0.000212
 -0.000123
  0.000104
  0.000300
 -0.000087
  0.000147
  0.000114
 -0.000206
 -0.000225
 -0.000249
 -0.000137
 -0.000164
  0.000207
 -0.000261
 -0.000213
  0.000427
  0.000050
 -0.000047
  0.000097
 -0.000307
 -0.000052
  0.000139
 -0.000070
  0.000358
  0.000030
 -0.000146
 -0.000443
  0.000113
 -0.000043
  0.000246
  0.000102
 -0.000177
 -0.000118
 -0.000088
  0.000141
  0.000084
  0.000081
  0.000177
 -0.000088
  0.000140
 -0.000138
 -0.000111
  0.000135
 -0.000561
  0.000098
 -0.000291
 -0.000349
  0.000518
  0.000113
 -0.000017
 -0.000086
 -0.000100
 -0.000007
 -0.000051
