  0.978847
 -0.179387
  0.038216
  0.000875
  0.013776
  0.001363
  0.083348
 -0.000335
  0.003409
 -0.007161
  0.009552
  0.002474
  0.003088
  0.006151
 -0.004269
  0.000848
 -0.000833
  0.009658
 -0.004108
  0.000823
  0.003701
  0.004269
 -0.002034
 -0.000578
 -0.007259
 -0.000205
 -0.010976
 -0.006469
  0.002010
  0.000118
  0.001885
  0.000212
  0.005910
 -0.003367
  0.005520
  0.003377
  0.003848
  0.003137
 -0.009223
 -0.004209
  0.000427
  0.003428
  0.002326
 -0.001919
  0.000265
  0.000846
 -0.001710
  0.004731
  0.002618
 -0.000356
  0.002948
  0.000773
 -0.001001
  0.001173
 -0.003365
 -0.000349
 -0.002039
  0.001167
 -0.001672
  0.001714
  0.001474
 -0.001084
 -0.001197
  0.001201
 -0.000088
  0.001436
  0.000641
  0.001693
  0.000659
  0.000352
 -0.000529
 -0.000369
 -0.000014
  0.000139
 -0.000666
  0.003049
  0.000448
  0.000071
  0.000631
 -0.001237
 -0.000359
 -0.000586
 -0.001709
  0.001415
 -0.000345
 -0.002555
 -0.000491
 -0.000777
  0.000128
  0.001393
  0.000384
  0.000139
  0.000363
  0.002687
 -0.000152
  0.000509
  0.000506
  0.000194
 -0.000437
 -0.001914
 -0.001553
 -0.001267
  0.002887
  0.002046
 -0.000710
  0.001649
  0.001339
 -0.000418
 -0.001478
  0.000681
  0.001007
 -0.001100
 -0.001409
  0.001530
 -0.000134
  0.000068
  0.000223
  0.000823
  0.000216
 -0.000362
  0.000618
  0.000445
  0.000578
  0.000410
  0.000531
 -0.000354
 -0.001529
 -0.000710
  0.000586
  0.000031
 -0.000031
 -0.000269
  0.000390
  0.001123
 -0.002141
 -0.000892
  0.001399
 -0.000469
 -0.000676
 -0.001868
 -0.001051
  0.001256
 -0.000453
 -0.000925
  0.000587
 -0.001865
  0.000337
 -0.000973
 -0.001436
 -0.000974
  0.000975
  0.000681
  0.000383
 -0.000097
  0.000129
 -0.000694
  0.000834
  0.000473
 -0.000344
 -0.000482
  0.002538
  0.000062
 -0.000703
  0.000297
 -0.000533
  0.001697
 -0.000048
  0.000848
 -0.000329
  0.000439
  0.000072
  0.000233
  0.000398
  0.000311
 -0.000501
 -0.000621
  0.000612
  0.001004
 -0.000423
 -0.000911
  0.000417
 -0.000173
  0.001000
 -0.000283
 -0.000028
  0.000525
 -0.000438
 -0.000019
 -0.000266
 -0.000466
  0.000229
 -0.000068
  0.000492
 -0.000174
  0.001051
  0.000165
 -0.000069
 -0.000265
  0.000767
 -0.000441
  0.000038
  0.000580
  0.000169
  0.000597
  0.000031
 -0.001084
 -0.000568
 -0.000053
  0.000233
 -0.000030
 -0.000188
 -0.000990
 -0.000775
  0.000037
  0.000247
  0.000753
  0.000025
 -0.000078
  0.000086
 -0.000360
  0.000065
 -0.000142
  0.000095
  0.000550
 -0.000317
  0.000039
  0.001281
 -0.000494
 -0.000060
 -0.000181
 -0.000197
 -0.000011
 -0.000373
  0.000117
  0.000218
 -0.000329
 -0.000223
  0.000561
 -0.000160
 -0.000032
 -0.000273
  0.000189
  0.000148
 -0.000966
  0.000834
 -0.000754
 -0.000039
 -0.000168
  0.001004
  0.000007
 -0.000537
 -0.000407
 -0.000640
  0.000276
 -0.000218
 -0.000010
 -0.000100
  0.000200
  0.000232
  0.000249
 -0.000173
 -0.000261
  0.000145
 -0.000047
  0.000648
  0.000422
 -0.000430
  0.000046
  0.000112
 -0.000147
  0.000403
  0.000109
 -0.000277
  0.000026
 -0.000049
 -0.000146
 -0.000436
 -0.000089
 -0.000032
 -0.000028
  0.000109
 -0.000492
  0.000224
  0.000789
 -0.000012
 -0.000114
 -0.000073
  0.000021
  0.000342
 -0.000255
 -0.000291
 -0.000377
 -0.000079
 -0.000197
  0.000084
 -0.000086
 -0.000215
  0.000242
 -0.000627
 -0.000075
  0.000219
 -0.000222
  0.000606
 -0.000386
  0.000421
  0.000116
 -0.000052
 -0.000479
 -0.000303
  0.000136
 -0.000527
 -0.000346
  0.000231
  0.000085
 -0.000397
 -0.000654
 -0.000289
 -0.000050
 -0.000178
 -0.000672
 -0.000384
 -0.000570
 -0.000622
  0.000167
 -0.000755
  0.000329
 -0.000036
  0.000879
 -0.000042
 -0.000712
  0.000037
  0.000274
 -0.000065
  0.000148
 -0.000154
  0.000153
  0.000165
  0.000133
 -0.000172
 -0.000398
 -0.000152
  0.000060
  0.000347
 -0.000095
 -0.000210
  0.000051
  0.000036
 -0.000475
 -0.000089
 -0.000289
 -0.000142
 -0.000198
  0.000415
  0.000030
  0.000085
  0.000293
 -0.000002
 -0.000010
  0.000318
  0.000114
  0.000161
 -0.000586
 -0.000632
  0.000145
 -0.000062
  0.000077
  0.000053
 -0.000335
  0.000332
  0.000960
  0.000088
 -0.000383
  0.000067
 -0.000267
  0.000124
  0.000310
  0.000111
 -0.000015
  0.000014
  0.000205
 -0.000141
 -0.000158
  0.000530
  0.000139
 -0.000195
 -0.000188
 -0.000186
 -0.000330
 -0.000146
 -0.000135
  0.000300
 -0.000151
 -0.000016
 -0.000335
 -0.000589
 -0.000585
  0.000271
 -0.000082
  0.000872
 -0.000072
  0.000141
 -0.000402
  0.000249
 -0.000240
 -0.000066
 -0.000026
  0.000027
  0.000152
  0.000195
 -0.000064
 -0.000312
 -0.000360
 -0.000307
  0.000311
 -0.000210
  0.000300
  0.000122
 -0.000110
 -0.000219
 -0.000145
  0.000203
 -0.000233
 -0.000015
 -0.000006
 -0.000563
 -0.000623
 -0.000488
  0.000086
 -0.000174
 -0.000279
 -0.000363
 -0.000030
  0.000624
 -0.000321
 -0.000019
 -0.000092
 -0.000298
  0.000510
  0.000323
  0.000226
  0.000630
  0.000110
  0.000695
  0.000313
 -0.000756
 -0.000311
  0.000276
  0.000264
 -0.000581
  0.000359
 -0.000016
 -0.000292
 -0.000242
 -0.000025
 -0.000366
 -0.000136
 -0.000440
  0.000044
  0.000089
 -0.000210
  0.000088
 -0.000387
  0.000260
 -0.000147
  0.000059
  0.000049
 -0.000042
 -0.000466
 -0.000093
 -0.000155
  0.000032
 -0.000035
 -0.000125
  0.000100
 -0.000370
 -0.000264
  0.000023
  0.000062
 -0.000175
  0.000025
  0.000071
 -0.000133
  0.000255
 -0.000030
  0.000449
 -0.000342
  0.000082
 -0.000106
  0.000154
  0.000295
 -0.000237
 -0.000003
  0.000281
  0.000099
  0.000288
 -0.000411
 -0.000126
 -0.000063
 -0.000073
 -0.000109
 -0.000119
  0.000006
 -0.000014
 -0.000208
 -0.000184
  0.000117
 -0.000254
  0.000062
 -0.000061
  0.000374
 -0.000157
 -0.000055
  0.000010
  0.000006
 -0.000258
  0.000180
 -0.000258
 -0.000077
 -0.000039
  0.000002
 -0.000394
  0.000500
 -0.000032
 -0.000032
 -0.000309
  0.000186
 -0.000367
  0.000080
 -0.000125
  0.000411
  0.000004
 -0.000250
 -0.000330
  0.000094
  0.000278
  0.000117
 -0.000071
  0.000089
  0.000283
 -0.000010
 -0.000160
  0.000300
 -0.000206
  0.000031
 -0.000352
  0.000402
 -0.000035
 -0.000193
 -0.000148
  0.000269
 -0.000255
 -0.000060
  0.000320
 -0.000094
 -0.000435
  0.000269
  0.000111
  0.000091
 -0.000012
 -0.000015
 -0.000029
  0.000197
  0.000129
  0.000067
  0.000216
 -0.000256
  0.000353
  0.000043
  0.000067
  0.000061
  0.000331
  0.000128
  0.000449
 -0.000075
  0.000263
 -0.000614
 -0.000188
  0.000119
  0.000256
  0.000057
 -0.000122
  0.000013
 -0.000036
 -0.000005
 -0.000002
  0.000138
 -0.000016
 -0.000221
 -0.000021
  0.000266
 -0.000001
  0.000020
 -0.000035
  0.000019
 -0.000004
 -0.000025
  0.000239
 -0.000022
 -0.000332
  0.000086
  0.000228
 -0.000077
  0.000123
 -0.000106
 -0.000019
 -0.000138
  0.000098
 -0.000138
  0.000036
 -0.000332
 -0.000093
 -0.000148
  0.000069
  0.000283
  0.000061
  0.000007
 -0.000095
  0.000232
  0.000135
  0.000078
 -0.000057
  0.000095
 -0.000048
  0.000032
 -0.000097
  0.000025
 -0.000150
 -0.000015
  0.000077
  0.000166
 -0.000161
  0.000002
  0.000013
  0.000113
  0.000056
  0.000005
  0.000063
 -0.000188
 -0.000148
 -0.000031
  0.000072
 -0.000047
 -0.000004
 -0.000246
  0.000019
  0.000069
 -0.000223
 -0.000182
 -0.000141
  0.000010
 -0.000045
  0.000076
 -0.000046
 -0.000011
 -0.000107
  0.000120
 -0.000075
  0.000170
  0.000104
 -0.000101
  0.000029
 -0.000120
  0.000125
  0.000047
  0.000036
 -0.000024
  0.000121
 -0.000170
  0.000341
 -0.000057
  0.000153
 -0.000026
 -0.000105
 -0.000287
  0.000044
 -0.000071
 -0.000099
  0.000001
  0.000029
 -0.000080
 -0.000079
 -0.000166
  0.000088
  0.000025
  0.000010
  0.000029
 -0.000056
 -0.000032
 -0.000001
  0.000101
  0.000216
  0.000020
  0.000297
 -0.000176
 -0.000016
 -0.000539
  0.000058
  0.000026
  0.000377
 -0.000049
  0.000023
  0.000009
  0.000324
  0.000077
 -0.000015
 -0.000074
  0.000221
 -0.000097
  0.000002
 -0.000058
  0.000063
  0.000142
  0.000001
  0.000114
 -0.000127
  0.000229
 -0.000004
 -0.000280
  0.000117
  0.000128
  0.000071
  0.000147
 -0.000076
  0.000028
 -0.000089
  0.000045
 -0.000006
  0.000240
  0.000012
 -0.000078
  0.000202
 -0.000043
  0.000062
 -0.000006
 -0.000164
  0.000325
  0.000031
  0.000030
 -0.000234
 -0.000174
 -0.000015
 -0.000151
 -0.000158
  0.000005
 -0.000091
  0.000099
  0.000083
 -0.000003
 -0.000060
 -0.000140
 -0.000001
 -0.000067
  0.000013
  0.000076
 -0.000194
 -0.000023
  0.000111
 -0.000034
 -0.000028
 -0.000016
 -0.000006
 -0.000148
 -0.000044
  0.000058
  0.000082
 -0.000011
  0.000029
 -0.000083
  0.000062
  0.000115
 -0.000095
 -0.000189
  0.000219
 -0.000290
 -0.000180
  0.000195
 -0.000061
  0.000043
 -0.000069
  0.000049
  0.000137
 -0.000012
 -0.000098
 -0.000099
 -0.000036
  0.000007
  0.000001
  0.000091
 -0.000097
  0.000043
 -0.000129
  0.000149
  0.000009
  0.000010
  0.000044
 -0.000057
 -0.000018
 -0.000001
  0.000028
 -0.000060
 -0.000053
  0.000086
 -0.000167
 -0.000057
 -0.000057
 -0.000042
 -0.000030
 -0.000061
 -0.000095
 -0.000183
 -0.000033
  0.000039
  0.000044
 -0.000006
 -0.000105
  0.000116
 -0.000024
  0.000018
 -0.000067
 -0.000036
 -0.000014
 -0.000001
  0.000029
 -0.000014
  0.000081
