 -0.182261
  0.609922
  0.250912
 -0.096140
 -0.143915
  0.673609
  0.046559
 -0.125606
 -0.142182
 -0.032151
 -0.013403
  0.007782
  0.018780
  0.059056
 -0.002025
 -0.030231
 -0.031219
  0.013258
  0.004792
 -0.008063
 -0.002910
 -0.020612
 -0.005521
 -0.009657
  0.010799
 -0.013461
 -0.001182
  0.002146
  0.009506
 -0.000176
 -0.000731
  0.006453
  0.004138
 -0.006998
 -0.007129
 -0.016809
 -0.000279
  0.007238
  0.001096
 -0.002413
  0.005203
 -0.003020
 -0.007729
  0.007151
 -0.002251
 -0.004939
 -0.001396
  0.001268
 -0.005601
  0.002924
 -0.003733
  0.001475
  0.002304
 -0.002377
  0.002542
  0.000828
 -0.000722
 -0.003388
  0.001190
 -0.003460
  0.002132
  0.004137
  0.000558
  0.000731
  0.003659
  0.002127
 -0.001904
 -0.002993
 -0.001953
 -0.005227
 -0.007325
 -0.000689
  0.002580
 -0.003719
 -0.000592
  0.000464
  0.001055
 -0.003896
  0.002785
 -0.001097
 -0.000117
 -0.002159
  0.001859
 -0.000319
  0.002561
  0.004847
  0.003759
 -0.005848
  0.000016
  0.008705
  0.001866
 -0.001944
 -0.000081
  0.000083
  0.000167
  0.006374
 -0.001196
  0.005534
 -0.003697
 -0.002611
  0.001405
 -0.000138
  0.000054
  0.000105
 -0.000887
  0.000581
 -0.002695
  0.000921
  0.002530
  0.002372
  0.000995
  0.003145
 -0.002979
  0.004128
 -0.002950
 -0.006048
 -0.000798
 -0.003444
  0.003276
 -0.000050
 -0.001514
  0.000460
 -0.005571
  0.002440
 -0.002292
 -0.001593
 -0.001615
  0.000294
 -0.000273
  0.000635
  0.001061
  0.001980
  0.003090
  0.000522
 -0.002418
 -0.001263
  0.001142
  0.000331
  0.002492
  0.002538
 -0.002633
  0.001980
  0.001526
 -0.002081
  0.000088
 -0.002374
 -0.000959
 -0.002166
 -0.001601
 -0.000326
  0.003018
 -0.000147
 -0.000216
 -0.001720
 -0.000035
 -0.000796
 -0.000567
  0.001158
  0.000331
  0.000047
 -0.000062
  0.001091
  0.000608
 -0.000261
 -0.001844
  0.000553
  0.002874
 -0.002825
 -0.000629
 -0.000087
  0.000939
 -0.000198
  0.000279
 -0.000649
 -0.002152
  0.000482
 -0.000461
  0.002404
  0.002038
  0.000756
 -0.001400
  0.001137
 -0.001476
  0.000444
  0.001257
  0.000391
 -0.001293
 -0.000616
 -0.000054
 -0.000729
 -0.000440
 -0.001549
 -0.000157
  0.000084
  0.000780
  0.002558
 -0.001641
  0.001043
 -0.000756
  0.002154
  0.000613
 -0.000136
 -0.000090
  0.000283
 -0.000148
  0.000512
 -0.001025
 -0.001004
 -0.001672
 -0.000061
 -0.000716
  0.000494
  0.000269
  0.001191
 -0.000515
  0.000780
  0.000976
  0.001942
 -0.001410
  0.001168
 -0.000882
  0.000026
 -0.000443
  0.001318
 -0.000498
 -0.000185
 -0.001800
 -0.001365
 -0.000022
  0.001157
 -0.000334
  0.000873
 -0.000457
  0.000325
  0.000050
  0.000766
  0.000383
  0.000068
  0.000332
  0.000474
 -0.000216
 -0.000400
  0.000342
  0.000370
 -0.000026
 -0.000294
  0.001358
  0.000204
  0.000217
  0.000561
  0.001257
  0.001350
 -0.000583
 -0.001607
  0.000669
  0.000305
  0.000207
 -0.000973
 -0.000407
  0.000622
 -0.001605
 -0.000176
  0.000531
  0.000285
  0.000157
 -0.000193
 -0.000655
 -0.000525
  0.000349
 -0.001383
 -0.000438
  0.001007
  0.000332
 -0.001114
 -0.000326
  0.000778
 -0.001554
  0.002157
  0.000146
  0.001537
  0.000506
 -0.000583
 -0.000742
 -0.000809
  0.000120
 -0.001293
  0.000044
 -0.000762
 -0.000233
 -0.000029
  0.000539
 -0.000915
 -0.001204
  0.000308
  0.001096
  0.001088
  0.000760
 -0.000385
 -0.000041
 -0.000437
  0.000199
  0.001264
  0.000069
  0.000083
 -0.000354
  0.001293
  0.000666
 -0.000068
 -0.000986
  0.000440
 -0.000769
  0.000662
  0.000021
  0.000031
  0.000056
  0.000411
  0.000257
  0.000326
  0.000803
  0.000041
 -0.000730
  0.000321
 -0.000334
  0.000214
 -0.001417
  0.000322
 -0.000512
 -0.000844
  0.000845
 -0.000573
 -0.000963
 -0.000029
  0.000688
 -0.000219
 -0.000225
  0.000077
  0.000887
  0.000695
  0.001762
  0.000896
  0.000159
 -0.001360
  0.001256
  0.000394
  0.000956
  0.000031
  0.001159
  0.000844
  0.000350
  0.000241
 -0.002173
  0.000081
  0.000511
  0.000000
 -0.001510
 -0.000835
 -0.000881
 -0.001885
  0.000678
  0.000022
  0.000038
 -0.000396
 -0.000458
  0.000622
  0.001444
 -0.000473
 -0.001228
 -0.000219
  0.000692
  0.000334
  0.000197
  0.001128
  0.000083
  0.000057
  0.000023
 -0.001102
  0.000617
 -0.000563
  0.000520
  0.000510
  0.000314
 -0.000436
  0.000443
 -0.000394
  0.000190
 -0.000299
 -0.000445
 -0.000209
 -0.000014
 -0.000630
  0.000369
 -0.000145
  0.000238
  0.000940
  0.000759
 -0.000261
 -0.000208
  0.001395
  0.000315
  0.000040
  0.000953
  0.000694
 -0.001322
 -0.001250
 -0.001133
 -0.000421
  0.000938
 -0.000083
 -0.000048
 -0.000242
  0.000620
  0.000533
 -0.000632
 -0.000029
  0.000626
 -0.000199
  0.000272
  0.000442
 -0.000176
 -0.000105
 -0.000012
 -0.000296
 -0.000456
 -0.000413
  0.000715
 -0.000014
 -0.000397
 -0.000856
 -0.000209
 -0.000269
 -0.000548
  0.000141
 -0.000366
  0.000685
  0.000402
  0.000454
 -0.000504
  0.000456
  0.000973
 -0.000157
 -0.000495
 -0.000013
 -0.000275
 -0.000966
  0.000710
  0.001233
  0.000291
  0.000352
 -0.000046
  0.000207
  0.001757
  0.000372
  0.000864
 -0.000087
 -0.000358
 -0.000366
 -0.000020
  0.000531
 -0.000603
 -0.001195
 -0.000206
 -0.000703
  0.000920
 -0.000213
  0.000020
 -0.000241
  0.000196
 -0.000270
 -0.000117
 -0.000127
  0.000168
  0.000174
 -0.000201
 -0.000103
 -0.000520
  0.000018
  0.000463
 -0.000002
  0.000300
 -0.000275
 -0.000285
  0.000149
 -0.000350
  0.000113
  0.000312
  0.000008
 -0.000155
 -0.000254
 -0.000138
  0.000080
  0.000161
 -0.000109
 -0.000012
  0.000221
  0.000148
 -0.000380
 -0.000208
 -0.000445
 -0.000182
  0.000224
  0.000442
 -0.000411
  0.000001
  0.000650
 -0.000111
  0.000155
  0.000246
 -0.000131
  0.000119
 -0.000068
 -0.000335
  0.000074
 -0.000035
 -0.000052
  0.000045
 -0.000009
 -0.000022
 -0.000370
  0.000225
 -0.000074
 -0.000011
 -0.000113
 -0.000136
  0.000193
 -0.000274
 -0.000005
 -0.000124
 -0.000131
  0.000079
 -0.000178
  0.000281
  0.000071
 -0.000159
 -0.000082
  0.000503
  0.000227
  0.000299
  0.000696
 -0.000592
  0.000017
 -0.000444
  0.000558
 -0.000784
  0.000234
  0.000334
 -0.000206
 -0.001048
 -0.000876
 -0.000512
  0.000104
  0.000538
 -0.000046
  0.000204
 -0.000050
 -0.000528
  0.000600
  0.000085
  0.000519
  0.000273
 -0.000216
 -0.000250
 -0.000053
  0.000608
 -0.000996
 -0.000182
 -0.000610
 -0.000150
 -0.000391
 -0.000247
  0.000309
 -0.000779
 -0.000490
  0.000092
 -0.000150
 -0.000595
  0.000332
 -0.000088
 -0.000325
 -0.000319
 -0.000009
  0.000741
 -0.000203
 -0.000094
  0.000243
 -0.000309
 -0.000509
 -0.000474
  0.000986
 -0.000529
 -0.000381
 -0.000290
 -0.000202
 -0.000006
 -0.001000
 -0.000467
  0.000090
  0.000515
 -0.000408
 -0.000065
  0.000173
  0.000182
 -0.000501
 -0.000267
  0.000349
 -0.000288
 -0.000362
  0.000149
 -0.000174
  0.000113
  0.000690
  0.000125
  0.000084
 -0.000009
 -0.000125
  0.000064
 -0.000312
  0.000564
 -0.000541
 -0.000753
 -0.000055
  0.000596
  0.000200
 -0.000517
  0.000175
  0.000326
 -0.000703
 -0.000090
  0.000218
  0.000163
  0.000035
 -0.000488
 -0.000105
  0.000270
 -0.000165
 -0.000545
  0.000026
 -0.000432
 -0.000190
 -0.000119
  0.000061
 -0.000046
 -0.000385
 -0.000171
 -0.000133
 -0.000102
  0.000609
  0.000099
  0.000275
  0.000409
  0.000022
  0.000390
 -0.000202
 -0.000074
 -0.000008
  0.000181
 -0.000036
  0.000265
 -0.000414
 -0.000142
  0.000370
  0.000049
  0.000176
  0.000053
  0.000048
  0.000117
 -0.000406
 -0.000038
  0.000215
 -0.000232
  0.000006
  0.000245
 -0.000098
 -0.000008
  0.000490
  0.000183
 -0.000255
 -0.000505
 -0.000335
 -0.000183
  0.000100
  0.000040
 -0.000231
 -0.000124
  0.000150
  0.000151
 -0.000165
 -0.000002
 -0.000323
 -0.000138
  0.000092
  0.000582
  0.000002
  0.000336
  0.000070
  0.000365
 -0.000031
  0.000095
  0.000034
  0.000116
  0.000094
  0.000107
 -0.000031
  0.000088
 -0.000056
  0.000308
 -0.000110
 -0.000345
 -0.000211
 -0.000318
  0.000060
 -0.000036
 -0.000026
  0.000651
 -0.000386
  0.000635
 -0.000002
 -0.000000
 -0.000044
 -0.000054
  0.000023
 -0.000273
  0.000070
  0.000127
  0.000099
 -0.000161
  0.000150
  0.000056
  0.000025
 -0.000070
  0.000223
 -0.000103
  0.000056
 -0.000222
  0.000051
  0.000107
 -0.000005
 -0.000298
 -0.000155
 -0.000073
  0.000109
 -0.000052
 -0.000074
  0.000364
 -0.000017
  0.000138
 -0.000058
  0.000064
  0.000039
  0.000269
 -0.000569
  0.000081
  0.000057
 -0.000223
  0.000136
  0.000088
  0.000280
  0.000070
 -0.000362
  0.000183
  0.000022
  0.000108
  0.000287
 -0.000085
 -0.000128
 -0.000158
  0.000134
 -0.000050
 -0.000168
 -0.000061
  0.000093
 -0.000016
  0.000202
 -0.000167
 -0.000019
  0.000057
  0.000236
  0.000060
 -0.000007
  0.000042
 -0.000136
  0.000008
  0.000215
 -0.000048
 -0.000043
  0.000005
 -0.000025
 -0.000038
  0.000001
  0.000176
  0.000077
 -0.000003
  0.000207
 -0.000159
 -0.000033
  0.000262
  0.000005
  0.000084
  0.000095
 -0.000044
  0.000030
  0.000045
  0.000006
  0.000078
 -0.000010
  0.000019
 -0.000020
 -0.000080
  0.000085
 -0.000295
  0.000009
  0.000043
  0.000023
 -0.000025
 -0.000025
  0.000079
  0.000112
  0.000122
 -0.000469
  0.000097
 -0.000023
  0.000005
  0.000064
  0.000022
 -0.000074
  0.000130
