 -0.237312
  0.879590
  0.014068
  0.048261
 -0.375141
 -0.020961
 -0.054107
 -0.090565
  0.015631
 -0.009662
  0.009515
  0.089514
 -0.022232
 -0.017068
  0.000464
  0.021095
  0.002182
 -0.025141
 -0.002977
 -0.009289
  0.008613
 -0.000072
 -0.012157
  0.041160
 -0.003711
 -0.007293
 -0.010356
 -0.019277
 -0.012752
 -0.001298
 -0.005698
  0.001639
 -0.000278
  0.017104
  0.003292
 -0.010920
  0.008867
  0.006398
 -0.008276
 -0.000196
  0.002186
 -0.012671
  0.001119
 -0.002219
  0.007141
 -0.007642
  0.007609
 -0.004289
 -0.002754
  0.003259
 -0.004186
 -0.002545
 -0.000344
 -0.004693
 -0.003137
 -0.001920
  0.006544
  0.007747
  0.001648
 -0.003288
 -0.009036
  0.000362
  0.001737
  0.001659
 -0.000916
  0.001977
 -0.001116
 -0.007780
 -0.001399
  0.001158
  0.005786
  0.002812
 -0.000672
  0.005087
 -0.006319
  0.001504
 -0.004794
 -0.007782
  0.001083
 -0.001849
 -0.000989
 -0.001070
  0.003222
  0.003030
 -0.000084
  0.000808
 -0.000964
  0.001249
  0.004291
 -0.001975
  0.005468
  0.002779
 -0.000359
  0.003192
  0.005167
  0.000205
  0.001105
  0.001011
 -0.002159
  0.001030
  0.003728
 -0.000847
  0.002756
  0.000005
 -0.002527
 -0.003713
  0.000966
 -0.001830
 -0.001928
 -0.004113
 -0.001713
  0.004985
 -0.001252
 -0.000198
 -0.001330
  0.003110
 -0.002370
 -0.001549
  0.000171
  0.002852
 -0.002525
 -0.002945
 -0.000231
  0.000658
 -0.002000
  0.001068
 -0.002596
 -0.001091
 -0.000141
 -0.002340
 -0.001614
 -0.001233
  0.001638
 -0.003699
 -0.001223
 -0.000264
 -0.001837
 -0.000743
 -0.001632
 -0.000897
 -0.001379
 -0.000100
  0.002262
 -0.000921
 -0.002009
 -0.002570
 -0.003060
  0.001569
  0.004286
 -0.000808
 -0.000236
 -0.000234
  0.002013
 -0.002119
  0.002628
 -0.000763
  0.000509
 -0.002686
  0.001688
  0.001069
  0.000025
  0.001967
  0.000795
  0.000746
  0.000363
  0.000708
  0.000920
  0.001233
  0.001237
  0.000373
  0.000878
  0.000052
 -0.002675
  0.000489
  0.000888
  0.000614
 -0.000531
 -0.000532
 -0.000749
 -0.001822
 -0.000925
 -0.000582
 -0.000262
 -0.001425
  0.001906
 -0.000300
  0.003179
  0.000608
  0.000090
  0.000085
  0.001047
  0.000298
 -0.000415
  0.000174
 -0.001072
  0.000571
 -0.000055
  0.001460
 -0.000130
 -0.000281
  0.000077
  0.001862
 -0.000701
  0.000058
 -0.001688
  0.000233
 -0.000268
  0.000044
 -0.000033
  0.000843
 -0.000043
  0.000189
  0.000422
  0.000568
  0.000050
  0.000684
  0.000504
  0.000778
 -0.000931
 -0.000242
  0.000155
  0.000239
 -0.001469
 -0.000234
 -0.000466
 -0.000787
  0.000736
  0.000486
 -0.000416
  0.000883
 -0.000508
  0.000827
  0.000287
 -0.000137
 -0.000419
  0.000249
  0.000036
  0.000329
  0.001372
  0.000313
 -0.000070
  0.000097
 -0.000040
  0.000211
 -0.001407
 -0.000170
  0.001229
  0.000404
 -0.000777
  0.000173
 -0.000249
 -0.000778
 -0.000354
 -0.000021
 -0.000176
  0.000822
  0.000729
 -0.000326
  0.000315
 -0.000750
 -0.000289
 -0.000000
 -0.000437
  0.000121
  0.000291
 -0.000089
 -0.000557
  0.000188
 -0.000547
 -0.000607
 -0.000286
  0.000346
  0.000772
 -0.000841
 -0.000597
 -0.000883
 -0.001279
  0.000498
 -0.000681
 -0.001140
 -0.000753
 -0.000290
 -0.000629
  0.000362
  0.000293
  0.001145
  0.000229
 -0.000583
  0.000368
 -0.000269
 -0.000130
 -0.000091
 -0.000187
 -0.000273
  0.000422
 -0.000468
 -0.000208
  0.000918
  0.000198
 -0.000024
 -0.000435
  0.000226
  0.000086
  0.000995
  0.001461
 -0.000135
  0.000267
 -0.000452
  0.001326
  0.000986
 -0.000314
  0.000190
  0.000078
  0.000229
  0.000566
 -0.000925
  0.000694
  0.000519
 -0.000314
  0.000913
  0.000336
 -0.000244
 -0.000626
 -0.000320
 -0.001671
 -0.001584
 -0.000081
  0.000249
 -0.000333
 -0.000497
 -0.000376
  0.000221
  0.000725
 -0.001448
  0.000292
  0.001405
 -0.000438
  0.000000
  0.001375
 -0.000221
 -0.000005
 -0.000833
 -0.000717
 -0.000666
 -0.000532
 -0.000648
 -0.000008
 -0.000124
  0.000459
 -0.000498
  0.000753
 -0.000333
  0.000393
 -0.000147
 -0.000091
 -0.000490
  0.000242
  0.000142
  0.000624
  0.000405
  0.001037
  0.000093
  0.000321
  0.000579
  0.000655
 -0.000227
  0.001246
 -0.001675
 -0.000139
 -0.000140
 -0.000094
  0.000411
 -0.000371
 -0.000569
  0.000472
  0.000037
  0.000355
  0.000076
 -0.000059
  0.000313
  0.000332
 -0.000945
 -0.000478
  0.000799
 -0.000273
  0.000442
 -0.000618
  0.000184
  0.000567
 -0.000235
 -0.000149
  0.000572
  0.000103
  0.000222
 -0.001052
 -0.000112
 -0.000189
 -0.000134
 -0.000446
 -0.000793
 -0.000009
  0.000764
  0.000272
  0.000247
  0.000652
  0.000184
 -0.000020
  0.000198
 -0.000261
 -0.000517
  0.000311
 -0.000005
  0.000282
  0.000083
 -0.000243
 -0.000445
  0.000588
  0.000144
 -0.000211
 -0.000392
 -0.000352
 -0.000195
  0.000288
  0.000243
  0.000321
 -0.000168
  0.000452
 -0.000508
 -0.000159
  0.001080
 -0.000404
 -0.000597
 -0.000989
 -0.000327
 -0.001162
 -0.000239
  0.000939
  0.000301
  0.000072
  0.000353
 -0.001254
 -0.000828
  0.000216
  0.000824
 -0.000137
 -0.000095
  0.000247
 -0.000737
 -0.000297
 -0.000178
  0.001010
  0.001454
 -0.000832
 -0.000295
 -0.000089
  0.000364
 -0.000057
 -0.000857
 -0.000470
  0.000084
 -0.000773
  0.000092
 -0.000096
 -0.000870
 -0.001018
 -0.000847
  0.000835
 -0.000335
 -0.000266
  0.000435
  0.000165
  0.000575
 -0.000334
 -0.001009
  0.000067
  0.000168
  0.000337
 -0.000344
 -0.000669
 -0.000259
  0.001318
 -0.000171
 -0.000124
 -0.000613
 -0.000414
  0.000186
 -0.000661
 -0.000390
  0.000072
 -0.000950
 -0.000726
 -0.000337
 -0.000049
  0.000114
 -0.000756
  0.000545
  0.000690
  0.000293
  0.000154
  0.000665
  0.000153
 -0.001318
 -0.000315
 -0.000046
 -0.000282
 -0.000408
 -0.000610
 -0.000402
  0.000099
 -0.000041
  0.000286
 -0.000874
 -0.000017
 -0.000264
  0.000089
  0.000445
 -0.000124
 -0.000689
 -0.000115
  0.000673
 -0.000384
 -0.000157
  0.001105
 -0.000860
  0.000220
  0.000432
  0.000428
  0.000338
 -0.000456
  0.000289
  0.000634
 -0.000281
  0.000090
 -0.000103
 -0.000193
 -0.000108
  0.000538
 -0.000239
  0.000221
 -0.000266
  0.000506
 -0.000173
  0.000323
 -0.000352
 -0.000010
 -0.000043
 -0.000135
  0.000267
 -0.000604
 -0.000497
  0.000726
  0.000322
 -0.000367
 -0.000405
  0.000487
 -0.000249
 -0.000660
 -0.000303
  0.000505
  0.000476
 -0.000741
 -0.000517
  0.000692
 -0.000768
  0.000161
  0.000690
 -0.000034
  0.000110
  0.000436
 -0.000134
 -0.000009
 -0.000029
  0.000996
 -0.000340
  0.000540
  0.000928
  0.000205
 -0.000250
  0.000016
  0.000793
 -0.000240
  0.000571
  0.000063
 -0.000297
 -0.000080
 -0.000410
  0.000008
  0.000049
 -0.000247
 -0.000119
 -0.000483
 -0.000395
  0.000131
 -0.000094
  0.000357
 -0.000283
 -0.000172
 -0.000568
  0.000351
  0.000082
 -0.000078
 -0.000079
  0.000779
  0.000107
 -0.000279
  0.001059
 -0.000520
 -0.000805
 -0.000283
  0.000081
 -0.000672
 -0.001498
  0.000090
  0.000055
  0.001475
  0.000245
 -0.000249
 -0.000307
  0.000006
 -0.000242
  0.000095
  0.000036
  0.000014
 -0.000243
  0.000243
  0.000290
  0.000351
  0.000224
  0.000065
  0.000403
 -0.000350
 -0.000029
 -0.000136
  0.000389
  0.000045
  0.000522
  0.000133
  0.000685
  0.000451
  0.000594
  0.000090
 -0.000564
  0.000429
 -0.000102
 -0.000059
  0.000006
  0.000405
 -0.000476
 -0.000059
 -0.000365
 -0.000410
  0.000377
  0.000347
 -0.000280
  0.000299
  0.000078
 -0.000234
 -0.000057
  0.000624
  0.000397
  0.000481
 -0.000352
  0.000152
 -0.000357
 -0.000928
  0.000005
 -0.000263
 -0.000420
  0.000181
  0.000121
 -0.000470
 -0.000628
 -0.000050
 -0.000227
  0.000830
  0.000000
  0.000153
 -0.000984
 -0.000400
 -0.000182
  0.000151
 -0.000285
  0.000289
  0.000471
 -0.000156
  0.000252
 -0.000232
  0.000096
  0.000082
 -0.000232
 -0.000249
  0.000141
  0.000252
 -0.000183
  0.000486
 -0.000089
 -0.000014
  0.000349
 -0.000096
  0.000016
  0.000088
 -0.000240
  0.000104
  0.000123
 -0.000292
 -0.000221
  0.000198
  0.000390
  0.000052
 -0.000036
  0.000066
 -0.000386
 -0.000065
 -0.000255
  0.000172
  0.000255
  0.000192
 -0.000399
 -0.000566
  0.000265
  0.000011
  0.000532
  0.000414
  0.000174
 -0.000036
 -0.000251
  0.000180
  0.000528
  0.000007
 -0.000197
  0.000077
  0.000284
  0.000786
 -0.000006
  0.000004
  0.000134
  0.000026
 -0.000193
  0.000035
 -0.000095
 -0.000004
 -0.000039
  0.000565
 -0.000015
 -0.000011
  0.000482
  0.000057
  0.000259
 -0.000062
  0.000256
 -0.000230
 -0.000807
 -0.000450
  0.000025
  0.000331
  0.000576
  0.000344
 -0.000119
 -0.000253
  0.000036
  0.000043
  0.000294
  0.000026
 -0.000159
  0.000048
 -0.000133
  0.000022
  0.000072
  0.000082
  0.000045
  0.000081
  0.000308
  0.000061
 -0.000158
 -0.000193
 -0.000051
 -0.000019
  0.000006
  0.000192
 -0.000148
 -0.000088
  0.000040
 -0.000060
 -0.000013
 -0.000230
  0.000265
 -0.000105
 -0.000295
  0.000096
 -0.000122
  0.000106
  0.000135
  0.000196
 -0.000141
  0.000033
 -0.000038
 -0.000123
  0.000328
  0.000144
  0.000202
  0.000413
 -0.000128
 -0.000067
 -0.000096
 -0.000039
  0.000349
 -0.000135
  0.000038
  0.000013
  0.000017
 -0.000017
  0.000013
 -0.000040
  0.000124
  0.000183
  0.000170
  0.000075
 -0.000510
  0.000018
 -0.000216
  0.000062
  0.000017
 -0.000037
  0.000046
  0.000201
