  0.153928
 -0.104463
  0.960799
 -0.053649
 -0.021157
 -0.028695
 -0.084004
 -0.016950
 -0.023544
 -0.012153
  0.070474
 -0.035751
 -0.020079
  0.003443
 -0.069840
  0.025937
  0.042628
 -0.029909
 -0.029246
 -0.071956
 -0.020172
  0.012943
 -0.004642
 -0.014972
 -0.007117
  0.011741
 -0.005663
 -0.018311
 -0.004650
 -0.018455
  0.021748
 -0.009034
 -0.009993
  0.007338
  0.000594
  0.018471
  0.009708
  0.019450
 -0.004354
  0.005328
 -0.000648
 -0.001190
  0.000635
 -0.020705
 -0.008909
 -0.012330
 -0.002060
  0.019855
  0.004773
  0.001644
  0.003680
 -0.008503
  0.000243
  0.002861
  0.011406
  0.006917
 -0.008717
  0.008150
  0.006638
  0.008121
 -0.017345
 -0.002070
 -0.001364
  0.017036
 -0.001277
  0.000042
  0.007139
 -0.015001
  0.007429
 -0.004137
  0.005404
  0.001845
  0.003006
  0.005350
  0.003601
 -0.000643
 -0.000901
  0.008486
  0.007568
  0.002291
 -0.007412
 -0.007672
  0.002743
  0.004569
 -0.005543
 -0.011882
  0.005586
  0.002635
 -0.003525
  0.002148
  0.005398
  0.008578
 -0.006357
  0.009309
 -0.004300
  0.003937
  0.009505
  0.000761
 -0.004777
 -0.001826
 -0.000408
  0.002024
 -0.001389
 -0.003769
 -0.000958
 -0.001518
  0.000101
 -0.002543
  0.003745
 -0.002779
  0.002570
  0.000523
 -0.001989
  0.002922
  0.005935
 -0.003933
  0.003713
 -0.002081
  0.001023
  0.000679
 -0.003005
 -0.005045
 -0.000773
  0.003309
  0.005841
 -0.001796
  0.005375
 -0.004633
  0.003310
  0.008607
  0.008455
 -0.003200
  0.006434
  0.004318
  0.002795
 -0.004373
 -0.004091
 -0.001615
 -0.001992
  0.002439
  0.007290
  0.000498
  0.003063
 -0.004122
 -0.004966
  0.005951
  0.001441
 -0.000769
 -0.001876
 -0.000949
  0.001452
  0.006131
 -0.002294
  0.001259
  0.000755
 -0.002667
  0.001140
  0.000893
  0.001544
  0.000923
 -0.000467
  0.001837
  0.000167
 -0.002403
 -0.002733
 -0.000800
  0.001829
 -0.001297
  0.001624
  0.002761
 -0.000572
 -0.001416
 -0.000383
  0.002151
 -0.001316
  0.000515
 -0.005600
  0.002877
 -0.004379
 -0.007705
  0.002266
  0.001826
 -0.000755
  0.001462
  0.000487
 -0.001596
  0.000921
  0.001261
  0.000376
  0.001487
 -0.000893
  0.004046
  0.003723
  0.002157
  0.002156
 -0.005100
  0.000063
  0.004091
 -0.007215
  0.008178
  0.000384
  0.000251
  0.002488
  0.001460
  0.000903
 -0.002562
 -0.004039
  0.000786
  0.002394
  0.000342
 -0.000207
  0.000304
  0.002795
 -0.000252
  0.003105
 -0.001036
 -0.000234
 -0.001650
  0.000042
 -0.000906
  0.002905
 -0.000727
  0.002818
  0.001888
 -0.002175
  0.001328
  0.000121
 -0.005881
 -0.001274
 -0.003338
  0.001679
  0.001305
  0.002723
 -0.002353
  0.001008
  0.001651
  0.000627
  0.002439
 -0.000307
  0.001976
  0.000694
 -0.000287
 -0.001248
  0.001487
 -0.000590
  0.003148
 -0.000413
  0.000725
  0.000839
 -0.000739
  0.001727
  0.000583
  0.000665
  0.001962
  0.002980
  0.000599
 -0.000804
 -0.001137
  0.000191
  0.002288
  0.003038
  0.000348
 -0.000666
  0.002504
  0.003830
 -0.000770
  0.001647
  0.000069
 -0.001007
 -0.001656
 -0.000262
  0.000592
  0.001236
 -0.001128
 -0.000929
 -0.001646
  0.001653
  0.001019
  0.001241
 -0.006115
  0.004524
 -0.001348
  0.001515
 -0.000278
  0.000869
  0.001139
  0.000136
 -0.002518
  0.000242
 -0.000424
 -0.000613
  0.000968
  0.000472
  0.001995
 -0.000584
  0.003124
  0.000863
 -0.004280
  0.002487
  0.000119
  0.001553
  0.000588
 -0.001160
  0.000309
 -0.002464
 -0.001291
 -0.001474
  0.000406
  0.000719
  0.001010
 -0.001104
 -0.000260
  0.001017
 -0.000289
 -0.001807
 -0.001998
  0.002665
 -0.002038
 -0.001794
  0.000586
  0.000223
 -0.001730
  0.002454
  0.002790
 -0.004349
  0.001663
  0.000794
 -0.002510
 -0.001491
 -0.000895
  0.002487
  0.000436
 -0.001183
 -0.000211
  0.000178
  0.002018
  0.001541
  0.002485
  0.003780
  0.002645
 -0.002758
 -0.000642
 -0.002157
  0.000292
 -0.001470
 -0.003318
  0.001314
 -0.000489
 -0.000496
 -0.001462
 -0.001047
  0.000233
 -0.000335
 -0.001945
  0.000322
  0.000877
  0.001473
 -0.002712
 -0.001097
 -0.000982
 -0.000827
 -0.001215
 -0.000283
 -0.000495
  0.001840
  0.001205
 -0.000919
 -0.002482
 -0.000957
 -0.004321
  0.000041
 -0.001451
  0.000520
 -0.000140
 -0.000620
 -0.001918
 -0.000564
  0.002904
 -0.000745
 -0.000669
 -0.000070
  0.000981
  0.000031
  0.002336
  0.003078
  0.001178
 -0.001284
 -0.000932
  0.003990
 -0.000634
  0.001941
  0.000353
 -0.002691
 -0.000016
 -0.001637
  0.000504
 -0.000751
 -0.000934
 -0.000846
 -0.003457
  0.001141
 -0.001173
  0.002149
  0.001401
 -0.000492
 -0.000107
 -0.001531
 -0.000214
  0.000239
 -0.000347
 -0.000288
  0.000218
  0.001021
 -0.000551
 -0.000664
  0.000469
 -0.000905
 -0.000480
  0.000676
  0.003778
  0.001082
  0.002858
  0.001186
  0.000036
  0.000274
 -0.000219
  0.003586
 -0.000072
  0.001640
 -0.002785
  0.002178
  0.000024
 -0.000345
 -0.000483
 -0.000914
 -0.000391
  0.000196
  0.002512
  0.001699
 -0.000948
  0.001322
 -0.000672
 -0.002403
  0.001579
  0.000449
  0.000009
 -0.001798
 -0.003106
  0.001510
 -0.002777
  0.001592
  0.000658
  0.000350
  0.001493
 -0.000211
 -0.000314
 -0.001328
  0.001084
 -0.000513
 -0.002110
  0.001229
 -0.000254
 -0.000819
  0.001820
 -0.002264
  0.000200
 -0.000999
  0.001261
 -0.000132
  0.002243
 -0.001442
 -0.000107
  0.001533
 -0.003120
 -0.000254
  0.002366
 -0.000244
  0.001454
 -0.000974
  0.000281
 -0.000164
 -0.000321
  0.001091
 -0.000823
  0.000658
  0.001013
  0.001809
  0.001915
 -0.000327
  0.001715
 -0.001466
  0.001571
  0.001242
 -0.000845
  0.000196
  0.000248
 -0.001708
 -0.001499
 -0.000752
  0.000568
 -0.001099
 -0.003089
  0.000946
 -0.000479
  0.000228
  0.000632
 -0.000481
 -0.000832
  0.002696
  0.000699
  0.000451
 -0.001137
  0.001748
 -0.000739
  0.001347
 -0.003140
 -0.000951
  0.000188
  0.001449
  0.000593
 -0.000393
  0.000473
  0.001544
 -0.000510
  0.000392
  0.001257
 -0.000133
 -0.000268
 -0.000276
  0.001378
  0.000131
 -0.000892
  0.000842
 -0.000487
 -0.000964
 -0.000107
  0.000282
 -0.000554
 -0.000690
 -0.002038
 -0.000016
  0.000150
 -0.000387
 -0.001798
 -0.000379
  0.000225
 -0.000616
  0.000216
 -0.001461
  0.000402
  0.000178
  0.000166
  0.001390
  0.001849
 -0.000041
  0.001055
  0.000325
 -0.001669
 -0.000274
 -0.000251
  0.000703
  0.001380
  0.001259
 -0.000337
  0.000386
 -0.001526
  0.000761
 -0.000447
  0.003104
  0.000343
 -0.000458
 -0.000640
 -0.001347
 -0.000171
 -0.000396
  0.001516
 -0.000535
 -0.002458
  0.000892
 -0.000632
 -0.000205
  0.000241
 -0.000460
  0.000299
  0.000396
  0.002139
  0.000763
  0.000965
 -0.000690
  0.000705
  0.001162
 -0.000042
 -0.000029
 -0.000559
  0.001393
  0.000005
 -0.001138
 -0.000840
  0.001233
 -0.000826
  0.001030
  0.001930
 -0.001242
 -0.000418
 -0.000777
 -0.001054
  0.001368
 -0.001147
 -0.000565
  0.000539
 -0.001326
 -0.000044
 -0.000286
  0.000441
 -0.000592
 -0.001348
 -0.000747
  0.001038
 -0.000199
 -0.000260
  0.000347
 -0.001084
 -0.000576
  0.000049
  0.000620
 -0.001332
 -0.000821
  0.000084
 -0.000141
 -0.000668
 -0.000303
 -0.000472
 -0.000869
 -0.000607
  0.000769
  0.000546
 -0.000211
 -0.001489
 -0.000920
 -0.000109
 -0.001415
 -0.000170
  0.000370
 -0.000744
  0.000541
  0.001166
 -0.000906
 -0.001871
  0.000212
  0.000823
 -0.000114
 -0.000058
 -0.000959
  0.000315
  0.001436
 -0.000689
  0.002564
 -0.000368
 -0.001365
  0.000306
  0.000448
 -0.000289
 -0.000382
 -0.000739
 -0.000967
 -0.001041
 -0.000476
 -0.000653
  0.000878
 -0.000615
  0.001455
 -0.000920
  0.000980
  0.000642
 -0.001179
  0.001360
 -0.001099
 -0.000133
 -0.000589
 -0.000417
  0.000982
  0.000819
  0.001403
  0.001630
  0.000684
 -0.000177
 -0.000142
  0.000296
  0.000474
  0.000543
  0.000363
  0.000203
 -0.000105
 -0.001693
 -0.000815
 -0.000488
  0.000431
  0.000681
 -0.000608
 -0.000503
 -0.001452
 -0.001422
 -0.000038
  0.000379
  0.000668
 -0.000990
 -0.000385
  0.000097
  0.000535
  0.001073
  0.000494
 -0.000588
  0.000758
 -0.001389
  0.000300
  0.000506
  0.000551
 -0.000454
 -0.000103
  0.000488
 -0.000044
  0.001301
 -0.001181
 -0.000130
  0.001006
  0.000412
 -0.000593
 -0.000249
  0.001824
 -0.000428
 -0.000737
  0.000647
  0.000038
  0.000377
  0.000800
 -0.000517
 -0.000460
 -0.000155
 -0.000803
  0.000655
  0.001742
 -0.001759
 -0.000299
 -0.000095
  0.000131
  0.000853
  0.000129
 -0.000497
 -0.000298
  0.000531
 -0.000254
  0.000489
 -0.000140
  0.000915
 -0.000653
 -0.000188
 -0.000865
  0.000469
  0.000178
 -0.001002
 -0.000062
 -0.000350
 -0.000396
  0.000294
 -0.000126
  0.000134
 -0.000450
  0.000505
  0.000203
 -0.002093
  0.001731
 -0.000288
 -0.000171
  0.000163
 -0.000034
  0.000588
  0.000704
  0.000138
 -0.000279
 -0.000470
 -0.000739
  0.001672
  0.002547
  0.000330
  0.000238
  0.000957
 -0.000508
  0.000266
 -0.000188
 -0.003685
  0.000668
  0.001260
  0.000401
  0.000112
 -0.000731
  0.001206
  0.000263
  0.000412
  0.000890
 -0.000998
 -0.000524
  0.000678
 -0.000114
  0.000443
 -0.000358
 -0.000199
  0.000254
  0.000526
 -0.000567
  0.000177
 -0.000679
 -0.000490
 -0.000037
 -0.000254
  0.000879
 -0.000119
 -0.000171
  0.000519
  0.000257
 -0.000548
 -0.000037
 -0.000099
  0.000109
 -0.000283
  0.000251
