  0.812791
  0.558355
 -0.117873
 -0.013560
 -0.081692
 -0.015980
  0.019607
  0.023973
  0.024476
  0.040418
  0.009145
  0.002186
  0.018798
 -0.006882
 -0.004349
  0.002176
 -0.004336
  0.010099
 -0.004579
 -0.014258
  0.001375
 -0.015522
 -0.003103
  0.003422
 -0.009084
  0.002112
  0.004601
  0.000086
 -0.001891
 -0.003798
 -0.007689
 -0.014326
 -0.006760
 -0.004496
  0.009707
 -0.008908
 -0.002663
 -0.000285
  0.003093
 -0.009798
  0.005485
  0.000721
 -0.008281
 -0.005909
  0.000598
  0.003262
  0.001237
  0.013019
 -0.000167
 -0.010910
  0.009341
 -0.001087
 -0.002581
  0.000473
  0.000747
 -0.001448
 -0.006255
  0.001665
  0.003489
 -0.001261
  0.000792
  0.002201
 -0.003387
 -0.000041
 -0.001409
 -0.001945
 -0.001117
 -0.000293
 -0.008804
 -0.004671
  0.000968
  0.010825
  0.007008
  0.006536
  0.003253
 -0.001382
  0.003912
 -0.004464
 -0.002331
  0.006981
 -0.000679
 -0.000403
  0.000503
  0.001880
 -0.000569
  0.000051
 -0.000122
  0.000045
 -0.001486
  0.000041
 -0.000210
  0.001100
  0.003495
  0.002187
 -0.000325
  0.002011
  0.002310
  0.000428
  0.003006
 -0.002794
 -0.002275
  0.000649
 -0.000540
 -0.003043
 -0.003818
 -0.004211
 -0.001467
 -0.003604
 -0.002068
 -0.001937
  0.001716
 -0.001851
 -0.001429
 -0.000654
  0.005529
  0.000016
 -0.000009
 -0.003448
 -0.000867
  0.004349
  0.001199
  0.001487
 -0.001658
 -0.000700
 -0.002177
  0.002414
  0.001048
 -0.001277
 -0.001336
 -0.000117
  0.000340
  0.001840
  0.001404
 -0.001093
 -0.000950
  0.001582
  0.001156
 -0.002529
 -0.000423
  0.002704
  0.000980
 -0.000943
  0.000238
 -0.000409
 -0.000334
  0.000071
 -0.000601
  0.001072
  0.001015
 -0.001530
  0.000216
 -0.001199
 -0.001701
  0.001840
 -0.000445
  0.000241
 -0.002068
 -0.000661
 -0.000308
 -0.000683
  0.002511
 -0.002421
 -0.001091
  0.000109
  0.002446
 -0.000390
 -0.001337
  0.001951
 -0.003616
 -0.000620
  0.000187
  0.000045
 -0.001670
 -0.000337
 -0.000415
  0.001261
 -0.001653
  0.000558
 -0.001299
  0.000027
 -0.001484
  0.000983
 -0.000244
  0.000156
 -0.000597
  0.001613
 -0.001515
 -0.000381
  0.000242
  0.000099
  0.000072
  0.000638
 -0.003276
  0.000973
 -0.000188
 -0.001200
 -0.001247
 -0.000171
 -0.000861
  0.001085
 -0.000935
 -0.001079
 -0.001248
  0.003070
 -0.001029
 -0.001117
 -0.000125
  0.000478
 -0.002299
 -0.002322
 -0.001825
 -0.001043
 -0.001329
  0.000584
 -0.001834
 -0.000187
  0.002058
  0.001052
 -0.000313
  0.000535
  0.001470
 -0.000407
 -0.001676
 -0.002413
 -0.001133
 -0.000003
 -0.000781
 -0.001238
  0.000116
 -0.001915
  0.000193
  0.001288
  0.000311
 -0.000603
  0.000828
 -0.000281
 -0.000409
 -0.000021
 -0.000834
 -0.000246
 -0.000612
  0.000661
 -0.002908
 -0.000740
  0.000974
 -0.000043
  0.001273
  0.001139
 -0.000009
  0.000376
 -0.000730
 -0.001547
  0.001695
 -0.000223
  0.001260
  0.000334
  0.002262
  0.002028
 -0.000494
  0.002417
  0.000181
  0.000412
  0.000298
 -0.000011
  0.000440
  0.001044
  0.000128
  0.000089
  0.001103
  0.000583
 -0.000380
 -0.000950
  0.000203
  0.000034
  0.000030
  0.000606
  0.001209
 -0.001035
 -0.000741
  0.000432
 -0.000509
 -0.000150
 -0.001024
  0.000602
 -0.000214
  0.000783
 -0.000839
 -0.000297
 -0.000587
  0.000460
  0.001595
 -0.000092
  0.001252
  0.001153
 -0.000904
 -0.000041
  0.001296
 -0.000437
  0.000263
 -0.000069
  0.000862
 -0.000638
  0.000555
  0.000648
 -0.001342
  0.000133
 -0.000816
 -0.000103
  0.000400
 -0.000107
 -0.000918
 -0.000885
 -0.001367
 -0.000322
  0.000097
 -0.000996
  0.000292
 -0.000286
  0.000214
  0.000782
 -0.001326
 -0.000271
 -0.000053
 -0.001028
 -0.000088
 -0.000228
 -0.000924
  0.001112
  0.000772
 -0.000489
 -0.001863
  0.001324
  0.000727
  0.000063
 -0.000362
  0.000281
  0.000102
  0.000167
  0.000414
  0.000606
 -0.000236
 -0.000536
  0.000281
  0.000312
  0.000413
  0.000341
 -0.000351
 -0.000451
  0.000913
  0.000615
 -0.000856
 -0.000292
 -0.000218
  0.000551
 -0.000106
 -0.000183
  0.000450
  0.000309
  0.000360
  0.000835
  0.000090
  0.000311
  0.001093
 -0.000021
  0.000485
  0.000087
  0.000868
  0.000106
 -0.000761
  0.000211
 -0.000077
  0.000154
 -0.000432
 -0.000161
 -0.000405
  0.000172
 -0.000159
  0.000253
 -0.000354
 -0.000036
  0.000625
  0.000034
  0.000319
  0.000165
 -0.000063
  0.000040
 -0.000022
  0.000688
 -0.000204
  0.000158
 -0.000173
 -0.000358
 -0.000250
  0.000463
 -0.000724
  0.000239
 -0.000131
  0.000332
 -0.000308
 -0.000470
 -0.000060
 -0.000028
 -0.000284
  0.000531
  0.000786
 -0.000152
  0.000181
  0.000041
  0.000111
 -0.000466
  0.000074
  0.000224
  0.000242
 -0.000483
  0.000088
 -0.000152
 -0.000253
 -0.000455
  0.000106
  0.000080
  0.000122
 -0.000104
 -0.000069
 -0.000140
 -0.000105
 -0.000230
 -0.000184
 -0.000995
 -0.000398
  0.000254
 -0.000409
 -0.000515
 -0.000121
 -0.000096
  0.000044
  0.000178
  0.000863
 -0.000294
  0.000860
  0.000018
 -0.000113
  0.000252
  0.000127
 -0.000005
  0.000235
 -0.000342
  0.000336
  0.000013
 -0.000066
  0.000248
 -0.000785
 -0.000251
  0.000047
  0.000068
  0.000034
  0.000096
 -0.000082
  0.000102
  0.000498
  0.000417
  0.000390
  0.000468
 -0.000803
 -0.000117
 -0.000225
 -0.000171
 -0.000060
 -0.000060
 -0.000084
  0.000290
  0.000074
 -0.000102
 -0.000387
 -0.000335
 -0.000029
  0.000082
 -0.000018
 -0.000140
  0.000214
  0.000116
 -0.000520
 -0.000114
 -0.000181
  0.000299
 -0.000225
 -0.000057
 -0.000632
 -0.000237
  0.000099
 -0.000009
 -0.000288
  0.000112
  0.000204
  0.000162
 -0.000068
 -0.000007
  0.000330
 -0.000245
 -0.000438
 -0.000081
  0.000377
 -0.000229
 -0.000347
  0.000500
  0.000192
 -0.000191
  0.000367
  0.000294
 -0.000129
 -0.000210
  0.000066
  0.000310
 -0.000263
  0.000419
  0.000392
  0.000361
 -0.000388
 -0.000067
 -0.000095
  0.000194
  0.000008
  0.000135
  0.000060
 -0.000217
  0.000682
  0.000207
  0.000186
 -0.000208
 -0.000334
 -0.000831
 -0.000208
 -0.000069
 -0.000086
 -0.000042
  0.000160
  0.000066
  0.000287
 -0.000085
  0.000178
 -0.000928
  0.000837
 -0.000375
  0.000169
 -0.000446
 -0.000102
 -0.000543
 -0.001539
  0.000079
 -0.000167
  0.000018
 -0.000023
  0.000385
 -0.000204
  0.000184
  0.000121
  0.000444
 -0.000616
 -0.000173
 -0.000009
  0.000105
 -0.000071
 -0.000157
 -0.000155
 -0.000019
 -0.000553
  0.000178
 -0.000071
  0.000257
  0.000163
 -0.000075
 -0.000318
 -0.000121
 -0.000205
 -0.000283
  0.000106
 -0.000045
 -0.000244
 -0.000086
 -0.000199
  0.000447
 -0.000149
  0.000172
  0.000405
 -0.000038
  0.000135
 -0.000584
  0.000180
  0.000242
 -0.000323
  0.000820
 -0.000462
 -0.000655
  0.000023
 -0.000208
  0.000218
  0.000034
 -0.001184
  0.000441
 -0.000178
  0.000414
 -0.000249
 -0.000543
 -0.000360
  0.000440
 -0.000335
  0.000154
  0.000126
 -0.000435
  0.000084
 -0.000085
 -0.000016
  0.000003
  0.000104
  0.000048
 -0.000218
 -0.000323
  0.000158
 -0.000241
  0.000222
 -0.000035
  0.000107
 -0.000190
 -0.000179
 -0.000039
  0.000184
 -0.000107
  0.000136
  0.000125
  0.000430
  0.000105
  0.000058
 -0.000536
  0.000366
  0.000550
  0.000011
 -0.000059
 -0.000070
  0.000269
  0.000237
  0.000362
  0.000431
 -0.000343
 -0.000345
 -0.000064
 -0.000383
  0.000438
 -0.000550
  0.000288
 -0.000274
  0.000080
  0.000126
  0.000264
 -0.000079
 -0.000082
 -0.000071
  0.000265
  0.000076
 -0.000079
 -0.000043
  0.000524
  0.000105
 -0.000003
  0.000212
  0.000065
  0.000501
 -0.000177
 -0.000107
  0.000166
 -0.000210
 -0.000136
  0.000560
  0.000160
 -0.000139
  0.000166
  0.000237
  0.000373
 -0.000270
 -0.000096
  0.000026
  0.000339
 -0.000030
  0.000067
 -0.000226
  0.000034
  0.000115
  0.000124
  0.000118
  0.000109
  0.000189
 -0.000131
  0.000293
  0.000114
  0.000060
  0.000120
 -0.000149
 -0.000150
 -0.000269
 -0.000193
  0.000231
  0.000031
  0.000314
 -0.000696
 -0.000035
 -0.000140
  0.000295
  0.000274
  0.000070
 -0.000117
  0.000172
  0.000011
  0.000048
  0.000310
 -0.000251
 -0.000012
  0.000206
 -0.000015
  0.000097
  0.000156
  0.000469
  0.000154
 -0.000763
 -0.000168
  0.000223
  0.000667
  0.000247
 -0.000145
  0.000186
  0.000150
  0.000134
  0.000120
 -0.000279
 -0.000179
  0.000064
  0.000016
  0.000045
 -0.000005
 -0.000052
 -0.000007
  0.000004
 -0.000076
 -0.000178
  0.000023
  0.000180
 -0.000046
  0.000199
  0.000078
 -0.000214
 -0.000204
  0.000197
  0.000306
 -0.000055
 -0.000302
 -0.000070
 -0.000026
 -0.000245
  0.000225
  0.000005
  0.000028
 -0.000044
  0.000072
 -0.000009
  0.000012
 -0.000095
 -0.000140
  0.000009
  0.000117
  0.000046
  0.000085
  0.000002
 -0.000160
  0.000216
  0.000062
 -0.000247
  0.000076
 -0.000238
 -0.000047
  0.000011
 -0.000060
 -0.000296
  0.000065
 -0.000211
  0.000261
  0.000239
 -0.000030
  0.000005
 -0.000057
 -0.000385
 -0.000231
 -0.000155
 -0.000103
  0.000229
  0.000383
 -0.000191
  0.000252
 -0.000097
 -0.000186
 -0.000133
 -0.000130
 -0.000257
  0.000025
 -0.000015
 -0.000298
  0.000018
 -0.000041
 -0.000100
  0.000011
 -0.000052
 -0.000121
 -0.000030
  0.000004
 -0.000211
 -0.000010
 -0.000070
  0.000092
 -0.000009
  0.000034
  0.000019
 -0.000066
  0.000031
 -0.000066
  0.000037
 -0.000015
 -0.000012
  0.000017
  0.000011
