  0.845076
  0.506590
 -0.091675
 -0.013309
  0.004069
 -0.019085
 -0.046834
 -0.000827
  0.057890
 -0.018414
  0.025172
 -0.019016
  0.003979
  0.030929
 -0.016848
  0.049191
 -0.004999
 -0.034847
 -0.029964
  0.027742
  0.006681
  0.024069
  0.019118
 -0.011715
  0.007623
  0.002595
  0.008546
 -0.032977
 -0.018468
 -0.005859
  0.014688
  0.002176
  0.017509
 -0.015351
  0.005100
  0.018367
  0.001342
  0.015879
  0.007933
  0.006121
 -0.002275
  0.010177
  0.003134
  0.006252
 -0.003425
 -0.004172
  0.004457
  0.002489
 -0.001938
  0.003314
  0.009026
 -0.002159
 -0.008011
 -0.001503
 -0.001807
  0.010001
  0.002269
  0.001037
  0.003208
  0.003306
 -0.004881
 -0.001141
  0.004088
  0.010143
 -0.002929
  0.003357
  0.000410
 -0.001691
 -0.000505
 -0.001637
  0.007593
 -0.005327
  0.003256
 -0.002818
 -0.004652
 -0.004215
  0.002892
 -0.005833
 -0.000739
 -0.001894
 -0.011055
  0.003200
 -0.001129
 -0.007906
 -0.006153
 -0.006940
  0.000763
 -0.003606
  0.000166
  0.001715
  0.004588
 -0.000271
 -0.000725
  0.001463
 -0.000370
 -0.001773
  0.002134
 -0.003963
 -0.008779
 -0.006466
  0.006695
 -0.005168
 -0.002036
 -0.002527
 -0.000624
 -0.005116
 -0.001148
 -0.002715
  0.003828
  0.000778
 -0.003264
  0.000671
  0.001555
  0.011389
  0.004768
  0.001363
  0.001190
  0.000509
  0.006482
  0.002356
 -0.000231
 -0.002870
 -0.001413
 -0.003269
 -0.002634
  0.001927
  0.007208
  0.004274
 -0.001814
  0.002986
 -0.003524
  0.003149
  0.000372
  0.000532
  0.005285
  0.001132
  0.001893
 -0.001307
 -0.000506
 -0.000709
  0.000297
 -0.001860
 -0.000264
  0.001239
 -0.001016
 -0.001801
 -0.000125
  0.001737
 -0.000870
 -0.005348
  0.000105
  0.000661
  0.000211
  0.001934
 -0.001036
  0.002065
  0.000294
  0.001641
  0.002543
 -0.001698
 -0.001475
  0.001948
  0.000627
  0.000895
 -0.002084
 -0.000218
 -0.001861
 -0.000764
  0.002746
  0.000515
 -0.000517
 -0.000162
 -0.000743
 -0.001355
 -0.001059
  0.002610
  0.001203
  0.003472
  0.000770
  0.001115
  0.000449
  0.000992
  0.001863
  0.001198
 -0.001039
 -0.000016
 -0.001516
 -0.001654
  0.000595
 -0.000034
  0.001651
 -0.003350
  0.001474
  0.003516
 -0.002820
 -0.000494
  0.000697
 -0.002115
  0.003449
 -0.003807
 -0.000681
  0.000148
  0.000453
  0.001877
 -0.001939
  0.001165
  0.004669
  0.000059
 -0.001755
 -0.000452
  0.000159
 -0.001344
  0.000615
 -0.001318
 -0.003976
  0.001004
  0.001027
  0.000822
 -0.001045
 -0.000760
 -0.002337
  0.000635
 -0.001702
  0.003315
  0.002746
  0.000516
  0.000271
 -0.000592
 -0.000501
  0.000574
 -0.000833
 -0.000629
  0.000392
 -0.000197
 -0.000498
  0.002258
 -0.000840
  0.001016
  0.001107
  0.000061
  0.001708
 -0.002506
 -0.000413
 -0.000522
  0.000860
  0.000903
  0.000301
 -0.000559
 -0.000917
 -0.001650
 -0.000366
 -0.004058
 -0.000314
 -0.000865
 -0.000886
 -0.001263
  0.000210
  0.000119
  0.000119
 -0.001104
  0.000215
  0.000195
 -0.000255
 -0.001903
  0.001331
  0.000302
 -0.000081
  0.000221
  0.000476
  0.000027
  0.000485
 -0.000272
 -0.000386
 -0.000196
 -0.000124
  0.000056
 -0.000088
 -0.000567
 -0.001265
  0.001344
 -0.001025
  0.000316
  0.000508
  0.001244
  0.000056
  0.000675
 -0.001086
 -0.001676
 -0.000538
  0.002850
 -0.000027
  0.001195
  0.000755
  0.000150
  0.002982
 -0.000324
  0.000915
 -0.001745
  0.000461
 -0.001222
 -0.000001
 -0.001532
  0.000092
  0.000960
 -0.001224
  0.001418
  0.000203
  0.001280
  0.000957
 -0.000988
 -0.001128
 -0.000720
  0.000273
  0.000825
 -0.000114
  0.000770
  0.000484
 -0.002226
  0.001867
 -0.001799
  0.000945
  0.000342
  0.001182
  0.005125
 -0.002618
  0.000403
  0.003061
 -0.000048
  0.004134
  0.000229
 -0.000609
  0.002523
 -0.002667
  0.002862
 -0.001089
  0.001909
 -0.000471
  0.000847
  0.000232
  0.000380
 -0.004544
 -0.001110
 -0.002595
  0.000311
 -0.000947
 -0.001604
  0.000366
 -0.000336
 -0.000026
 -0.000071
 -0.000570
  0.001146
  0.001463
  0.002987
 -0.000127
 -0.000574
  0.001576
  0.002061
 -0.000459
  0.000686
 -0.000644
 -0.000412
  0.000128
 -0.000408
  0.001085
  0.000236
 -0.000439
  0.000543
 -0.002375
 -0.001132
  0.001162
 -0.000277
  0.000429
 -0.000352
 -0.001832
 -0.001214
 -0.000500
  0.001805
 -0.000298
 -0.000532
 -0.001140
 -0.000213
  0.000395
  0.000866
  0.000073
 -0.000127
  0.000436
  0.000871
  0.000994
 -0.000890
 -0.001045
 -0.000116
 -0.000708
  0.000416
  0.000239
 -0.000065
 -0.001128
 -0.000182
  0.000683
 -0.001382
 -0.001002
  0.000740
  0.000765
 -0.001446
 -0.000695
  0.000188
  0.001466
 -0.000382
 -0.000455
  0.002883
 -0.000057
  0.000177
 -0.000261
 -0.000167
  0.000015
 -0.000302
 -0.000109
  0.000614
  0.000734
  0.001566
 -0.000388
  0.000043
 -0.000791
  0.000102
 -0.000294
  0.000789
  0.000531
  0.000772
 -0.000939
  0.001201
  0.000771
  0.000618
 -0.000815
 -0.000189
 -0.000964
  0.000266
  0.000429
  0.000184
  0.000551
  0.000191
  0.000726
  0.000374
 -0.000058
 -0.001130
  0.000308
 -0.000106
  0.000035
  0.001220
  0.000358
  0.000286
 -0.000676
 -0.000802
 -0.000201
  0.000423
  0.000639
 -0.000537
 -0.000068
  0.000359
 -0.001254
  0.001098
 -0.000367
  0.000161
  0.000837
 -0.000661
 -0.000583
  0.000738
  0.000722
  0.000360
 -0.000371
 -0.000277
 -0.000037
  0.000269
  0.000871
  0.000314
 -0.000918
  0.000576
 -0.000120
  0.000092
  0.000506
 -0.000197
 -0.001069
 -0.000434
  0.000613
  0.000601
 -0.001159
  0.001295
  0.000720
  0.001455
 -0.000715
  0.001473
  0.001819
  0.001004
  0.000834
 -0.000734
 -0.000390
 -0.000370
  0.000521
 -0.000920
  0.000215
 -0.000039
  0.000454
 -0.000536
 -0.001282
 -0.000658
 -0.000853
  0.000679
  0.000446
 -0.000006
  0.000454
  0.000232
 -0.000003
 -0.000718
 -0.000556
  0.000670
  0.000087
 -0.001226
 -0.000535
 -0.000414
 -0.000684
  0.000257
 -0.000052
 -0.001160
  0.000844
  0.000748
 -0.000249
 -0.000642
  0.000350
 -0.000407
 -0.000113
  0.001400
 -0.000189
  0.000087
 -0.000774
  0.000327
  0.001079
 -0.000409
  0.000219
 -0.000116
 -0.000037
 -0.000601
 -0.000100
 -0.000114
 -0.000207
  0.000739
 -0.000098
 -0.000074
  0.000071
 -0.000466
 -0.000045
  0.000493
  0.000101
  0.000401
 -0.000812
 -0.000087
 -0.000112
 -0.000244
 -0.000683
 -0.001081
 -0.000059
  0.000321
  0.001866
  0.000804
  0.000213
 -0.001250
 -0.000396
 -0.000001
  0.000622
 -0.000041
  0.001606
  0.000656
  0.000287
 -0.000621
  0.000292
  0.000440
  0.000356
 -0.000567
  0.000569
 -0.000015
  0.000966
  0.000131
 -0.000302
  0.000048
 -0.000327
  0.000816
  0.000306
 -0.000091
  0.000103
  0.000187
  0.000368
  0.000891
  0.000284
 -0.000194
 -0.000297
 -0.000603
 -0.001385
 -0.000699
 -0.000397
  0.000067
 -0.000608
  0.000084
 -0.000108
  0.000270
 -0.000121
 -0.000343
  0.001433
 -0.000638
  0.000063
  0.000089
 -0.000550
  0.000645
  0.000721
 -0.000144
  0.000016
  0.000195
 -0.000242
  0.000439
  0.000633
 -0.000410
  0.000706
  0.000711
 -0.000384
 -0.000055
  0.000376
 -0.000604
  0.000560
  0.000454
  0.000359
  0.000181
  0.000367
  0.000505
  0.000030
 -0.000169
  0.000434
 -0.000532
  0.000127
  0.000181
  0.000148
 -0.000142
  0.000791
 -0.000207
  0.000076
  0.000159
  0.000195
 -0.000180
 -0.000498
 -0.000024
 -0.000315
 -0.000100
 -0.000526
  0.000894
 -0.000125
  0.000399
 -0.000064
  0.000199
  0.001279
  0.000227
  0.000236
 -0.001513
  0.000350
  0.000219
 -0.000898
 -0.000576
  0.001229
 -0.000167
  0.000279
  0.000761
 -0.000331
  0.000534
 -0.000638
  0.000138
  0.000269
  0.000654
 -0.000558
 -0.000099
  0.000263
  0.000143
  0.000228
  0.000063
  0.000343
 -0.000490
 -0.000454
  0.000300
  0.000210
 -0.001133
 -0.000305
  0.000079
  0.000320
 -0.000067
 -0.000472
  0.000225
 -0.000234
  0.000456
 -0.000278
 -0.000701
  0.001738
  0.000294
 -0.000268
 -0.000405
 -0.001145
 -0.000775
 -0.000328
  0.000617
  0.000350
 -0.000244
  0.001086
 -0.000577
 -0.000653
  0.000009
 -0.000610
 -0.000031
  0.000099
  0.000510
 -0.000536
 -0.000369
 -0.000282
 -0.000083
  0.000744
 -0.000577
 -0.000283
 -0.000083
 -0.000328
 -0.000080
  0.000286
 -0.000380
  0.000145
  0.000167
  0.000012
  0.000644
 -0.000681
 -0.000254
 -0.000190
  0.000108
 -0.000645
 -0.000698
 -0.000734
  0.000546
  0.001695
 -0.000006
  0.000125
  0.000014
  0.000412
 -0.000305
  0.000629
  0.000051
 -0.000098
  0.000253
 -0.000352
 -0.000253
 -0.000659
 -0.000045
  0.000998
 -0.000163
 -0.000274
 -0.000116
  0.000352
  0.000275
 -0.000155
  0.000124
  0.000329
  0.000422
  0.000390
 -0.000160
 -0.000665
 -0.000437
  0.000707
 -0.000022
  0.000371
  0.001089
  0.000573
 -0.000709
 -0.000121
  0.000461
  0.000624
 -0.000048
  0.000570
 -0.000172
 -0.000067
  0.000139
 -0.000771
 -0.000049
  0.000418
 -0.000141
 -0.000298
 -0.000712
  0.000061
 -0.000186
 -0.000476
 -0.000411
  0.000640
  0.001326
  0.000233
  0.000148
  0.000401
 -0.000088
  0.000603
  0.000951
  0.000422
 -0.000292
  0.000373
  0.000402
  0.001106
 -0.000753
 -0.000231
 -0.000593
  0.000829
 -0.000201
 -0.000717
 -0.000086
 -0.000658
 -0.000004
 -0.000359
 -0.000364
  0.000172
  0.000076
 -0.000338
 -0.000355
  0.000019
 -0.000198
 -0.000480
  0.000277
 -0.000293
 -0.000812
 -0.000087
 -0.000355
  0.000614
