  1    0.165569
  2    0.060927
  3    0.068740
  4    0.027962
  5    0.015109
  6    0.029902
  7    0.011922
  8    0.019478
  9    0.011712
 10    0.010309
 11    0.003599
 12    0.003601
 13    0.008810
 14    0.001801
 15    0.012316
 16    0.004376
 17    0.006966
 18    0.002276
 19    0.005714
 20    0.005264
 21    0.001459
 22    0.006045
 23    0.003637
 24    0.004644
 25    0.005468
 26    0.004690
 27    0.003278
 28    0.004330
 29    0.003126
 30    0.004282
 31    0.004261
 32    0.004692
 33    0.003430
 34    0.001981
 35    0.003786
 36    0.003409
 37    0.005158
 38    0.004252
 39    0.002872
 40    0.002778
 41    0.003693
 42    0.003120
 43    0.003676
 44    0.002318
 45    0.003679
 46    0.003731
 47    0.004468
 48    0.002294
 49    0.003149
 50    0.003247
 51    0.002367
 52    0.002900
 53    0.002804
 54    0.001460
 55    0.003622
 56    0.001339
 57    0.001705
 58    0.001098
 59    0.002489
 60    0.003365
 61    0.002577
 62    0.000978
 63    0.002246
 64    0.000491
 65    0.000976
 66    0.001116
 67    0.001786
 68    0.000906
 69    0.000929
 70    0.001899
 71    0.004616
 72    0.001635
 73    0.000994
 74    0.001586
 75    0.001395
 76    0.001133
 77    0.001055
 78    0.000800
 79    0.002108
 80    0.001043
 81    0.001671
 82    0.002143
 83    0.001452
 84    0.001385
 85    0.000474
 86    0.002014
 87    0.001805
 88    0.002415
 89    0.001413
 90    0.000854
 91    0.001325
 92    0.000976
 93    0.001664
 94    0.001090
 95    0.001007
 96    0.003444
 97    0.001679
 98    0.001748
 99    0.001304
100    0.001340
101    0.002016
102    0.002348
103    0.000860
104    0.001052
105    0.001387
106    0.001993
107    0.001785
108    0.001535
109    0.000434
110    0.001287
111    0.000708
112    0.000495
113    0.000888
114    0.001316
115    0.000913
116    0.001195
117    0.000856
118    0.001782
119    0.001239
120    0.001011
121    0.002356
122    0.002009
123    0.001002
124    0.002889
125    0.000223
126    0.000518
127    0.000716
128    0.001812
129    0.001535
130    0.001676
131    0.001145
132    0.001910
133    0.000619
134    0.001217
135    0.001607
136    0.001987
137    0.001273
138    0.001091
139    0.001451
140    0.000622
141    0.000604
142    0.000804
143    0.001420
144    0.000761
145    0.000778
146    0.000451
147    0.001452
148    0.001157
149    0.001375
150    0.001357
151    0.001059
152    0.000739
153    0.001027
154    0.001091
155    0.001251
156    0.001148
157    0.001040
158    0.000754
159    0.001967
160    0.000799
161    0.001009
162    0.001081
163    0.001293
164    0.002269
165    0.000966
166    0.000978
167    0.000454
168    0.000725
169    0.001171
170    0.000656
171    0.000823
172    0.000505
173    0.001348
174    0.000597
175    0.000623
176    0.000588
177    0.000651
178    0.001014
179    0.000478
180    0.000432
181    0.000575
182    0.000888
183    0.000482
184    0.000669
185    0.000504
186    0.000792
187    0.000298
188    0.000703
189    0.000935
190    0.000888
191    0.000817
192    0.000559
193    0.000950
194    0.000294
195    0.000866
196    0.000756
197    0.001102
198    0.000531
199    0.000763
200    0.000462
201    0.000530
202    0.001108
203    0.000808
204    0.000645
205    0.000779
206    0.001061
207    0.000820
208    0.000380
209    0.000390
210    0.000407
211    0.000469
212    0.000926
213    0.000611
214    0.000412
215    0.000845
216    0.000321
217    0.000415
218    0.000864
219    0.000303
220    0.000375
221    0.000921
222    0.000830
223    0.000721
224    0.000477
225    0.000439
226    0.000613
227    0.000763
228    0.000468
229    0.000573
230    0.000477
231    0.000761
232    0.000736
233    0.000504
234    0.000797
235    0.000504
236    0.000821
237    0.000568
238    0.000483
239    0.000584
240    0.000590
241    0.000455
242    0.000959
243    0.000531
244    0.000215
245    0.000463
246    0.000550
247    0.000643
248    0.000951
249    0.000510
250    0.000581
251    0.000477
252    0.000378
253    0.000332
254    0.000584
255    0.000531
256    0.000414
257    0.000822
258    0.000468
259    0.000309
260    0.000508
261    0.000314
262    0.000678
263    0.000513
264    0.000431
265    0.000385
266    0.000437
267    0.000556
268    0.000830
269    0.000548
270    0.000253
271    0.000372
272    0.000928
273    0.000591
274    0.000463
275    0.000386
276    0.001104
277    0.000703
278    0.000276
279    0.000814
280    0.000523
281    0.000322
282    0.001080
283    0.000335
284    0.000516
285    0.000842
286    0.000633
287    0.000576
288    0.000372
289    0.000259
290    0.000435
291    0.000502
292    0.000822
293    0.000539
294    0.000439
295    0.000537
296    0.000263
297    0.000256
298    0.000375
299    0.000443
300    0.000798
301    0.000525
302    0.000624
303    0.000580
304    0.000540
305    0.000476
306    0.000681
307    0.000432
308    0.000489
309    0.000407
310    0.000243
311    0.000391
312    0.000532
313    0.000349
314    0.000298
315    0.000394
316    0.000402
317    0.000581
318    0.000467
319    0.000557
320    0.000336
321    0.000282
322    0.000245
323    0.000234
324    0.000439
325    0.000770
326    0.000400
327    0.000447
328    0.000683
329    0.000883
330    0.000709
331    0.000324
332    0.000335
333    0.000342
334    0.000401
335    0.000631
336    0.000323
337    0.000845
338    0.000745
339    0.000403
340    0.000369
341    0.000890
342    0.000617
343    0.000878
344    0.000566
345    0.000545
346    0.000228
347    0.000722
348    0.000405
349    0.000219
350    0.000493
351    0.000480
352    0.000612
353    0.000367
354    0.000505
355    0.000931
356    0.000478
357    0.000566
358    0.000300
359    0.000381
360    0.000436
361    0.000310
362    0.000400
363    0.000533
364    0.000527
365    0.000664
366    0.000769
367    0.000491
368    0.000413
369    0.000385
370    0.000287
371    0.000578
372    0.000677
373    0.000399
374    0.000571
375    0.000639
376    0.000415
377    0.000800
378    0.000474
379    0.000412
380    0.000613
381    0.000257
382    0.000580
383    0.000447
384    0.000739
385    0.000388
386    0.000612
387    0.000194
388    0.000253
389    0.000481
390    0.000940
391    0.000573
392    0.000529
393    0.000440
394    0.000564
395    0.000422
396    0.001209
397    0.000429
398    0.000602
399    0.000330
400    0.000390
401    0.000919
402    0.000564
403    0.000476
404    0.000468
405    0.000154
406    0.000513
407    0.000323
408    0.000304
409    0.000264
410    0.000546
411    0.000491
412    0.000429
413    0.000579
414    0.000378
415    0.000313
416    0.000410
417    0.000247
418    0.000154
419    0.000310
420    0.000199
421    0.000577
422    0.000347
423    0.000785
424    0.000653
425    0.000412
426    0.000315
427    0.000423
428    0.000351
429    0.000128
430    0.000263
431    0.000319
432    0.000331
433    0.000376
434    0.000411
435    0.000293
436    0.000649
437    0.000548
438    0.000386
439    0.000452
440    0.000290
441    0.000313
442    0.000182
443    0.000141
444    0.000141
445    0.000334
446    0.000327
447    0.000411
448    0.000243
449    0.000211
450    0.000532
451    0.000661
452    0.000563
453    0.000392
454    0.000412
455    0.000627
456    0.000412
457    0.000294
458    0.000278
459    0.000168
460    0.000280
461    0.000521
462    0.000447
463    0.000345
464    0.000377
465    0.000276
466    0.000167
467    0.000096
468    0.000216
469    0.000432
470    0.000265
471    0.000362
472    0.000357
473    0.000170
474    0.000355
475    0.000529
476    0.000625
477    0.000356
478    0.000248
479    0.000397
480    0.000135
481    0.000746
482    0.000187
483    0.000416
484    0.000522
485    0.000391
486    0.000443
487    0.000192
488    0.000279
489    0.000190
490    0.000337
491    0.000306
492    0.000279
493    0.000200
494    0.000126
495    0.000514
496    0.000216
497    0.000179
498    0.000251
499    0.000339
500    0.000414
501    0.000232
502    0.000311
503    0.000386
504    0.000317
505    0.000396
506    0.000262
507    0.000302
508    0.000403
509    0.000433
510    0.000446
511    0.000322
512    0.000162
513    0.000373
514    0.000408
515    0.000391
516    0.000468
517    0.000368
518    0.000332
519    0.000311
520    0.000461
521    0.000341
522    0.000149
523    0.000222
524    0.000218
525    0.000161
526    0.000298
527    0.000286
528    0.000243
529    0.000224
530    0.000391
531    0.000428
532    0.000588
533    0.000409
534    0.000373
535    0.000225
536    0.000446
537    0.000300
538    0.000383
539    0.000663
540    0.000237
541    0.000343
542    0.000236
543    0.000200
544    0.000179
545    0.000299
546    0.000323
547    0.000430
548    0.000503
549    0.000201
550    0.000547
551    0.000126
552    0.000238
553    0.000307
554    0.000270
555    0.000323
556    0.000274
557    0.000296
558    0.000251
559    0.000370
560    0.000304
561    0.000353
562    0.000351
563    0.000242
564    0.000165
565    0.000182
566    0.000316
567    0.000213
568    0.000250
569    0.000145
570    0.000140
571    0.000141
572    0.000320
573    0.000179
574    0.000247
575    0.000217
576    0.000382
577    0.000153
578    0.000262
579    0.000259
580    0.000232
581    0.000281
582    0.000262
583    0.000217
584    0.000428
585    0.000172
586    0.000326
587    0.000199
588    0.000387
589    0.000205
590    0.000134
591    0.000155
592    0.000287
593    0.000498
594    0.000326
595    0.000422
596    0.000221
597    0.000238
598    0.000437
599    0.000246
600    0.000344
601    0.000344
602    0.000216
603    0.000211
604    0.000251
605    0.000187
606    0.000198
607    0.000298
608    0.000343
609    0.000126
610    0.000202
611    0.000266
612    0.000599
613    0.000439
614    0.000155
615    0.000199
616    0.000335
617    0.000229
618    0.000229
619    0.000344
620    0.000123
621    0.000222
622    0.000290
623    0.000282
624    0.000208
625    0.000212
626    0.000231
627    0.000374
628    0.000250
629    0.000388
630    0.000247
631    0.000305
632    0.000302
633    0.000202
634    0.000197
635    0.000295
636    0.000107
637    0.000310
638    0.000108
639    0.000255
640    0.000502
641    0.000185
642    0.000212
643    0.000189
644    0.000260
645    0.000210
646    0.000228
647    0.000188
648    0.000214
649    0.000304
650    0.000168
651    0.000113
652    0.000152
653    0.000198
654    0.000101
655    0.000192
656    0.000219
657    0.000271
658    0.000257
659    0.000201
660    0.000312
661    0.000171
662    0.000313
663    0.000139
664    0.000183
665    0.000385
666    0.000232
667    0.000231
668    0.000133
669    0.000289
670    0.000261
671    0.000158
672    0.000164
673    0.000308
674    0.000207
675    0.000203
676    0.000236
677    0.000106
678    0.000227
679    0.000242
680    0.000165
681    0.000181
682    0.000355
683    0.000212
684    0.000287
685    0.000216
686    0.000188
687    0.000180
688    0.000224
689    0.000133
690    0.000174
691    0.000148
692    0.000155
693    0.000323
694    0.000128
695    0.000157
696    0.000254
697    0.000273
698    0.000245
699    0.000147
700    0.000280
701    0.000286
702    0.000068
703    0.000274
704    0.000283
705    0.000099
706    0.000197
707    0.000099
708    0.000286
709    0.000266
710    0.000222
711    0.000157
712    0.000132
713    0.000171
714    0.000240
715    0.000307
716    0.000232
717    0.000117
718    0.000224
719    0.000202
720    0.000315
721    0.000155
722    0.000179
723    0.000293
724    0.000145
725    0.000218
726    0.000276
727    0.000166
728    0.000348
729    0.000217
730    0.000134
731    0.000138
732    0.000339
733    0.000239
734    0.000310
735    0.000147
736    0.000237
737    0.000385
738    0.000180
739    0.000124
740    0.000337
741    0.000207
742    0.000219
743    0.000211
744    0.000228
745    0.000407
746    0.000061
747    0.000196
748    0.000252
749    0.000175
750    0.000390
751    0.000150
752    0.000302
753    0.000258
754    0.000134
755    0.000341
756    0.000123
757    0.000125
758    0.000105
759    0.000158
760    0.000273
761    0.000336
762    0.000228
763    0.000508
764    0.000121
765    0.000184
766    0.000198
767    0.000139
768    0.000098
769    0.000034
770    0.000148
771    0.000213
772    0.000225
773    0.000209
774    0.000054
775    0.000195
776    0.000180
777    0.000163
778    0.000143
779    0.000187
780    0.000192
781    0.000190
782    0.000338
783    0.000274
784    0.000327
785    0.000230
786    0.000231
787    0.000209
788    0.000123
789    0.000090
790    0.000140
791    0.000145
792    0.000234
793    0.000223
794    0.000272
795    0.000108
796    0.000077
797    0.000191
798    0.000037
799    0.000134
800    0.000065
801    0.000088
802    0.000171
803    0.000139
804    0.000402
805    0.000131
806    0.000073
807    0.000160
808    0.000026
809    0.000101
810    0.000052
811    0.000253
812    0.000149
813    0.000184
814    0.000433
815    0.000061
816    0.000058
817    0.000137
818    0.000272
819    0.000215
820    0.000177
821    0.000270
822    0.000206
823    0.000236
824    0.000086
825    0.000488
