 -0.014330
 -0.000119
  0.011489
  0.761257
 -0.383931
  0.357778
  0.248634
 -0.221961
 -0.019103
 -0.005002
  0.015018
  0.012237
  0.039104
  0.002386
 -0.029262
 -0.044487
  0.026336
 -0.091415
 -0.066132
 -0.058331
  0.002516
  0.000870
 -0.001929
  0.043297
  0.058541
  0.002836
 -0.034552
 -0.017747
 -0.013299
 -0.004960
  0.001822
  0.008034
 -0.023996
  0.007934
 -0.005374
  0.018340
 -0.009158
 -0.024751
  0.007142
  0.007531
 -0.027250
  0.003150
  0.010427
  0.000099
 -0.000890
 -0.005046
 -0.004531
  0.003760
 -0.002578
  0.001414
  0.002886
 -0.003400
  0.010538
  0.012765
 -0.010189
 -0.002917
  0.000075
 -0.002370
 -0.000597
 -0.005012
 -0.000788
  0.000573
 -0.004757
  0.007067
  0.000918
 -0.002488
  0.003543
 -0.003574
 -0.000883
 -0.001585
  0.004684
  0.003943
 -0.001625
 -0.001205
  0.001190
 -0.001751
 -0.002259
  0.002404
 -0.002201
  0.004781
 -0.000780
 -0.000274
  0.003677
  0.000670
 -0.000311
 -0.002661
  0.001717
  0.003153
  0.000305
  0.002223
 -0.001336
 -0.002636
 -0.006588
  0.000756
  0.002628
  0.003171
  0.000391
 -0.002028
 -0.000490
 -0.003503
 -0.001210
 -0.004076
  0.002169
  0.000026
 -0.002476
 -0.001074
 -0.000477
 -0.002553
 -0.000443
 -0.000398
 -0.002805
  0.008258
  0.000084
 -0.001884
  0.001517
 -0.002484
 -0.002480
  0.000166
 -0.004532
 -0.003369
 -0.006056
  0.000539
 -0.003890
  0.001056
  0.004703
 -0.005368
  0.005265
 -0.007369
  0.005127
 -0.009671
 -0.003250
 -0.001803
  0.001310
 -0.000486
 -0.000748
  0.000937
 -0.002103
 -0.002238
 -0.001950
 -0.001643
  0.002181
 -0.003711
 -0.004224
 -0.001618
 -0.000151
  0.000022
 -0.001494
  0.002189
 -0.001745
  0.001022
 -0.000161
 -0.001757
 -0.000814
  0.000528
  0.000585
  0.001275
  0.000281
  0.002108
  0.001070
 -0.000160
  0.003043
 -0.000957
  0.001036
  0.002472
  0.004069
 -0.001493
  0.000995
  0.001359
  0.000075
 -0.001168
  0.002488
  0.000129
 -0.000449
  0.000982
 -0.001083
  0.000075
 -0.000604
  0.000427
 -0.000563
 -0.001099
  0.000621
  0.001189
 -0.000421
  0.001225
  0.000337
  0.000403
 -0.000225
 -0.002144
  0.001436
  0.001368
  0.003479
 -0.000263
 -0.000479
 -0.001007
 -0.001351
  0.001210
 -0.001777
  0.002076
  0.001029
  0.000763
 -0.002413
 -0.000495
  0.000649
  0.000575
  0.000194
  0.000283
  0.001500
 -0.001222
 -0.000934
 -0.000209
 -0.000112
 -0.002143
  0.000789
 -0.001373
  0.000280
 -0.000152
  0.001224
 -0.000214
 -0.000433
 -0.000241
 -0.000392
 -0.000367
 -0.001011
 -0.001295
  0.000590
  0.001229
  0.000807
  0.001065
 -0.000742
 -0.000083
  0.000395
 -0.000348
 -0.002078
  0.001937
  0.000458
  0.000724
 -0.002199
 -0.000580
  0.000976
 -0.000838
 -0.003288
 -0.001859
  0.000349
  0.002647
  0.000738
  0.002292
 -0.002101
  0.000258
  0.001498
  0.000832
  0.001047
 -0.000433
  0.000365
 -0.000879
  0.000689
  0.000199
  0.000080
  0.000964
  0.000809
 -0.000886
 -0.001376
 -0.000543
  0.000550
  0.000019
 -0.000391
 -0.000579
  0.000070
  0.000196
 -0.001059
 -0.001917
 -0.000683
  0.000748
  0.000147
  0.000736
 -0.001365
 -0.001562
 -0.000212
  0.001503
  0.000366
  0.000883
  0.000373
  0.000702
 -0.000127
  0.000775
  0.000845
  0.001051
 -0.000510
 -0.001091
 -0.000882
  0.001824
  0.001577
  0.001431
  0.000368
 -0.001625
 -0.001040
  0.000100
 -0.000092
  0.000312
 -0.000604
  0.000869
  0.000522
 -0.002010
  0.003232
 -0.000338
 -0.001661
  0.001804
 -0.001456
 -0.000043
  0.000844
  0.001765
  0.000754
  0.002192
 -0.000497
  0.002382
 -0.002222
  0.000977
  0.000730
  0.000932
 -0.000034
  0.002150
 -0.001086
 -0.001730
 -0.000303
  0.000253
 -0.001575
  0.002115
  0.003197
  0.001689
 -0.002168
  0.000875
  0.001193
  0.003315
 -0.001908
 -0.000377
 -0.000656
 -0.000842
 -0.000031
  0.000213
  0.000601
  0.000238
 -0.000368
 -0.000280
 -0.000916
  0.000632
  0.000363
 -0.002864
 -0.000935
 -0.003486
 -0.000664
 -0.000284
  0.000600
 -0.000394
 -0.000506
 -0.000198
 -0.000267
  0.000107
 -0.001885
  0.000288
 -0.000074
  0.000086
 -0.000668
 -0.001866
 -0.003190
 -0.001243
  0.000111
 -0.001704
 -0.000463
  0.000331
 -0.000302
 -0.000548
 -0.000790
  0.002128
 -0.000113
 -0.002124
  0.000340
  0.000650
  0.000556
 -0.000858
 -0.000570
  0.000083
 -0.001120
 -0.000142
 -0.000770
 -0.001437
 -0.000907
 -0.000306
  0.000146
 -0.001362
 -0.000216
  0.000582
 -0.001844
  0.000060
  0.000717
  0.000331
  0.000211
  0.000252
 -0.000805
 -0.000786
 -0.000340
 -0.001071
  0.001088
 -0.001283
 -0.000948
  0.001675
 -0.000450
  0.001189
  0.000748
 -0.000973
 -0.000750
  0.000113
 -0.000335
 -0.000190
  0.000694
  0.000225
 -0.002279
 -0.000530
 -0.002588
 -0.001385
  0.001889
 -0.000090
  0.001008
 -0.000889
 -0.001153
 -0.001407
 -0.000444
  0.000006
 -0.000813
  0.001562
 -0.000176
  0.000922
  0.000733
 -0.001186
  0.000819
 -0.000357
 -0.000705
 -0.001361
  0.000401
  0.000391
  0.000204
  0.000092
  0.000439
 -0.000649
 -0.000241
  0.000019
 -0.000649
 -0.000139
 -0.000067
  0.000652
  0.000114
  0.000816
  0.000158
 -0.000680
 -0.000014
  0.000008
 -0.000271
  0.000352
  0.000843
  0.000282
 -0.000246
 -0.000077
  0.000240
  0.000047
  0.000128
  0.000551
  0.000032
  0.000046
 -0.000683
  0.000635
  0.000962
  0.000081
 -0.000899
 -0.000548
 -0.000016
  0.000054
 -0.000427
  0.001621
 -0.000602
  0.001256
 -0.000230
 -0.000012
  0.000752
 -0.000078
  0.000197
  0.000544
 -0.001451
 -0.001011
  0.001026
 -0.000387
  0.000095
  0.000454
  0.000273
  0.000035
  0.000767
 -0.001823
  0.000252
  0.000868
 -0.000849
 -0.001780
 -0.000653
  0.001819
 -0.001403
  0.000395
 -0.000399
 -0.000388
 -0.000322
  0.000307
 -0.000171
 -0.000435
  0.001586
  0.000473
  0.002326
  0.001028
 -0.002104
  0.000843
  0.000883
  0.000544
 -0.000320
 -0.000845
 -0.000606
 -0.000190
 -0.000360
  0.000593
 -0.000251
  0.000715
 -0.000153
 -0.000479
 -0.000054
  0.000879
 -0.000520
 -0.000375
  0.001159
  0.001655
 -0.000363
 -0.000124
 -0.000663
 -0.000294
  0.001909
  0.000342
 -0.000348
 -0.000664
 -0.000263
 -0.000089
  0.000084
  0.000653
 -0.000324
  0.000625
  0.001026
  0.000494
  0.000928
 -0.001346
 -0.000214
  0.000484
 -0.000171
  0.001380
  0.001631
  0.000991
 -0.000111
  0.000127
  0.001127
 -0.000008
  0.000201
 -0.000542
  0.000106
 -0.000393
 -0.000166
  0.000537
  0.000090
  0.000060
 -0.000114
 -0.000452
 -0.000175
 -0.000090
 -0.000083
  0.000368
 -0.000641
 -0.000516
 -0.000076
  0.000373
  0.000547
  0.000523
 -0.000524
  0.000348
  0.000475
  0.000171
  0.000382
 -0.000074
 -0.000319
 -0.000026
 -0.001210
  0.000682
  0.000365
  0.000022
 -0.000977
 -0.000201
  0.000753
 -0.000277
  0.000070
  0.000171
 -0.000256
 -0.000371
  0.000171
 -0.000685
  0.000112
 -0.000182
 -0.000084
 -0.000006
  0.000401
  0.000015
  0.000012
 -0.001010
 -0.000380
 -0.000653
 -0.000889
  0.000015
  0.000673
 -0.000386
 -0.000887
 -0.000596
  0.000118
  0.000778
 -0.000780
  0.000549
 -0.000001
 -0.000181
  0.000844
  0.001165
  0.001466
  0.000321
 -0.000744
  0.000255
 -0.000931
  0.000522
  0.000561
 -0.000022
 -0.000360
  0.000137
  0.000067
  0.000076
 -0.000319
 -0.000168
 -0.000225
  0.000212
  0.000050
 -0.000008
  0.000075
  0.000005
  0.000270
  0.000067
  0.000030
 -0.000042
 -0.000147
  0.000380
  0.000172
  0.000201
  0.000174
  0.000293
  0.000116
  0.000018
 -0.000232
 -0.000485
 -0.000199
 -0.000788
 -0.000379
 -0.000136
  0.000087
 -0.000197
 -0.000498
  0.000114
 -0.000342
 -0.000031
 -0.000556
  0.000404
 -0.000229
 -0.000072
  0.000333
  0.000144
  0.000369
  0.000441
  0.000356
  0.000671
 -0.000419
  0.000341
 -0.000382
 -0.000829
  0.000448
 -0.000368
  0.000490
  0.000548
 -0.000413
 -0.000825
  0.001416
 -0.000767
  0.000073
 -0.000025
 -0.000145
 -0.000096
  0.000150
  0.000014
  0.000066
  0.000240
  0.000299
  0.000320
  0.000214
  0.000438
  0.000212
  0.000105
 -0.000279
 -0.000025
 -0.000044
  0.000169
  0.000071
  0.000306
 -0.000171
 -0.000422
  0.000326
 -0.000673
  0.000179
  0.000084
 -0.000607
 -0.000797
 -0.000470
  0.000656
  0.000032
 -0.000576
 -0.000744
  0.000029
  0.000015
  0.000461
  0.000020
  0.000605
  0.000199
  0.000022
  0.000179
 -0.000146
 -0.000207
  0.000004
  0.000033
  0.000030
 -0.000212
 -0.000523
 -0.000108
 -0.000196
  0.000136
  0.000025
 -0.000195
  0.000081
  0.000275
 -0.000399
 -0.000633
 -0.000482
 -0.000186
  0.000149
 -0.000849
  0.000378
 -0.000110
  0.000880
 -0.000333
 -0.000679
  0.000363
  0.000206
  0.000026
 -0.000158
  0.000257
  0.000405
 -0.000164
 -0.000112
  0.000204
 -0.000164
  0.000668
 -0.000188
  0.000822
 -0.000324
 -0.000092
 -0.000307
 -0.000308
  0.000258
  0.000179
  0.000149
  0.000260
 -0.000250
 -0.000097
 -0.000427
  0.000060
 -0.000306
  0.000069
  0.000056
 -0.000166
  0.000235
  0.000235
 -0.000082
 -0.000050
  0.000116
 -0.000098
  0.000141
  0.000247
 -0.000160
  0.000278
 -0.000179
  0.000146
  0.000133
  0.000125
 -0.000105
 -0.000021
  0.000048
  0.000190
  0.000179
 -0.000113
 -0.000104
 -0.000027
  0.000039
  0.000018
  0.000172
  0.000062
 -0.000018
  0.000137
 -0.000026
 -0.000107
  0.000228
 -0.000039
 -0.000166
 -0.000090
 -0.000039
 -0.000041
 -0.000116
 -0.000089
