 -0.002603
 -0.004344
 -0.333382
  0.156511
 -0.055053
  0.002527
  0.558433
  0.011828
  0.706511
 -0.039708
 -0.148215
  0.025938
  0.133516
 -0.011399
 -0.007164
 -0.008657
  0.033195
 -0.002100
 -0.003626
 -0.000941
 -0.017723
 -0.001522
  0.003387
  0.024163
 -0.042242
 -0.008926
  0.026930
 -0.008796
 -0.005494
 -0.013607
  0.001371
 -0.001296
 -0.030725
  0.003432
 -0.010224
  0.006287
 -0.002488
 -0.017086
  0.013280
 -0.005328
  0.001858
  0.004079
 -0.009041
  0.006911
  0.005295
 -0.009667
 -0.010246
 -0.006556
 -0.005083
 -0.003428
 -0.003281
  0.004012
  0.004473
  0.003621
  0.004124
  0.002199
  0.006793
 -0.002466
 -0.000628
 -0.004107
 -0.003613
  0.000430
  0.000593
  0.000733
  0.000287
  0.008105
 -0.000041
  0.001605
  0.009943
  0.003003
 -0.007951
  0.002876
 -0.004188
  0.001237
  0.000585
  0.004603
 -0.001334
  0.001306
  0.000474
  0.000521
  0.001084
 -0.001091
  0.001953
  0.005948
  0.003783
  0.001808
  0.000198
  0.001425
  0.002260
  0.002389
  0.000185
  0.001954
 -0.001759
 -0.001710
 -0.000341
  0.000336
  0.000492
 -0.003651
 -0.000448
 -0.000158
 -0.000841
 -0.001409
  0.001687
 -0.001505
  0.000084
  0.001283
  0.001279
  0.000283
 -0.000395
 -0.000155
 -0.000020
 -0.000121
  0.002223
  0.000119
 -0.000019
  0.001552
 -0.000924
  0.001775
 -0.001427
 -0.000769
 -0.000194
 -0.001096
 -0.000020
 -0.001782
  0.000073
 -0.001045
 -0.002155
  0.001030
 -0.001112
  0.001679
 -0.001503
 -0.000762
 -0.000118
 -0.000875
  0.000610
 -0.001746
 -0.000534
  0.000514
  0.001357
  0.003759
  0.001656
 -0.001152
  0.000649
  0.001800
  0.001417
  0.000327
 -0.002652
  0.000125
 -0.000195
 -0.001439
  0.000017
 -0.001259
 -0.000905
 -0.000936
  0.000511
 -0.001407
  0.000146
  0.001902
 -0.000082
  0.001194
  0.000223
  0.000131
 -0.001327
 -0.000013
 -0.001015
  0.001156
  0.001353
  0.000126
 -0.000379
 -0.001258
  0.001178
 -0.000740
  0.000222
  0.000160
  0.000200
  0.000053
 -0.000983
  0.000342
 -0.000871
  0.000223
  0.000256
 -0.000651
  0.000983
 -0.000353
  0.000036
 -0.000371
  0.000218
 -0.000708
 -0.000038
  0.000463
  0.001152
 -0.001112
 -0.001054
  0.001021
  0.001186
 -0.000038
 -0.001201
  0.000509
  0.000012
 -0.000422
 -0.000745
 -0.001154
  0.000551
 -0.000336
  0.000387
 -0.000664
 -0.000217
 -0.001274
 -0.000939
 -0.000594
 -0.000817
  0.000018
 -0.000044
 -0.000412
  0.000749
 -0.000695
 -0.000405
 -0.000305
 -0.001354
  0.000059
 -0.000630
  0.000152
 -0.000482
 -0.000491
 -0.000251
  0.000113
  0.000576
 -0.000856
  0.001994
  0.000322
  0.000051
  0.000600
  0.000044
 -0.000856
 -0.000280
  0.000458
 -0.001002
  0.000777
 -0.000170
 -0.000257
 -0.001534
 -0.001596
  0.000653
  0.000325
 -0.000155
 -0.001128
  0.000536
 -0.000023
 -0.000327
 -0.000099
  0.000177
 -0.001435
 -0.000260
  0.001276
  0.000185
 -0.000016
  0.000071
  0.000047
  0.000331
  0.001221
  0.001518
 -0.000452
 -0.000457
  0.000418
  0.000366
  0.002024
  0.000235
  0.000157
 -0.001258
  0.000297
 -0.000380
  0.000256
  0.000176
 -0.000173
  0.002359
 -0.000918
  0.000146
 -0.000408
 -0.001781
 -0.000240
  0.000122
  0.000266
  0.001047
 -0.000261
  0.001205
 -0.000375
  0.000236
  0.000393
  0.000675
  0.000135
  0.000226
  0.000186
  0.001041
 -0.000565
  0.000064
 -0.001248
 -0.000007
  0.000256
  0.001255
  0.001108
  0.000743
  0.000092
  0.000267
 -0.001358
 -0.000717
 -0.000695
 -0.000394
  0.000702
 -0.000646
 -0.000762
  0.002139
 -0.000876
  0.000256
  0.000230
  0.000455
  0.000376
  0.000736
 -0.001606
  0.000899
  0.000167
 -0.000244
 -0.000940
  0.000474
 -0.000373
 -0.000079
 -0.001197
  0.000526
 -0.000053
  0.000177
  0.000394
 -0.000841
 -0.000858
  0.000182
  0.000216
  0.000320
 -0.000288
  0.000017
  0.000239
  0.000051
  0.000127
 -0.000529
  0.000673
  0.000179
 -0.000430
  0.000733
 -0.000041
  0.000379
 -0.000907
 -0.000308
  0.000340
  0.000400
 -0.000905
  0.000255
 -0.000287
  0.000072
 -0.000893
  0.002832
  0.000368
  0.000348
  0.002429
 -0.000146
  0.001499
  0.000885
  0.000587
 -0.000017
  0.000388
 -0.000984
  0.000292
  0.000159
 -0.000395
 -0.000192
  0.000320
 -0.001329
 -0.000514
 -0.000646
 -0.000120
 -0.000112
  0.000003
  0.000381
 -0.000675
 -0.000037
  0.000135
 -0.000489
 -0.000376
  0.000112
  0.000565
 -0.000701
  0.000233
  0.001159
 -0.000852
  0.000249
  0.000350
  0.000040
  0.000322
 -0.000293
 -0.000199
  0.000398
 -0.001135
 -0.000860
  0.001650
 -0.001253
  0.001329
 -0.000412
  0.000454
 -0.000481
  0.000557
  0.000284
  0.000774
  0.000057
 -0.000433
 -0.000319
 -0.000485
  0.000167
  0.000679
  0.000829
 -0.001039
 -0.000204
 -0.000572
  0.000700
  0.000311
  0.000211
  0.000616
  0.000896
 -0.000246
 -0.000496
  0.000027
  0.000426
 -0.000108
  0.000503
  0.000210
  0.000087
 -0.000053
 -0.000337
  0.000227
 -0.001568
  0.000044
  0.000481
  0.000032
 -0.000615
 -0.000626
 -0.000030
 -0.001882
 -0.001057
 -0.000373
 -0.001234
 -0.001106
  0.000434
 -0.000573
  0.000222
  0.001163
 -0.000230
  0.000800
  0.000333
 -0.000409
 -0.000376
 -0.000357
 -0.000545
 -0.000225
 -0.000738
  0.000419
 -0.000977
  0.000502
 -0.000192
 -0.000820
 -0.000202
 -0.000101
  0.000440
 -0.000517
 -0.000945
 -0.000680
  0.000233
 -0.000424
 -0.000639
  0.000364
 -0.000048
  0.002226
  0.000652
 -0.000610
  0.000473
  0.000498
 -0.000740
  0.000310
  0.000282
  0.000127
  0.000043
 -0.000170
  0.000269
 -0.000965
  0.001229
  0.000274
  0.001221
 -0.000580
 -0.000549
  0.001172
 -0.001276
 -0.000099
  0.000259
 -0.000010
  0.000178
  0.000219
  0.000684
  0.000002
 -0.000637
  0.000256
 -0.000915
 -0.000495
 -0.000146
  0.000673
  0.000499
  0.000655
  0.001384
  0.000078
 -0.000270
  0.000165
  0.000418
 -0.000524
 -0.000293
 -0.000776
  0.000386
  0.000203
 -0.000278
  0.000266
 -0.001024
 -0.000660
  0.000579
  0.000098
 -0.000875
 -0.000408
 -0.000914
  0.000210
  0.000083
 -0.000147
 -0.000168
 -0.000131
  0.000114
 -0.000076
  0.000573
 -0.000128
 -0.000454
 -0.000376
 -0.000898
  0.000120
 -0.000181
 -0.000115
  0.000546
 -0.000450
 -0.000600
  0.000023
  0.000274
 -0.000522
  0.000049
 -0.000459
 -0.000250
  0.000985
  0.000102
 -0.000188
 -0.000469
 -0.000210
 -0.000360
 -0.000132
 -0.000163
 -0.000056
 -0.000328
 -0.000034
  0.000500
 -0.000738
  0.000083
 -0.000339
 -0.000264
  0.000204
  0.000062
  0.000138
 -0.000478
 -0.000171
 -0.000247
 -0.000247
  0.000305
  0.000093
 -0.000406
 -0.000078
  0.000151
 -0.000223
 -0.000303
 -0.000382
  0.000463
 -0.000277
 -0.000628
 -0.000125
 -0.000026
  0.000252
  0.000506
 -0.000326
 -0.000688
  0.000055
 -0.000520
  0.000010
  0.000052
  0.000384
 -0.000751
 -0.000503
  0.000600
  0.000342
 -0.000152
  0.000583
  0.000555
  0.000443
  0.000766
 -0.001117
  0.000039
 -0.000344
  0.000187
  0.000558
 -0.000012
 -0.000460
 -0.000480
  0.000424
  0.000078
 -0.000480
 -0.000339
 -0.000132
 -0.000041
 -0.000500
  0.000618
 -0.000103
  0.000031
 -0.000489
  0.000182
 -0.000102
  0.000465
  0.000266
  0.000206
  0.000174
  0.000709
  0.000951
  0.000922
  0.000078
  0.000541
 -0.000307
  0.000167
 -0.000566
  0.000242
 -0.000157
  0.000113
 -0.000083
  0.000122
 -0.000365
 -0.000474
  0.000148
  0.000365
  0.000011
 -0.000325
 -0.000372
  0.000069
  0.000014
 -0.000295
  0.000251
 -0.000297
  0.000097
 -0.000320
 -0.000548
 -0.000426
  0.000195
 -0.000632
 -0.000187
  0.000458
  0.000147
 -0.000255
 -0.000534
  0.000390
 -0.000198
  0.000385
  0.000151
 -0.000037
  0.000314
 -0.000024
 -0.000146
  0.000158
 -0.000380
 -0.000073
  0.000235
 -0.000990
  0.000102
 -0.000023
  0.000076
  0.000963
 -0.000296
  0.000055
 -0.000124
 -0.000127
 -0.000222
  0.000095
 -0.000692
  0.000350
 -0.000302
 -0.000698
  0.000187
 -0.000054
 -0.000276
 -0.000282
 -0.000434
  0.000316
 -0.000900
 -0.000563
 -0.000217
 -0.000044
 -0.000046
  0.000483
 -0.000949
 -0.000060
 -0.000485
  0.000258
 -0.000169
 -0.000316
 -0.000036
 -0.000016
  0.000136
  0.000434
  0.000036
 -0.000182
  0.000216
 -0.000272
 -0.000108
  0.000026
  0.000099
 -0.000117
  0.000057
  0.000131
 -0.000077
  0.000222
  0.000015
 -0.000417
  0.000038
 -0.000168
 -0.000175
  0.000164
  0.000082
 -0.000272
 -0.000028
  0.000239
 -0.000017
  0.000524
  0.000485
 -0.000499
 -0.000196
  0.000293
  0.000238
  0.000088
 -0.000199
 -0.000010
  0.000076
 -0.000001
  0.000378
 -0.000165
 -0.000020
 -0.000111
  0.000060
  0.000319
 -0.000043
 -0.000479
  0.000020
  0.000602
  0.000167
 -0.000468
  0.000174
  0.000128
 -0.000419
 -0.000415
  0.000268
 -0.000526
 -0.000367
  0.000189
  0.000219
  0.000023
 -0.000128
 -0.000078
 -0.000227
  0.000042
  0.000318
 -0.000191
  0.000320
  0.000094
  0.000151
  0.000214
  0.000366
  0.000362
 -0.000219
 -0.000036
  0.000360
 -0.000334
  0.000123
  0.000096
 -0.000072
  0.000054
 -0.000164
 -0.000310
  0.000190
 -0.000082
  0.000113
  0.000044
  0.000033
 -0.000098
 -0.000078
 -0.000013
  0.000210
 -0.000076
 -0.000093
 -0.000153
  0.000038
  0.000032
 -0.000143
  0.000438
 -0.000435
 -0.000291
 -0.000396
  0.000225
  0.000632
  0.000080
  0.000174
  0.000217
 -0.000225
 -0.000735
  0.000002
 -0.000112
 -0.000004
 -0.000010
