  0.000946
 -0.039939
 -0.234764
 -0.207779
  0.131103
  0.097406
 -0.000122
  0.925095
 -0.082012
  0.008698
  0.011125
  0.038811
 -0.022327
  0.039917
 -0.026645
  0.018074
 -0.017271
 -0.008636
 -0.004153
 -0.013035
  0.005250
 -0.040996
  0.024122
 -0.000038
  0.004569
  0.007631
 -0.011286
  0.010660
 -0.003516
  0.021092
 -0.011269
 -0.002986
  0.010620
 -0.000167
  0.010082
  0.001570
  0.014751
  0.013096
 -0.002338
 -0.007968
  0.004333
  0.000463
 -0.013931
  0.016930
  0.003820
 -0.006590
 -0.007061
 -0.003582
 -0.003416
  0.004834
 -0.002110
  0.008449
  0.004327
 -0.001014
 -0.009082
  0.006653
 -0.001803
  0.002609
  0.000902
  0.001735
  0.004134
 -0.000079
 -0.000178
 -0.000593
  0.003394
 -0.000348
 -0.001780
 -0.002660
  0.004858
  0.000768
 -0.000685
  0.001963
  0.002520
  0.000223
  0.001048
  0.003092
  0.002464
  0.003109
 -0.000547
 -0.001586
  0.000857
 -0.002542
 -0.001078
  0.002109
 -0.004942
  0.000856
 -0.001334
  0.002886
 -0.001115
  0.000931
  0.000771
  0.001080
 -0.001450
 -0.000345
  0.001389
 -0.002572
 -0.000673
 -0.007493
 -0.002501
  0.003220
  0.002193
  0.001247
 -0.001402
 -0.001476
  0.000174
 -0.001163
 -0.002025
  0.000784
  0.003151
  0.002032
 -0.001387
  0.001522
  0.000165
 -0.000299
 -0.002714
  0.001901
  0.000784
  0.000979
 -0.000076
 -0.001474
  0.000799
  0.002101
  0.000609
 -0.001170
 -0.000919
  0.000870
 -0.001506
  0.000956
  0.000313
 -0.001247
 -0.000743
 -0.000397
 -0.000553
  0.002350
 -0.000777
 -0.000230
 -0.003522
  0.000244
 -0.002178
 -0.000431
 -0.001005
  0.000246
 -0.001230
  0.002290
  0.002323
  0.001066
  0.000360
  0.000676
 -0.001646
  0.000132
 -0.000454
 -0.000734
 -0.002234
  0.002074
 -0.000224
 -0.000694
 -0.000671
  0.001279
 -0.003745
  0.001020
  0.000088
  0.001077
 -0.002349
 -0.002594
  0.001220
 -0.002076
  0.001172
  0.001007
 -0.000860
 -0.001792
  0.000534
  0.000388
  0.000919
  0.000350
  0.003128
 -0.000441
  0.000765
 -0.001943
 -0.001332
 -0.003280
 -0.001210
  0.000778
 -0.002031
 -0.000519
 -0.000488
 -0.000037
  0.000289
  0.000238
 -0.001632
 -0.001845
 -0.000477
  0.001653
  0.001768
  0.000542
 -0.000379
  0.001911
  0.000631
  0.001242
 -0.001305
  0.000718
  0.001421
  0.001480
 -0.002549
  0.000166
  0.001884
  0.001623
  0.001091
  0.002280
  0.000341
 -0.001526
 -0.001584
 -0.000690
  0.002423
  0.001193
 -0.000842
  0.001065
  0.002727
 -0.002440
 -0.000813
 -0.000877
 -0.001384
  0.000817
  0.001504
  0.000117
  0.000410
  0.000499
  0.000727
  0.000260
  0.000421
 -0.000607
 -0.000461
  0.000466
 -0.000376
 -0.000576
  0.000216
  0.000296
  0.000208
 -0.000407
  0.000445
  0.000973
  0.000831
  0.000651
  0.000154
  0.000198
  0.001627
 -0.000267
  0.001335
  0.000139
  0.000737
 -0.002153
 -0.000227
 -0.000096
 -0.001043
 -0.000142
  0.000217
  0.000159
 -0.000033
 -0.001165
  0.000705
  0.001358
 -0.000105
  0.000644
 -0.000154
  0.001878
  0.000876
 -0.000096
 -0.001087
 -0.000371
 -0.000186
  0.001519
 -0.000255
 -0.000598
 -0.001200
 -0.000418
 -0.002267
  0.000252
  0.000764
 -0.000301
 -0.002826
 -0.001666
 -0.000332
 -0.000049
 -0.000077
 -0.002041
  0.002853
  0.001975
  0.000855
 -0.000030
 -0.001119
 -0.000505
 -0.002736
 -0.000663
  0.002055
  0.000057
 -0.000610
 -0.000868
  0.001323
 -0.000372
 -0.000565
 -0.000428
 -0.000011
  0.000739
  0.000272
 -0.000023
  0.000525
 -0.000189
  0.000120
 -0.000342
  0.000102
  0.000253
 -0.000651
 -0.001071
  0.000603
  0.000727
  0.000310
  0.000144
  0.000199
  0.001306
  0.001669
 -0.000057
  0.000347
 -0.000091
 -0.000415
  0.000544
  0.001537
  0.000847
 -0.000010
 -0.000579
  0.000583
  0.000290
  0.000306
  0.000140
  0.000050
 -0.000124
  0.000263
 -0.000746
  0.000313
 -0.000895
  0.000959
 -0.000369
 -0.000697
  0.000268
  0.000095
 -0.000449
  0.000427
  0.000413
 -0.000198
  0.000237
 -0.000055
 -0.000661
 -0.000673
  0.000307
  0.000355
  0.000419
  0.000168
  0.001051
  0.000112
  0.001214
  0.001022
  0.000807
 -0.000042
  0.000845
  0.000934
  0.000699
  0.000519
 -0.000764
 -0.000331
  0.000638
  0.000437
 -0.000260
 -0.000049
  0.001313
 -0.000554
  0.000099
 -0.000355
  0.000140
 -0.000471
  0.000072
  0.000041
 -0.000590
  0.000088
  0.001268
 -0.001482
 -0.000567
  0.000415
  0.000361
  0.000101
  0.001396
  0.001659
 -0.000020
 -0.000445
  0.000196
  0.000807
 -0.000683
  0.000963
 -0.000104
 -0.001371
  0.001401
 -0.001314
  0.002096
 -0.001573
  0.000191
 -0.000816
 -0.000620
  0.000943
  0.000125
 -0.001998
 -0.000753
  0.000237
 -0.000506
  0.000739
  0.000518
 -0.000444
  0.000068
 -0.000281
  0.001322
 -0.000497
 -0.000356
 -0.000536
 -0.000451
  0.000576
 -0.000105
  0.000569
 -0.001056
  0.000645
 -0.000864
 -0.000687
 -0.000381
  0.000191
 -0.000328
  0.000789
  0.000520
  0.000462
 -0.000079
  0.000551
 -0.000740
  0.000003
 -0.000819
 -0.000152
  0.002343
  0.000694
  0.000194
 -0.001115
  0.000285
 -0.000251
 -0.001509
  0.000424
  0.001103
  0.000189
  0.000751
  0.001115
 -0.000072
  0.000884
  0.000029
  0.000163
  0.000054
  0.000855
 -0.000231
 -0.000067
  0.000273
  0.000320
  0.000020
 -0.000372
  0.000834
  0.000511
 -0.000071
 -0.000784
 -0.000824
  0.000557
 -0.000447
  0.001108
 -0.000990
 -0.000791
  0.000595
  0.000571
 -0.000179
  0.000730
 -0.000518
 -0.001253
  0.000762
 -0.000921
  0.000490
 -0.001724
 -0.000590
  0.000201
  0.000026
 -0.000795
  0.000673
  0.000446
 -0.000100
 -0.000303
  0.000243
 -0.000233
 -0.000032
  0.000004
  0.000399
 -0.000213
 -0.000362
 -0.000021
 -0.000277
  0.000508
  0.000183
 -0.000198
  0.000280
 -0.000391
  0.000266
 -0.000426
  0.000252
 -0.000290
 -0.000241
 -0.000141
 -0.000717
  0.000485
 -0.000374
 -0.000055
  0.000107
  0.000081
  0.002054
 -0.000400
 -0.000541
  0.001565
  0.000366
  0.000383
  0.000003
  0.000173
 -0.001271
  0.001366
  0.000800
 -0.001810
  0.000271
  0.000318
  0.000063
  0.000561
 -0.001071
  0.000244
 -0.000378
 -0.000181
 -0.000297
  0.000052
 -0.000285
 -0.000262
 -0.000221
  0.000016
 -0.000153
  0.000026
 -0.000751
 -0.000179
 -0.000583
 -0.000259
 -0.000139
  0.000371
  0.000410
  0.000515
 -0.000512
 -0.000706
  0.000736
 -0.001187
 -0.001389
  0.000613
  0.001469
  0.000133
  0.000651
  0.001071
 -0.000828
 -0.000436
 -0.000571
 -0.000252
 -0.000428
  0.000918
 -0.000306
  0.001099
 -0.000095
  0.000463
  0.000801
 -0.000208
 -0.000279
 -0.000768
  0.000702
 -0.000147
 -0.000035
 -0.000150
  0.000064
  0.000197
  0.000170
  0.000563
 -0.000100
  0.000209
 -0.000166
  0.000031
  0.000181
 -0.000059
  0.000039
 -0.000675
 -0.000115
  0.000307
  0.000087
 -0.000111
 -0.000247
  0.000344
 -0.000220
  0.000406
 -0.000195
  0.000185
  0.000426
 -0.000272
  0.000477
 -0.000073
 -0.000483
  0.000382
  0.000076
  0.000009
 -0.000155
  0.000062
  0.000280
  0.000287
  0.000292
  0.000549
 -0.000056
  0.000411
  0.000039
  0.000127
 -0.000296
  0.000463
  0.000005
  0.000146
  0.000028
 -0.000333
  0.000149
 -0.000223
  0.000216
 -0.000273
 -0.000019
  0.000045
  0.000123
  0.000179
 -0.000194
 -0.000217
 -0.000171
 -0.000507
  0.000465
 -0.000170
  0.000100
  0.000454
  0.000096
  0.000020
  0.000124
 -0.000419
  0.000202
 -0.000266
  0.000440
  0.000218
  0.000128
  0.000043
 -0.001288
 -0.000511
 -0.000416
  0.000340
  0.000611
  0.001669
 -0.000400
  0.000362
 -0.000445
  0.000164
 -0.000624
 -0.000006
 -0.001071
  0.000308
 -0.000455
  0.000142
 -0.000099
 -0.000722
  0.000267
  0.000253
  0.000137
  0.000145
 -0.000439
 -0.000459
  0.000099
 -0.000189
  0.000205
  0.000159
 -0.000081
 -0.000425
 -0.000606
  0.000232
  0.000424
 -0.000316
 -0.000301
 -0.000191
  0.000040
 -0.000452
  0.000788
 -0.000557
 -0.000652
  0.000452
 -0.000040
  0.000132
 -0.000140
  0.000641
  0.000032
 -0.000208
 -0.000269
  0.000560
 -0.000044
 -0.000153
  0.000465
  0.000201
 -0.000413
  0.000348
 -0.000067
  0.000320
  0.000145
  0.000099
  0.000068
 -0.000626
  0.000537
  0.000136
  0.000371
  0.000057
 -0.000017
  0.000030
 -0.000137
  0.000394
 -0.000083
 -0.000147
  0.000239
  0.000251
 -0.000045
  0.000246
  0.000105
  0.000060
  0.000151
 -0.000201
  0.000177
 -0.000393
 -0.000225
  0.000326
  0.000106
  0.000153
  0.000047
 -0.000295
 -0.000325
  0.000424
  0.000522
 -0.000186
  0.000523
  0.000003
  0.000130
  0.000044
 -0.000051
 -0.000641
 -0.000261
 -0.000542
 -0.000346
  0.000174
  0.000064
  0.000062
 -0.000134
  0.000216
  0.000062
 -0.000121
 -0.000125
 -0.000038
 -0.000131
 -0.000137
  0.000093
  0.000110
  0.000111
  0.000244
  0.000332
 -0.000036
 -0.000331
 -0.000396
  0.000040
 -0.000093
 -0.000556
  0.000015
 -0.000059
 -0.000178
  0.000017
  0.000104
 -0.000237
  0.000060
  0.000136
 -0.000175
  0.000164
  0.000028
  0.000055
  0.000471
  0.000106
  0.000063
 -0.000218
 -0.000346
 -0.000406
  0.000100
  0.000020
  0.000124
 -0.000138
  0.000217
  0.000233
 -0.000044
 -0.000212
 -0.000020
 -0.000048
  0.000101
  0.000089
 -0.000048
  0.000089
  0.000139
  0.000119
 -0.000019
 -0.000100
  0.000101
  0.000081
 -0.000014
 -0.000086
 -0.000068
 -0.000024
  0.000179
  0.000005
  0.000082
 -0.000060
  0.000106
 -0.000047
  0.000065
