 -0.065643
  0.077541
  0.103011
 -0.484589
 -0.305893
  0.063980
  0.784533
 -0.087530
 -0.059736
 -0.003121
 -0.027127
  0.081308
  0.048809
  0.017951
 -0.010976
 -0.067424
  0.014180
 -0.023165
  0.000294
  0.002230
 -0.000806
  0.012316
  0.013259
  0.015020
  0.014395
  0.006445
  0.009232
 -0.007783
 -0.003826
 -0.006290
  0.001573
 -0.022503
 -0.003105
  0.001999
 -0.003347
  0.010249
 -0.010793
 -0.008456
 -0.003344
  0.015643
 -0.009832
  0.003014
  0.015235
 -0.007778
  0.003551
 -0.004541
  0.005695
  0.006637
  0.004026
  0.001247
  0.009882
 -0.005494
  0.011640
  0.011881
 -0.008039
  0.001258
 -0.008864
 -0.004915
 -0.002060
 -0.000397
 -0.000122
  0.001644
 -0.001350
  0.001058
 -0.000970
 -0.000516
  0.005630
 -0.001554
  0.002232
 -0.002167
  0.003891
  0.000828
 -0.001027
 -0.000650
  0.004853
 -0.001991
  0.003903
  0.000808
  0.003987
  0.002531
 -0.001282
  0.001936
  0.000779
 -0.000555
 -0.001831
 -0.002715
  0.003550
 -0.001325
 -0.002469
 -0.000922
  0.000526
 -0.001454
  0.000439
 -0.002487
 -0.001825
  0.000863
  0.001733
  0.003468
  0.003656
 -0.004971
  0.001177
  0.000921
 -0.001263
 -0.000681
 -0.002232
  0.003878
 -0.006486
  0.000161
  0.005878
  0.005427
 -0.001075
 -0.009596
 -0.001721
  0.001780
 -0.000229
  0.003933
  0.006039
 -0.000749
 -0.001985
  0.007519
 -0.000390
 -0.002526
  0.002635
 -0.001842
  0.002224
  0.004170
 -0.003974
  0.002464
 -0.003068
  0.004543
  0.003571
 -0.004865
 -0.004104
  0.000160
 -0.000130
 -0.002794
 -0.001850
 -0.001182
  0.000796
  0.000084
  0.000346
 -0.005303
  0.000884
  0.001082
  0.002340
  0.001435
  0.000368
 -0.001756
 -0.002299
  0.001217
  0.000814
 -0.001132
 -0.000489
 -0.001431
  0.001719
  0.000404
  0.000063
 -0.000578
 -0.000259
  0.001126
  0.002262
  0.001068
  0.002379
  0.001504
  0.001762
 -0.001629
 -0.000301
 -0.000077
  0.001574
  0.000711
 -0.000127
 -0.001314
  0.000373
  0.000300
 -0.000218
  0.000755
 -0.000842
  0.000061
  0.001087
 -0.001232
  0.001193
  0.000553
 -0.002301
 -0.000692
  0.000421
  0.000549
 -0.000734
 -0.000265
 -0.000889
  0.000163
  0.001136
  0.000511
  0.000039
  0.000672
 -0.000578
 -0.000342
 -0.000948
  0.000101
 -0.000288
  0.000274
  0.000853
 -0.001024
 -0.000424
 -0.000821
 -0.000914
 -0.000728
  0.002105
 -0.001873
 -0.000663
 -0.000485
 -0.000804
  0.000539
  0.000122
 -0.000551
 -0.000237
  0.000438
  0.000606
 -0.000975
  0.000278
 -0.000475
  0.000103
 -0.000227
  0.000004
 -0.000722
 -0.000136
  0.000235
  0.000584
  0.000227
  0.001329
  0.000843
 -0.000806
 -0.000516
  0.000673
 -0.000083
  0.000245
  0.000028
 -0.001513
  0.000331
  0.000116
 -0.000115
 -0.000799
  0.000648
  0.000237
 -0.000930
 -0.000103
  0.000254
 -0.000020
 -0.000442
 -0.000107
 -0.000997
 -0.000839
  0.000684
  0.000317
 -0.001416
  0.000026
  0.000347
  0.000791
 -0.000747
  0.000315
  0.000847
 -0.001190
 -0.000528
 -0.000551
 -0.001857
  0.000641
  0.000572
 -0.000156
  0.001075
 -0.000978
 -0.000690
  0.001717
 -0.000105
 -0.000335
  0.000593
 -0.000288
  0.000407
  0.000068
 -0.001307
  0.000828
  0.000226
 -0.000699
 -0.000843
  0.000181
 -0.001159
 -0.000223
 -0.002187
  0.001742
 -0.000062
  0.000236
  0.000448
 -0.000582
 -0.000487
  0.000184
  0.000991
 -0.001685
  0.000243
  0.001450
 -0.001039
  0.000622
 -0.000395
 -0.000775
 -0.000224
 -0.001445
  0.002080
  0.000132
  0.000524
 -0.000165
  0.001038
 -0.001083
 -0.001945
 -0.000152
 -0.000341
  0.000150
 -0.000251
 -0.000103
 -0.002038
 -0.000686
  0.000947
  0.000305
  0.000528
 -0.000475
  0.001344
  0.000866
 -0.000245
 -0.000151
  0.000595
 -0.000811
 -0.000117
  0.000493
  0.000952
 -0.000585
 -0.000415
  0.002755
  0.000495
 -0.002765
 -0.001724
  0.000046
 -0.000596
  0.000730
  0.000994
  0.000910
 -0.000407
 -0.000399
 -0.000107
 -0.000302
  0.000414
  0.001468
 -0.001111
  0.000605
 -0.000468
  0.000282
 -0.000828
  0.000617
  0.000224
  0.002052
 -0.001294
  0.001445
 -0.000323
 -0.000113
  0.001071
 -0.000229
  0.001400
  0.001885
 -0.000294
  0.001131
  0.000849
  0.002293
  0.001709
 -0.000249
  0.000707
 -0.000617
 -0.000717
  0.000047
 -0.000329
  0.001368
  0.002299
  0.000993
 -0.000368
 -0.004076
  0.000029
  0.001556
 -0.002301
 -0.000736
  0.000441
 -0.000472
 -0.001249
  0.000317
  0.001352
  0.000742
 -0.001058
  0.001033
 -0.000184
  0.000020
  0.000169
 -0.000182
  0.000706
 -0.000887
 -0.000749
 -0.000813
  0.000598
  0.001387
 -0.000954
 -0.001393
  0.000064
 -0.000309
 -0.000298
 -0.000522
  0.000615
  0.001409
 -0.001871
  0.000365
 -0.000913
  0.000143
 -0.002979
  0.001261
  0.001040
  0.002866
 -0.000403
 -0.002016
  0.000298
 -0.001623
  0.000291
  0.000523
  0.000640
  0.000028
  0.000905
 -0.000886
  0.000421
 -0.000424
 -0.000963
 -0.000055
  0.000475
 -0.000173
  0.001577
  0.002068
  0.001643
  0.000892
 -0.000943
  0.000111
  0.000636
 -0.000278
 -0.000556
  0.001256
  0.000506
  0.000263
  0.000848
  0.000869
  0.001425
 -0.000298
  0.000243
 -0.000101
 -0.000181
  0.000305
  0.000049
  0.000219
  0.000614
  0.000199
 -0.000210
 -0.000109
 -0.000197
 -0.000124
  0.000079
 -0.000039
  0.000474
 -0.000418
  0.000495
 -0.000393
 -0.000259
  0.000346
  0.000175
  0.000186
 -0.001108
  0.000676
 -0.001038
  0.000240
 -0.000116
 -0.000461
 -0.001378
  0.000810
 -0.000208
  0.000013
  0.000002
 -0.000260
 -0.000406
  0.001142
  0.000327
 -0.000234
 -0.000014
  0.000092
 -0.000202
 -0.000253
 -0.000175
 -0.000533
  0.000707
  0.000561
  0.000216
 -0.000336
 -0.000549
 -0.000540
  0.000259
  0.000617
 -0.000854
  0.000904
 -0.000216
 -0.000721
 -0.000240
  0.000523
 -0.000251
 -0.001239
  0.000662
 -0.000491
 -0.000446
 -0.000047
  0.001148
  0.000824
  0.000017
 -0.000566
 -0.000547
  0.000904
  0.000075
  0.000047
  0.000189
  0.000653
  0.000443
 -0.000660
  0.000342
  0.000011
  0.002219
 -0.000516
  0.000466
 -0.000344
  0.001344
  0.000212
  0.000079
 -0.000808
 -0.002445
  0.001312
 -0.000742
 -0.000898
 -0.000238
  0.000534
  0.000393
  0.000496
  0.000697
  0.000081
 -0.000831
  0.000426
 -0.000713
 -0.000223
 -0.001685
  0.000572
 -0.000829
 -0.001464
  0.000334
  0.000780
 -0.000656
  0.000540
 -0.000878
  0.000094
  0.000417
  0.000207
 -0.001057
  0.000651
  0.000298
 -0.000636
  0.000443
  0.000203
  0.000478
  0.000805
 -0.000622
  0.000165
 -0.000266
 -0.000427
  0.000082
 -0.000913
 -0.000466
  0.000188
 -0.000470
 -0.000118
  0.000065
  0.000733
 -0.000352
 -0.000842
 -0.000122
 -0.000334
  0.000922
 -0.000107
 -0.000124
 -0.000548
 -0.000251
  0.000310
 -0.000024
 -0.000555
  0.000279
  0.000696
  0.000117
  0.000002
 -0.000699
 -0.000351
 -0.000333
 -0.000881
 -0.000201
 -0.000499
 -0.000353
  0.000583
  0.000047
 -0.000946
  0.000633
  0.000719
  0.000727
  0.000218
 -0.000702
  0.000032
  0.000749
 -0.000057
  0.000232
 -0.000053
 -0.000166
  0.000792
  0.000484
  0.000842
  0.000214
 -0.000661
 -0.000637
  0.000374
  0.001116
 -0.001207
  0.000199
 -0.001952
 -0.000511
  0.001420
 -0.000515
 -0.000527
  0.000535
 -0.000351
 -0.000381
  0.000786
 -0.000263
  0.000173
  0.000302
 -0.000026
 -0.000427
 -0.000187
  0.000136
 -0.000228
  0.000080
  0.000187
  0.000190
 -0.000612
 -0.000120
  0.000205
 -0.000128
  0.000006
 -0.000222
 -0.000228
 -0.000371
  0.000068
 -0.000540
  0.000349
 -0.000084
 -0.000453
  0.000175
  0.000253
 -0.000169
 -0.000454
  0.000074
  0.000304
  0.000242
  0.000264
 -0.000076
 -0.000039
  0.000144
  0.000283
 -0.000075
  0.001038
 -0.000452
  0.000075
 -0.000460
 -0.000300
 -0.001475
  0.000236
  0.000024
 -0.000160
  0.001472
 -0.000330
 -0.000238
 -0.000229
 -0.000878
  0.000302
 -0.000420
 -0.001686
  0.000879
  0.000430
 -0.000209
  0.000160
  0.000397
 -0.000117
 -0.000625
 -0.000885
 -0.000078
  0.000382
 -0.000126
 -0.000861
  0.000443
  0.000167
 -0.000781
  0.001098
 -0.000105
 -0.000770
  0.000190
  0.000021
  0.000271
  0.000469
 -0.000691
  0.000652
 -0.000300
  0.000417
 -0.000294
  0.000056
 -0.000193
  0.001372
  0.000073
  0.000135
 -0.000134
 -0.000679
 -0.000035
 -0.000117
  0.001172
 -0.000484
  0.000231
  0.000838
  0.000044
  0.000338
  0.000175
 -0.000126
  0.000443
 -0.000284
  0.000363
 -0.000621
 -0.000920
  0.000706
 -0.000572
 -0.000122
  0.000308
  0.000099
 -0.000749
  0.000060
 -0.000347
  0.000012
  0.000465
  0.000342
  0.000090
 -0.000008
  0.000475
  0.000004
 -0.000342
 -0.000239
  0.000152
  0.000209
  0.000302
  0.000018
  0.000037
  0.000176
  0.000062
 -0.000065
  0.000141
  0.000031
 -0.000106
  0.000267
 -0.000165
  0.000455
 -0.000468
  0.000083
 -0.000496
 -0.000134
  0.000145
  0.000284
 -0.000202
  0.000542
 -0.000523
 -0.000545
  0.000375
 -0.000097
  0.000180
  0.000045
 -0.000046
 -0.000192
 -0.000014
 -0.000013
 -0.000127
 -0.000096
 -0.000382
  0.000160
 -0.000085
  0.000039
  0.000359
 -0.000685
  0.000119
 -0.000355
 -0.000373
 -0.000215
  0.000321
  0.000067
 -0.000047
 -0.000111
 -0.000360
  0.000065
  0.000121
  0.000078
  0.000074
  0.000108
 -0.000044
  0.000027
 -0.000040
 -0.000074
 -0.000056
 -0.000318
 -0.000173
 -0.000018
 -0.000104
  0.000071
  0.000021
  0.000060
  0.000141
  0.000006
