  0.119006
  0.003039
 -0.804509
 -0.186157
  0.074062
 -0.068142
 -0.156689
  0.017273
  0.480713
  0.026001
  0.024231
  0.123628
 -0.006271
  0.039534
 -0.003675
 -0.056573
 -0.047138
  0.020681
 -0.013990
  0.022169
 -0.020183
 -0.006684
  0.022858
  0.014493
  0.015460
  0.013313
 -0.007977
  0.002617
 -0.018289
  0.009880
  0.001135
 -0.028121
 -0.003720
 -0.004122
  0.008707
  0.001941
  0.029380
 -0.028176
 -0.008661
 -0.007219
 -0.035430
 -0.008588
  0.035195
 -0.006809
  0.009959
 -0.006469
 -0.012273
 -0.011376
 -0.003632
  0.028023
 -0.007359
  0.011338
  0.006450
  0.002247
 -0.004586
  0.010297
 -0.000440
  0.002271
  0.004908
  0.002255
  0.003961
 -0.017194
  0.007350
 -0.004691
 -0.006701
 -0.001670
 -0.003657
  0.001425
  0.011750
 -0.000744
 -0.002619
 -0.000248
 -0.002175
  0.007646
  0.007247
  0.005050
 -0.008687
 -0.003697
  0.003346
 -0.008913
 -0.004540
  0.003211
 -0.018487
  0.002999
  0.003462
  0.004849
 -0.001958
 -0.002643
  0.012937
 -0.008108
  0.000446
 -0.011295
  0.001404
 -0.010206
 -0.005296
 -0.007242
  0.012310
  0.008337
 -0.001776
  0.003101
  0.003234
  0.008815
 -0.006132
  0.002973
  0.008593
  0.001826
 -0.006866
 -0.000408
  0.005111
  0.000305
 -0.000987
  0.003932
  0.001041
 -0.000485
 -0.002754
 -0.000648
 -0.000963
 -0.000140
 -0.000068
  0.006402
 -0.003909
  0.002071
  0.002040
 -0.001576
 -0.000875
 -0.002241
 -0.000772
 -0.001315
 -0.002035
  0.001373
 -0.001770
 -0.000890
 -0.000224
 -0.000611
 -0.003994
  0.001328
 -0.006174
 -0.007417
  0.000953
 -0.000650
  0.002888
 -0.003766
 -0.005597
  0.003546
 -0.000388
 -0.002399
  0.004507
  0.004882
  0.000981
  0.004125
 -0.002441
  0.002599
 -0.000052
  0.000859
  0.002080
 -0.000415
 -0.002582
  0.001645
  0.001527
 -0.003484
 -0.001105
  0.003474
 -0.000175
  0.004593
  0.001565
 -0.003703
  0.002779
  0.004488
  0.001595
 -0.000688
 -0.000757
  0.000119
 -0.000251
 -0.001514
  0.002564
  0.003409
  0.002511
  0.000733
 -0.001866
  0.001705
 -0.001021
  0.006492
  0.001673
 -0.003529
 -0.000042
  0.001734
 -0.002160
 -0.001820
 -0.002099
 -0.007778
  0.001657
 -0.003927
 -0.000884
  0.000353
  0.002245
  0.000696
  0.001679
 -0.005411
 -0.000164
  0.002975
 -0.001554
 -0.000632
  0.003619
 -0.003945
  0.000366
  0.000300
  0.001049
 -0.000914
  0.007525
 -0.001334
  0.002601
  0.005281
  0.002474
 -0.001399
 -0.002452
  0.000591
  0.009289
  0.003691
 -0.002756
  0.000923
  0.006183
  0.000692
 -0.000759
  0.000716
 -0.000307
  0.002147
 -0.003525
  0.001014
 -0.000813
 -0.007001
 -0.001586
 -0.002103
 -0.003400
  0.001447
 -0.002875
 -0.000794
  0.000396
 -0.000952
  0.002445
  0.001150
 -0.000238
  0.002026
  0.002533
  0.001739
 -0.003406
 -0.000373
  0.002264
  0.003147
 -0.000892
  0.000850
 -0.001361
  0.000731
  0.001863
 -0.000389
 -0.002296
 -0.000603
 -0.000991
  0.000487
  0.001413
  0.000641
  0.001401
 -0.000757
  0.001430
  0.004922
  0.000919
  0.006968
  0.001206
  0.000612
  0.001566
 -0.001626
  0.003495
  0.004672
 -0.000718
 -0.001786
  0.001314
 -0.000960
  0.001841
  0.001190
 -0.000774
  0.001743
 -0.000795
  0.000933
 -0.000365
  0.000097
  0.001065
 -0.004202
  0.001700
  0.003497
 -0.003165
  0.000210
 -0.000244
 -0.001259
  0.001041
  0.004654
 -0.000675
  0.000891
 -0.003525
 -0.000188
  0.001207
  0.002847
 -0.002060
  0.000972
  0.000606
  0.000065
 -0.000821
  0.001065
 -0.002178
  0.002873
  0.000552
  0.000731
 -0.000427
 -0.002096
 -0.001045
  0.001033
  0.001501
 -0.000686
  0.001038
 -0.003353
 -0.000393
 -0.000047
 -0.000367
 -0.001803
 -0.000706
 -0.001297
  0.000207
 -0.000037
  0.000228
 -0.000421
 -0.002112
 -0.000746
 -0.000076
  0.000864
 -0.000064
 -0.001280
  0.001512
  0.000129
  0.000751
  0.002261
  0.000271
  0.000829
  0.001131
  0.000361
 -0.002172
 -0.000126
  0.000374
 -0.001699
  0.001480
 -0.000242
  0.000394
  0.000781
 -0.000762
  0.001902
 -0.000218
  0.000570
  0.000716
 -0.000244
 -0.000379
 -0.000682
 -0.000955
  0.000774
  0.001384
  0.000157
 -0.000121
 -0.000796
  0.000618
 -0.000224
  0.003272
 -0.000475
 -0.001085
  0.000686
  0.000041
  0.001892
  0.002607
  0.000591
 -0.000452
 -0.001378
  0.000086
 -0.001008
 -0.000449
 -0.000149
 -0.000360
 -0.000863
  0.000202
 -0.000162
 -0.000546
 -0.000203
  0.000814
 -0.000248
 -0.000777
 -0.000644
  0.000289
 -0.000315
 -0.000176
  0.001453
  0.000732
 -0.000859
  0.000315
 -0.000632
 -0.000221
 -0.002527
  0.000269
 -0.002044
 -0.000599
  0.000812
 -0.000468
 -0.000003
  0.000934
 -0.000785
  0.000160
 -0.000158
 -0.000115
  0.001083
  0.000290
 -0.001791
  0.000058
 -0.002237
 -0.000084
  0.001854
 -0.000329
 -0.000186
  0.002213
 -0.000066
  0.000875
 -0.001410
  0.005921
  0.000916
 -0.000291
 -0.000312
 -0.000836
  0.000564
 -0.000201
  0.001110
  0.000533
  0.000528
  0.000234
  0.000576
  0.000447
  0.000129
  0.000179
  0.000889
  0.000276
  0.000708
 -0.001117
  0.001719
  0.000897
 -0.000296
  0.000248
 -0.000078
 -0.001119
 -0.000478
 -0.001255
 -0.000217
 -0.000135
  0.000262
 -0.000110
 -0.000493
  0.001094
 -0.000320
  0.000825
 -0.000043
 -0.001451
  0.000078
 -0.000679
 -0.000794
  0.000485
  0.001603
 -0.000392
  0.000512
  0.000802
  0.000258
 -0.002105
 -0.000062
  0.000245
 -0.000399
 -0.001794
  0.000934
 -0.000204
 -0.001444
  0.000697
 -0.000294
  0.002385
  0.000231
  0.001855
 -0.001405
 -0.000476
 -0.000671
 -0.000433
 -0.000946
  0.000824
 -0.001383
 -0.000943
  0.000417
 -0.000389
  0.000396
  0.000208
  0.000930
 -0.000050
 -0.000124
  0.000285
 -0.000438
  0.001225
 -0.000450
 -0.000074
  0.000905
  0.000424
  0.001154
  0.001555
 -0.001448
  0.000421
 -0.000822
  0.000213
  0.000151
 -0.001376
  0.000041
  0.000507
  0.002091
 -0.000465
 -0.001356
  0.001965
 -0.000217
 -0.000238
 -0.002186
 -0.000834
  0.000229
  0.002045
  0.000150
 -0.001358
 -0.000411
  0.000550
 -0.000436
 -0.000517
 -0.001633
 -0.001146
 -0.000160
 -0.001668
  0.000487
 -0.001015
 -0.000769
 -0.000532
  0.001735
 -0.000205
  0.000646
  0.000467
 -0.000070
  0.000373
 -0.000286
  0.000678
 -0.000280
  0.001598
 -0.000904
  0.000120
  0.000715
 -0.000398
  0.000071
 -0.000503
 -0.001662
 -0.001555
 -0.000330
  0.000153
  0.000472
 -0.000603
 -0.000987
  0.000790
  0.000360
  0.000512
 -0.000632
  0.000462
 -0.000561
  0.000762
  0.000437
  0.000306
  0.000878
  0.000790
 -0.000335
 -0.000227
  0.000400
 -0.000610
  0.000401
  0.000477
  0.000451
  0.000351
 -0.001205
 -0.002077
  0.000118
 -0.000016
  0.000035
  0.000349
 -0.000415
 -0.000330
  0.000356
 -0.000133
  0.000178
  0.000663
 -0.001352
  0.000485
 -0.000418
 -0.000033
 -0.000007
  0.000524
 -0.000481
  0.000748
 -0.000570
  0.000989
 -0.000116
 -0.000612
  0.001005
 -0.000039
  0.001201
 -0.000450
 -0.000856
 -0.000264
  0.000783
 -0.000101
  0.000553
 -0.001082
 -0.000070
  0.000422
  0.000267
 -0.000818
 -0.000651
  0.001106
  0.000453
 -0.000567
  0.000926
  0.001062
  0.000837
  0.000162
  0.000611
 -0.000584
  0.000454
  0.000411
  0.000391
  0.000038
  0.000040
  0.000419
 -0.000015
 -0.000106
 -0.000178
  0.000005
 -0.000220
 -0.000351
 -0.000487
  0.000275
  0.000214
  0.000215
 -0.000054
 -0.000745
  0.000203
  0.000098
  0.000033
  0.000491
  0.000034
  0.000262
  0.000083
  0.000034
 -0.000253
  0.000442
 -0.000099
 -0.000428
  0.000045
  0.000291
 -0.000068
 -0.000012
 -0.000437
  0.001083
 -0.000397
 -0.001225
  0.000083
  0.000074
  0.000565
 -0.000439
 -0.000870
 -0.000206
  0.000113
  0.000321
 -0.000145
 -0.000089
  0.000653
 -0.000264
 -0.000656
  0.000312
 -0.000458
 -0.000015
  0.000135
 -0.000093
  0.000199
  0.000133
  0.000123
 -0.000501
  0.000047
  0.000020
 -0.000058
 -0.000279
  0.000101
  0.000281
  0.000170
  0.000708
  0.000094
  0.000202
 -0.000467
 -0.001101
 -0.000573
 -0.000659
 -0.000038
 -0.000210
  0.000161
  0.001005
  0.000276
  0.000598
  0.000204
  0.000216
 -0.000357
  0.000044
 -0.000661
  0.000730
  0.000543
 -0.000211
  0.000433
  0.000037
 -0.000388
  0.000631
  0.000051
  0.000059
 -0.000191
  0.000306
  0.000082
  0.000186
 -0.000539
  0.000042
  0.000180
 -0.000532
 -0.000275
 -0.000097
 -0.000054
  0.000268
 -0.000246
  0.000182
  0.000023
 -0.000202
 -0.000023
  0.000010
 -0.000602
 -0.000131
  0.000362
  0.000214
 -0.000292
 -0.000026
 -0.000025
  0.000069
 -0.000424
  0.000793
  0.000012
  0.000020
 -0.000253
  0.000251
  0.001143
  0.000032
  0.000057
 -0.000029
 -0.000324
 -0.000157
  0.000072
  0.000294
 -0.000320
 -0.000325
 -0.000295
 -0.000052
 -0.000198
 -0.000063
 -0.000136
  0.000063
  0.000029
  0.000174
 -0.000142
 -0.000038
  0.000269
  0.000077
 -0.000026
  0.000027
  0.000047
 -0.000313
  0.000102
  0.000070
  0.000073
 -0.000135
  0.000170
 -0.000337
  0.000068
 -0.000071
  0.000028
  0.000167
 -0.000271
 -0.000032
 -0.000017
 -0.000559
  0.000065
 -0.000008
 -0.000359
 -0.000156
  0.000619
  0.000052
  0.000034
 -0.000021
  0.000060
 -0.000188
  0.000031
 -0.000174
 -0.000023
 -0.000029
  0.000249
 -0.000067
  0.000097
 -0.000006
  0.000097
 -0.000097
 -0.000133
 -0.000026
 -0.000056
  0.000090
 -0.000073
 -0.000167
  0.000232
 -0.000032
  0.000055
  0.000037
