 -0.986678
  0.033994
  0.113621
  0.026921
  0.043693
 -0.001558
 -0.060467
  0.014647
  0.024103
 -0.029169
  0.004749
 -0.025498
  0.025958
  0.011163
 -0.011516
  0.003588
  0.000171
  0.017383
 -0.004060
 -0.004142
  0.000402
 -0.004470
 -0.008448
 -0.001379
 -0.005975
 -0.005545
  0.000521
  0.011202
  0.000638
  0.006828
 -0.005327
 -0.000030
 -0.008933
  0.004814
  0.011933
 -0.003588
 -0.000192
 -0.005782
  0.005570
  0.002120
 -0.011428
  0.010733
  0.004699
 -0.000955
 -0.000512
 -0.006496
  0.004721
  0.000376
 -0.001336
  0.005356
 -0.005484
  0.000694
 -0.006472
 -0.009464
 -0.001965
  0.002879
  0.005174
  0.002026
  0.000778
  0.003180
  0.000661
 -0.001936
  0.001044
 -0.002184
  0.000715
  0.004298
  0.002097
 -0.000542
 -0.007403
  0.002536
 -0.005409
  0.000282
  0.003187
  0.001168
 -0.000069
 -0.002502
 -0.004006
 -0.001646
 -0.002303
 -0.002641
 -0.002003
 -0.001628
 -0.002814
 -0.000410
  0.001950
  0.004800
 -0.002708
 -0.001603
  0.001526
  0.002719
 -0.003206
  0.003553
  0.000873
  0.001389
 -0.001983
  0.001782
 -0.007013
 -0.005093
 -0.000796
  0.005490
  0.000189
 -0.001558
  0.000771
 -0.000012
  0.001825
 -0.003487
  0.001984
 -0.002520
 -0.003830
 -0.005550
  0.000395
  0.013640
 -0.001353
 -0.002352
 -0.001171
 -0.004522
 -0.006326
  0.001003
  0.000341
 -0.004403
 -0.002078
  0.000451
 -0.003012
  0.000678
  0.000597
 -0.002747
  0.003918
 -0.003725
  0.002303
 -0.005590
 -0.005074
  0.001928
  0.002404
 -0.001062
  0.000602
  0.003218
  0.000352
 -0.000261
  0.000650
  0.000442
 -0.000193
  0.001776
 -0.000880
  0.001718
  0.003055
 -0.001392
  0.000641
 -0.001086
 -0.000721
  0.000750
  0.000855
 -0.000252
  0.002377
 -0.000438
  0.000789
 -0.000121
  0.000653
  0.001727
 -0.000256
 -0.000461
 -0.000672
  0.001802
 -0.001367
 -0.000216
 -0.000644
 -0.000343
  0.000195
  0.000147
  0.000076
 -0.000999
 -0.001164
 -0.000026
 -0.001372
 -0.000629
  0.000176
 -0.001442
 -0.000299
  0.000187
 -0.000045
 -0.000347
  0.000053
  0.000382
 -0.000934
 -0.000543
  0.000123
  0.000335
 -0.000032
 -0.000078
 -0.000391
 -0.000300
 -0.000758
 -0.000388
 -0.000136
  0.000025
  0.000449
  0.000140
  0.000800
 -0.000255
 -0.000017
  0.000047
  0.000830
 -0.000697
 -0.000318
 -0.000443
  0.000672
  0.000285
 -0.000226
 -0.000098
  0.000756
  0.000464
  0.000218
  0.001449
 -0.000103
  0.000541
 -0.000196
 -0.000016
 -0.000092
 -0.000005
 -0.000386
 -0.000627
 -0.000087
  0.000586
  0.000247
  0.000524
 -0.000116
  0.000615
 -0.001144
 -0.000485
 -0.000568
 -0.000652
 -0.000532
  0.000325
 -0.000633
 -0.000613
  0.000754
 -0.000626
  0.001239
  0.000328
 -0.000203
  0.000994
  0.000752
  0.000165
 -0.000625
 -0.001216
  0.000556
 -0.001207
  0.000460
 -0.000494
 -0.000220
  0.000080
  0.001121
 -0.000809
 -0.000287
  0.000390
  0.000841
  0.000274
  0.000033
  0.001001
  0.000565
  0.000020
  0.000872
  0.000787
 -0.000073
 -0.000505
  0.000504
  0.000114
 -0.000316
 -0.000227
  0.002044
  0.000613
 -0.001935
  0.000044
  0.000156
 -0.000268
 -0.000117
 -0.000386
 -0.000148
  0.001036
 -0.001610
 -0.000912
 -0.000135
 -0.000539
  0.001783
  0.001271
 -0.000193
 -0.000055
  0.000186
 -0.000040
  0.001118
  0.001112
  0.001284
 -0.000128
  0.000260
 -0.000963
  0.000661
 -0.000353
 -0.001376
  0.001709
 -0.000009
 -0.000186
  0.001307
 -0.000228
  0.000578
 -0.002472
  0.000195
  0.000041
  0.000631
 -0.001153
  0.000982
  0.001122
  0.001503
 -0.000737
 -0.000307
 -0.000159
  0.000041
  0.000495
  0.001784
 -0.001813
 -0.001055
  0.000338
  0.000009
 -0.001535
 -0.000568
  0.000499
  0.000025
  0.000094
  0.000148
  0.000075
  0.000340
 -0.000838
  0.000520
  0.000885
 -0.003198
 -0.002339
  0.002051
  0.001751
  0.000238
 -0.000221
 -0.000127
 -0.001642
 -0.000594
 -0.000099
  0.000663
 -0.000433
  0.000494
 -0.001058
 -0.001154
 -0.001281
  0.000001
  0.000311
 -0.000259
  0.000669
 -0.000388
 -0.000558
 -0.000915
  0.000615
 -0.001736
 -0.000082
 -0.000819
 -0.000861
  0.000637
 -0.000770
 -0.001858
  0.000612
 -0.000853
 -0.000586
 -0.001530
 -0.001919
 -0.000196
 -0.000304
 -0.000266
  0.000833
 -0.000242
 -0.000436
 -0.002354
 -0.001329
 -0.000423
  0.000313
  0.002424
  0.000807
 -0.001673
  0.002534
  0.000284
 -0.001215
  0.000048
  0.002107
 -0.000486
 -0.000207
 -0.001244
 -0.000055
 -0.001731
 -0.001018
  0.000200
 -0.000246
  0.000753
  0.000582
  0.000445
 -0.000123
  0.002051
 -0.001367
 -0.000802
  0.000872
  0.000755
 -0.000380
 -0.000686
 -0.000332
  0.000470
 -0.000320
 -0.000547
  0.001020
  0.000078
  0.000597
 -0.000244
  0.001091
 -0.000853
 -0.000357
 -0.001756
  0.001228
  0.000303
 -0.000058
  0.000689
  0.000232
  0.000045
  0.001004
  0.000632
 -0.001834
  0.000933
 -0.001562
  0.000068
  0.001214
 -0.000394
  0.000929
 -0.000351
 -0.000896
 -0.000845
 -0.000819
 -0.001053
  0.000438
 -0.000319
 -0.000013
 -0.000065
  0.000369
 -0.000864
 -0.000265
  0.000226
  0.000280
 -0.000787
 -0.001056
 -0.000436
 -0.000478
  0.000143
 -0.000002
 -0.000037
  0.000095
 -0.000230
 -0.000198
  0.000348
  0.000129
  0.000267
  0.000748
  0.000374
  0.000372
 -0.000036
 -0.000127
  0.000836
 -0.001284
  0.000477
  0.001252
  0.000353
 -0.000049
 -0.000536
  0.000706
 -0.000399
  0.000859
 -0.000133
 -0.000055
  0.000544
  0.001005
 -0.001198
 -0.000246
  0.001858
  0.000316
  0.000428
  0.000724
 -0.000698
 -0.000611
 -0.000167
 -0.000085
 -0.000833
  0.000532
 -0.000158
  0.000089
  0.000307
 -0.000431
 -0.000674
 -0.000306
  0.000715
  0.000796
  0.000136
 -0.001525
  0.000017
  0.000419
 -0.000474
  0.000118
  0.000585
  0.000684
 -0.000054
 -0.000266
 -0.000178
 -0.000351
 -0.000079
  0.000092
  0.000780
 -0.000873
 -0.000491
 -0.000331
 -0.000102
  0.000356
  0.000635
  0.000776
  0.000551
 -0.000153
  0.000275
 -0.000215
  0.000561
  0.000848
  0.000370
 -0.002025
  0.000260
 -0.000477
  0.000770
 -0.000628
 -0.000092
 -0.000980
  0.000636
  0.002060
 -0.001190
  0.000695
  0.000312
  0.000740
  0.000051
 -0.000476
 -0.000409
 -0.000723
 -0.000351
  0.000310
 -0.000082
  0.000233
  0.000237
  0.000262
 -0.000170
  0.001667
  0.000624
 -0.000364
 -0.000548
 -0.000278
  0.000173
  0.000607
  0.000595
 -0.000391
  0.000573
  0.000312
  0.000573
 -0.000774
  0.000750
 -0.000238
 -0.000187
 -0.000505
 -0.001310
  0.000678
 -0.000216
  0.000183
  0.000567
  0.000646
  0.000688
  0.000302
  0.000250
  0.000023
  0.000156
 -0.000133
 -0.000445
  0.000486
  0.000439
  0.000213
  0.000134
 -0.000825
  0.000259
 -0.000129
  0.000539
 -0.000069
 -0.000438
  0.000140
  0.000976
 -0.000535
 -0.000528
 -0.000338
  0.000082
  0.000023
  0.000500
  0.000034
  0.001221
  0.000810
  0.000041
  0.000149
  0.000174
 -0.000093
  0.001161
 -0.000586
 -0.001473
 -0.000670
 -0.000377
  0.000318
  0.000121
 -0.000937
  0.000460
 -0.000807
 -0.000210
  0.000272
 -0.001287
 -0.000297
 -0.001121
  0.000319
  0.000621
  0.001193
  0.000499
 -0.000813
  0.001902
 -0.000021
  0.002089
  0.000642
 -0.001987
  0.000623
  0.000442
 -0.000573
 -0.000016
  0.000529
 -0.000814
 -0.000065
 -0.000180
 -0.000178
  0.000001
  0.000547
 -0.000043
 -0.000529
  0.000521
 -0.000149
 -0.000351
 -0.000122
  0.000158
  0.000099
 -0.000087
  0.000010
 -0.000223
  0.000356
  0.000377
  0.000368
 -0.000226
  0.000310
 -0.000205
 -0.000324
  0.000653
 -0.000130
 -0.000606
 -0.000216
  0.000801
 -0.000065
 -0.000487
 -0.000427
 -0.000571
  0.000084
 -0.000092
 -0.000270
  0.000417
  0.000151
 -0.001176
  0.000135
 -0.000047
  0.000395
  0.000313
  0.001943
 -0.000237
  0.000275
 -0.000029
 -0.001627
  0.000206
  0.000062
  0.000468
  0.001295
 -0.000486
  0.000077
  0.002412
 -0.001095
 -0.000577
  0.000055
 -0.000363
 -0.000168
  0.000339
  0.000705
  0.000656
  0.000425
 -0.000034
  0.000494
  0.001062
 -0.000433
 -0.000434
  0.001087
 -0.001520
  0.000222
  0.000616
 -0.000334
  0.000125
 -0.000235
 -0.000461
  0.001190
 -0.000200
  0.000721
 -0.000430
  0.000056
 -0.000241
  0.000250
 -0.001132
 -0.000167
 -0.000058
  0.000145
  0.000512
  0.000284
  0.000248
 -0.000786
  0.000387
 -0.000261
 -0.000799
 -0.000129
 -0.000021
 -0.000362
  0.000052
 -0.000616
 -0.000087
 -0.000372
  0.000737
  0.001083
 -0.000954
  0.000563
  0.000254
 -0.000456
  0.000182
  0.000722
 -0.000045
  0.000394
  0.000082
 -0.000414
 -0.000301
 -0.000305
  0.000596
 -0.000596
  0.000324
  0.000115
  0.000436
  0.000025
  0.000079
 -0.000242
 -0.000103
  0.000319
 -0.000139
  0.000126
  0.000202
 -0.000153
  0.000259
  0.000331
 -0.000166
  0.000378
 -0.000593
  0.000395
 -0.000060
  0.000415
  0.000341
 -0.000135
 -0.000271
  0.000154
 -0.000578
  0.000500
  0.000445
 -0.000092
  0.000004
  0.000281
 -0.000085
 -0.000069
  0.000205
 -0.000021
  0.000098
  0.000316
  0.000190
  0.000234
  0.000115
  0.000089
 -0.000403
 -0.000165
 -0.000044
 -0.000219
 -0.000076
 -0.000232
  0.000250
 -0.000527
 -0.000089
  0.000059
  0.000167
  0.000128
 -0.000187
 -0.000287
 -0.000059
 -0.000050
 -0.000162
 -0.000221
  0.000125
 -0.000038
 -0.000104
  0.000002
  0.000334
  0.000241
  0.000149
  0.000329
 -0.000034
 -0.000004
  0.000003
 -0.000096
 -0.000032
