 -0.892653
 -0.054409
 -0.041878
 -0.039069
 -0.426715
  0.019275
 -0.014060
 -0.034904
  0.092586
  0.016226
  0.016341
 -0.001442
  0.015109
  0.026609
 -0.014388
  0.009181
  0.000539
  0.009105
 -0.008496
 -0.009117
 -0.004924
 -0.001053
 -0.005415
 -0.002763
  0.002280
  0.005298
  0.000376
  0.001393
  0.010294
 -0.005643
  0.004418
 -0.000739
 -0.002441
  0.011796
  0.013936
 -0.003348
 -0.000843
 -0.001733
  0.003483
  0.002952
 -0.003368
  0.008859
  0.012103
 -0.001067
 -0.001761
  0.005409
  0.002036
 -0.009112
  0.000970
 -0.001042
  0.003592
  0.008577
  0.003075
 -0.003987
 -0.001342
 -0.002624
  0.003459
  0.005366
  0.004900
 -0.002348
  0.005230
 -0.003649
 -0.004277
 -0.001476
  0.008775
 -0.000446
  0.002805
 -0.001086
  0.003926
 -0.005678
  0.003316
 -0.007738
 -0.009887
  0.006018
 -0.001509
  0.002000
  0.001527
  0.006580
 -0.003528
 -0.002050
 -0.009168
  0.003112
 -0.002289
 -0.006187
 -0.000538
  0.005535
  0.001950
 -0.001449
  0.004113
 -0.000039
  0.003743
 -0.000478
 -0.003547
  0.001311
 -0.005804
  0.004848
  0.001457
  0.004415
  0.000631
  0.001008
 -0.002023
 -0.001193
 -0.003499
  0.004406
 -0.001967
  0.000227
 -0.000359
 -0.002471
  0.000764
  0.000756
 -0.000603
  0.001054
  0.000911
  0.001434
 -0.000081
 -0.000764
 -0.000693
 -0.001901
 -0.000673
  0.002605
 -0.000141
  0.001944
 -0.000953
 -0.000184
 -0.002795
 -0.002208
 -0.001911
  0.000565
 -0.002515
  0.000448
  0.000818
  0.001397
  0.000515
 -0.002100
 -0.002208
 -0.002268
  0.001396
  0.000904
 -0.000184
 -0.000944
 -0.000250
 -0.000045
  0.000623
 -0.000103
  0.001142
 -0.001453
  0.002680
  0.002431
  0.000368
  0.001663
 -0.002649
 -0.000019
 -0.002475
 -0.003079
 -0.000110
  0.000344
 -0.000508
  0.000618
 -0.000043
 -0.001330
 -0.001024
 -0.000930
  0.001286
  0.001392
  0.000587
  0.002607
  0.001757
  0.001600
  0.000644
 -0.000571
 -0.001639
  0.000898
  0.001103
  0.001977
  0.001197
  0.000373
  0.001000
 -0.000377
 -0.000093
 -0.000447
 -0.000882
  0.000024
 -0.000890
  0.000919
  0.001386
  0.000376
  0.000540
 -0.000316
  0.000493
  0.001614
 -0.000049
  0.002309
 -0.003181
 -0.000794
 -0.000239
 -0.000506
  0.002633
 -0.000439
 -0.000304
  0.000507
  0.000731
  0.000503
 -0.000084
  0.000137
  0.000510
 -0.000114
  0.000446
 -0.000499
 -0.000072
 -0.000945
 -0.000944
 -0.000024
  0.000802
 -0.000957
  0.000992
  0.000690
 -0.000623
  0.000283
  0.000279
  0.000732
  0.000179
  0.000808
 -0.001415
 -0.000878
  0.000211
 -0.000110
 -0.000608
 -0.000218
 -0.000999
  0.000159
 -0.000417
 -0.000721
 -0.000236
  0.000166
  0.000602
  0.000849
  0.000563
  0.001234
 -0.000908
 -0.000001
 -0.001437
 -0.000203
  0.001218
 -0.000775
 -0.001615
 -0.001965
  0.001365
  0.000349
 -0.000424
 -0.000701
 -0.000016
  0.000302
 -0.000056
 -0.000782
  0.000262
 -0.000360
  0.000673
  0.000612
 -0.000441
  0.000510
 -0.000103
  0.000067
  0.000284
 -0.000144
  0.000135
  0.000090
 -0.000602
 -0.000335
 -0.000084
 -0.000249
 -0.000656
  0.000368
 -0.000721
  0.000197
 -0.000825
  0.000463
  0.000651
 -0.000007
  0.000494
  0.000595
  0.001040
 -0.000421
  0.000097
 -0.000481
 -0.000197
  0.000479
  0.000328
 -0.000624
 -0.000484
 -0.002039
  0.000160
 -0.000030
  0.000755
 -0.000365
  0.002397
  0.000396
 -0.000246
  0.000718
  0.000907
 -0.000279
  0.000929
 -0.000964
 -0.000176
 -0.000023
 -0.000530
  0.002249
  0.000059
  0.000106
 -0.000077
  0.000957
 -0.002857
  0.000876
  0.000880
 -0.000242
  0.000161
  0.000342
  0.001028
  0.000625
 -0.000775
  0.000760
  0.000503
 -0.000271
 -0.002110
 -0.000151
 -0.000143
  0.000307
  0.000273
  0.000200
  0.000092
  0.000347
  0.000016
 -0.000289
 -0.000385
 -0.000152
  0.000249
 -0.000258
  0.000453
  0.000361
  0.000371
 -0.000092
  0.000097
 -0.000880
  0.001105
  0.000848
 -0.000133
  0.000688
  0.000496
  0.000303
  0.000459
 -0.000355
 -0.000635
 -0.001239
 -0.001492
 -0.000617
 -0.001659
 -0.002196
  0.000518
  0.001222
  0.000213
 -0.001055
  0.000794
 -0.000544
  0.000799
 -0.000301
  0.000272
  0.000312
 -0.000753
 -0.000223
  0.000132
 -0.000483
  0.000167
 -0.000746
  0.002072
 -0.000050
  0.001235
 -0.000791
  0.000904
 -0.000745
  0.001071
  0.000220
  0.000903
  0.001967
  0.000726
 -0.000717
 -0.001111
 -0.000414
 -0.000445
 -0.000536
 -0.000064
 -0.000608
  0.000242
  0.000426
  0.001924
 -0.003533
  0.000196
  0.000720
 -0.000903
  0.001220
  0.001093
 -0.003313
  0.000041
  0.001649
  0.001480
  0.000134
 -0.002243
  0.000536
 -0.000240
  0.002497
  0.001180
 -0.001387
  0.001860
 -0.002934
  0.000851
  0.001093
 -0.000867
  0.000445
  0.000909
  0.000548
  0.001157
 -0.000730
 -0.000134
 -0.000196
 -0.000027
 -0.000520
  0.000428
  0.000105
  0.000013
 -0.000659
 -0.000127
  0.000854
 -0.000083
  0.000086
  0.000595
  0.000228
  0.000350
 -0.000501
  0.000304
 -0.000066
 -0.000160
 -0.000162
 -0.000282
  0.000240
 -0.000081
 -0.000260
  0.000389
  0.000009
 -0.000404
 -0.000137
  0.000376
  0.000006
  0.000015
 -0.000215
 -0.000138
  0.000601
 -0.000234
 -0.000072
  0.000649
  0.000616
  0.001083
 -0.001135
 -0.000245
  0.000082
  0.000134
 -0.000009
 -0.000171
 -0.000192
  0.000474
  0.000689
  0.000759
 -0.000390
 -0.000222
  0.000116
  0.000502
  0.000440
  0.000298
 -0.001018
 -0.001112
  0.000149
 -0.001285
 -0.000729
 -0.001138
 -0.000348
  0.000619
 -0.000713
  0.000347
  0.001093
  0.000445
  0.000196
 -0.000640
  0.000775
 -0.000058
  0.000201
 -0.000460
 -0.000608
 -0.000722
 -0.000477
  0.000963
 -0.000091
  0.000118
  0.000085
 -0.000343
 -0.000015
 -0.000974
  0.000669
 -0.000610
  0.000856
 -0.000021
 -0.000249
  0.000121
 -0.000438
 -0.000306
 -0.000368
  0.000251
  0.001423
 -0.000643
  0.001301
 -0.000078
 -0.000332
 -0.001201
  0.000320
 -0.000056
  0.000999
  0.000489
 -0.000714
 -0.000200
 -0.000356
 -0.000743
 -0.001610
 -0.000397
  0.000954
  0.000817
 -0.000125
  0.000267
  0.000870
 -0.000243
 -0.000209
 -0.000041
  0.000687
 -0.000138
  0.000641
 -0.000087
  0.000503
  0.001045
  0.000735
 -0.000060
  0.000480
  0.000331
  0.000410
  0.000450
 -0.000407
 -0.000246
 -0.000371
  0.000278
 -0.000038
  0.000151
  0.000472
 -0.000407
 -0.000584
  0.000460
 -0.000041
  0.000090
 -0.000852
  0.000595
 -0.000269
  0.000231
  0.000639
  0.000553
  0.000149
  0.000149
 -0.000061
 -0.000440
  0.000746
 -0.000181
  0.000117
  0.001075
 -0.000296
 -0.000322
  0.000029
 -0.000708
  0.000507
 -0.000025
 -0.000297
 -0.000183
 -0.000104
  0.000311
  0.000984
 -0.000975
 -0.000994
  0.000464
  0.000861
 -0.000793
  0.001037
  0.000269
  0.000543
 -0.001845
  0.000611
 -0.000221
 -0.001000
 -0.000953
 -0.001317
  0.000052
 -0.002973
  0.000005
  0.000841
 -0.000813
  0.000048
  0.000738
 -0.000983
 -0.000167
  0.000549
 -0.000478
  0.000718
  0.000697
 -0.000099
 -0.000824
  0.000363
 -0.000411
 -0.000629
  0.000503
 -0.000479
 -0.000189
  0.000444
 -0.000039
 -0.000859
 -0.000318
  0.000224
  0.000507
  0.000095
  0.000168
  0.000213
 -0.001387
 -0.000324
  0.000111
  0.000230
 -0.000186
 -0.000681
 -0.000277
 -0.000238
 -0.000268
  0.000266
  0.000072
  0.000178
 -0.000016
 -0.000263
 -0.000397
 -0.000579
 -0.000860
 -0.000073
 -0.000017
 -0.000118
 -0.000466
  0.000339
 -0.000531
  0.000861
  0.000299
  0.000120
  0.000437
 -0.000539
 -0.000298
  0.000995
  0.002041
  0.001033
  0.000544
 -0.000966
 -0.000102
  0.000359
  0.001465
 -0.002834
 -0.000168
 -0.000799
 -0.001683
  0.000128
 -0.000645
 -0.000381
  0.000214
 -0.000663
 -0.000019
 -0.000098
  0.000802
  0.000340
 -0.000925
 -0.000239
 -0.000784
  0.000500
  0.000050
 -0.000698
  0.000592
  0.001075
 -0.000265
  0.000334
  0.000678
 -0.000950
 -0.000647
  0.000381
 -0.001115
 -0.001074
  0.000687
  0.000684
 -0.000299
 -0.000273
 -0.000611
 -0.000267
 -0.000100
 -0.000174
  0.000322
  0.000327
  0.000562
 -0.000316
 -0.000021
  0.001007
 -0.000201
  0.000514
  0.000496
  0.000324
  0.000376
 -0.000069
  0.000037
 -0.000795
  0.000311
 -0.000347
  0.000243
 -0.001125
  0.000054
  0.000581
  0.000320
  0.000011
 -0.000316
  0.000668
 -0.000614
  0.000578
 -0.000279
 -0.000036
  0.000303
 -0.000144
 -0.000285
  0.000038
  0.000211
  0.000036
  0.000265
 -0.000102
 -0.001577
 -0.000192
  0.000049
 -0.000095
  0.000701
  0.000215
 -0.000065
  0.000087
  0.000018
  0.000076
 -0.000259
 -0.000279
 -0.000367
  0.000184
  0.000176
  0.000094
 -0.000298
  0.000502
  0.000131
  0.000219
  0.000034
  0.000067
 -0.000264
  0.000234
 -0.000182
 -0.000164
  0.000052
  0.000037
 -0.000003
 -0.000247
  0.000091
  0.000060
  0.000213
  0.000197
 -0.000011
 -0.000570
 -0.000094
  0.000491
 -0.000139
  0.000020
  0.000134
 -0.000225
 -0.000054
 -0.000211
  0.000246
 -0.000147
  0.000118
 -0.000128
 -0.000037
  0.000055
 -0.000072
  0.000496
  0.000128
 -0.000206
 -0.000398
 -0.000242
  0.000256
 -0.000181
  0.000005
  0.000026
 -0.000479
 -0.000456
  0.000305
  0.000057
 -0.000014
 -0.000226
 -0.000252
  0.000069
 -0.000322
 -0.000010
 -0.000342
 -0.000073
  0.000009
 -0.000029
 -0.000141
  0.000066
 -0.000003
 -0.000016
  0.000048
  0.000074
  0.000043
  0.000006
 -0.000008
 -0.000008
 -0.000017
