 -0.032327
  0.017693
 -0.087082
 -0.980073
  0.006800
  0.037228
  0.107368
 -0.101841
 -0.015930
 -0.002187
 -0.004007
  0.036471
 -0.024370
  0.001114
  0.017524
 -0.021880
  0.008584
 -0.025002
 -0.002335
 -0.014917
 -0.029057
  0.010299
  0.003603
 -0.000807
  0.011332
  0.013535
  0.015338
 -0.001767
  0.017090
  0.008561
  0.002082
  0.005031
  0.005025
 -0.007488
 -0.005607
 -0.008192
  0.004316
 -0.004458
 -0.004134
  0.009464
  0.001097
  0.002738
  0.001615
  0.011786
  0.002772
  0.002351
 -0.004013
 -0.004080
 -0.002195
 -0.002454
  0.002152
 -0.000338
 -0.001828
  0.000561
  0.002401
 -0.003958
  0.002646
 -0.001199
  0.002120
  0.000867
 -0.003820
 -0.000721
  0.000152
 -0.001151
  0.003264
 -0.001461
 -0.000100
 -0.000325
 -0.001901
  0.003671
  0.000540
 -0.004550
  0.003648
 -0.000469
 -0.000187
 -0.002084
 -0.001638
  0.000823
  0.000187
  0.001510
 -0.000025
  0.000010
 -0.001157
  0.000339
 -0.001110
  0.002782
  0.000563
  0.000412
 -0.001745
  0.001491
  0.001520
 -0.000269
  0.002161
 -0.000207
 -0.001605
  0.002675
  0.005216
  0.001702
  0.000461
  0.000706
 -0.001265
  0.001098
 -0.001908
 -0.003382
  0.000454
 -0.000411
 -0.001485
 -0.000579
 -0.000881
  0.000532
  0.000008
  0.000357
 -0.000121
  0.000536
  0.000497
  0.000357
 -0.000146
 -0.000120
 -0.000669
  0.001176
  0.000209
 -0.000655
  0.000136
 -0.000344
  0.001149
 -0.000367
 -0.000463
 -0.000218
  0.000980
 -0.001343
  0.000446
 -0.001281
 -0.000536
  0.003621
  0.000904
 -0.002162
 -0.000950
 -0.002941
 -0.000033
 -0.000613
 -0.000940
  0.003425
  0.003897
  0.000155
 -0.000675
 -0.001219
  0.000204
  0.001278
 -0.000452
  0.001216
  0.005014
  0.005160
  0.006644
  0.002664
 -0.000224
  0.000281
 -0.004672
  0.000973
  0.001791
 -0.001563
 -0.000117
  0.001382
 -0.001059
 -0.000566
  0.000088
  0.000056
 -0.000006
 -0.000699
  0.000484
 -0.000634
 -0.001135
  0.000471
 -0.000314
  0.001585
  0.000531
  0.002853
 -0.004572
  0.002377
 -0.001665
  0.002566
 -0.003261
  0.000547
  0.001636
 -0.002503
 -0.003448
  0.000027
  0.000503
 -0.000416
  0.002042
  0.001900
 -0.001172
  0.002386
 -0.000041
  0.001768
 -0.002360
  0.000214
  0.002362
  0.001165
 -0.001142
 -0.001288
 -0.000820
 -0.000587
 -0.001544
 -0.001677
  0.001767
  0.001817
  0.001068
 -0.000025
  0.000815
  0.000406
 -0.000096
 -0.000273
  0.001489
  0.000076
 -0.001028
  0.000883
  0.000801
  0.000155
  0.001248
 -0.001145
  0.000699
  0.000286
 -0.001975
  0.000242
  0.000669
  0.001243
 -0.001575
  0.000547
 -0.001289
 -0.000814
  0.002782
 -0.000814
  0.001759
  0.000396
  0.000892
 -0.002267
 -0.001953
  0.001123
  0.000158
 -0.000518
 -0.002305
  0.001398
  0.000383
 -0.000301
  0.001189
 -0.001082
 -0.000572
 -0.000720
 -0.001056
 -0.001551
  0.000200
 -0.001377
  0.000888
 -0.001317
 -0.001177
  0.000469
 -0.001383
 -0.000060
 -0.000215
  0.000022
 -0.000244
 -0.000114
  0.000745
 -0.000791
  0.000083
 -0.001032
  0.000071
 -0.000746
 -0.000154
 -0.000758
  0.000171
 -0.000590
 -0.000123
  0.000017
  0.000338
 -0.000098
  0.000336
 -0.000082
 -0.000647
  0.000389
 -0.000109
  0.000067
 -0.000047
  0.000108
 -0.000371
 -0.000117
 -0.001491
 -0.001089
  0.000193
 -0.000451
 -0.000045
  0.000179
  0.000688
  0.000017
  0.000008
  0.000277
 -0.000269
 -0.000569
  0.000152
 -0.000005
 -0.001042
 -0.000139
 -0.001090
 -0.000205
  0.001554
  0.000230
 -0.000176
  0.000756
 -0.000772
 -0.000064
  0.000719
  0.000634
  0.000677
  0.000223
 -0.000631
  0.000007
 -0.000206
 -0.001806
 -0.001612
 -0.000135
 -0.000146
  0.000081
 -0.000908
 -0.000577
 -0.001852
 -0.000438
 -0.001944
  0.000352
  0.001033
 -0.000924
 -0.002329
  0.000590
  0.001926
 -0.001085
  0.000185
 -0.001070
  0.000286
 -0.000900
 -0.001447
 -0.001139
 -0.001023
  0.000817
  0.000160
 -0.001117
 -0.000755
 -0.001600
  0.000953
 -0.000298
  0.000105
  0.000530
 -0.000100
  0.001062
 -0.000578
  0.000785
  0.000763
  0.000118
 -0.000587
  0.000633
  0.000349
 -0.000225
 -0.000540
  0.000447
 -0.000657
  0.000040
 -0.000222
  0.000304
 -0.000139
 -0.000462
 -0.000101
  0.000534
  0.000450
 -0.000274
  0.000037
 -0.000195
 -0.000007
  0.001005
 -0.000403
  0.001046
 -0.000090
  0.001488
  0.001348
 -0.000364
 -0.000029
 -0.000939
  0.001031
  0.002008
  0.000140
  0.000562
 -0.001613
  0.000895
 -0.000555
  0.000076
  0.001615
  0.001784
  0.000600
 -0.000509
  0.000442
 -0.000286
 -0.001093
  0.000706
  0.000498
 -0.001295
 -0.001828
  0.000632
  0.000267
  0.001549
  0.000174
 -0.001629
  0.000020
  0.000161
  0.000106
  0.000258
  0.000342
 -0.001026
  0.000071
 -0.000174
  0.000059
 -0.001211
  0.000503
  0.000050
 -0.000552
 -0.001789
  0.000058
  0.000464
  0.000717
 -0.000922
  0.000079
 -0.000731
 -0.000546
 -0.001110
 -0.000427
 -0.000059
 -0.000900
 -0.000080
 -0.000018
  0.000547
 -0.000358
  0.000874
 -0.000915
  0.000803
 -0.000526
  0.000516
 -0.000776
 -0.000120
  0.000067
 -0.000700
 -0.000159
 -0.000526
 -0.000234
 -0.000104
  0.000491
 -0.000197
  0.001373
 -0.001397
  0.001257
  0.000270
  0.000436
 -0.000005
  0.000810
  0.000300
  0.000371
 -0.000186
  0.001498
  0.000155
  0.000274
 -0.000018
 -0.000114
  0.000117
  0.000164
  0.000374
  0.000169
  0.000094
  0.000271
  0.000038
 -0.000634
  0.000807
 -0.000866
  0.000035
  0.000177
  0.000519
  0.000012
 -0.000407
 -0.001012
 -0.000129
  0.001191
  0.000236
  0.000379
  0.001006
  0.001030
 -0.000292
  0.001658
  0.000570
  0.001661
  0.000607
  0.000506
  0.000753
  0.001180
 -0.000050
 -0.000822
  0.000556
  0.001201
  0.000221
  0.000429
 -0.000200
 -0.000485
 -0.000316
 -0.000825
 -0.000023
  0.001124
  0.000358
 -0.001249
 -0.000242
 -0.000111
 -0.000698
 -0.000849
 -0.000027
  0.000773
 -0.000967
 -0.000797
 -0.000002
 -0.000193
 -0.000200
 -0.000024
 -0.000649
  0.000738
 -0.000781
  0.001118
 -0.000465
 -0.000324
 -0.000400
 -0.000652
  0.000610
 -0.000379
  0.000516
  0.001377
  0.000103
  0.001585
 -0.000711
  0.001403
  0.000380
 -0.001539
  0.001135
  0.000455
 -0.000701
  0.000436
 -0.000174
 -0.000278
  0.000656
 -0.001065
 -0.000085
 -0.000443
  0.000111
  0.000514
 -0.000090
 -0.001397
  0.000213
 -0.000243
 -0.000476
 -0.000442
  0.000596
  0.000490
  0.000365
  0.001117
  0.000199
 -0.000817
 -0.000436
 -0.000150
 -0.000251
  0.000638
  0.000063
 -0.000491
 -0.000305
 -0.000692
 -0.000077
  0.000348
  0.000601
 -0.000773
  0.000829
 -0.000139
 -0.000875
  0.000071
 -0.000517
  0.000755
 -0.001143
  0.001902
  0.000822
  0.001311
  0.000511
  0.000611
  0.000183
  0.000700
  0.000380
  0.000864
  0.000185
 -0.000093
 -0.001768
 -0.000431
  0.000298
 -0.000416
 -0.000185
  0.000280
  0.000843
  0.000347
  0.000392
  0.000126
 -0.000067
 -0.000580
 -0.000062
  0.000493
 -0.000454
  0.000509
  0.000525
  0.000143
  0.000763
  0.000053
 -0.000238
  0.000008
  0.000305
 -0.000284
 -0.000169
  0.000312
  0.000506
 -0.000208
 -0.000009
 -0.000290
  0.000181
  0.000407
 -0.000372
 -0.000108
 -0.000082
 -0.000000
  0.000232
 -0.000330
 -0.000285
 -0.000329
 -0.000482
  0.000042
 -0.000266
 -0.000206
 -0.000208
  0.000068
 -0.000068
 -0.000203
 -0.000036
 -0.000597
  0.000449
  0.000362
  0.000005
  0.000121
  0.000478
  0.000708
  0.000082
  0.000139
 -0.000389
  0.000131
 -0.000362
  0.000232
 -0.000025
  0.000431
  0.000061
  0.000025
 -0.000375
  0.000609
  0.000252
  0.000478
 -0.000725
  0.000372
  0.000323
  0.000638
 -0.000088
  0.000170
 -0.000338
 -0.000825
  0.000011
  0.000127
 -0.000515
 -0.000218
  0.000035
 -0.000049
  0.000239
  0.000129
  0.000057
 -0.000014
  0.000191
 -0.000100
 -0.000993
  0.000382
  0.000004
 -0.000572
 -0.000001
  0.000137
 -0.000097
  0.000398
  0.000043
  0.000087
  0.000204
 -0.000122
  0.000328
  0.000073
 -0.000416
  0.000287
 -0.000114
  0.000328
  0.000025
 -0.000174
  0.000273
 -0.000013
 -0.000043
 -0.000088
  0.000160
  0.000078
 -0.000325
  0.000298
 -0.000113
 -0.000017
  0.000124
  0.000079
  0.000138
  0.000009
 -0.000057
  0.000127
 -0.000409
 -0.000045
  0.000405
 -0.000104
 -0.000129
 -0.000291
 -0.000790
 -0.000012
  0.000222
 -0.000354
  0.000148
  0.000797
  0.000332
  0.000349
  0.000049
 -0.000111
 -0.000324
  0.000348
  0.000151
  0.000051
 -0.000004
  0.000328
  0.000080
 -0.000043
 -0.000310
 -0.000174
 -0.000086
  0.000039
  0.000058
  0.000547
  0.000123
  0.000050
  0.000206
 -0.000463
 -0.000029
  0.000002
  0.000103
 -0.000066
 -0.000016
 -0.000063
  0.000152
 -0.000056
 -0.000179
  0.000019
  0.000006
 -0.000202
 -0.000056
  0.000018
 -0.000116
  0.000210
 -0.000004
 -0.000188
  0.000323
  0.000174
 -0.000353
 -0.000098
  0.000225
 -0.000136
 -0.000068
 -0.000025
 -0.000024
 -0.000540
  0.000036
  0.000056
  0.000139
 -0.000088
 -0.000013
 -0.000154
 -0.000307
 -0.000156
 -0.000094
  0.000185
 -0.000077
  0.000145
 -0.000038
 -0.000031
 -0.000260
 -0.000084
  0.000109
 -0.000190
  0.000098
 -0.000116
 -0.000084
  0.000497
  0.000015
  0.000071
  0.000012
  0.000065
  0.000023
  0.000010
 -0.000143
  0.000111
  0.000357
  0.000545
  0.000064
 -0.000162
 -0.000586
  0.000007
 -0.000058
 -0.000056
  0.000033
  0.000021
  0.000057
 -0.000004
