  0.174477
 -0.038431
 -0.151450
 -0.047157
  0.001493
 -0.025593
  0.617081
 -0.430799
 -0.016643
 -0.308219
 -0.187104
  0.007644
 -0.221319
 -0.135487
  0.096089
  0.055293
 -0.203856
  0.065041
 -0.073828
 -0.054360
  0.017504
  0.034617
 -0.014740
 -0.013892
 -0.067851
  0.016862
 -0.047594
 -0.115092
 -0.066022
  0.011745
 -0.076741
 -0.036418
  0.025258
 -0.012877
 -0.039897
  0.033343
  0.001005
 -0.010861
 -0.015497
  0.063430
  0.067653
 -0.029820
 -0.010620
 -0.039059
 -0.008783
  0.047826
  0.032838
  0.029578
  0.039179
 -0.017669
 -0.017363
 -0.031522
 -0.005447
  0.034943
  0.015597
 -0.012792
 -0.013542
 -0.013437
 -0.025030
 -0.013490
 -0.005848
 -0.025942
 -0.059895
  0.029833
  0.000735
 -0.022037
  0.025387
  0.029320
 -0.014642
 -0.014161
 -0.002533
  0.019438
 -0.010805
  0.025078
  0.007895
 -0.007706
 -0.005370
 -0.010582
 -0.017907
  0.028235
 -0.029401
  0.013658
 -0.008238
  0.001150
  0.008063
  0.031427
  0.000056
  0.000974
 -0.003153
  0.000033
  0.000502
  0.000597
 -0.021088
  0.007763
 -0.006399
  0.004859
  0.002744
  0.008102
  0.014282
  0.002672
 -0.014791
  0.001266
 -0.008274
  0.028879
 -0.005791
  0.026468
 -0.003604
 -0.021660
 -0.014820
 -0.007233
  0.001930
 -0.019529
  0.003304
 -0.013817
 -0.007503
  0.011053
  0.020791
 -0.000760
 -0.039479
 -0.002152
 -0.025048
  0.006252
 -0.023538
  0.006772
 -0.013898
  0.023838
  0.024000
 -0.009529
 -0.006031
 -0.010582
 -0.006094
  0.003243
  0.021831
 -0.018094
  0.036990
 -0.000656
  0.002246
  0.013264
  0.005579
  0.006586
  0.010715
 -0.007717
  0.029622
  0.010939
 -0.004111
  0.011264
  0.001632
  0.015378
 -0.007253
  0.027982
  0.013360
 -0.016892
  0.007095
  0.006344
 -0.021875
 -0.006518
 -0.005642
  0.002161
 -0.015182
 -0.021228
 -0.011068
  0.001260
 -0.005703
 -0.005055
  0.002076
  0.001975
  0.008894
 -0.000068
  0.003242
 -0.001470
  0.002445
  0.001223
 -0.017160
 -0.010624
  0.001431
 -0.005851
  0.000457
  0.008233
  0.009732
  0.009381
 -0.011089
  0.000909
 -0.003433
 -0.001320
  0.008054
 -0.006738
 -0.005015
 -0.000320
 -0.008079
  0.000792
  0.003009
 -0.002694
 -0.001419
  0.005729
  0.000352
  0.002340
  0.000810
 -0.000445
  0.002515
  0.003875
  0.001464
  0.000884
 -0.003092
  0.000613
 -0.003694
 -0.003768
 -0.001795
 -0.000860
  0.000396
  0.003316
  0.005408
  0.008866
  0.004932
  0.003572
  0.002744
  0.001482
 -0.008334
 -0.000835
  0.003580
 -0.003022
  0.012613
 -0.005071
 -0.002396
 -0.001334
 -0.003055
  0.002412
  0.012978
 -0.004279
  0.007621
  0.010753
  0.007936
  0.009770
  0.003022
  0.000423
  0.001888
  0.016598
 -0.007621
  0.015194
  0.009863
  0.002951
  0.004295
 -0.043094
  0.001227
  0.005455
  0.009430
 -0.022748
 -0.003681
  0.001294
 -0.000240
  0.009210
 -0.006962
  0.019079
  0.010786
  0.003099
  0.003361
 -0.002013
 -0.004487
  0.011172
  0.009041
 -0.006183
 -0.002769
 -0.000165
  0.008017
  0.000240
 -0.004335
  0.001643
 -0.010978
  0.002255
 -0.007179
  0.016833
  0.004123
 -0.002015
  0.006228
 -0.003799
  0.001650
 -0.003775
 -0.000038
  0.004866
  0.010497
 -0.005183
  0.003512
 -0.005654
  0.000405
 -0.001520
  0.003684
  0.000527
 -0.004852
  0.006517
  0.010307
  0.001777
 -0.014271
  0.012421
  0.006564
  0.002330
 -0.002852
  0.010952
  0.003196
 -0.021127
 -0.004759
 -0.004796
  0.008171
  0.005713
 -0.000527
 -0.000591
  0.001727
  0.001216
 -0.004724
 -0.000298
 -0.007486
  0.001404
 -0.006195
  0.004419
  0.002497
  0.002511
 -0.010599
  0.005559
  0.002103
  0.006640
 -0.003448
  0.002911
 -0.001038
  0.004712
  0.005182
 -0.001769
 -0.000382
 -0.004113
  0.001783
  0.000210
 -0.005046
  0.001927
  0.008333
 -0.000131
  0.004580
 -0.004252
 -0.001770
 -0.006049
 -0.007433
 -0.004554
 -0.000741
  0.007465
  0.000955
 -0.008101
 -0.009383
 -0.005494
 -0.008363
  0.002054
 -0.007341
  0.000572
 -0.000002
  0.019060
 -0.001613
  0.003897
  0.008802
  0.005934
 -0.000559
  0.002806
  0.002163
 -0.003994
 -0.002296
 -0.007170
 -0.001892
 -0.006527
  0.002462
 -0.000080
  0.004198
  0.000400
  0.006133
 -0.003495
 -0.001438
  0.006695
 -0.001200
 -0.002256
  0.001893
 -0.003149
 -0.000124
  0.002859
 -0.001978
  0.001166
  0.006200
 -0.007192
 -0.001256
 -0.002724
 -0.000892
 -0.004708
 -0.001058
 -0.001912
  0.000652
 -0.001164
  0.008875
  0.001030
  0.002432
 -0.000717
 -0.005914
  0.003088
  0.000900
 -0.001429
  0.002714
  0.004605
  0.003108
  0.001997
 -0.004287
  0.001168
 -0.000083
  0.002607
 -0.002348
  0.001484
  0.001784
 -0.001671
  0.001973
 -0.002922
  0.004528
 -0.000799
 -0.001578
 -0.001078
  0.005632
  0.001511
 -0.006467
 -0.006475
  0.001816
  0.002824
 -0.001231
 -0.007661
  0.010188
 -0.009152
 -0.005533
 -0.001965
 -0.009771
 -0.005686
  0.012588
  0.004705
  0.001920
 -0.004970
 -0.010858
  0.001580
 -0.000058
  0.001100
 -0.001943
 -0.005623
 -0.000425
 -0.003958
 -0.000440
  0.005078
  0.001467
  0.003195
 -0.001443
 -0.001995
  0.006450
 -0.011752
  0.008025
  0.001601
  0.004319
  0.001859
  0.000588
  0.004098
  0.001185
 -0.001191
 -0.001930
 -0.010637
  0.006359
 -0.001577
 -0.004181
  0.006651
  0.004038
 -0.000828
 -0.001860
  0.000248
  0.004135
  0.002351
 -0.003775
  0.012303
 -0.003658
 -0.007829
  0.009729
  0.004656
  0.006540
 -0.001560
  0.000043
 -0.002058
  0.005821
 -0.009832
  0.003055
  0.002600
 -0.008167
  0.005940
  0.005510
  0.007743
 -0.012245
 -0.004041
 -0.004768
 -0.010300
 -0.001538
 -0.000062
  0.003806
 -0.000422
 -0.000953
  0.009556
 -0.000379
  0.001349
 -0.001012
 -0.005302
 -0.003949
 -0.004026
 -0.001879
 -0.004126
 -0.003611
 -0.005896
  0.001943
 -0.001084
  0.008194
  0.000770
 -0.003364
  0.001861
  0.007686
  0.005236
 -0.012870
  0.003408
  0.002176
 -0.000251
  0.002580
  0.005413
 -0.003822
 -0.014540
 -0.007577
 -0.000843
 -0.012150
 -0.005665
 -0.005811
 -0.004342
  0.001436
 -0.014288
 -0.014546
 -0.008812
 -0.003520
 -0.002557
  0.002369
 -0.000679
  0.003399
 -0.003619
 -0.004437
  0.004873
  0.000645
 -0.008713
  0.008872
 -0.005020
 -0.003804
  0.001184
 -0.001530
 -0.000907
  0.005520
  0.002186
 -0.001556
 -0.006223
  0.001025
  0.000155
 -0.003009
  0.002083
  0.003746
 -0.001905
 -0.002774
 -0.003158
  0.003887
 -0.001903
  0.001893
 -0.002000
  0.001532
  0.002106
 -0.003248
 -0.000302
  0.004361
  0.004472
  0.004999
 -0.000452
 -0.000591
  0.003150
  0.000908
  0.000969
  0.001877
 -0.006587
 -0.000979
 -0.002172
 -0.000728
  0.000184
 -0.000846
 -0.002473
  0.002597
 -0.000652
  0.002427
  0.001406
 -0.000231
  0.000215
  0.001989
 -0.004894
  0.000846
  0.002092
  0.002327
 -0.000911
  0.002920
 -0.009869
 -0.002293
 -0.002502
  0.002975
 -0.000713
 -0.006538
  0.003037
 -0.001751
  0.000075
  0.000991
  0.001957
 -0.006142
  0.000023
  0.005184
 -0.002402
  0.001712
  0.005091
 -0.007659
 -0.004432
  0.000164
  0.000889
  0.000383
  0.008589
 -0.013630
  0.003073
  0.002053
 -0.003975
  0.000188
  0.013962
 -0.000551
  0.001440
  0.000996
  0.004343
 -0.007623
  0.003701
  0.010216
 -0.002325
 -0.005257
 -0.002984
 -0.001890
  0.001079
 -0.003621
 -0.001641
  0.005891
 -0.010077
 -0.009879
 -0.003140
  0.004229
  0.005247
  0.003754
  0.002416
 -0.005215
  0.007053
 -0.005111
 -0.005965
  0.002420
  0.003135
 -0.002572
  0.004113
  0.005292
 -0.009564
  0.002338
  0.008732
  0.006729
 -0.005904
 -0.006720
 -0.004609
 -0.005639
  0.003517
  0.005897
  0.002863
 -0.010276
 -0.012616
  0.001851
  0.001805
  0.001882
 -0.000726
  0.001834
 -0.002730
  0.004216
 -0.003774
 -0.002203
 -0.002225
 -0.000993
  0.000758
 -0.000349
 -0.003496
  0.006672
 -0.002294
 -0.009251
 -0.005706
  0.005827
 -0.016262
  0.009360
  0.008156
  0.004611
  0.005997
 -0.006882
  0.006978
 -0.000000
 -0.009386
  0.003501
 -0.004394
 -0.003333
  0.019926
  0.003511
  0.016680
 -0.009593
 -0.002344
  0.009529
 -0.001018
  0.005375
  0.007846
  0.004515
  0.003963
  0.002060
 -0.006439
 -0.002518
  0.003899
 -0.003453
  0.011032
 -0.000989
  0.006068
  0.000636
  0.004676
  0.000450
 -0.000874
 -0.010181
 -0.005973
 -0.007253
  0.000561
  0.007490
 -0.002932
  0.003392
  0.000382
 -0.011076
  0.018539
 -0.005179
 -0.000510
  0.001480
 -0.004985
 -0.009321
  0.001308
 -0.001724
 -0.009532
  0.004598
 -0.005078
  0.004251
 -0.002653
  0.003321
 -0.006224
  0.000615
 -0.002981
 -0.013576
 -0.002753
  0.000949
 -0.007478
  0.002606
 -0.004115
 -0.002048
 -0.005250
 -0.000730
 -0.002096
  0.002085
  0.002530
 -0.000473
 -0.006942
 -0.001014
  0.001568
 -0.000087
  0.000005
 -0.002014
  0.000232
  0.004840
  0.002149
  0.001488
 -0.004633
  0.001194
  0.000635
  0.001688
  0.002936
 -0.001681
  0.002534
 -0.000072
  0.005416
  0.003875
 -0.004350
 -0.005308
 -0.003004
  0.003683
 -0.008417
  0.001436
  0.001884
 -0.001907
 -0.001645
  0.001975
 -0.004959
 -0.000106
  0.004365
 -0.034538
 -0.017396
  0.020152
 -0.009601
  0.001368
 -0.000368
 -0.008357
 -0.007657
 -0.003156
  0.000958
 -0.000227
  0.001752
  0.000400
 -0.000368
  0.003350
 -0.000681
 -0.000129
 -0.000234
  0.001794
 -0.000877
 -0.000570
  0.001624
  0.001190
  0.004894
  0.003815
  0.001032
 -0.007151
  0.000093
  0.001143
