  0.024108
 -0.374927
  0.032059
 -0.048841
  0.067894
  0.135428
  0.695884
  0.264478
  0.309389
  0.088326
 -0.063472
  0.110050
  0.060080
  0.083329
 -0.113646
  0.082722
 -0.051647
  0.045933
 -0.038952
  0.060093
  0.008272
 -0.047493
 -0.050964
  0.026220
  0.064223
 -0.001167
  0.014932
 -0.149931
  0.027701
  0.016553
 -0.025846
  0.071622
 -0.072829
 -0.051169
 -0.051039
  0.031713
 -0.018705
  0.048682
 -0.028782
 -0.028158
  0.025049
  0.022663
 -0.028944
  0.041908
  0.024198
 -0.008340
 -0.022903
 -0.022298
 -0.007821
  0.007241
 -0.021157
  0.007534
  0.041451
 -0.054559
 -0.014921
 -0.071469
 -0.004570
  0.037663
  0.006452
  0.043271
 -0.051606
  0.000557
  0.006007
  0.012359
  0.011064
 -0.015821
  0.009824
  0.008571
 -0.025434
  0.024216
  0.034228
  0.005228
  0.002820
 -0.007708
  0.002647
 -0.001937
 -0.012733
  0.009676
  0.000886
 -0.000347
  0.012692
 -0.002902
 -0.011137
  0.001433
  0.000666
 -0.001526
 -0.002908
 -0.009147
  0.006756
 -0.001195
  0.003007
 -0.001921
 -0.009941
 -0.008073
  0.032558
  0.012342
  0.006126
  0.003349
 -0.024169
  0.019465
 -0.001333
 -0.010728
  0.007154
  0.006783
  0.008093
 -0.009975
 -0.020865
 -0.000216
 -0.015139
 -0.006232
 -0.005490
  0.005882
 -0.005602
  0.024320
  0.005087
 -0.020173
  0.012549
  0.009380
  0.007168
  0.012472
 -0.004963
 -0.020885
  0.016820
  0.012091
 -0.001089
  0.010942
 -0.019326
  0.027540
  0.017876
  0.020118
 -0.002198
 -0.009828
  0.031717
 -0.024949
  0.016403
  0.004977
 -0.022386
  0.009436
 -0.028525
  0.018303
 -0.006431
  0.011376
  0.019863
 -0.018074
 -0.002021
  0.013654
  0.004678
  0.010653
  0.001601
  0.018661
 -0.004750
  0.010557
  0.009122
  0.013085
 -0.009346
  0.008113
  0.016025
  0.013006
 -0.014361
 -0.027938
  0.022498
  0.001452
 -0.002844
 -0.004552
 -0.024835
  0.020265
  0.002361
  0.009026
 -0.001255
 -0.003606
  0.000763
 -0.011178
 -0.026009
  0.003565
 -0.015688
 -0.020872
  0.024880
  0.004518
  0.009744
  0.008299
  0.012960
  0.001716
 -0.002758
 -0.011852
 -0.011613
  0.014524
  0.001404
 -0.011434
 -0.008503
  0.010278
 -0.002494
  0.004403
 -0.010635
 -0.001788
 -0.015002
 -0.003916
 -0.001724
  0.005197
  0.001160
  0.001376
 -0.001371
 -0.001255
 -0.021471
  0.006381
 -0.001942
 -0.014788
  0.002012
  0.005575
 -0.000287
  0.027928
  0.007601
  0.005768
 -0.010198
  0.015562
 -0.003594
 -0.001059
 -0.006201
  0.008245
  0.006909
 -0.013446
 -0.003793
  0.000974
  0.010494
  0.003922
  0.013565
 -0.006753
 -0.006494
 -0.006263
 -0.007421
 -0.001252
 -0.012491
  0.013542
  0.003896
 -0.005948
  0.014264
  0.006582
  0.007559
 -0.001535
  0.004982
  0.003488
 -0.006341
 -0.006327
  0.009110
  0.014568
 -0.006663
  0.007917
 -0.000550
 -0.003418
  0.002750
 -0.007016
  0.006104
  0.000053
  0.000609
 -0.005871
  0.000287
 -0.006016
  0.002313
  0.007835
 -0.009895
 -0.001605
  0.000990
 -0.003989
  0.009514
  0.007560
  0.004721
  0.002687
  0.002640
 -0.002147
  0.001156
 -0.002269
 -0.000434
 -0.002729
 -0.005232
  0.001588
 -0.009717
  0.016261
  0.000444
 -0.005861
  0.000777
 -0.000261
 -0.000696
 -0.003182
  0.004858
  0.006347
  0.001661
 -0.006153
 -0.002632
  0.003913
 -0.000885
  0.003467
  0.011708
  0.007447
  0.001564
 -0.013746
 -0.002103
 -0.001441
 -0.004201
 -0.003248
  0.011983
 -0.010650
 -0.000973
 -0.003336
 -0.000821
  0.001664
  0.008175
 -0.001139
 -0.021196
 -0.000149
  0.002082
 -0.002402
 -0.001478
 -0.003097
 -0.000958
  0.001394
  0.003925
 -0.004328
  0.001510
 -0.002024
  0.001350
 -0.000325
 -0.002593
  0.007311
 -0.004787
 -0.001684
 -0.000813
 -0.003572
 -0.001414
 -0.000326
 -0.003030
  0.008547
 -0.006238
  0.003148
 -0.006364
 -0.007817
  0.004282
 -0.003565
 -0.008855
 -0.000848
  0.000737
  0.006141
  0.002184
 -0.005086
  0.006762
  0.001602
 -0.000966
  0.005078
 -0.009306
  0.003721
  0.000929
  0.004890
  0.003942
  0.001786
  0.007221
 -0.001480
 -0.001861
  0.004128
  0.003315
 -0.001860
 -0.002809
 -0.000013
 -0.003793
 -0.007434
 -0.003911
 -0.002711
 -0.000107
  0.003004
  0.001290
  0.001364
 -0.000545
 -0.000870
  0.001557
  0.003989
  0.004892
 -0.001396
  0.001942
 -0.005463
 -0.000006
 -0.001815
  0.003405
  0.002066
  0.002677
  0.000517
  0.003209
  0.001390
  0.000343
 -0.001326
  0.000542
 -0.003764
  0.008504
  0.001314
  0.004526
  0.007716
 -0.002989
  0.014051
 -0.004040
  0.003895
 -0.001330
 -0.001351
  0.005150
 -0.002670
  0.002948
 -0.004662
 -0.002374
 -0.000064
 -0.001357
  0.005000
 -0.000765
 -0.002486
 -0.001297
  0.002362
 -0.001745
 -0.003594
 -0.001880
 -0.007736
 -0.000858
  0.000296
 -0.007697
 -0.004209
  0.001063
 -0.003607
 -0.002891
  0.006242
 -0.000207
 -0.000774
  0.003137
 -0.000865
  0.003374
 -0.000730
  0.002075
  0.002183
  0.001271
  0.000195
 -0.002420
 -0.001171
 -0.006683
  0.001062
  0.001476
  0.003621
 -0.003922
  0.001916
 -0.004546
  0.000569
  0.006629
 -0.002949
 -0.002677
 -0.002432
 -0.003289
 -0.009363
  0.001205
 -0.000306
  0.002097
 -0.003877
  0.004066
  0.002274
 -0.000845
 -0.003907
  0.000172
 -0.005015
  0.003950
  0.007002
 -0.002044
  0.009402
  0.001151
  0.002260
 -0.007679
 -0.002110
  0.008494
  0.006415
 -0.002627
 -0.002160
  0.005255
 -0.003419
 -0.000496
 -0.003693
 -0.006405
 -0.000843
 -0.004213
 -0.004635
 -0.003253
 -0.002710
  0.000011
 -0.005341
  0.000866
 -0.000307
 -0.003814
  0.002511
 -0.004758
 -0.000904
 -0.000080
 -0.009986
  0.009453
  0.001524
 -0.002301
 -0.003293
 -0.004345
 -0.002925
 -0.003179
  0.001838
 -0.003744
 -0.000719
  0.000315
 -0.005312
 -0.006376
 -0.000849
 -0.003342
  0.001176
  0.002033
 -0.006386
  0.002143
 -0.000384
 -0.003758
 -0.000090
 -0.004035
  0.009440
  0.009246
  0.007239
 -0.000977
  0.001923
  0.006407
 -0.004889
 -0.000604
  0.000108
  0.000528
  0.001859
 -0.006692
 -0.000677
 -0.005412
 -0.001432
  0.002960
 -0.010288
 -0.004158
 -0.004526
  0.003430
  0.001694
  0.013893
 -0.011002
 -0.000501
  0.005442
 -0.009771
 -0.004506
  0.007231
  0.001961
 -0.004404
  0.001211
  0.010066
  0.000516
 -0.001396
 -0.003301
  0.007921
 -0.004123
  0.005834
 -0.000814
  0.007543
 -0.000570
 -0.000879
 -0.001587
  0.000511
  0.003071
  0.000243
 -0.005981
  0.002457
  0.002229
 -0.002755
  0.000567
 -0.005843
  0.000365
  0.000741
  0.002446
  0.004436
  0.002667
 -0.001149
 -0.002656
  0.003332
  0.003192
 -0.000468
 -0.010598
  0.002482
 -0.005779
  0.001412
  0.002207
  0.004934
  0.003045
  0.001921
  0.004385
  0.000682
  0.010748
  0.000496
 -0.000314
 -0.002197
 -0.004602
 -0.000035
 -0.006006
 -0.000011
 -0.003014
  0.001576
 -0.000392
 -0.002100
  0.001028
 -0.001083
 -0.001336
 -0.004210
 -0.000487
 -0.005863
  0.000909
  0.003511
 -0.002778
  0.001173
 -0.001477
 -0.001418
 -0.004949
 -0.002738
 -0.003471
 -0.001098
  0.002066
 -0.003161
 -0.003629
 -0.001492
 -0.000415
  0.003602
  0.007302
 -0.004573
  0.000744
 -0.002519
 -0.004228
 -0.000777
 -0.004856
 -0.004367
 -0.007765
 -0.001734
  0.004569
 -0.001904
  0.004956
 -0.000449
 -0.000210
 -0.003931
 -0.001506
 -0.002977
  0.012119
 -0.001112
  0.004608
  0.006187
 -0.002356
  0.007258
 -0.003792
 -0.001781
 -0.005083
 -0.008478
  0.011440
  0.010527
 -0.009881
 -0.019513
  0.008059
  0.002246
 -0.001244
  0.009734
 -0.004897
 -0.003772
  0.009778
 -0.006780
  0.006255
  0.002515
 -0.003160
  0.001634
 -0.001895
 -0.002247
 -0.002152
 -0.005727
  0.006749
 -0.003528
 -0.012030
 -0.004667
  0.001411
  0.006160
  0.006513
 -0.001933
 -0.002509
  0.005336
 -0.004488
 -0.001308
 -0.000425
 -0.003973
 -0.004857
 -0.003384
  0.016660
 -0.002956
 -0.004421
 -0.006679
 -0.009844
 -0.000153
 -0.007609
 -0.002765
  0.003122
  0.005350
  0.001021
 -0.005099
 -0.000429
  0.003264
 -0.005561
  0.000954
  0.005495
  0.003372
  0.001823
  0.000570
 -0.000440
  0.002496
 -0.001765
 -0.002080
 -0.001016
 -0.002698
  0.002889
 -0.000180
 -0.006491
 -0.002070
 -0.003297
  0.001497
  0.008839
 -0.002369
  0.000132
 -0.003903
 -0.001493
 -0.009416
 -0.001731
 -0.001446
  0.003131
  0.003264
 -0.003685
  0.004436
 -0.003765
  0.000610
  0.002844
  0.003841
 -0.003761
 -0.003550
 -0.001751
 -0.005656
  0.000644
 -0.000510
  0.003378
 -0.000788
 -0.004396
 -0.002927
 -0.002536
 -0.003604
 -0.000007
  0.003682
 -0.002157
  0.000205
  0.010552
  0.002608
 -0.002368
 -0.008726
  0.002485
 -0.003062
 -0.002745
 -0.001696
 -0.000632
  0.000903
 -0.004904
  0.001159
  0.006200
  0.001171
 -0.006536
 -0.005269
  0.002552
 -0.006899
 -0.000795
 -0.003551
 -0.005414
 -0.003455
 -0.003016
 -0.004085
 -0.000980
 -0.004258
 -0.001503
  0.005954
  0.002626
  0.002850
  0.006366
  0.004546
  0.002716
 -0.002824
 -0.003711
  0.011088
  0.004034
 -0.007362
 -0.004154
  0.005515
 -0.006294
 -0.013531
  0.003370
 -0.001085
  0.003503
 -0.002620
 -0.000197
  0.005968
  0.002531
  0.005979
  0.002799
  0.001953
 -0.004967
 -0.000685
  0.004079
  0.003193
 -0.006829
 -0.004800
 -0.003756
  0.001167
 -0.001271
 -0.000592
 -0.001447
 -0.003548
 -0.000104
  0.001050
  0.000235
 -0.000404
  0.000146
  0.000760
 -0.000847
 -0.000720
 -0.005659
 -0.000039
 -0.001604
  0.006239
 -0.000642
 -0.001745
