  0.248208
 -0.249948
  0.286007
  0.092513
 -0.412431
 -0.090398
 -0.660813
  0.257217
 -0.135244
 -0.113516
  0.027509
  0.033822
 -0.118354
 -0.132341
  0.027999
 -0.071856
  0.030796
  0.073339
 -0.059036
 -0.066984
 -0.013515
 -0.047820
  0.030624
 -0.020354
  0.016663
 -0.006616
 -0.003422
 -0.021154
  0.039631
  0.002275
  0.010645
  0.006111
 -0.017255
  0.050511
  0.002409
  0.000601
 -0.005513
 -0.009433
  0.000721
  0.005498
  0.012298
 -0.006292
 -0.010454
 -0.017879
 -0.004048
 -0.000022
 -0.006219
  0.005432
 -0.017554
 -0.006279
 -0.017710
  0.002074
 -0.000649
 -0.001115
 -0.010235
 -0.014432
  0.006558
  0.005234
 -0.005373
  0.004538
  0.013975
  0.001912
 -0.003733
 -0.001446
  0.001655
  0.000957
  0.002196
  0.006069
 -0.010648
  0.002619
 -0.008961
  0.000266
  0.013619
 -0.002517
  0.002959
  0.010967
 -0.004679
 -0.001260
  0.004488
 -0.006392
  0.002730
 -0.003363
  0.016040
 -0.006931
 -0.000091
 -0.012172
  0.003263
 -0.002042
  0.000600
  0.013248
  0.008504
 -0.005671
 -0.002670
 -0.016054
 -0.006431
 -0.009746
  0.006984
 -0.001703
 -0.017288
 -0.015255
 -0.010788
  0.005564
 -0.025401
  0.000603
  0.003091
  0.017245
 -0.003751
 -0.004039
 -0.002264
  0.020595
  0.003304
  0.010162
 -0.003174
 -0.007168
 -0.016554
  0.009476
  0.003107
 -0.013479
  0.010000
 -0.003096
  0.006256
 -0.001694
  0.008953
  0.001385
  0.004431
 -0.003807
  0.003443
  0.002929
 -0.005655
 -0.005126
 -0.002546
  0.000750
 -0.002225
  0.005310
  0.000759
  0.002143
  0.004922
  0.007959
 -0.006323
  0.006674
 -0.001391
  0.001852
  0.004091
  0.000066
  0.009614
  0.000486
  0.008719
  0.004390
  0.000398
 -0.000496
 -0.006852
  0.004925
  0.003312
 -0.005164
  0.000832
 -0.003960
 -0.001335
 -0.001453
 -0.003621
 -0.001632
 -0.003778
 -0.000553
 -0.004163
 -0.000251
  0.000629
  0.000111
  0.004600
  0.002019
  0.004451
  0.001068
 -0.000323
 -0.002832
 -0.002928
  0.000661
 -0.000887
 -0.004147
 -0.003420
 -0.003459
 -0.000416
  0.002973
  0.001843
 -0.002980
 -0.005387
  0.000339
 -0.006691
 -0.000123
  0.002519
  0.000918
 -0.001461
  0.000410
 -0.002086
 -0.002140
  0.000607
 -0.001888
  0.004890
  0.001879
  0.003576
 -0.000077
 -0.002500
 -0.001717
  0.001335
  0.003128
 -0.004403
 -0.001526
  0.000359
  0.003731
 -0.002823
  0.001046
 -0.003175
  0.012058
  0.003081
  0.006482
 -0.002128
 -0.000854
  0.002935
  0.004511
  0.003656
 -0.004355
 -0.003657
 -0.002304
  0.000852
 -0.002664
  0.004385
  0.001700
 -0.011840
  0.001063
 -0.002669
 -0.002909
 -0.002337
 -0.000321
 -0.002868
 -0.002447
  0.002052
 -0.003931
 -0.001512
  0.000718
 -0.006303
  0.002008
 -0.002521
 -0.000920
  0.004499
  0.004187
  0.000650
 -0.005013
 -0.001834
  0.000702
  0.000846
  0.001941
 -0.000639
  0.001737
 -0.000083
 -0.000756
 -0.003041
 -0.003159
  0.001956
  0.001913
 -0.000048
 -0.001524
  0.001762
  0.000256
  0.001760
  0.000264
  0.001057
  0.000090
  0.003916
 -0.000930
  0.001466
 -0.001884
 -0.000794
  0.001074
 -0.000369
 -0.001080
  0.001196
  0.001318
 -0.001655
 -0.002053
  0.002141
 -0.000861
  0.004480
 -0.002976
  0.004637
  0.000006
 -0.000412
  0.000442
 -0.002882
  0.002560
 -0.002253
  0.000981
 -0.004197
  0.000273
  0.000404
 -0.004671
  0.002006
 -0.001685
  0.000890
  0.000344
  0.000979
  0.000075
 -0.000084
 -0.001127
 -0.004766
 -0.000940
 -0.001874
  0.002017
 -0.003689
 -0.001192
  0.000809
  0.000573
  0.001184
 -0.002356
 -0.002373
 -0.001405
  0.002493
  0.001484
  0.000877
 -0.001021
  0.000817
  0.000736
 -0.001462
  0.000148
  0.000772
  0.000418
  0.001899
 -0.000686
  0.000180
  0.002643
  0.002353
 -0.000784
  0.003085
  0.003465
  0.003100
 -0.000164
 -0.001925
 -0.000475
 -0.000419
  0.002973
 -0.002257
  0.001977
 -0.001243
  0.006457
 -0.001601
  0.000750
  0.002895
 -0.001367
  0.000834
  0.001402
 -0.001327
  0.001819
 -0.004558
  0.000875
  0.001843
  0.000728
  0.001429
 -0.001580
 -0.001667
 -0.002582
  0.001795
 -0.000933
  0.000302
  0.000356
 -0.000592
 -0.001973
  0.000336
 -0.002433
  0.001007
  0.000574
 -0.001367
  0.000559
 -0.001668
 -0.003596
  0.003753
 -0.000254
  0.003757
  0.003844
 -0.002183
 -0.002346
 -0.001939
 -0.003000
 -0.003690
 -0.004657
 -0.001653
 -0.002502
  0.001538
  0.000016
 -0.002156
 -0.002630
 -0.000124
 -0.002654
 -0.002513
 -0.003923
 -0.000294
  0.001179
 -0.002007
 -0.002320
  0.002089
 -0.001121
  0.004085
  0.002758
  0.001209
  0.002202
  0.006656
  0.006143
 -0.001577
  0.002684
  0.000690
  0.001437
 -0.001656
 -0.001280
 -0.000385
  0.001458
  0.002588
  0.002641
  0.000344
  0.001390
  0.000340
  0.000302
 -0.002215
  0.001667
  0.001120
 -0.001156
  0.000753
 -0.000678
 -0.001959
  0.000460
  0.002881
  0.002077
 -0.003380
 -0.001737
  0.001683
  0.002906
 -0.001530
  0.001765
 -0.003035
 -0.001597
 -0.002551
 -0.000147
 -0.002268
 -0.000755
  0.001035
 -0.000720
  0.003013
  0.002352
  0.000190
  0.002381
 -0.000521
 -0.002025
 -0.004531
  0.002255
 -0.002568
 -0.001441
 -0.004069
  0.001669
 -0.000653
  0.000696
 -0.001591
  0.000147
  0.001628
 -0.002450
 -0.000446
  0.000426
  0.000979
  0.001055
  0.000170
  0.000082
  0.001679
  0.001764
 -0.002059
 -0.000828
  0.000207
  0.001268
  0.001847
 -0.000024
  0.001086
 -0.000652
 -0.000514
  0.001211
  0.000639
  0.001882
 -0.004156
  0.003815
  0.000396
 -0.000061
 -0.001990
  0.001318
 -0.000577
 -0.001574
  0.001006
  0.001284
  0.001765
  0.005702
  0.001772
  0.000842
  0.002601
  0.000992
  0.001239
  0.002306
 -0.004082
  0.002764
 -0.001336
  0.003090
  0.000274
 -0.000130
  0.001128
 -0.003897
 -0.002893
 -0.003075
 -0.004811
 -0.000785
  0.000529
 -0.001220
 -0.001755
 -0.002949
  0.000668
 -0.000850
  0.000757
 -0.000935
 -0.000153
 -0.001650
 -0.001940
 -0.001924
 -0.001228
  0.000817
  0.002188
  0.001662
 -0.002110
  0.001213
  0.000320
  0.000231
 -0.000052
  0.003322
 -0.001397
 -0.000081
 -0.000675
 -0.000513
  0.001869
  0.001163
  0.000988
  0.001536
  0.000378
 -0.001073
 -0.002203
 -0.001698
 -0.003014
  0.000249
  0.000029
  0.000451
  0.000846
 -0.002256
  0.001811
 -0.004657
  0.000242
 -0.003072
 -0.002265
  0.003832
 -0.000557
  0.000779
 -0.002583
  0.005068
 -0.000416
 -0.002308
 -0.001201
 -0.001977
 -0.000021
 -0.000121
  0.001584
  0.003416
 -0.000441
  0.000925
 -0.000388
 -0.000545
 -0.002386
  0.001860
  0.000215
  0.001144
 -0.000494
 -0.000513
  0.004759
  0.001382
 -0.000153
  0.002269
 -0.001934
 -0.000194
 -0.000187
  0.003655
 -0.000714
 -0.000906
 -0.000472
 -0.000124
 -0.001328
  0.001504
  0.001876
  0.000944
  0.000398
  0.000357
  0.002453
  0.001480
 -0.001043
  0.000566
  0.000264
  0.000702
  0.000671
 -0.000255
  0.000625
  0.000288
  0.000519
  0.000009
 -0.000720
  0.000050
  0.001431
  0.001577
 -0.000464
  0.000979
 -0.000821
  0.000100
 -0.002470
 -0.000428
 -0.000093
 -0.001286
 -0.000609
  0.000349
 -0.000296
 -0.001097
  0.000509
  0.001000
  0.000399
 -0.000450
 -0.000339
  0.000298
  0.002155
 -0.000481
  0.001114
  0.000652
 -0.000554
 -0.000425
 -0.000123
 -0.000589
 -0.002991
 -0.000846
  0.000530
 -0.001562
  0.002382
 -0.002536
 -0.000825
  0.000209
  0.001330
  0.001302
  0.000813
  0.002676
 -0.000212
  0.000683
  0.001596
 -0.002204
  0.003496
 -0.000033
 -0.000284
 -0.001243
 -0.001904
 -0.004310
  0.000675
  0.000484
 -0.000298
 -0.001867
 -0.000123
  0.000751
  0.001700
  0.002640
  0.000255
 -0.001794
  0.000686
 -0.001357
  0.000217
  0.000691
  0.000744
 -0.000170
  0.000020
  0.000204
  0.001081
 -0.000808
  0.000875
  0.000183
 -0.000160
  0.001226
  0.000381
 -0.001320
  0.000288
  0.000219
 -0.000171
 -0.000278
  0.000353
  0.001206
 -0.000241
 -0.001241
  0.000299
 -0.000239
 -0.000511
 -0.000578
  0.000255
 -0.000206
  0.000555
  0.000094
  0.000414
  0.000275
  0.000613
  0.000284
 -0.000185
  0.000437
 -0.000210
 -0.000721
  0.000357
 -0.000255
  0.000198
 -0.000231
 -0.001038
 -0.000579
 -0.000070
  0.000198
 -0.000640
 -0.000259
 -0.000048
 -0.000026
 -0.000047
  0.000154
 -0.000360
 -0.000098
 -0.000397
 -0.000204
 -0.000609
 -0.000544
  0.000104
  0.000084
 -0.000301
  0.000206
  0.000251
  0.000433
 -0.001008
  0.000189
 -0.000809
 -0.000779
 -0.000585
 -0.000469
 -0.000358
 -0.000748
  0.000486
 -0.001086
 -0.000358
 -0.000223
 -0.000736
 -0.000331
  0.000239
 -0.000343
 -0.000893
  0.000935
  0.000351
 -0.000839
 -0.000373
  0.000228
  0.000645
  0.000195
  0.000639
 -0.000851
 -0.000040
 -0.000245
 -0.000151
 -0.000354
  0.000054
  0.000763
  0.000804
 -0.000194
 -0.000066
 -0.000316
 -0.000282
 -0.000209
 -0.000159
 -0.000574
 -0.000080
 -0.000357
  0.000246
  0.000539
 -0.000259
  0.000124
  0.000396
  0.000266
 -0.000220
 -0.000217
  0.000250
  0.000117
 -0.000110
  0.000162
  0.000055
 -0.000018
  0.000070
  0.000452
 -0.000956
 -0.000212
 -0.000030
 -0.000773
 -0.000970
 -0.000189
 -0.000156
 -0.000152
 -0.000186
  0.000106
  0.000078
  0.000035
  0.000096
  0.000171
  0.000004
  0.000282
  0.000015
 -0.000163
 -0.000059
  0.000316
 -0.000170
 -0.000058
 -0.000043
 -0.000105
  0.000037
 -0.000056
  0.000347
 -0.000330
  0.000151
  0.000260
  0.000023
 -0.000045
 -0.000456
