  0.144223
  0.842246
 -0.089340
  0.021881
 -0.058922
 -0.013706
  0.213062
 -0.148550
 -0.042391
  0.066015
 -0.020007
 -0.097072
  0.170057
  0.101583
 -0.084623
 -0.145764
  0.114919
 -0.052808
  0.006775
  0.012410
  0.006144
  0.031433
 -0.002405
  0.020627
  0.037881
 -0.007879
  0.066748
  0.101090
  0.071193
  0.011466
  0.059748
  0.039713
 -0.017423
  0.019340
  0.042863
 -0.011943
 -0.002286
  0.001083
 -0.001099
 -0.031740
 -0.044855
  0.047086
  0.001755
  0.034193
 -0.001156
 -0.053631
 -0.012148
 -0.042572
 -0.031008
  0.019469
  0.008392
  0.013145
  0.002285
 -0.009155
 -0.020975
  0.023932
  0.020990
  0.009468
  0.027350
  0.006884
  0.011601
  0.013219
  0.028735
 -0.033473
  0.013393
  0.002427
 -0.008090
 -0.039249
  0.018627
  0.013982
  0.002001
 -0.017111
  0.020504
 -0.001347
 -0.000212
  0.005088
 -0.003019
  0.020156
  0.009976
 -0.046230
  0.018397
 -0.010154
  0.007085
 -0.008497
 -0.001426
 -0.031551
 -0.009779
  0.000418
  0.001961
  0.008929
  0.000233
 -0.008649
  0.004858
  0.000910
  0.014101
 -0.001192
 -0.005590
 -0.010868
 -0.018257
 -0.008474
  0.009483
  0.008246
  0.000688
 -0.024296
  0.019736
 -0.017472
  0.000528
  0.017261
  0.007910
 -0.001963
 -0.006073
  0.011466
 -0.004498
  0.003595
  0.000402
 -0.009213
 -0.014765
  0.006163
  0.039850
  0.007075
  0.027278
 -0.003968
  0.018029
 -0.001131
  0.010939
 -0.010107
 -0.017883
 -0.003844
  0.003538
  0.005102
  0.002738
  0.002461
  0.001099
  0.007204
 -0.012280
  0.003009
 -0.004420
 -0.007048
 -0.004380
 -0.014914
 -0.009189
  0.006620
 -0.029593
 -0.006391
  0.002002
 -0.005353
  0.003398
 -0.010091
  0.015619
 -0.032009
 -0.027061
  0.021226
 -0.001173
  0.008572
  0.017244
  0.006036
  0.006417
 -0.002442
  0.011763
  0.010170
  0.008422
 -0.005685
  0.003184
  0.005490
  0.000588
 -0.003192
 -0.005444
 -0.009994
 -0.004029
  0.012691
 -0.007015
  0.002579
  0.010284
  0.002343
 -0.003290
  0.006925
  0.004963
  0.001850
 -0.008413
 -0.007145
  0.011760
  0.001220
  0.004059
 -0.003392
 -0.008377
  0.014090
  0.004829
 -0.003465
  0.013712
 -0.002155
 -0.008436
  0.004172
  0.003749
 -0.007872
 -0.000922
 -0.005231
 -0.000647
  0.001899
 -0.004743
 -0.007780
 -0.002972
 -0.003171
  0.004244
 -0.000436
  0.006124
  0.006109
  0.003545
  0.004758
  0.002910
 -0.003924
 -0.005280
 -0.009291
 -0.009677
 -0.000751
 -0.001515
 -0.001038
 -0.000031
  0.001898
 -0.000984
 -0.002296
 -0.009822
  0.003975
 -0.000909
  0.001093
  0.001460
 -0.004951
 -0.012074
  0.005516
 -0.008586
 -0.008801
 -0.008900
 -0.005951
 -0.003865
 -0.006379
  0.000062
 -0.017433
  0.006980
 -0.005464
 -0.001976
  0.001415
 -0.003332
  0.033439
 -0.000756
 -0.008666
 -0.007916
  0.026287
  0.001877
  0.003411
 -0.000920
 -0.011323
  0.006679
 -0.022353
 -0.012992
 -0.001948
 -0.002430
  0.005202
  0.005731
 -0.005032
 -0.005327
  0.004840
  0.003684
  0.003690
 -0.004221
 -0.000936
  0.006239
 -0.004103
  0.010316
 -0.002169
  0.004361
 -0.017098
 -0.003509
  0.005072
 -0.008775
  0.003213
 -0.001361
  0.002745
 -0.002773
 -0.004814
 -0.010323
 -0.001044
  0.002229
  0.000872
 -0.003059
  0.002255
 -0.001325
  0.000956
 -0.000156
 -0.007453
 -0.008541
  0.000269
  0.013719
 -0.012345
 -0.006548
  0.000219
  0.002800
 -0.008481
 -0.005544
  0.017197
  0.007337
  0.006047
 -0.013668
 -0.007963
  0.001833
 -0.000965
 -0.001866
 -0.005451
  0.001532
  0.000268
  0.008339
 -0.004131
  0.001955
 -0.003950
 -0.000655
 -0.004005
  0.009238
 -0.006368
  0.000501
 -0.002870
  0.002318
 -0.002830
 -0.002326
 -0.005392
 -0.003669
  0.001501
  0.001852
  0.006989
 -0.002767
  0.006380
  0.002682
 -0.000136
 -0.008175
  0.000043
 -0.005811
  0.004577
  0.002831
  0.005770
  0.009268
  0.004346
 -0.000017
 -0.005846
 -0.002902
  0.003514
  0.012289
  0.002980
  0.007308
 -0.001179
  0.007193
  0.002318
  0.000560
 -0.013122
  0.000518
 -0.003226
 -0.003260
 -0.006532
  0.001592
 -0.004408
 -0.005231
  0.004207
  0.002405
  0.007462
  0.000057
  0.007409
  0.001903
  0.001950
 -0.004741
 -0.001307
 -0.008496
  0.005934
  0.002475
 -0.005239
  0.004942
  0.000724
  0.000107
  0.001907
  0.000471
 -0.001606
 -0.000274
 -0.001191
 -0.010139
  0.010360
  0.000769
  0.002999
  0.000443
  0.007101
  0.001472
  0.002484
 -0.000442
 -0.000767
 -0.013588
 -0.002127
 -0.000076
  0.000378
  0.007237
 -0.005475
 -0.001523
  0.001249
 -0.004609
 -0.005853
 -0.004786
 -0.003642
  0.005127
 -0.002690
  0.000684
 -0.001990
  0.000785
 -0.000656
  0.000213
  0.003322
 -0.003307
  0.004567
 -0.003737
  0.002061
  0.005106
  0.001993
 -0.007341
 -0.000579
  0.011402
  0.005202
 -0.002956
 -0.004290
  0.001941
  0.008807
 -0.013352
  0.014219
  0.006059
  0.000830
  0.011518
  0.005938
 -0.016790
 -0.005239
 -0.003989
  0.004866
  0.012114
  0.000039
 -0.000942
 -0.001235
  0.001471
  0.005533
  0.000483
  0.005318
  0.001225
 -0.001508
 -0.002275
 -0.003375
  0.000269
 -0.000088
 -0.007830
  0.010175
 -0.007809
 -0.000746
 -0.003987
 -0.003102
  0.002893
 -0.003314
 -0.000718
 -0.000159
 -0.000355
  0.007623
 -0.005595
  0.000840
  0.003521
 -0.011113
 -0.001797
 -0.000955
  0.005401
 -0.000966
 -0.003560
 -0.002174
  0.006070
 -0.012226
  0.004455
  0.008647
 -0.009599
 -0.002530
 -0.005519
  0.000798
  0.001362
  0.004858
 -0.004459
  0.006929
 -0.000954
 -0.003288
  0.010505
 -0.004252
 -0.009152
 -0.004162
  0.012685
  0.002459
  0.003548
  0.008646
  0.001888
  0.000486
 -0.000344
  0.002202
  0.001418
 -0.010582
  0.001529
 -0.000892
  0.000112
  0.001221
  0.004525
  0.001365
 -0.001428
  0.003555
  0.002763
  0.003901
  0.001923
  0.001671
 -0.006906
 -0.001358
  0.000194
 -0.002309
 -0.005004
 -0.006171
  0.013288
 -0.001517
 -0.003732
  0.001669
  0.000331
 -0.003568
  0.002634
  0.008597
  0.007330
  0.002574
  0.007991
  0.005302
  0.001765
  0.001294
  0.003461
  0.015046
  0.008464
  0.011470
 -0.002759
  0.000154
  0.001493
  0.000139
 -0.002193
  0.003471
  0.002917
 -0.002289
 -0.001165
  0.004462
 -0.003743
  0.003568
  0.001110
  0.000828
  0.001091
 -0.000980
 -0.002534
 -0.002845
  0.005141
  0.003423
 -0.002043
  0.000581
  0.003096
 -0.001779
 -0.001135
  0.002393
  0.002640
  0.001663
 -0.004631
  0.002639
 -0.003043
  0.002442
  0.001844
 -0.001089
  0.002185
  0.001446
 -0.004909
 -0.003121
 -0.002089
  0.000781
  0.001745
 -0.001651
 -0.001043
 -0.003675
 -0.005212
  0.000542
  0.000647
  0.006256
  0.003176
 -0.000263
 -0.001702
  0.007428
  0.004480
  0.003123
 -0.002593
 -0.000117
  0.001347
 -0.001606
 -0.001649
  0.003096
 -0.001456
 -0.003628
 -0.001247
  0.001759
 -0.000038
  0.008371
  0.001430
  0.000964
 -0.007271
  0.001946
  0.005944
 -0.005767
  0.000297
  0.000655
  0.001240
  0.000749
  0.009078
 -0.000767
 -0.004342
  0.004107
 -0.002632
 -0.006692
  0.006206
  0.003914
  0.000438
 -0.003047
  0.001658
 -0.008078
  0.011453
  0.000953
 -0.007334
  0.003181
 -0.001802
 -0.013536
 -0.001314
 -0.001622
 -0.001215
 -0.004883
  0.006559
 -0.003114
 -0.005942
  0.002538
  0.002418
  0.001978
  0.000523
 -0.001870
  0.003590
  0.001168
 -0.002017
  0.007996
  0.011000
  0.003786
 -0.001954
 -0.003109
 -0.003920
 -0.001765
  0.004244
 -0.003859
  0.003428
  0.006116
 -0.004186
 -0.005217
 -0.000205
 -0.004330
 -0.008500
  0.009664
 -0.003614
 -0.011392
 -0.010553
  0.002355
  0.007525
  0.000381
  0.006852
 -0.002564
 -0.006349
 -0.000086
  0.010179
  0.011650
  0.000019
 -0.001804
 -0.003042
  0.001675
 -0.002453
  0.002396
 -0.004550
  0.002434
  0.002536
  0.003316
 -0.000482
 -0.000736
  0.000462
  0.002958
 -0.004654
  0.002887
  0.006204
  0.004707
 -0.005234
  0.012823
 -0.007732
 -0.005417
 -0.005006
 -0.005569
  0.004963
 -0.005734
 -0.003296
  0.008263
 -0.000966
  0.003467
  0.003045
 -0.014472
 -0.003918
 -0.012895
  0.006889
  0.003830
 -0.006507
  0.000917
 -0.004630
 -0.005253
 -0.005033
 -0.004700
 -0.002332
  0.005111
  0.000592
 -0.003382
  0.006080
 -0.008661
 -0.000060
 -0.003364
 -0.000782
 -0.003848
 -0.001821
  0.000421
  0.007398
  0.004833
  0.008044
 -0.001535
 -0.006742
  0.000449
 -0.003228
 -0.000649
  0.010109
 -0.019156
  0.002339
  0.001515
 -0.001729
  0.005500
  0.011462
 -0.003004
  0.000707
  0.010063
 -0.002915
  0.004800
 -0.005706
  0.001740
 -0.003726
  0.007604
 -0.000967
  0.002448
  0.015146
  0.001846
  0.000416
  0.007417
 -0.002995
  0.004084
  0.002000
  0.002851
  0.000358
  0.001306
 -0.002294
 -0.001580
 -0.002125
  0.009721
  0.003026
 -0.000213
  0.000077
 -0.000118
  0.001254
  0.002255
 -0.005939
 -0.000278
  0.000937
  0.004557
 -0.000792
  0.000596
 -0.002141
 -0.004099
  0.001499
 -0.003422
 -0.000080
 -0.005090
 -0.004403
  0.003619
  0.005274
  0.002511
 -0.003806
  0.008633
 -0.000015
 -0.001840
  0.001670
  0.000866
 -0.001740
  0.004788
  0.000900
 -0.004698
  0.035607
  0.018072
 -0.020355
  0.010232
 -0.001452
  0.000140
  0.008900
  0.008005
  0.003772
 -0.000667
  0.000524
 -0.001920
 -0.000413
  0.000201
 -0.003312
  0.000817
 -0.000286
  0.000183
 -0.001593
  0.001531
  0.000571
 -0.001549
 -0.001408
 -0.005383
 -0.003629
 -0.001178
  0.006808
 -0.000463
 -0.001203
