 -0.094971
 -0.058202
  0.077491
 -0.470945
 -0.098839
 -0.679767
 -0.177568
 -0.308429
 -0.262122
  0.018181
  0.202994
 -0.003809
 -0.010898
  0.082052
 -0.066148
 -0.013014
 -0.031139
 -0.001344
  0.023260
  0.068954
  0.030589
  0.074479
  0.023944
 -0.003636
 -0.037449
 -0.044002
  0.010051
  0.018927
  0.041766
 -0.025737
 -0.010741
  0.016427
 -0.045858
  0.008933
 -0.012810
 -0.010840
  0.007099
 -0.009952
  0.053736
 -0.009510
 -0.006737
 -0.009155
  0.002926
  0.027577
 -0.001849
  0.024826
 -0.007523
 -0.016935
  0.002014
 -0.000355
  0.016643
  0.012332
  0.004364
  0.009505
 -0.006411
  0.012040
  0.001238
 -0.003806
 -0.003449
 -0.014147
 -0.001249
 -0.010301
  0.004494
  0.014900
 -0.006074
 -0.002593
 -0.000472
  0.003894
  0.002147
  0.003201
 -0.003798
  0.008385
  0.004342
  0.009285
  0.007588
 -0.000879
 -0.017300
 -0.015582
 -0.015151
 -0.002294
 -0.011833
  0.016992
 -0.002984
  0.005323
 -0.005955
  0.013677
  0.011234
  0.003843
 -0.006972
  0.003659
  0.006958
  0.000168
  0.002176
  0.004475
  0.003581
  0.005603
 -0.011479
  0.001639
  0.003384
 -0.002426
  0.007228
  0.003398
  0.005074
 -0.007220
  0.000991
 -0.004627
 -0.001143
  0.008656
 -0.001391
  0.003303
  0.001681
 -0.002077
 -0.005713
  0.004565
 -0.001603
 -0.006433
 -0.014797
 -0.003824
  0.004100
 -0.007314
 -0.002078
  0.005400
 -0.003417
 -0.000901
  0.003771
  0.003455
  0.002302
  0.007434
  0.004977
  0.007719
  0.000549
 -0.006230
  0.008443
 -0.005541
  0.003987
  0.013313
 -0.005102
 -0.014200
  0.007527
 -0.012098
 -0.008209
  0.002674
 -0.004703
  0.014954
  0.008585
 -0.010276
 -0.002875
 -0.000896
 -0.000511
  0.005939
 -0.003689
 -0.000090
  0.001257
  0.003654
  0.004161
 -0.004189
 -0.002411
  0.003121
  0.002310
 -0.003489
 -0.001264
 -0.008873
  0.003305
 -0.000150
  0.002001
 -0.003232
  0.001367
  0.000056
  0.000814
 -0.002635
  0.001203
  0.002455
 -0.004691
  0.001881
  0.002973
  0.004826
  0.000633
  0.006559
  0.000615
 -0.002697
 -0.004935
  0.006946
 -0.004219
  0.002181
  0.000514
 -0.001294
  0.001401
 -0.000766
 -0.000013
 -0.001026
 -0.000540
  0.002411
  0.000824
  0.000393
  0.010320
 -0.006682
 -0.004613
  0.005161
 -0.002174
  0.003134
 -0.003368
  0.001860
  0.004216
  0.002221
 -0.001757
 -0.000299
  0.005534
  0.003707
 -0.002076
  0.006097
  0.004009
 -0.003401
 -0.005352
  0.004465
  0.000841
  0.006015
  0.004941
  0.005265
  0.003018
 -0.000897
 -0.001271
  0.001988
 -0.005879
  0.008870
 -0.002024
 -0.011372
 -0.003854
 -0.010109
  0.006658
  0.003535
 -0.003134
  0.002611
 -0.003407
  0.002303
 -0.004653
 -0.004632
  0.001508
 -0.001449
  0.003814
  0.003316
 -0.004136
 -0.002283
  0.005440
  0.004611
 -0.002640
 -0.000277
  0.001293
 -0.006801
  0.000529
 -0.012490
  0.000573
 -0.006449
 -0.003694
 -0.000633
  0.002485
  0.000700
  0.001567
  0.001455
  0.002275
  0.008301
 -0.004136
 -0.000315
  0.003865
  0.012674
  0.000584
 -0.009535
  0.004927
  0.001566
 -0.006161
 -0.005725
 -0.001388
  0.002951
 -0.000862
 -0.001299
 -0.016953
 -0.011213
  0.002809
  0.002837
 -0.011093
  0.011131
  0.007467
  0.000926
 -0.003294
 -0.006228
 -0.010540
  0.000604
  0.009889
  0.008340
 -0.003845
 -0.005699
 -0.002508
  0.004940
  0.000403
  0.001520
 -0.000560
 -0.001163
  0.002521
 -0.008863
 -0.004542
 -0.004418
 -0.004846
 -0.001851
  0.001917
 -0.000701
 -0.003747
  0.008983
 -0.010925
  0.015610
  0.003430
  0.002263
  0.001129
  0.003726
  0.002212
  0.003657
 -0.011487
 -0.001672
 -0.006879
  0.001129
 -0.003813
  0.001965
 -0.000134
 -0.005393
 -0.000753
  0.003824
  0.006927
 -0.007354
 -0.002562
  0.009670
 -0.008194
 -0.001631
  0.004685
 -0.004401
 -0.000159
 -0.001636
 -0.005532
  0.004500
  0.004449
 -0.006331
 -0.008033
  0.003594
 -0.000379
  0.001705
  0.000322
  0.000179
  0.001091
  0.000693
 -0.003523
  0.001614
 -0.000461
  0.004437
  0.004123
  0.000131
 -0.000503
 -0.004551
  0.000493
  0.000493
  0.001736
 -0.000896
 -0.002742
  0.000964
 -0.006788
 -0.001095
 -0.002415
  0.003882
  0.001448
  0.001489
  0.000624
  0.000287
  0.003648
 -0.000955
  0.000687
  0.001491
 -0.003711
  0.003097
 -0.004339
 -0.001293
 -0.005846
  0.001567
  0.001098
 -0.001493
  0.001676
 -0.001180
 -0.000742
 -0.001452
  0.002724
 -0.000536
  0.000617
  0.001968
  0.000998
 -0.001671
  0.003107
  0.001616
 -0.002065
  0.000012
 -0.000829
  0.001758
 -0.000338
  0.000682
  0.000650
  0.002095
 -0.002617
 -0.002586
 -0.001681
  0.001487
  0.004600
 -0.002264
 -0.000191
  0.003011
 -0.000109
 -0.001038
  0.003710
 -0.003265
 -0.004992
 -0.001599
  0.003892
  0.001002
 -0.002334
 -0.000822
  0.000273
  0.000092
 -0.000878
 -0.000991
  0.000632
 -0.002595
 -0.003764
 -0.002000
 -0.000778
  0.003038
  0.003668
  0.000590
 -0.002153
 -0.000526
  0.000756
  0.003402
 -0.000389
 -0.001586
 -0.000841
 -0.000627
  0.001243
  0.000750
 -0.001227
 -0.003050
 -0.002417
 -0.002964
 -0.002269
  0.000976
 -0.003815
  0.000173
 -0.000120
  0.000743
  0.000125
  0.003283
  0.002819
 -0.001553
  0.004750
 -0.001482
  0.003182
  0.001493
 -0.001125
  0.001831
  0.000032
 -0.001107
  0.005753
  0.001695
  0.002392
 -0.005180
 -0.002780
  0.000650
  0.006947
  0.001151
 -0.003976
  0.000080
 -0.000689
  0.002086
  0.003631
  0.000104
 -0.000361
  0.003534
 -0.001058
  0.001974
  0.005026
  0.001898
 -0.000446
  0.000395
 -0.001357
  0.001025
 -0.006729
 -0.002498
  0.003807
  0.001064
 -0.001497
 -0.000418
  0.000599
  0.000244
 -0.003158
  0.001615
  0.006677
 -0.001230
  0.000384
  0.000119
  0.002610
  0.001032
  0.002206
 -0.002137
  0.000878
  0.000109
  0.000269
 -0.000088
  0.000866
  0.001073
 -0.000621
 -0.001304
  0.000228
 -0.002615
  0.001436
 -0.000688
 -0.000701
  0.001572
 -0.001076
  0.000015
  0.000830
 -0.000551
 -0.000919
  0.000852
  0.004443
  0.001052
 -0.001332
 -0.000131
  0.000315
 -0.000339
  0.001022
  0.001927
 -0.003909
 -0.001364
  0.001450
  0.001055
 -0.000791
  0.000950
 -0.000016
  0.001012
  0.000911
 -0.000158
 -0.000465
 -0.001928
 -0.001328
 -0.000074
  0.001718
 -0.001240
 -0.001297
 -0.001201
 -0.000725
  0.000708
  0.001469
 -0.002100
  0.001121
 -0.001365
 -0.002441
  0.000541
  0.004130
 -0.003458
 -0.002076
  0.001007
 -0.001013
  0.002625
 -0.003372
  0.002792
  0.001200
 -0.001160
 -0.000772
  0.001141
 -0.001269
  0.001527
  0.000841
  0.001613
  0.002319
  0.001135
  0.002182
 -0.000044
 -0.000529
  0.001847
 -0.000509
  0.001387
 -0.000653
 -0.002363
  0.000057
  0.002416
  0.000913
  0.003738
  0.000122
 -0.000496
 -0.001400
 -0.003213
  0.000125
  0.003261
  0.000525
 -0.001946
  0.000264
 -0.001641
 -0.001044
 -0.001408
  0.000350
 -0.003746
  0.000664
  0.000441
  0.002851
  0.000257
 -0.000664
 -0.001346
 -0.002527
  0.002069
 -0.002638
 -0.000330
  0.002014
  0.002178
 -0.000438
  0.002433
  0.001878
 -0.001867
 -0.000867
  0.000381
  0.001507
  0.002262
  0.002674
  0.001104
  0.001509
  0.002083
 -0.001166
 -0.001806
 -0.000058
 -0.000316
 -0.000363
  0.000472
  0.002201
  0.001481
 -0.000996
  0.000367
 -0.002647
  0.000563
  0.002672
 -0.003569
  0.001738
 -0.001868
 -0.003049
 -0.000709
 -0.001411
  0.000410
  0.001872
 -0.003388
  0.002225
 -0.001824
 -0.000742
 -0.000093
 -0.001409
 -0.000936
 -0.000891
 -0.002312
 -0.001436
 -0.001662
  0.000146
 -0.000458
 -0.001450
 -0.000251
  0.001575
 -0.000757
 -0.001144
 -0.000833
 -0.002235
 -0.001351
 -0.000779
 -0.000002
 -0.001508
 -0.000648
  0.000168
 -0.002201
 -0.003126
  0.000433
 -0.000475
  0.001295
  0.001884
 -0.000005
 -0.000543
  0.000595
 -0.000374
 -0.003132
  0.001219
 -0.002073
  0.001740
 -0.002481
  0.000843
  0.001045
  0.000220
  0.002394
 -0.001741
 -0.000349
 -0.000516
 -0.001382
 -0.000864
  0.003086
  0.000834
 -0.000645
 -0.000714
 -0.002181
  0.000686
  0.001528
  0.001901
 -0.000935
  0.001218
  0.000338
  0.001807
 -0.001406
 -0.000590
 -0.001411
  0.000852
  0.001957
 -0.001855
  0.000161
  0.001720
  0.000368
 -0.002501
  0.000875
  0.001595
 -0.000374
 -0.002361
 -0.002918
 -0.001409
  0.000528
 -0.000480
  0.000879
 -0.000902
  0.000470
 -0.000315
 -0.000176
 -0.000331
  0.000140
  0.000030
  0.000927
  0.002284
  0.000780
 -0.002051
 -0.000029
  0.000552
  0.000048
  0.001619
 -0.001163
  0.001444
 -0.002010
  0.000194
  0.001367
  0.003498
 -0.000251
 -0.000488
 -0.001114
 -0.000630
 -0.001177
  0.001282
 -0.002466
 -0.000452
 -0.000291
  0.000129
 -0.000318
 -0.000431
  0.001522
 -0.001296
 -0.001283
 -0.001042
  0.000545
  0.000155
  0.000226
 -0.000432
 -0.000257
 -0.000281
 -0.000593
  0.000368
 -0.000294
 -0.000881
 -0.000297
 -0.000001
  0.001296
 -0.001116
 -0.000475
 -0.000286
  0.000250
 -0.000625
  0.000237
  0.000317
 -0.000912
 -0.000405
 -0.000229
  0.000150
 -0.000254
 -0.000319
  0.000047
 -0.000320
 -0.000343
 -0.000104
 -0.000409
  0.001151
 -0.000260
 -0.000274
  0.000064
  0.000561
  0.000874
  0.000194
 -0.001049
  0.000143
  0.000123
 -0.000570
 -0.000041
 -0.000362
 -0.000205
  0.000422
  0.000654
  0.000016
  0.000812
 -0.000488
 -0.000380
  0.000217
  0.000111
 -0.000223
 -0.000594
  0.000085
  0.000177
  0.000044
 -0.000022
  0.000033
