  1    0.071030
  2    0.040670
  3    0.020469
  4    0.011437
  5    0.041459
  6    0.039120
  7    0.018212
  8    0.013565
  9    0.012262
 10    0.005048
 11    0.011673
 12    0.004663
 13    0.012042
 14    0.022621
 15    0.004421
 16    0.005019
 17    0.019966
 18    0.005178
 19    0.008847
 20    0.006190
 21    0.006925
 22    0.004774
 23    0.005796
 24    0.003426
 25    0.007550
 26    0.009166
 27    0.005598
 28    0.010306
 29    0.004925
 30    0.003755
 31    0.003778
 32    0.007870
 33    0.002176
 34    0.005042
 35    0.005946
 36    0.004438
 37    0.002575
 38    0.002135
 39    0.003276
 40    0.005970
 41    0.004024
 42    0.006808
 43    0.003920
 44    0.003915
 45    0.004383
 46    0.002372
 47    0.001306
 48    0.006019
 49    0.002964
 50    0.004519
 51    0.001974
 52    0.002896
 53    0.001505
 54    0.001801
 55    0.004828
 56    0.002583
 57    0.001590
 58    0.003353
 59    0.002343
 60    0.001841
 61    0.002342
 62    0.001634
 63    0.002300
 64    0.002600
 65    0.001706
 66    0.001367
 67    0.001748
 68    0.003434
 69    0.002038
 70    0.001731
 71    0.001677
 72    0.001930
 73    0.001550
 74    0.000849
 75    0.002009
 76    0.003465
 77    0.001276
 78    0.000813
 79    0.001907
 80    0.001128
 81    0.001416
 82    0.002151
 83    0.002268
 84    0.001243
 85    0.001970
 86    0.001011
 87    0.003037
 88    0.002878
 89    0.002591
 90    0.000850
 91    0.002877
 92    0.003232
 93    0.001256
 94    0.002565
 95    0.000533
 96    0.000594
 97    0.001356
 98    0.003915
 99    0.001056
100    0.001544
101    0.002568
102    0.001599
103    0.001178
104    0.001901
105    0.000557
106    0.002887
107    0.001639
108    0.001626
109    0.001618
110    0.002428
111    0.001771
112    0.001448
113    0.001319
114    0.000844
115    0.001135
116    0.001199
117    0.001887
118    0.000781
119    0.000601
120    0.001739
121    0.001718
122    0.001159
123    0.002112
124    0.001250
125    0.000500
126    0.001122
127    0.001648
128    0.001716
129    0.000524
130    0.000901
131    0.000979
132    0.000689
133    0.001224
134    0.001125
135    0.001494
136    0.000965
137    0.001715
138    0.001534
139    0.000775
140    0.000600
141    0.001133
142    0.001037
143    0.000974
144    0.001413
145    0.000592
146    0.001448
147    0.000800
148    0.000636
149    0.000806
150    0.001396
151    0.001540
152    0.001598
153    0.000675
154    0.001058
155    0.000899
156    0.002247
157    0.001692
158    0.000889
159    0.001031
160    0.001319
161    0.001226
162    0.000941
163    0.001364
164    0.001957
165    0.001018
166    0.000544
167    0.000753
168    0.001003
169    0.000775
170    0.000499
171    0.000378
172    0.000571
173    0.000941
174    0.000690
175    0.001015
176    0.000871
177    0.001046
178    0.001308
179    0.000615
180    0.000635
181    0.000795
182    0.001155
183    0.000542
184    0.001108
185    0.000555
186    0.000635
187    0.001011
188    0.000840
189    0.000718
190    0.000869
191    0.000960
192    0.000615
193    0.000951
194    0.001180
195    0.000634
196    0.000961
197    0.000722
198    0.000609
199    0.001071
200    0.000798
201    0.000390
202    0.000698
203    0.000418
204    0.000737
205    0.001098
206    0.000755
207    0.000813
208    0.000515
209    0.001030
210    0.000828
211    0.001239
212    0.000911
213    0.000497
214    0.000759
215    0.000672
216    0.000532
217    0.000764
218    0.001039
219    0.001178
220    0.000856
221    0.000777
222    0.001334
223    0.000910
224    0.000894
225    0.001501
226    0.000955
227    0.000929
228    0.001687
229    0.000785
230    0.000740
231    0.000408
232    0.001044
233    0.000697
234    0.000678
235    0.000491
236    0.000492
237    0.000825
238    0.000727
239    0.001112
240    0.000785
241    0.000624
242    0.000678
243    0.000682
244    0.001819
245    0.000812
246    0.001254
247    0.000485
248    0.000713
249    0.001801
250    0.000955
251    0.001019
252    0.000728
253    0.000435
254    0.000704
255    0.000935
256    0.001077
257    0.000900
258    0.000772
259    0.000532
260    0.000522
261    0.000412
262    0.000924
263    0.000682
264    0.000802
265    0.000940
266    0.000577
267    0.001150
268    0.000704
269    0.000966
270    0.000677
271    0.000728
272    0.000732
273    0.000926
274    0.000741
275    0.000420
276    0.000461
277    0.000464
278    0.000627
279    0.000919
280    0.000758
281    0.000379
282    0.000619
283    0.000604
284    0.000698
285    0.000646
286    0.000601
287    0.000516
288    0.000715
289    0.000728
290    0.000440
291    0.000412
292    0.000733
293    0.000438
294    0.000657
295    0.000513
296    0.000703
297    0.000486
298    0.000796
299    0.000514
300    0.000427
301    0.000892
302    0.000376
303    0.000464
304    0.001028
305    0.000381
306    0.000318
307    0.000816
308    0.000634
309    0.000880
310    0.000418
311    0.000412
312    0.000480
313    0.000237
314    0.000651
315    0.000722
316    0.000384
317    0.000552
318    0.000557
319    0.000477
320    0.000848
321    0.000130
322    0.001341
323    0.000514
324    0.000496
325    0.000597
326    0.000869
327    0.000968
328    0.000570
329    0.000477
330    0.000609
331    0.000812
332    0.000651
333    0.000517
334    0.000785
335    0.000224
336    0.000436
337    0.000288
338    0.000344
339    0.000473
340    0.000347
341    0.000337
342    0.000544
343    0.000983
344    0.000684
345    0.000315
346    0.000339
347    0.000484
348    0.000425
349    0.000807
350    0.000666
351    0.000320
352    0.000298
353    0.000463
354    0.000675
355    0.000640
356    0.000709
357    0.000956
358    0.000635
359    0.000737
360    0.000483
361    0.000630
362    0.000653
363    0.000684
364    0.000248
365    0.000410
366    0.000461
367    0.000225
368    0.001025
369    0.000811
370    0.000295
371    0.000568
372    0.000322
373    0.000540
374    0.000309
375    0.001070
376    0.000621
377    0.000520
378    0.000360
379    0.000612
380    0.000226
381    0.000798
382    0.000645
383    0.000688
384    0.000288
385    0.000397
386    0.000507
387    0.000709
388    0.001062
389    0.000203
390    0.000646
391    0.000903
392    0.000233
393    0.001062
394    0.000629
395    0.000483
396    0.000665
397    0.000726
398    0.000585
399    0.000525
400    0.000609
401    0.000612
402    0.000782
403    0.000607
404    0.000718
405    0.000390
406    0.000197
407    0.000529
408    0.000767
409    0.000624
410    0.000755
411    0.000367
412    0.000322
413    0.000438
414    0.000358
415    0.000731
416    0.000344
417    0.000735
418    0.000396
419    0.000738
420    0.000400
421    0.000229
422    0.000492
423    0.000351
424    0.000410
425    0.000441
426    0.000392
427    0.000462
428    0.000345
429    0.000255
430    0.000234
431    0.000545
432    0.000290
433    0.000385
434    0.000258
435    0.000514
436    0.000342
437    0.000559
438    0.000430
439    0.000277
440    0.000510
441    0.000147
442    0.000320
443    0.000310
444    0.000372
445    0.000320
446    0.000301
447    0.000377
448    0.000325
449    0.000320
450    0.000396
451    0.000472
452    0.000344
453    0.000356
454    0.000545
455    0.000380
456    0.000324
457    0.000321
458    0.000246
459    0.000511
460    0.000446
461    0.000316
462    0.000867
463    0.000398
464    0.000334
465    0.000329
466    0.000425
467    0.000248
468    0.000417
469    0.000273
470    0.000486
471    0.000438
472    0.000347
473    0.000200
474    0.000471
475    0.000484
476    0.000326
477    0.000347
478    0.000555
479    0.000298
480    0.000441
481    0.000249
482    0.000820
483    0.000655
484    0.000276
485    0.000419
486    0.000392
487    0.000196
488    0.000329
489    0.000382
490    0.000484
491    0.000278
492    0.000228
493    0.000208
494    0.000262
495    0.000284
496    0.000217
497    0.000452
498    0.000351
499    0.000372
500    0.000294
501    0.000542
502    0.000504
503    0.000382
504    0.000499
505    0.000377
506    0.000383
507    0.000327
508    0.000376
509    0.000551
510    0.000550
511    0.000324
512    0.000297
513    0.000218
514    0.000202
515    0.000333
516    0.000582
517    0.000332
518    0.000303
519    0.000147
520    0.000194
521    0.000389
522    0.000543
523    0.000474
524    0.000215
525    0.000253
526    0.000241
527    0.000385
528    0.000334
529    0.000606
530    0.000349
531    0.000505
532    0.000519
533    0.000705
534    0.000201
535    0.000477
536    0.000436
537    0.000294
538    0.000722
539    0.000395
540    0.000243
541    0.000443
542    0.000351
543    0.000752
544    0.000292
545    0.000072
546    0.000431
547    0.000594
548    0.000461
549    0.000226
550    0.000192
551    0.000331
552    0.000312
553    0.000280
554    0.000072
555    0.000360
556    0.000252
557    0.000328
558    0.000289
559    0.000388
560    0.000262
561    0.000387
562    0.000364
563    0.000401
564    0.000419
565    0.000252
566    0.000361
567    0.000240
568    0.000150
569    0.000246
570    0.000271
571    0.000314
572    0.000331
573    0.000300
574    0.000228
575    0.000284
576    0.000205
577    0.000332
578    0.000437
579    0.000286
580    0.000302
581    0.000215
582    0.000348
583    0.000244
584    0.000459
585    0.000203
586    0.000190
587    0.000395
588    0.000197
589    0.000381
590    0.000343
591    0.000360
592    0.000353
593    0.000416
594    0.000241
595    0.000241
596    0.000306
597    0.000291
598    0.000275
599    0.000149
600    0.000228
601    0.000405
602    0.000427
603    0.000297
604    0.000272
605    0.000298
606    0.000252
607    0.000345
608    0.000228
609    0.000380
610    0.000611
611    0.000211
612    0.000357
613    0.000289
614    0.000142
615    0.000378
616    0.000302
617    0.000246
618    0.000183
619    0.000320
620    0.000266
621    0.000228
622    0.000294
623    0.000271
624    0.000419
625    0.000535
626    0.000386
627    0.000434
628    0.000222
629    0.000254
630    0.000190
631    0.000309
632    0.000181
633    0.000244
634    0.000341
635    0.000311
636    0.000303
637    0.000299
638    0.000344
639    0.000246
640    0.000300
641    0.000273
642    0.000132
643    0.000245
644    0.000230
645    0.000378
646    0.000228
647    0.000431
648    0.000404
649    0.000261
650    0.000275
651    0.000340
652    0.000240
653    0.000507
654    0.000275
655    0.000161
656    0.000330
657    0.000202
658    0.000325
659    0.000363
660    0.000158
661    0.000283
662    0.000327
663    0.000246
664    0.000308
665    0.000234
666    0.000302
667    0.000274
668    0.000326
669    0.000288
670    0.000174
671    0.000170
672    0.000192
673    0.000200
674    0.000272
675    0.000279
676    0.000248
677    0.000296
678    0.000299
679    0.000282
680    0.000179
681    0.000255
682    0.000333
683    0.000288
684    0.000233
685    0.000336
686    0.000482
687    0.000368
688    0.000535
689    0.000291
690    0.000079
691    0.000122
692    0.000303
693    0.000297
694    0.000216
695    0.000190
696    0.000404
697    0.000221
698    0.000198
699    0.000310
700    0.000195
701    0.000213
702    0.000254
703    0.000154
704    0.000193
705    0.000307
706    0.000189
707    0.000219
708    0.000273
709    0.000214
710    0.000217
711    0.000305
712    0.000267
713    0.000132
714    0.000181
715    0.000196
716    0.000289
717    0.000258
718    0.000231
719    0.000180
720    0.000229
721    0.000173
722    0.000206
723    0.000469
724    0.000310
725    0.000213
726    0.000298
727    0.000184
728    0.000234
729    0.000315
730    0.000198
731    0.000227
732    0.000165
733    0.000345
734    0.000303
735    0.000263
736    0.000199
737    0.000286
738    0.000546
739    0.000286
740    0.000418
741    0.000266
742    0.000500
743    0.000288
744    0.000107
745    0.000222
746    0.000440
747    0.000673
748    0.000233
749    0.000449
750    0.000382
751    0.000456
752    0.000043
753    0.000113
754    0.000167
755    0.000246
756    0.000166
757    0.000191
758    0.000272
759    0.000290
760    0.000061
761    0.000312
762    0.000278
763    0.000248
764    0.000361
765    0.000209
766    0.000417
767    0.000353
768    0.000287
769    0.000230
770    0.000235
771    0.000175
772    0.000213
773    0.000256
774    0.000097
775    0.000235
776    0.000204
777    0.000235
778    0.000141
779    0.000289
780    0.000177
781    0.000197
782    0.000123
783    0.000172
784    0.000174
785    0.000277
786    0.000149
787    0.000122
788    0.000154
789    0.000278
790    0.000244
791    0.000260
792    0.000387
793    0.000177
794    0.000080
795    0.000303
796    0.000173
797    0.000146
798    0.000165
799    0.000160
800    0.000022
801    0.000093
802    0.000092
803    0.000051
804    0.000164
805    0.000193
806    0.000127
807    0.000105
808    0.000159
809    0.000115
810    0.000045
811    0.000176
812    0.000127
813    0.000021
814    0.000165
815    0.000072
816    0.000107
817    0.000092
818    0.000065
819    0.000268
820    0.000283
821    0.000359
822    0.000212
823    0.000338
824    0.000427
825    0.000407
