 0.001691
-0.008120
 0.009003
-0.002255
-0.007383
 0.008852
-0.006420
-0.003778
 0.005094
-0.033607
-0.019032
-0.007200
-0.034463
 0.009043
-0.025816
-0.031028
 0.051184
-0.048664
-0.026039
 0.088194
-0.040932
-0.027973
 0.086332
-0.103524
-0.030785
 0.033938
-0.095053
-0.026496
 0.049368
-0.055217
-0.032959
 0.077122
-0.039909
-0.043647
 0.083482
-0.006926
-0.045719
 0.086086
 0.011085
-0.054840
 0.091046
 0.048242
-0.049632
 0.090949
 0.062932
-0.010673
 0.082363
 0.084427
-0.002925
 0.076878
 0.079548
 0.007777
 0.047448
 0.037334
 0.027338
 0.043937
 0.025793
 0.041376
 0.022692
-0.018294
 0.023540
 0.022521
 0.008926
 0.011532
 0.025756
 0.012964
-0.001401
 0.035355
 0.029601
-0.000619
 0.052221
 0.045807
-0.021004
 0.062083
 0.043114
-0.019416
 0.056615
 0.038339
-0.020348
 0.053325
 0.001933
-0.014398
 0.036738
-0.030142
-0.010349
 0.012742
-0.049904
-0.034383
 0.005456
-0.111504
-0.034496
-0.072067
-0.125943
-0.042440
-0.040899
-0.181516
-0.098187
-0.139493
-0.320825
-0.081145
-0.154517
-0.286544
-0.093813
-0.076400
-0.303861
-0.047986
-0.056526
-0.175790
-0.033385
 0.011706
-0.093882
 0.002624
-0.015583
-0.040353
 0.006096
 0.003918
-0.004350
 0.001213
 0.011904
 0.008072
-0.005431
 0.024613
 0.032754
-0.011553
 0.037866
 0.026229
 0.001708
 0.033035
 0.030691
-0.007096
 0.024313
 0.024299
 0.001182
 0.018701
 0.014126
 0.011226
 0.010851
 0.010143
 0.014464
 0.012664
 0.017941
 0.029984
-0.004057
 0.025753
 0.035852
-0.018401
 0.028419
 0.029604
-0.025540
 0.033613
 0.017726
-0.020549
 0.030747
 0.017686
-0.015518
 0.031868
 0.025427
-0.009474
 0.039101
 0.030210
-0.012272
 0.040263
 0.022717
-0.004359
 0.044129
 0.012959
-0.005579
 0.035411
 0.015881
-0.011759
 0.028946
 0.016364
-0.008338
 0.033370
 0.008291
-0.003896
 0.033917
 0.007239
-0.005778
 0.026966
 0.007835
-0.005920
 0.023874
 0.004635
-0.004777
 0.025708
 0.005038
-0.004654
 0.025758
 0.006425
-0.003978
 0.022723
 0.003734
-0.004307
 0.021242
 0.002040
-0.006764
 0.022384
 0.013934
 0.009741
 0.021489
 0.019816
 0.018224
 0.030120
 0.020583
 0.019335
 0.029875
 0.020424
 0.017299
 0.038112
 0.015629
 0.010366
 0.029520
 0.011820
 0.004303
 0.026755
 0.006931
-0.003743
 0.034280
 0.004047
-0.007113
 0.029481
 0.001386
 0.001065
 0.023975
 0.000146
 0.001333
 0.015471
-0.004535
 0.001363
 0.011951
-0.002207
 0.008055
 0.016178
 0.005864
 0.023542
 0.012044
 0.010161
 0.036734
 0.028243
 0.033766
 0.038477
 0.028523
-0.013012
 0.020366
 0.010260
-0.010694
 0.012336
 0.019344
-0.002399
 0.018259
 0.019520
-0.002673
 0.018735
 0.019504
-0.001976
 0.013116
 0.020606
-0.002782
 0.011974
 0.017849
 0.002074
 0.003634
 0.023799
 0.011482
-0.017881
 0.023645
 0.004610
-0.008424
 0.037161
 0.004050
-0.021957
 0.055269
 0.001230
-0.026097
 0.062860
 0.004097
-0.021662
 0.058755
 0.000652
-0.027901
 0.048327
 0.004713
-0.026944
 0.035122
 0.005815
-0.020414
 0.029248
 0.000472
-0.029273
 0.022158
 0.000110
-0.036857
 0.032227
 0.004267
-0.029614
 0.036378
 0.001545
-0.028058
 0.028070
-0.002668
-0.040688
 0.026908
 0.000722
-0.042888
 0.038147
 0.003775
-0.034332
 0.038755
 0.000028
-0.033325
 0.028681
 0.001103
-0.035605
 0.031988
 0.005542
-0.027397
 0.038317
 0.005395
-0.020040
 0.031776
 0.006223
-0.009987
 0.026859
 0.004617
 0.000292
 0.016081
 0.009626
 0.009426
 0.024357
 0.009892
 0.002369
 0.029345
 0.004966
-0.001614
 0.018119
 0.006041
 0.010074
 0.013133
 0.010627
 0.013956
 0.022892
 0.008082
 0.004757
 0.022677
 0.005555
 0.008284
 0.011257
 0.008856
 0.018221
 0.014098
 0.010837
 0.014589
 0.022605
 0.007207
 0.007221
 0.016251
 0.006991
 0.015292
 0.008875
 0.010370
 0.020883
 0.015322
 0.009713
 0.014130
 0.019021
 0.006688
 0.013018
 0.011070
 0.008426
 0.020599
 0.009349
 0.010418
 0.020888
 0.015531
 0.008389
 0.014875
 0.013218
 0.006981
 0.019099
 0.006648
 0.009861
 0.023316
 0.008697
 0.009118
 0.019127
 0.011740
 0.006284
 0.017715
 0.006372
 0.005688
 0.010019
 0.008637
 0.002801
 0.007471
 0.006818
 0.004212
 0.000254
 0.008676
 0.000225
-0.005966
 0.002643
 0.001860
-0.014669
 0.004746
 0.001304
-0.010242
 0.003956
-0.000508
-0.018018
 0.006034
 0.001804
-0.020916
 0.012230
 0.000546
-0.029056
 0.018429
 0.005127
-0.017961
 0.019706
 0.007307
-0.014312
 0.022139
 0.007610
-0.015124
 0.035398
 0.011398
-0.011514
 0.044511
 0.015208
-0.005220
 0.052283
 0.016699
-0.003468
 0.054902
 0.014586
-0.004940
 0.049081
 0.017370
 0.004802
 0.046233
 0.017114
 0.007133
 0.042793
 0.012265
 0.000158
 0.035277
 0.011586
 0.001882
 0.032082
 0.009415
-0.003578
 0.023276
 0.010459
-0.007797
 0.025818
 0.008627
-0.013155
 0.022091
 0.007135
-0.003749
 0.017233
 0.007143
-0.004971
 0.016851
 0.011689
-0.005780
 0.016197
 0.016324
-0.006330
 0.017589
 0.013324
-0.009311
 0.023087
 0.013637
-0.009515
 0.023623
 0.020330
-0.007220
 0.023193
 0.026515
-0.013036
 0.029480
 0.028235
-0.011148
 0.022260
 0.019095
-0.007096
 0.027955
 0.038478
-0.017144
 0.043755
 0.058854
-0.018241
 0.041355
 0.056904
-0.017918
 0.041073
 0.049330
-0.006605
 0.028247
 0.061852
-0.000967
 0.026515
 0.073123
-0.004056
 0.033962
 0.068277
-0.000303
 0.026912
 0.070460
 0.010313
 0.015632
 0.054664
 0.009447
 0.011761
 0.053868
 0.016444
 0.004102
 0.035181
 0.000970
 0.002907
 0.030159
-0.019417
 0.000753
 0.001240
-0.017767
-0.011287
-0.004115
-0.032825
-0.016212
-0.000939
-0.022700
-0.010945
-0.005015
-0.012143
-0.010402
-0.008123
-0.003430
-0.017496
-0.013806
-0.005768
-0.026544
-0.013308
 0.002564
-0.021475
-0.005580
-0.001909
-0.014087
-0.004393
-0.002502
-0.014897
-0.006204
-0.000704
-0.017346
-0.006942
 0.000484
-0.013917
-0.001385
-0.000277
-0.005776
-0.007142
 0.008775
-0.006052
-0.005168
 0.006940
-0.006984
-0.002765
 0.010696
-0.006507
-0.001982
 0.014576
-0.003794
-0.004238
 0.013699
-0.012771
-0.005519
 0.003565
-0.012171
-0.001827
 0.003058
-0.004704
-0.004096
 0.007287
-0.010266
-0.007086
-0.001081
-0.015732
-0.003715
-0.007727
-0.007654
-0.001725
-0.001939
-0.004292
-0.005503
-0.004039
-0.013003
-0.005743
-0.014984
-0.011208
-0.001652
-0.013650
-0.000103
-0.001723
-0.009044
-0.002028
-0.006015
-0.016760
-0.007674
-0.004393
-0.024656
 0.000582
-0.000256
-0.017392
 0.008201
-0.002795
-0.015656
 0.000428
-0.005792
-0.027666
-0.001622
-0.003630
-0.030523
 0.012338
-0.005893
-0.035474
 0.010668
-0.007717
-0.041912
-0.000631
-0.007658
-0.052355
-0.003474
-0.006751
-0.045637
-0.016381
-0.009582
-0.053958
-0.029091
-0.001058
-0.072253
-0.025479
-0.001792
-0.088095
-0.032460
-0.012767
-0.069209
-0.035319
-0.007894
-0.062974
-0.031482
-0.003651
-0.047829
-0.025350
-0.012828
-0.044202
-0.034136
-0.021016
-0.045257
-0.040987
-0.014266
-0.035103
-0.036303
-0.017594
-0.023247
-0.040844
-0.028664
-0.028914
-0.050471
-0.026319
-0.035296
-0.047385
-0.022359
-0.022263
-0.043987
-0.029797
-0.015539
-0.051038
-0.036768
-0.023634
-0.058261
-0.032138
-0.019004
-0.053853
-0.027566
-0.030635
-0.049107
-0.019371
-0.029741
-0.041545
-0.020368
-0.029915
-0.032875
-0.020569
-0.028199
-0.035218
-0.016655
-0.019322
-0.030767
-0.014298
-0.022485
-0.019246
-0.014776
-0.025158
-0.019128
-0.009706
-0.016739
-0.010727
-0.010460
-0.006316
-0.016952
-0.011841
 0.002980
-0.024778
-0.014781
 0.005955
-0.035132
-0.011126
 0.016978
-0.029595
-0.009273
 0.009033
-0.020034
-0.013107
-0.000005
-0.027691
-0.014400
 0.007927
-0.033241
-0.010305
 0.011380
-0.023984
-0.010434
 0.000401
-0.022424
-0.014704
 0.000476
-0.032909
-0.014548
 0.009513
-0.031309
-0.010267
 0.005861
-0.023227
-0.013351
-0.001174
-0.029076
-0.017756
 0.005992
-0.035712
-0.020764
 0.008668
-0.038603
-0.017774
 0.013588
-0.040073
-0.012497
 0.014653
-0.028069
-0.012140
 0.027968
-0.029105
-0.015416
 0.025502
-0.034759
-0.011450
 0.017936
-0.026760
-0.006360
 0.022730
-0.019426
-0.000277
 0.027611
-0.013278
 0.004226
 0.023799
-0.002262
 0.006660
 0.033257
-0.000655
 0.004240
 0.033015
-0.008593
 0.003358
 0.024514
-0.004882
 0.007301
 0.028631
 0.005104
 0.007438
 0.039174
-0.000769
 0.004700
 0.033084
-0.007355
 0.004812
 0.025532
 0.000316
 0.008648
 0.035014
 0.008914
 0.008221
 0.041352
 0.000790
 0.005229
 0.029982
-0.000263
 0.008744
 0.026977
 0.013287
 0.011017
 0.038197
 0.013906
 0.008002
 0.032718
 0.007028
 0.005581
 0.018789
 0.008344
 0.002620
 0.013101
 0.004252
-0.000422
 0.020800
-0.007779
-0.003094
 0.014004
-0.010270
-0.003896
 0.000798
-0.004395
