  1    0.111078
  2    0.043839
  3    0.071263
  4    0.025055
  5    0.017315
  6    0.025183
  7    0.010875
  8    0.020944
  9    0.017509
 10    0.015152
 11    0.008802
 12    0.005472
 13    0.007306
 14    0.004807
 15    0.008941
 16    0.004105
 17    0.004753
 18    0.007643
 19    0.003637
 20    0.007546
 21    0.002034
 22    0.007052
 23    0.007497
 24    0.008042
 25    0.005170
 26    0.005998
 27    0.007310
 28    0.004222
 29    0.004490
 30    0.005472
 31    0.003750
 32    0.004122
 33    0.005260
 34    0.003124
 35    0.004128
 36    0.002944
 37    0.003561
 38    0.003545
 39    0.004853
 40    0.002785
 41    0.003943
 42    0.002337
 43    0.003017
 44    0.003187
 45    0.002346
 46    0.002465
 47    0.004435
 48    0.003344
 49    0.003517
 50    0.002384
 51    0.002126
 52    0.003422
 53    0.001629
 54    0.001528
 55    0.002170
 56    0.003863
 57    0.001345
 58    0.002525
 59    0.002556
 60    0.002441
 61    0.001704
 62    0.001861
 63    0.000816
 64    0.001435
 65    0.001198
 66    0.001901
 67    0.001169
 68    0.002139
 69    0.002240
 70    0.001920
 71    0.002657
 72    0.001661
 73    0.001584
 74    0.001664
 75    0.001907
 76    0.002220
 77    0.002136
 78    0.001339
 79    0.001014
 80    0.001306
 81    0.000817
 82    0.001792
 83    0.001459
 84    0.001484
 85    0.001361
 86    0.002204
 87    0.001447
 88    0.002796
 89    0.001736
 90    0.001548
 91    0.001631
 92    0.001634
 93    0.001459
 94    0.001453
 95    0.002084
 96    0.001849
 97    0.001803
 98    0.000967
 99    0.001627
100    0.001319
101    0.001309
102    0.002582
103    0.001486
104    0.001856
105    0.000848
106    0.001234
107    0.001377
108    0.001436
109    0.001142
110    0.001742
111    0.001487
112    0.000948
113    0.000840
114    0.001034
115    0.001046
116    0.001047
117    0.000794
118    0.002142
119    0.001412
120    0.001623
121    0.001340
122    0.001329
123    0.001477
124    0.001268
125    0.001474
126    0.001365
127    0.001204
128    0.001296
129    0.001617
130    0.001067
131    0.000908
132    0.001952
133    0.001172
134    0.001598
135    0.001415
136    0.001810
137    0.001254
138    0.001423
139    0.001259
140    0.001020
141    0.001297
142    0.001491
143    0.001191
144    0.001225
145    0.001123
146    0.001228
147    0.000846
148    0.000994
149    0.000932
150    0.000851
151    0.000960
152    0.001080
153    0.000794
154    0.000844
155    0.000863
156    0.001220
157    0.000925
158    0.001026
159    0.000900
160    0.001140
161    0.000584
162    0.001135
163    0.000855
164    0.000729
165    0.000731
166    0.000779
167    0.001037
168    0.000610
169    0.001885
170    0.000877
171    0.001066
172    0.000883
173    0.000883
174    0.000554
175    0.000964
176    0.001371
177    0.000609
178    0.000754
179    0.000916
180    0.001177
181    0.000626
182    0.001419
183    0.000941
184    0.000685
185    0.001116
186    0.000919
187    0.001101
188    0.000953
189    0.000949
190    0.001090
191    0.001324
192    0.000853
193    0.001384
194    0.001062
195    0.000822
196    0.000987
197    0.000720
198    0.000973
199    0.000830
200    0.000658
201    0.000566
202    0.001064
203    0.001077
204    0.000786
205    0.001000
206    0.001444
207    0.000839
208    0.000883
209    0.000796
210    0.001023
211    0.000628
212    0.001054
213    0.001012
214    0.000819
215    0.000575
216    0.000990
217    0.000967
218    0.001041
219    0.000676
220    0.000690
221    0.001076
222    0.000904
223    0.001021
224    0.000643
225    0.000655
226    0.001126
227    0.001007
228    0.000948
229    0.000902
230    0.000886
231    0.000720
232    0.000362
233    0.000771
234    0.000667
235    0.000542
236    0.000534
237    0.000611
238    0.000505
239    0.000392
240    0.000409
241    0.000642
242    0.000756
243    0.000702
244    0.000450
245    0.000830
246    0.000849
247    0.000710
248    0.000906
249    0.000509
250    0.001448
251    0.000646
252    0.000610
253    0.000721
254    0.000769
255    0.000517
256    0.000595
257    0.000859
258    0.000768
259    0.000726
260    0.000838
261    0.000528
262    0.000480
263    0.000562
264    0.000743
265    0.000707
266    0.000840
267    0.000889
268    0.000864
269    0.000876
270    0.000631
271    0.000738
272    0.000521
273    0.000851
274    0.000972
275    0.000492
276    0.000767
277    0.000462
278    0.000867
279    0.000759
280    0.000602
281    0.000723
282    0.000533
283    0.000700
284    0.000558
285    0.000328
286    0.000645
287    0.000519
288    0.000309
289    0.000825
290    0.000475
291    0.000878
292    0.000872
293    0.000525
294    0.000349
295    0.000478
296    0.000221
297    0.000745
298    0.000484
299    0.000399
300    0.000742
301    0.000455
302    0.000421
303    0.000552
304    0.000738
305    0.000560
306    0.000692
307    0.000729
308    0.000414
309    0.000441
310    0.000584
311    0.000389
312    0.000430
313    0.000585
314    0.000406
315    0.000672
316    0.000369
317    0.000555
318    0.000370
319    0.000540
320    0.000682
321    0.000477
322    0.000625
323    0.000385
324    0.000432
325    0.000357
326    0.000454
327    0.000542
328    0.000709
329    0.000744
330    0.000325
331    0.000512
332    0.000454
333    0.000673
334    0.000615
335    0.000454
336    0.000457
337    0.000471
338    0.000609
339    0.000512
340    0.000232
341    0.000351
342    0.000403
343    0.000518
344    0.000635
345    0.000564
346    0.000240
347    0.000513
348    0.000325
349    0.000378
350    0.000750
351    0.000365
352    0.000398
353    0.000359
354    0.000319
355    0.000613
356    0.000663
357    0.000524
358    0.000259
359    0.000294
360    0.000455
361    0.000317
362    0.000567
363    0.000475
364    0.000722
365    0.000403
366    0.000417
367    0.000664
368    0.000684
369    0.000534
370    0.000490
371    0.000517
372    0.000474
373    0.000815
374    0.000655
375    0.000472
376    0.000451
377    0.000402
378    0.000451
379    0.000373
380    0.000527
381    0.000492
382    0.000626
383    0.000419
384    0.000617
385    0.000572
386    0.000655
387    0.000712
388    0.000264
389    0.000296
390    0.000616
391    0.000416
392    0.000667
393    0.000492
394    0.000732
395    0.000298
396    0.000422
397    0.000617
398    0.000669
399    0.000373
400    0.000141
401    0.000532
402    0.000536
403    0.000538
404    0.000482
405    0.000507
406    0.000502
407    0.000337
408    0.000422
409    0.000287
410    0.000558
411    0.000595
412    0.000227
413    0.000440
414    0.000397
415    0.000512
416    0.000355
417    0.000249
418    0.000235
419    0.000376
420    0.000525
421    0.000359
422    0.000536
423    0.000387
424    0.000556
425    0.000410
426    0.000581
427    0.000233
428    0.000501
429    0.000412
430    0.000541
431    0.000469
432    0.000283
433    0.000308
434    0.000338
435    0.000550
436    0.000218
437    0.000391
438    0.000629
439    0.000440
440    0.000380
441    0.000260
442    0.000212
443    0.000382
444    0.000270
445    0.000231
446    0.000312
447    0.000309
448    0.000264
449    0.000404
450    0.000282
451    0.000380
452    0.000296
453    0.000453
454    0.000373
455    0.000173
456    0.000453
457    0.000430
458    0.000271
459    0.000264
460    0.000312
461    0.000345
462    0.000395
463    0.000563
464    0.000232
465    0.000421
466    0.000428
467    0.000403
468    0.000245
469    0.000335
470    0.000395
471    0.000460
472    0.000184
473    0.000441
474    0.000566
475    0.000353
476    0.000357
477    0.000471
478    0.000341
479    0.000454
480    0.000280
481    0.000381
482    0.000386
483    0.000274
484    0.000331
485    0.000405
486    0.000335
487    0.000338
488    0.000448
489    0.000197
490    0.000201
491    0.000273
492    0.000583
493    0.000629
494    0.000257
495    0.000348
496    0.000303
497    0.000308
498    0.000463
499    0.000350
500    0.000374
501    0.000546
502    0.000377
503    0.000356
504    0.000350
505    0.000285
506    0.000464
507    0.000330
508    0.000352
509    0.000416
510    0.000373
511    0.000293
512    0.000398
513    0.000199
514    0.000385
515    0.000431
516    0.000355
517    0.000219
518    0.000373
519    0.000465
520    0.000315
521    0.000294
522    0.000379
523    0.000242
524    0.000341
525    0.000310
526    0.000321
527    0.000230
528    0.000297
529    0.000311
530    0.000248
531    0.000328
532    0.000311
533    0.000324
534    0.000293
535    0.000258
536    0.000340
537    0.000235
538    0.000210
539    0.000310
540    0.000279
541    0.000335
542    0.000255
543    0.000416
544    0.000374
545    0.000251
546    0.000421
547    0.000205
548    0.000520
549    0.000251
550    0.000282
551    0.000199
552    0.000247
553    0.000276
554    0.000395
555    0.000347
556    0.000244
557    0.000301
558    0.000243
559    0.000362
560    0.000399
561    0.000306
562    0.000384
563    0.000224
564    0.000533
565    0.000207
566    0.000242
567    0.000426
568    0.000373
569    0.000307
570    0.000383
571    0.000326
572    0.000357
573    0.000371
574    0.000313
575    0.000432
576    0.000421
577    0.000351
578    0.000168
579    0.000334
580    0.000241
581    0.000339
582    0.000281
583    0.000244
584    0.000260
585    0.000372
586    0.000205
587    0.000391
588    0.000325
589    0.000306
590    0.000235
591    0.000284
592    0.000275
593    0.000211
594    0.000317
595    0.000304
596    0.000223
597    0.000291
598    0.000215
599    0.000240
600    0.000302
601    0.000183
602    0.000265
603    0.000297
604    0.000264
605    0.000252
606    0.000233
607    0.000391
608    0.000208
609    0.000318
610    0.000351
611    0.000361
612    0.000249
613    0.000257
614    0.000239
615    0.000299
616    0.000287
617    0.000248
618    0.000298
619    0.000340
620    0.000284
621    0.000257
622    0.000265
623    0.000297
624    0.000339
625    0.000284
626    0.000314
627    0.000312
628    0.000292
629    0.000204
630    0.000398
631    0.000406
632    0.000253
633    0.000314
634    0.000247
635    0.000233
636    0.000352
637    0.000336
638    0.000381
639    0.000274
640    0.000241
641    0.000224
642    0.000258
643    0.000349
644    0.000391
645    0.000241
646    0.000271
647    0.000324
648    0.000232
649    0.000285
650    0.000329
651    0.000209
652    0.000212
653    0.000261
654    0.000305
655    0.000313
656    0.000271
657    0.000306
658    0.000319
659    0.000286
660    0.000286
661    0.000370
662    0.000210
663    0.000330
664    0.000324
665    0.000289
666    0.000235
667    0.000288
668    0.000236
669    0.000249
670    0.000321
671    0.000312
672    0.000176
673    0.000420
674    0.000213
675    0.000214
676    0.000200
677    0.000210
678    0.000301
679    0.000220
680    0.000177
681    0.000248
682    0.000222
683    0.000288
684    0.000373
685    0.000186
686    0.000224
687    0.000203
688    0.000166
689    0.000291
690    0.000246
691    0.000221
692    0.000303
693    0.000266
694    0.000348
695    0.000290
696    0.000235
697    0.000365
698    0.000295
699    0.000217
700    0.000190
701    0.000251
702    0.000174
703    0.000226
704    0.000198
705    0.000205
706    0.000281
707    0.000247
708    0.000149
709    0.000211
710    0.000203
711    0.000218
712    0.000167
713    0.000163
714    0.000200
715    0.000187
716    0.000308
717    0.000311
718    0.000295
719    0.000328
720    0.000210
721    0.000124
722    0.000175
723    0.000218
724    0.000292
725    0.000265
726    0.000331
727    0.000331
728    0.000244
729    0.000212
730    0.000314
731    0.000376
732    0.000306
733    0.000215
734    0.000318
735    0.000143
736    0.000220
737    0.000309
738    0.000377
739    0.000245
740    0.000220
741    0.000296
742    0.000235
743    0.000251
744    0.000243
745    0.000255
746    0.000198
747    0.000134
748    0.000173
749    0.000364
750    0.000332
751    0.000294
752    0.000253
753    0.000217
754    0.000192
755    0.000309
756    0.000256
757    0.000092
758    0.000196
759    0.000151
760    0.000190
761    0.000196
762    0.000195
763    0.000183
764    0.000274
765    0.000123
766    0.000240
767    0.000242
768    0.000209
769    0.000245
770    0.000135
771    0.000190
772    0.000212
773    0.000092
774    0.000271
775    0.000252
776    0.000271
777    0.000081
778    0.000320
779    0.000299
780    0.000268
781    0.000119
782    0.000272
783    0.000180
784    0.000192
785    0.000179
786    0.000258
787    0.000234
788    0.000173
789    0.000246
790    0.000256
791    0.000212
792    0.000291
793    0.000243
794    0.000161
795    0.000216
796    0.000156
797    0.000131
798    0.000138
799    0.000158
800    0.000346
801    0.000076
802    0.000128
803    0.000290
804    0.000166
805    0.000118
806    0.000185
807    0.000193
808    0.000120
809    0.000299
810    0.000099
811    0.000161
812    0.000250
813    0.000125
814    0.000312
815    0.000315
816    0.000329
817    0.000327
818    0.000239
819    0.000228
820    0.000110
821    0.000315
822    0.000156
823    0.000081
824    0.000265
825    0.000556
