  1    0.138293
  2    0.042934
  3    0.029706
  4    0.071538
  5    0.015500
  6    0.029620
  7    0.011560
  8    0.043481
  9    0.014140
 10    0.015798
 11    0.008171
 12    0.009187
 13    0.004870
 14    0.008403
 15    0.003508
 16    0.007433
 17    0.008760
 18    0.004339
 19    0.006073
 20    0.004058
 21    0.005910
 22    0.007853
 23    0.002886
 24    0.003964
 25    0.005842
 26    0.006428
 27    0.004382
 28    0.003292
 29    0.004891
 30    0.005287
 31    0.004819
 32    0.004211
 33    0.004247
 34    0.002368
 35    0.005428
 36    0.003424
 37    0.003375
 38    0.002875
 39    0.003273
 40    0.004684
 41    0.004296
 42    0.002427
 43    0.003485
 44    0.002734
 45    0.002086
 46    0.002087
 47    0.003709
 48    0.002671
 49    0.002111
 50    0.003358
 51    0.003008
 52    0.002026
 53    0.003069
 54    0.002863
 55    0.002975
 56    0.002183
 57    0.001940
 58    0.001803
 59    0.000814
 60    0.002031
 61    0.002390
 62    0.001173
 63    0.001078
 64    0.001332
 65    0.001756
 66    0.001915
 67    0.001602
 68    0.001787
 69    0.001510
 70    0.001824
 71    0.001588
 72    0.001421
 73    0.001739
 74    0.001107
 75    0.001199
 76    0.001524
 77    0.002127
 78    0.001788
 79    0.000968
 80    0.002435
 81    0.002028
 82    0.002065
 83    0.001917
 84    0.001623
 85    0.002523
 86    0.001859
 87    0.001347
 88    0.000649
 89    0.001395
 90    0.001512
 91    0.001076
 92    0.001128
 93    0.001483
 94    0.001469
 95    0.001265
 96    0.001595
 97    0.000911
 98    0.001232
 99    0.001408
100    0.001125
101    0.002271
102    0.001332
103    0.000983
104    0.000940
105    0.001356
106    0.001222
107    0.000827
108    0.001425
109    0.001871
110    0.000794
111    0.000943
112    0.001082
113    0.000643
114    0.001436
115    0.001330
116    0.001886
117    0.001288
118    0.000950
119    0.000877
120    0.000938
121    0.001025
122    0.001272
123    0.001262
124    0.001145
125    0.000971
126    0.001454
127    0.001733
128    0.001210
129    0.001687
130    0.001509
131    0.001377
132    0.000868
133    0.001592
134    0.001299
135    0.000820
136    0.001177
137    0.001026
138    0.000846
139    0.001849
140    0.001287
141    0.000818
142    0.000665
143    0.001444
144    0.001570
145    0.000877
146    0.000740
147    0.001148
148    0.000813
149    0.001082
150    0.000894
151    0.001091
152    0.000750
153    0.001124
154    0.000981
155    0.000814
156    0.000735
157    0.001256
158    0.001336
159    0.000996
160    0.000529
161    0.001220
162    0.000837
163    0.001405
164    0.000568
165    0.000751
166    0.001416
167    0.000457
168    0.001220
169    0.000825
170    0.000841
171    0.001016
172    0.000627
173    0.001216
174    0.000939
175    0.000698
176    0.000934
177    0.000477
178    0.001018
179    0.000751
180    0.000560
181    0.000646
182    0.000814
183    0.000539
184    0.000916
185    0.000669
186    0.000643
187    0.001048
188    0.000639
189    0.000705
190    0.000508
191    0.001005
192    0.000793
193    0.000584
194    0.000893
195    0.000677
196    0.000556
197    0.000687
198    0.000664
199    0.001010
200    0.000687
201    0.000557
202    0.000619
203    0.000576
204    0.000416
205    0.000695
206    0.000969
207    0.000749
208    0.000878
209    0.000571
210    0.000821
211    0.000352
212    0.000716
213    0.000804
214    0.000290
215    0.000946
216    0.000554
217    0.000414
218    0.000987
219    0.000492
220    0.000535
221    0.000651
222    0.000379
223    0.000419
224    0.000777
225    0.000404
226    0.000524
227    0.000683
228    0.000566
229    0.000918
230    0.000749
231    0.000788
232    0.000769
233    0.000462
234    0.000760
235    0.000591
236    0.000635
237    0.000587
238    0.000938
239    0.000578
240    0.000629
241    0.000451
242    0.000935
243    0.000754
244    0.000753
245    0.000671
246    0.000580
247    0.000402
248    0.000533
249    0.000842
250    0.000483
251    0.000490
252    0.000549
253    0.000891
254    0.000918
255    0.000707
256    0.000741
257    0.000656
258    0.000729
259    0.000484
260    0.000523
261    0.000586
262    0.000610
263    0.000451
264    0.000816
265    0.000443
266    0.000410
267    0.000460
268    0.000538
269    0.000736
270    0.000708
271    0.000463
272    0.000485
273    0.000401
274    0.000637
275    0.000527
276    0.000591
277    0.000656
278    0.000500
279    0.000844
280    0.000526
281    0.000491
282    0.000392
283    0.000790
284    0.000467
285    0.000390
286    0.000588
287    0.000414
288    0.000358
289    0.000551
290    0.000528
291    0.000445
292    0.000316
293    0.000498
294    0.000636
295    0.000829
296    0.000238
297    0.000648
298    0.000661
299    0.000790
300    0.000283
301    0.000395
302    0.000295
303    0.000394
304    0.000393
305    0.000252
306    0.000249
307    0.000606
308    0.000345
309    0.000789
310    0.000342
311    0.000376
312    0.000796
313    0.000553
314    0.000483
315    0.000448
316    0.000532
317    0.000421
318    0.000511
319    0.000367
320    0.000511
321    0.000461
322    0.000475
323    0.000533
324    0.000450
325    0.000698
326    0.000511
327    0.000408
328    0.000580
329    0.000355
330    0.000364
331    0.000401
332    0.000259
333    0.000363
334    0.000443
335    0.000608
336    0.000492
337    0.000488
338    0.000413
339    0.000730
340    0.000479
341    0.000448
342    0.000429
343    0.000630
344    0.000668
345    0.000397
346    0.000547
347    0.000516
348    0.000450
349    0.000555
350    0.000595
351    0.000494
352    0.000355
353    0.000297
354    0.000463
355    0.000527
356    0.000554
357    0.000809
358    0.000522
359    0.000566
360    0.000440
361    0.000482
362    0.000533
363    0.000412
364    0.000403
365    0.000243
366    0.000452
367    0.000344
368    0.000444
369    0.000553
370    0.000339
371    0.000752
372    0.000433
373    0.000393
374    0.000369
375    0.000447
376    0.000472
377    0.000311
378    0.000383
379    0.000335
380    0.000345
381    0.000368
382    0.000336
383    0.000357
384    0.000686
385    0.000566
386    0.000366
387    0.000646
388    0.000501
389    0.000512
390    0.000453
391    0.000314
392    0.000482
393    0.000619
394    0.000515
395    0.000231
396    0.000455
397    0.000533
398    0.000326
399    0.000289
400    0.000460
401    0.000381
402    0.000333
403    0.000376
404    0.000255
405    0.000232
406    0.000434
407    0.000436
408    0.000369
409    0.000309
410    0.000344
411    0.000348
412    0.000707
413    0.000236
414    0.000437
415    0.000508
416    0.000652
417    0.000306
418    0.000445
419    0.000395
420    0.000295
421    0.000356
422    0.000187
423    0.000477
424    0.000251
425    0.000201
426    0.000317
427    0.000325
428    0.000175
429    0.000413
430    0.000175
431    0.000200
432    0.000407
433    0.000384
434    0.000392
435    0.000157
436    0.000423
437    0.000397
438    0.000226
439    0.000241
440    0.000284
441    0.000340
442    0.000240
443    0.000307
444    0.000227
445    0.000254
446    0.000394
447    0.000347
448    0.000258
449    0.000267
450    0.000261
451    0.000352
452    0.000263
453    0.000321
454    0.000331
455    0.000377
456    0.000306
457    0.000518
458    0.000292
459    0.000464
460    0.000312
461    0.000340
462    0.000231
463    0.000336
464    0.000294
465    0.000402
466    0.000365
467    0.000404
468    0.000317
469    0.000312
470    0.000367
471    0.000349
472    0.000310
473    0.000360
474    0.000318
475    0.000276
476    0.000374
477    0.000445
478    0.000432
479    0.000489
480    0.000284
481    0.000296
482    0.000467
483    0.000259
484    0.000412
485    0.000451
486    0.000338
487    0.000177
488    0.000285
489    0.000322
490    0.000307
491    0.000317
492    0.000380
493    0.000195
494    0.000377
495    0.000316
496    0.000407
497    0.000358
498    0.000294
499    0.000322
500    0.000333
501    0.000333
502    0.000389
503    0.000338
504    0.000212
505    0.000342
506    0.000337
507    0.000371
508    0.000415
509    0.000178
510    0.000186
511    0.000323
512    0.000280
513    0.000322
514    0.000392
515    0.000259
516    0.000285
517    0.000398
518    0.000304
519    0.000271
520    0.000317
521    0.000312
522    0.000331
523    0.000394
524    0.000369
525    0.000360
526    0.000418
527    0.000173
528    0.000365
529    0.000282
530    0.000366
531    0.000395
532    0.000281
533    0.000276
534    0.000447
535    0.000244
536    0.000435
537    0.000304
538    0.000466
539    0.000253
540    0.000243
541    0.000370
542    0.000310
543    0.000290
544    0.000311
545    0.000292
546    0.000405
547    0.000158
548    0.000219
549    0.000325
550    0.000287
551    0.000256
552    0.000174
553    0.000284
554    0.000143
555    0.000208
556    0.000203
557    0.000244
558    0.000212
559    0.000202
560    0.000230
561    0.000260
562    0.000216
563    0.000327
564    0.000217
565    0.000285
566    0.000319
567    0.000428
568    0.000298
569    0.000181
570    0.000283
571    0.000285
572    0.000311
573    0.000189
574    0.000317
575    0.000246
576    0.000253
577    0.000326
578    0.000293
579    0.000260
580    0.000255
581    0.000253
582    0.000192
583    0.000228
584    0.000219
585    0.000169
586    0.000226
587    0.000197
588    0.000229
589    0.000227
590    0.000174
591    0.000342
592    0.000307
593    0.000156
594    0.000251
595    0.000181
596    0.000162
597    0.000157
598    0.000274
599    0.000207
600    0.000227
601    0.000211
602    0.000234
603    0.000164
604    0.000373
605    0.000209
606    0.000275
607    0.000224
608    0.000279
609    0.000163
610    0.000194
611    0.000220
612    0.000189
613    0.000396
614    0.000230
615    0.000259
616    0.000256
617    0.000300
618    0.000278
619    0.000226
620    0.000254
621    0.000155
622    0.000251
623    0.000133
624    0.000270
625    0.000214
626    0.000231
627    0.000180
628    0.000158
629    0.000265
630    0.000258
631    0.000199
632    0.000136
633    0.000305
634    0.000236
635    0.000259
636    0.000174
637    0.000239
638    0.000162
639    0.000299
640    0.000312
641    0.000254
642    0.000186
643    0.000279
644    0.000246
645    0.000297
646    0.000257
647    0.000265
648    0.000207
649    0.000268
650    0.000162
651    0.000256
652    0.000214
653    0.000244
654    0.000199
655    0.000236
656    0.000255
657    0.000243
658    0.000262
659    0.000213
660    0.000271
661    0.000241
662    0.000149
663    0.000296
664    0.000217
665    0.000287
666    0.000203
667    0.000263
668    0.000241
669    0.000300
670    0.000376
671    0.000329
672    0.000306
673    0.000380
674    0.000304
675    0.000248
676    0.000227
677    0.000213
678    0.000213
679    0.000322
680    0.000230
681    0.000182
682    0.000183
683    0.000238
684    0.000260
685    0.000147
686    0.000194
687    0.000158
688    0.000227
689    0.000158
690    0.000293
691    0.000212
692    0.000232
693    0.000214
694    0.000188
695    0.000256
696    0.000222
697    0.000266
698    0.000312
699    0.000150
700    0.000146
701    0.000157
702    0.000157
703    0.000260
704    0.000181
705    0.000151
706    0.000227
707    0.000186
708    0.000198
709    0.000250
710    0.000195
711    0.000293
712    0.000155
713    0.000262
714    0.000133
715    0.000204
716    0.000220
717    0.000242
718    0.000159
719    0.000207
720    0.000177
721    0.000192
722    0.000165
723    0.000244
724    0.000200
725    0.000255
726    0.000287
727    0.000175
728    0.000199
729    0.000158
730    0.000227
731    0.000250
732    0.000197
733    0.000150
734    0.000224
735    0.000200
736    0.000304
737    0.000239
738    0.000250
739    0.000241
740    0.000343
741    0.000265
742    0.000307
743    0.000338
744    0.000231
745    0.000125
746    0.000266
747    0.000184
748    0.000174
749    0.000185
750    0.000141
751    0.000344
752    0.000159
753    0.000168
754    0.000287
755    0.000236
756    0.000164
757    0.000213
758    0.000166
759    0.000241
760    0.000202
761    0.000148
762    0.000220
763    0.000173
764    0.000171
765    0.000152
766    0.000169
767    0.000236
768    0.000137
769    0.000206
770    0.000157
771    0.000283
772    0.000169
773    0.000264
774    0.000135
775    0.000243
776    0.000214
777    0.000208
778    0.000205
779    0.000160
780    0.000165
781    0.000237
782    0.000166
783    0.000162
784    0.000257
785    0.000135
786    0.000164
787    0.000164
788    0.000155
789    0.000258
790    0.000182
791    0.000095
792    0.000200
793    0.000199
794    0.000266
795    0.000241
796    0.000185
797    0.000330
798    0.000127
799    0.000132
800    0.000076
801    0.000207
802    0.000103
803    0.000143
804    0.000122
805    0.000131
806    0.000151
807    0.000224
808    0.000106
809    0.000071
810    0.000185
811    0.000115
812    0.000142
813    0.000151
814    0.000166
815    0.000215
816    0.000102
817    0.000289
818    0.000292
819    0.000147
820    0.000387
821    0.000296
822    0.000212
823    0.000198
824    0.000127
825    0.000534
