0.006069
-0.002479
-0.004093
0.002492
-0.003693
-0.003791
0.007392
-407e-6
-0.005315
0.011983
0.009559
-0.007323
0.011741
-289e-6
0.003555
0.007972
-0.011793
0.01397
0.001397
-0.033494
0.018479
0.007632
-0.035512
0.047249
0.014018
-0.013438
0.039744
0.00805
-0.022414
0.031783
0.005862
-0.035934
0.034647
0.005175
-0.038406
0.022936
0.006612
-0.04182
0.023755
0.00521
-0.047636
0.010405
-417e-6
-0.044515
0.004199
-0.018661
-0.046451
0.003919
-0.030877
-0.040766
0.010644
-0.031293
-0.019035
0.025024
-0.043387
-0.008148
0.042897
-0.043153
-0.002344
-0.010741
-0.031598
0.001936
-222e-6
-0.031281
-0.001475
0.013607
-0.023889
-0.008817
0.015383
-0.018866
-0.024568
0.00939
-0.005141
-0.032511
0.006616
-0.001326
-0.033449
0.011303
0.003736
-0.029113
0.021447
0.008933
-0.022617
0.031996
0.011353
-0.007681
0.032106
0.024399
-0.005071
0.054826
0.031424
0.032862
0.055433
0.043327
0.029594
0.080824
0.077019
0.05436
0.137597
0.067542
0.077346
0.114323
0.072776
0.033356
0.135184
0.048402
0.02619
0.090688
0.029809
-0.007456
0.058192
0.009166
-0.002416
0.033254
0.003629
-0.014789
0.022933
-821e-6
-0.01357
0.01403
-0.004395
-0.020724
0.007074
-0.005802
-0.021399
0.004677
-0.016486
-0.007312
0.007699
-0.019492
113e-6
0.006375
-0.024884
0.001031
0.004536
-0.034486
-802e-6
0.003283
-0.036576
-0.004172
-0.006441
-0.038767
-0.00515
-0.013714
-0.03276
-0.008565
-0.020987
-0.035034
-0.010784
-0.024921
-0.03208
-0.011009
-0.028392
-0.029801
-0.012106
-0.032337
-0.026676
-0.011772
-0.027222
-0.02383
-0.010155
-0.024011
-0.014818
-0.011582
-0.028587
-0.011989
-0.010925
-0.026022
-0.013012
-0.011785
-0.015704
-0.005352
-0.008157
-0.014015
-0.001711
-0.007504
-0.020348
-0.002022
-0.007063
-0.015178
-0.001228
-0.006171
-0.007454
0.002443
-0.004478
-0.009679
0.005152
-0.005844
-0.008051
0.002872
-0.005237
-0.004613
0.002963
-0.003791
-0.003814
0.004197
-0.002601
-0.004959
0.00169
-0.007535
-0.003043
271e-6
-0.007372
-0.003544
-0.001542
-0.008695
-0.002741
-0.002696
-0.007822
-0.003924
-0.002402
-0.008092
-0.003235
-0.001122
-0.007765
-0.00231
0.001874
-0.004974
-0.002422
0.002886
-0.004509
-0.00272
758e-6
-0.005979
-0.001228
0.002324
-0.006302
856e-6
673e-6
-0.005101
-0.00186
-0.005499
-0.004071
-0.00584
-0.01542
-0.008603
-0.008972
-0.023783
-0.010265
-0.020241
-0.035919
-0.010152
-0.020816
-0.039761
-0.006161
-0.018428
-0.033601
-0.005657
-0.011063
-0.020932
-0.00625
-0.009015
-0.014874
-0.002106
-214e-6
-0.008696
-0.00587
575e-6
-0.003496
-0.008096
0.003984
-0.001714
-0.010356
0.004939
-0.001479
-0.0029
0.006608
-0.00299
-0.010476
0.005561
-0.002472
-0.005693
-0.002823
-0.001724
-0.004287
-0.006017
-115e-6
-0.003201
-0.008411
0.003551
-0.005275
-0.007025
0.004183
-0.005412
-0.006902
0.002732
-0.004207
-0.008541
0.006761
-0.00444
-0.010145
0.008291
-0.004064
-0.01252
0.004123
-0.002092
-0.013894
0.004726
-601e-6
-0.016744
0.009339
-873e-6
-0.018218
0.007256
513e-6
-0.020028
0.003152
0.002059
-0.021788
0.005192
0.002285
-0.022556
0.004074
0.005065
-0.025633
-23e-5
0.004665
-0.024779
-81e-6
0.001777
-0.021629
-0.001333
0.002185
-0.02252
-0.001699
961e-6
-0.020496
-0.005591
219e-6
-0.018981
-0.003736
-759e-6
-0.017163
-571e-6
-0.002416
-0.015625
-0.002707
-0.002649
-0.014339
-0.005293
-0.00278
-0.01254
-0.00184
-0.004441
-0.010884
-948e-6
-0.005961
-0.009121
-0.00451
-0.005926
-0.007797
-0.003761
-0.006617
-0.005543
-74e-5
-0.007313
-0.004252
-0.001844
-0.008182
-0.003216
-0.004315
-0.008463
-0.002469
-0.002457
-0.008317
-0.001507
-816e-6
-0.009116
-191e-6
-0.002555
-0.010064
969e-6
-0.003046
-0.009379
911e-6
-0.001701
-0.010092
0.001817
-0.001033
-0.011495
0.001997
-0.002588
-0.011949
0.00201
-0.001844
-0.012098
0.002273
-756e-6
-0.013669
0.002571
-0.001257
-0.012919
0.001799
0.001808
-0.012714
0.002045
0.002141
-0.010617
836e-6
0.005826
-0.009556
892e-6
0.00477
-0.008305
559e-6
0.004442
-0.007552
-0.001337
0.005979
-0.006324
-0.003574
0.005359
-0.005551
-0.005607
0.006945
-0.00605
-0.005227
0.003524
-0.006373
-0.003204
0.001487
-0.005718
-0.004004
877e-6
-0.005643
-0.004973
-0.001374
-0.003728
-0.006851
-0.004037
-0.003952
-0.005657
-0.004828
-0.002835
-0.00799
-0.00308
-0.002639
-0.009701
-0.004997
-0.002302
-0.009041
-0.00336
-0.005043
-0.006454
-0.001355
-0.006242
-0.005818
-891e-6
-0.007186
-0.004106
239e-6
-0.007085
-0.002868
371e-6
-0.007382
-0.002911
-272e-6
-0.008107
-0.002941
0.001043
-0.009402
-0.00216
471e-6
-0.008042
-0.005243
-0.008773
-0.012098
-0.015333
-715e-6
-0.009325
-0.00127
0.001479
-0.016044
-0.008058
-0.017905
-0.015768
-0.025875
-0.028368
0.004091
-0.015008
-0.032891
0.019276
-0.003066
-0.024117
0.01142
0.017568
-0.006688
0.046594
0.105068
-0.002358
0.127268
0.077213
0.003306
0.42017
0.141163
-0.031179
0.50237
-0.023203
0.021161
0.423424
-0.06719
-0.120413
0.238987
0.057622
-0.018589
0.029105
-0.002249
-0.101096
-0.013515
0.05379
-0.0273
-0.014095
0.022959
-0.024481
-0.002571
-0.006826
-0.026479
0.011966
-0.033038
-0.032222
-0.007016
-0.01438
-0.002863
-0.011371
0.004596
0.005758
-0.007969
0.003411
0.008949
0.003526
0.004414
0.007745
-0.005217
56e-6
0.009691
-0.009645
-134e-6
0.011765
-0.010992
0.001426
0.014574
-0.012491
905e-6
0.013436
-0.01506
0.00229
0.010824
-0.015887
0.002161
0.013272
-0.015582
0.001637
0.01629
-0.017765
0.00195
0.013962
-0.019757
0.002968
0.010847
-0.019244
0.004206
0.010078
-0.017693
0.004204
0.008321
-0.014441
0.005719
0.004845
-0.013557
0.00506
0.002565
-0.011975
0.003044
0.004444
-0.01233
0.003005
0.006833
-0.011544
0.002151
0.00451
-0.010209
0.001115
0.00402
-0.00937
2e-6
0.007184
-0.008879
-503e-6
0.006414
-0.007949
-804e-6
0.003908
-0.007178
-0.002266
0.005295
-0.006438
-0.003048
0.00718
-0.005508
-0.003581
0.005452
-0.005432
-0.005363
0.003233
-0.003612
-0.007837
0.007106
-0.003175
-0.010101
0.008334
-0.003194
-0.010977
0.004296
-0.002429
-0.012542
0.004283
-0.001438
-0.015658
0.008925
-37e-5
-0.016811
0.007662
-478e-6
-0.017837
0.010856
-0.002481
-0.014651
0.01397
-0.00284
-0.014994
0.017296
-0.002226
-0.011017
0.010815
569e-6
-0.007522
0.013116
745e-6
-0.010126
0.019254
-0.003991
-0.013704
0.023709
-0.005569
-0.014446
0.02226
-0.003875
-0.009489
0.024811
-0.005767
-0.005511
0.020191
-0.007195
184e-6
0.024492
-0.010175
551e-6
0.024474
-0.007276
-0.002323
0.018996
-0.004637
-0.002333
0.020826
-0.009552
3e-5
0.025764
-0.008325
-904e-6
0.024449
-0.003951
-0.003153
0.021214
-0.006757
-0.002258
0.02397
-0.009264
-189e-6
0.026268
-0.006852
-733e-6
0.02277
-0.007092
-0.002275
0.022219
-0.004345
-0.004513
0.018268
-0.004511
-0.007447
0.016376
-0.002181
-0.008152
0.016429
159e-6
-0.010527
0.011718
-761e-6
-0.014488
0.010422
525e-6
-0.016847
0.010359
0.002813
-0.020663
0.005566
0.002906
-0.020608
0.005282
456e-6
-0.017705
0.003372
335e-6
-0.017731
0.004413
-893e-6
-0.014859
638e-6
-0.001811
-0.012887
0.002148
-0.001997
-0.012325
0.006262
-0.002344
-0.011358
0.005129
-0.003365
-0.008724
0.003475
-0.003865
-0.006154
0.006227
-0.004428
-0.006294
0.009192
-0.004959
-0.005738
0.006836
-0.006753
-0.003143
0.006588
-0.007523
-0.002018
0.010366
-0.008024
-0.001867
0.011237
-0.009349
-506e-6
0.014004
-0.012062
0.001141
0.011168
-0.013133
0.003068
0.008472
-0.013155
0.003198
0.0058
-0.013994
0.004497
0.00616
-0.011707
0.001972
0.005234
-0.010065
558e-6
0.001582
-0.009221
-667e-6
-705e-6
-0.010494
92e-5
-0.001586
-0.009655
-291e-6
-0.005826
-0.009507
-28e-6
-0.005118
-0.008605
-0.002297
-0.00292
-0.007542
-0.004812
-0.005893
-0.007094
-0.004739
-0.008549
-0.006372
-0.006033
-0.005692
-0.005591
-0.008233
-0.004719
-0.004463
-0.010225
-0.008829
-0.004074
-0.010097
-0.009793
-0.003234
-0.012164
-0.006633
-0.002183
-0.014557
-0.008081
-0.001598
-0.015057
-0.011735
-945e-6
-0.016484
-0.009645
316e-6
-0.019126
-0.006001
484e-6
-0.019433
-0.00457
0.002045
-0.02267
-0.004841
0.00116
-0.021
-0.001935
23e-6
-0.01836
826e-6
823e-6
-0.020074
