  1    0.121160
  2    0.052316
  3    0.030236
  4    0.005800
  5    0.024538
  6    0.026333
  7    0.030726
  8    0.005691
  9    0.009182
 10    0.009215
 11    0.006555
 12    0.009091
 13    0.004867
 14    0.009040
 15    0.007212
 16    0.012560
 17    0.011467
 18    0.007109
 19    0.002437
 20    0.007629
 21    0.009499
 22    0.007099
 23    0.003195
 24    0.006238
 25    0.007064
 26    0.007570
 27    0.006590
 28    0.006069
 29    0.002261
 30    0.004614
 31    0.008463
 32    0.004465
 33    0.009114
 34    0.002871
 35    0.002543
 36    0.003688
 37    0.005089
 38    0.002660
 39    0.004130
 40    0.003275
 41    0.003619
 42    0.006287
 43    0.003384
 44    0.004187
 45    0.003213
 46    0.005127
 47    0.003251
 48    0.002961
 49    0.003977
 50    0.002689
 51    0.003448
 52    0.002822
 53    0.003051
 54    0.003591
 55    0.001997
 56    0.002457
 57    0.002576
 58    0.000770
 59    0.001265
 60    0.001508
 61    0.002439
 62    0.002729
 63    0.001574
 64    0.001063
 65    0.003022
 66    0.003063
 67    0.001696
 68    0.003280
 69    0.002019
 70    0.002398
 71    0.001094
 72    0.001006
 73    0.001969
 74    0.001130
 75    0.001114
 76    0.002339
 77    0.001447
 78    0.001817
 79    0.001455
 80    0.002571
 81    0.002249
 82    0.000750
 83    0.002902
 84    0.001402
 85    0.001558
 86    0.000623
 87    0.001455
 88    0.002179
 89    0.000696
 90    0.000883
 91    0.001436
 92    0.001268
 93    0.001689
 94    0.001102
 95    0.001654
 96    0.000749
 97    0.002661
 98    0.003145
 99    0.001390
100    0.001175
101    0.001057
102    0.000688
103    0.001823
104    0.003549
105    0.001764
106    0.001563
107    0.000855
108    0.001498
109    0.002152
110    0.002159
111    0.001333
112    0.000949
113    0.000673
114    0.002227
115    0.001811
116    0.001598
117    0.001390
118    0.001125
119    0.002141
120    0.000803
121    0.001152
122    0.000557
123    0.001052
124    0.001107
125    0.001306
126    0.000855
127    0.000962
128    0.001061
129    0.000587
130    0.002306
131    0.001116
132    0.000942
133    0.000749
134    0.000727
135    0.000884
136    0.000609
137    0.001467
138    0.002243
139    0.000508
140    0.001091
141    0.002081
142    0.000639
143    0.001100
144    0.000720
145    0.001424
146    0.001192
147    0.001520
148    0.001002
149    0.001430
150    0.000896
151    0.001066
152    0.001029
153    0.001274
154    0.001633
155    0.001426
156    0.000879
157    0.000549
158    0.001408
159    0.001360
160    0.001038
161    0.001079
162    0.000970
163    0.000840
164    0.001398
165    0.002069
166    0.000510
167    0.000905
168    0.000948
169    0.000848
170    0.000896
171    0.001774
172    0.001072
173    0.001185
174    0.001025
175    0.000718
176    0.000803
177    0.001323
178    0.000602
179    0.001313
180    0.000891
181    0.001008
182    0.000600
183    0.000611
184    0.000782
185    0.000951
186    0.001179
187    0.000583
188    0.000969
189    0.000153
190    0.000581
191    0.000945
192    0.000621
193    0.000890
194    0.000637
195    0.000483
196    0.000620
197    0.000999
198    0.000929
199    0.001266
200    0.000251
201    0.001235
202    0.000806
203    0.000756
204    0.000472
205    0.001941
206    0.000937
207    0.000713
208    0.000665
209    0.000304
210    0.000942
211    0.000667
212    0.000948
213    0.001200
214    0.000390
215    0.000953
216    0.000789
217    0.001147
218    0.000454
219    0.000698
220    0.001238
221    0.000409
222    0.000900
223    0.000956
224    0.000278
225    0.000542
226    0.000648
227    0.000405
228    0.000500
229    0.000938
230    0.000784
231    0.000724
232    0.001055
233    0.001191
234    0.000432
235    0.000497
236    0.000374
237    0.000251
238    0.001317
239    0.000685
240    0.000614
241    0.000588
242    0.000458
243    0.000844
244    0.000780
245    0.000779
246    0.000648
247    0.000551
248    0.000263
249    0.000447
250    0.000571
251    0.000769
252    0.000461
253    0.000832
254    0.000514
255    0.000875
256    0.000754
257    0.000530
258    0.000744
259    0.000864
260    0.000908
261    0.000923
262    0.000856
263    0.000324
264    0.000693
265    0.000869
266    0.000829
267    0.000618
268    0.000637
269    0.000566
270    0.000476
271    0.000659
272    0.000432
273    0.000785
274    0.000880
275    0.000464
276    0.000576
277    0.000568
278    0.000705
279    0.000592
280    0.000305
281    0.000526
282    0.000373
283    0.000351
284    0.000540
285    0.000566
286    0.000531
287    0.000386
288    0.000451
289    0.000741
290    0.000423
291    0.000877
292    0.000586
293    0.000648
294    0.000921
295    0.000322
296    0.000721
297    0.000522
298    0.000576
299    0.000717
300    0.000343
301    0.000752
302    0.000689
303    0.000352
304    0.000603
305    0.000790
306    0.000763
307    0.000372
308    0.000464
309    0.000854
310    0.000980
311    0.000416
312    0.000415
313    0.000622
314    0.000662
315    0.000673
316    0.000646
317    0.000325
318    0.000382
319    0.000395
320    0.001277
321    0.000770
322    0.000493
323    0.000534
324    0.000540
325    0.000683
326    0.000198
327    0.000191
328    0.000396
329    0.000333
330    0.000741
331    0.000395
332    0.000488
333    0.000710
334    0.000390
335    0.000474
336    0.000587
337    0.000490
338    0.000351
339    0.000426
340    0.000423
341    0.000690
342    0.000473
343    0.000366
344    0.000559
345    0.000435
346    0.000514
347    0.000810
348    0.000347
349    0.000383
350    0.000585
351    0.000244
352    0.000305
353    0.000556
354    0.000466
355    0.000288
356    0.000367
357    0.000447
358    0.000415
359    0.000395
360    0.000481
361    0.000463
362    0.000386
363    0.000412
364    0.000344
365    0.000693
366    0.000547
367    0.000579
368    0.000284
369    0.000201
370    0.000743
371    0.000848
372    0.000583
373    0.000514
374    0.000660
375    0.000717
376    0.000775
377    0.000631
378    0.000830
379    0.000532
380    0.000641
381    0.000671
382    0.000421
383    0.001011
384    0.000935
385    0.000620
386    0.000525
387    0.000421
388    0.000669
389    0.000439
390    0.000434
391    0.000715
392    0.000409
393    0.000804
394    0.000233
395    0.000655
396    0.000238
397    0.000475
398    0.000370
399    0.000322
400    0.000173
401    0.000565
402    0.000443
403    0.000344
404    0.000362
405    0.000483
406    0.000327
407    0.000282
408    0.000638
409    0.000506
410    0.000249
411    0.000783
412    0.000639
413    0.000313
414    0.000452
415    0.000610
416    0.000367
417    0.000401
418    0.000257
419    0.000245
420    0.000442
421    0.000644
422    0.000344
423    0.000527
424    0.000367
425    0.000399
426    0.000506
427    0.000395
428    0.000294
429    0.000340
430    0.000326
431    0.000279
432    0.000589
433    0.000275
434    0.000404
435    0.000449
436    0.000623
437    0.000352
438    0.000413
439    0.000549
440    0.001052
441    0.000299
442    0.000455
443    0.000656
444    0.000670
445    0.000509
446    0.000505
447    0.000563
448    0.000367
449    0.000383
450    0.000265
451    0.000687
452    0.000521
453    0.000254
454    0.000391
455    0.000528
456    0.000274
457    0.000324
458    0.000353
459    0.000675
460    0.000565
461    0.000269
462    0.000352
463    0.000798
464    0.000275
465    0.000450
466    0.000424
467    0.000334
468    0.000217
469    0.000669
470    0.000356
471    0.000326
472    0.000519
473    0.000340
474    0.000908
475    0.000594
476    0.000489
477    0.000359
478    0.000298
479    0.000439
480    0.000388
481    0.000410
482    0.000254
483    0.000489
484    0.000327
485    0.000600
486    0.000272
487    0.000260
488    0.000428
489    0.000690
490    0.000591
491    0.000745
492    0.000247
493    0.000354
494    0.000326
495    0.000428
496    0.000507
497    0.000617
498    0.000451
499    0.000263
500    0.000483
501    0.000222
502    0.000301
503    0.000171
504    0.000380
505    0.000485
506    0.000308
507    0.000228
508    0.000311
509    0.000594
510    0.000543
511    0.000432
512    0.000541
513    0.000147
514    0.000579
515    0.000340
516    0.000323
517    0.000284
518    0.000442
519    0.000426
520    0.000515
521    0.000453
522    0.000309
523    0.000675
524    0.000416
525    0.000623
526    0.000527
527    0.000091
528    0.000436
529    0.000395
530    0.000332
531    0.000540
532    0.000573
533    0.000536
534    0.000202
535    0.000260
536    0.000153
537    0.000224
538    0.000732
539    0.000638
540    0.000238
541    0.000540
542    0.000401
543    0.000388
544    0.000348
545    0.000359
546    0.000420
547    0.000165
548    0.000398
549    0.000418
550    0.000324
551    0.000335
552    0.000223
553    0.000261
554    0.000378
555    0.000166
556    0.000214
557    0.000283
558    0.000420
559    0.000276
560    0.000528
561    0.000416
562    0.000225
563    0.000411
564    0.000410
565    0.000426
566    0.000283
567    0.000294
568    0.000189
569    0.000165
570    0.000287
571    0.000362
572    0.000293
573    0.000208
574    0.000219
575    0.000090
576    0.000361
577    0.000381
578    0.000298
579    0.000386
580    0.000162
581    0.000454
582    0.000302
583    0.000286
584    0.000172
585    0.000359
586    0.000322
587    0.000173
588    0.000234
589    0.000269
590    0.000288
591    0.000161
592    0.000387
593    0.000282
594    0.000195
595    0.000173
596    0.000349
597    0.000351
598    0.000344
599    0.000295
600    0.000267
601    0.000267
602    0.000223
603    0.000277
604    0.000171
605    0.000301
606    0.000325
607    0.000656
608    0.000205
609    0.000190
610    0.000236
611    0.000396
612    0.000416
613    0.000309
614    0.000260
615    0.000305
616    0.000229
617    0.000432
618    0.000162
619    0.000385
620    0.000224
621    0.000105
622    0.000180
623    0.000304
624    0.000300
625    0.000362
626    0.000306
627    0.000266
628    0.000590
629    0.000250
630    0.000319
631    0.000396
632    0.000286
633    0.000160
634    0.000147
635    0.000302
636    0.000420
637    0.000236
638    0.000155
639    0.000116
640    0.000215
641    0.000117
642    0.000333
643    0.000311
644    0.000168
645    0.000373
646    0.000219
647    0.000307
648    0.000233
649    0.000271
650    0.000322
651    0.000283
652    0.000140
653    0.000214
654    0.000328
655    0.000259
656    0.000216
657    0.000216
658    0.000361
659    0.000315
660    0.000296
661    0.000371
662    0.000367
663    0.000227
664    0.000238
665    0.000410
666    0.000281
667    0.000205
668    0.000390
669    0.000378
670    0.000274
671    0.000330
672    0.000346
673    0.000246
674    0.000216
675    0.000265
676    0.000588
677    0.000167
678    0.000250
679    0.000251
680    0.000139
681    0.000148
682    0.000116
683    0.000228
684    0.000245
685    0.000377
686    0.000211
687    0.000200
688    0.000279
689    0.000171
690    0.000257
691    0.000320
692    0.000255
693    0.000198
694    0.000232
695    0.000205
696    0.000203
697    0.000343
698    0.000239
699    0.000220
700    0.000227
701    0.000101
702    0.000190
703    0.000111
704    0.000391
705    0.000207
706    0.000207
707    0.000240
708    0.000239
709    0.000250
710    0.000170
711    0.000116
712    0.000269
713    0.000111
714    0.000202
715    0.000324
716    0.000224
717    0.000329
718    0.000335
719    0.000180
720    0.000419
721    0.000259
722    0.000285
723    0.000264
724    0.000107
725    0.000163
726    0.000127
727    0.000208
728    0.000256
729    0.000260
730    0.000241
731    0.000255
732    0.000348
733    0.000258
734    0.000400
735    0.000287
736    0.000364
737    0.000212
738    0.000200
739    0.000433
740    0.000060
741    0.000144
742    0.000399
743    0.000180
744    0.000416
745    0.000462
746    0.000308
747    0.000323
748    0.000097
749    0.000023
750    0.000215
751    0.000208
752    0.000306
753    0.000152
754    0.000132
755    0.000272
756    0.000306
757    0.000219
758    0.000196
759    0.000305
760    0.000103
761    0.000149
762    0.000556
763    0.000254
764    0.000025
765    0.000128
766    0.000141
767    0.000197
768    0.000283
769    0.000217
770    0.000105
771    0.000121
772    0.000532
773    0.000223
774    0.000353
775    0.000241
776    0.000182
777    0.000223
778    0.000208
779    0.000289
780    0.000240
781    0.000068
782    0.000114
783    0.000129
784    0.000338
785    0.000177
786    0.000258
787    0.000188
788    0.000386
789    0.000153
790    0.000168
791    0.000163
792    0.000108
793    0.000157
794    0.000154
795    0.000245
796    0.000426
797    0.000279
798    0.000163
799    0.000321
800    0.000249
801    0.000156
802    0.000097
803    0.000175
804    0.000078
805    0.000200
806    0.000117
807    0.000201
808    0.000104
809    0.000111
810    0.000115
811    0.000216
812    0.000055
813    0.000071
814    0.000293
815    0.000022
816    0.000064
817    0.000357
818    0.000109
819    0.000060
820    0.000302
821    0.000241
822    0.000149
823    0.000433
824    0.000793
825    0.000722
