  1    0.101566
  2    0.070539
  3    0.028727
  4    0.020684
  5    0.016314
  6    0.024022
  7    0.025829
  8    0.012077
  9    0.020658
 10    0.016755
 11    0.011709
 12    0.010351
 13    0.007482
 14    0.008033
 15    0.008750
 16    0.005584
 17    0.008445
 18    0.006451
 19    0.008417
 20    0.005215
 21    0.004989
 22    0.005736
 23    0.003923
 24    0.007112
 25    0.006487
 26    0.006265
 27    0.005853
 28    0.003074
 29    0.002587
 30    0.004591
 31    0.005306
 32    0.002168
 33    0.005098
 34    0.005187
 35    0.002774
 36    0.003433
 37    0.003202
 38    0.002627
 39    0.003603
 40    0.002811
 41    0.003947
 42    0.003377
 43    0.003183
 44    0.002471
 45    0.003511
 46    0.002569
 47    0.003471
 48    0.003286
 49    0.001573
 50    0.002772
 51    0.002810
 52    0.002459
 53    0.003021
 54    0.001776
 55    0.004069
 56    0.003331
 57    0.003744
 58    0.002999
 59    0.002494
 60    0.003060
 61    0.002409
 62    0.002532
 63    0.001494
 64    0.003298
 65    0.002666
 66    0.002645
 67    0.002121
 68    0.002314
 69    0.001477
 70    0.001468
 71    0.002016
 72    0.002253
 73    0.001858
 74    0.001933
 75    0.003114
 76    0.001333
 77    0.001868
 78    0.001476
 79    0.002330
 80    0.001486
 81    0.002767
 82    0.001738
 83    0.002182
 84    0.001458
 85    0.001155
 86    0.001290
 87    0.002343
 88    0.001165
 89    0.001184
 90    0.001687
 91    0.001756
 92    0.001518
 93    0.002176
 94    0.001814
 95    0.001874
 96    0.001488
 97    0.002299
 98    0.001167
 99    0.001860
100    0.001694
101    0.001435
102    0.001348
103    0.001408
104    0.002572
105    0.001546
106    0.002836
107    0.001431
108    0.001266
109    0.001067
110    0.001456
111    0.000807
112    0.001764
113    0.001142
114    0.001103
115    0.001944
116    0.000953
117    0.001083
118    0.001424
119    0.001349
120    0.001126
121    0.001049
122    0.001650
123    0.001413
124    0.001381
125    0.001143
126    0.001437
127    0.000983
128    0.001243
129    0.001002
130    0.001332
131    0.001058
132    0.001237
133    0.000889
134    0.001042
135    0.001491
136    0.001617
137    0.001677
138    0.001132
139    0.001412
140    0.001552
141    0.001580
142    0.001228
143    0.000730
144    0.001234
145    0.001191
146    0.001062
147    0.001323
148    0.001186
149    0.000735
150    0.001476
151    0.001438
152    0.000769
153    0.001585
154    0.001097
155    0.000888
156    0.001334
157    0.000874
158    0.000712
159    0.000959
160    0.001271
161    0.000587
162    0.000923
163    0.001246
164    0.000736
165    0.000813
166    0.001163
167    0.000949
168    0.001767
169    0.001007
170    0.000871
171    0.000906
172    0.001310
173    0.001046
174    0.001098
175    0.000726
176    0.001178
177    0.000766
178    0.001081
179    0.000933
180    0.001346
181    0.001474
182    0.001052
183    0.001008
184    0.000983
185    0.000557
186    0.001088
187    0.000684
188    0.000618
189    0.000837
190    0.000832
191    0.000685
192    0.000842
193    0.000986
194    0.000611
195    0.000841
196    0.000781
197    0.001238
198    0.000781
199    0.000653
200    0.001196
201    0.000654
202    0.001017
203    0.001059
204    0.000795
205    0.000833
206    0.001037
207    0.000894
208    0.000628
209    0.000934
210    0.001176
211    0.001180
212    0.000556
213    0.001012
214    0.000658
215    0.001189
216    0.000740
217    0.000805
218    0.001139
219    0.000879
220    0.001245
221    0.000933
222    0.000744
223    0.000849
224    0.000563
225    0.000799
226    0.000642
227    0.000876
228    0.001235
229    0.000596
230    0.000969
231    0.000997
232    0.000667
233    0.000753
234    0.000677
235    0.000721
236    0.000500
237    0.000660
238    0.000802
239    0.001067
240    0.000916
241    0.000662
242    0.000767
243    0.000627
244    0.000560
245    0.000538
246    0.000742
247    0.000716
248    0.000791
249    0.000835
250    0.000545
251    0.000575
252    0.000877
253    0.000728
254    0.000570
255    0.000447
256    0.000502
257    0.000487
258    0.000365
259    0.000519
260    0.000684
261    0.000499
262    0.000502
263    0.000490
264    0.000482
265    0.000366
266    0.000384
267    0.000492
268    0.000462
269    0.000415
270    0.000907
271    0.000531
272    0.000698
273    0.000486
274    0.000550
275    0.000554
276    0.000486
277    0.000737
278    0.000660
279    0.000594
280    0.000536
281    0.000912
282    0.000592
283    0.000275
284    0.000431
285    0.000714
286    0.000714
287    0.000937
288    0.001046
289    0.000260
290    0.000746
291    0.000649
292    0.000669
293    0.000504
294    0.000536
295    0.000456
296    0.000542
297    0.000494
298    0.000578
299    0.000442
300    0.000505
301    0.000536
302    0.000708
303    0.000653
304    0.000569
305    0.000634
306    0.000364
307    0.000469
308    0.000523
309    0.000620
310    0.001040
311    0.000379
312    0.000649
313    0.000721
314    0.000364
315    0.000409
316    0.000664
317    0.000553
318    0.000514
319    0.000609
320    0.000374
321    0.000424
322    0.000541
323    0.000472
324    0.000916
325    0.000712
326    0.000549
327    0.000686
328    0.000388
329    0.000399
330    0.000570
331    0.000451
332    0.000515
333    0.000464
334    0.000518
335    0.000629
336    0.000474
337    0.000598
338    0.000408
339    0.000477
340    0.000443
341    0.000429
342    0.000488
343    0.000664
344    0.000458
345    0.000435
346    0.000401
347    0.000568
348    0.000632
349    0.000411
350    0.000908
351    0.000346
352    0.000649
353    0.000505
354    0.000497
355    0.000716
356    0.000304
357    0.000553
358    0.000293
359    0.000437
360    0.000360
361    0.000352
362    0.000341
363    0.000795
364    0.000540
365    0.000432
366    0.000099
367    0.000471
368    0.000384
369    0.000459
370    0.000446
371    0.000657
372    0.000479
373    0.000433
374    0.000399
375    0.000298
376    0.000436
377    0.000416
378    0.000340
379    0.000486
380    0.000353
381    0.000612
382    0.000574
383    0.000646
384    0.000378
385    0.000130
386    0.000464
387    0.000430
388    0.000344
389    0.000378
390    0.000593
391    0.000246
392    0.000607
393    0.000349
394    0.000559
395    0.000378
396    0.000431
397    0.000485
398    0.000285
399    0.000434
400    0.000275
401    0.000270
402    0.000336
403    0.000393
404    0.000279
405    0.000366
406    0.000333
407    0.000289
408    0.000181
409    0.000363
410    0.000188
411    0.000379
412    0.000247
413    0.000330
414    0.000434
415    0.000370
416    0.000455
417    0.000325
418    0.000279
419    0.000360
420    0.000389
421    0.000350
422    0.000458
423    0.000335
424    0.000365
425    0.000253
426    0.000480
427    0.000230
428    0.000264
429    0.000398
430    0.000327
431    0.000260
432    0.000400
433    0.000199
434    0.000337
435    0.000384
436    0.000394
437    0.000288
438    0.000420
439    0.000224
440    0.000357
441    0.000236
442    0.000562
443    0.000328
444    0.000257
445    0.000302
446    0.000315
447    0.000334
448    0.000444
449    0.000412
450    0.000264
451    0.000451
452    0.000215
453    0.000311
454    0.000491
455    0.000479
456    0.000285
457    0.000327
458    0.000372
459    0.000490
460    0.000351
461    0.000526
462    0.000511
463    0.000445
464    0.000354
465    0.000435
466    0.000399
467    0.000324
468    0.000340
469    0.000423
470    0.000311
471    0.000400
472    0.000445
473    0.000455
474    0.000229
475    0.000397
476    0.000527
477    0.000336
478    0.000305
479    0.000421
480    0.000398
481    0.000248
482    0.000361
483    0.000455
484    0.000325
485    0.000339
486    0.000376
487    0.000381
488    0.000401
489    0.000304
490    0.000433
491    0.000400
492    0.000387
493    0.000370
494    0.000268
495    0.000268
496    0.000295
497    0.000347
498    0.000389
499    0.000359
500    0.000518
501    0.000300
502    0.000439
503    0.000349
504    0.000373
505    0.000426
506    0.000526
507    0.000482
508    0.000290
509    0.000326
510    0.000480
511    0.000315
512    0.000422
513    0.000536
514    0.000408
515    0.000254
516    0.000315
517    0.000579
518    0.000362
519    0.000406
520    0.000358
521    0.000439
522    0.000223
523    0.000518
524    0.000319
525    0.000210
526    0.000235
527    0.000422
528    0.000258
529    0.000272
530    0.000321
531    0.000483
532    0.000520
533    0.000378
534    0.000296
535    0.000220
536    0.000461
537    0.000304
538    0.000260
539    0.000341
540    0.000358
541    0.000238
542    0.000284
543    0.000301
544    0.000440
545    0.000390
546    0.000322
547    0.000570
548    0.000344
549    0.000377
550    0.000249
551    0.000290
552    0.000286
553    0.000317
554    0.000396
555    0.000249
556    0.000393
557    0.000291
558    0.000315
559    0.000377
560    0.000282
561    0.000359
562    0.000277
563    0.000260
564    0.000273
565    0.000376
566    0.000251
567    0.000310
568    0.000460
569    0.000350
570    0.000317
571    0.000201
572    0.000355
573    0.000225
574    0.000406
575    0.000423
576    0.000396
577    0.000246
578    0.000279
579    0.000542
580    0.000414
581    0.000457
582    0.000210
583    0.000257
584    0.000264
585    0.000269
586    0.000320
587    0.000186
588    0.000251
589    0.000243
590    0.000429
591    0.000400
592    0.000267
593    0.000246
594    0.000343
595    0.000223
596    0.000299
597    0.000292
598    0.000303
599    0.000175
600    0.000259
601    0.000282
602    0.000232
603    0.000184
604    0.000250
605    0.000186
606    0.000152
607    0.000212
608    0.000192
609    0.000315
610    0.000202
611    0.000334
612    0.000308
613    0.000287
614    0.000246
615    0.000415
616    0.000274
617    0.000293
618    0.000347
619    0.000238
620    0.000305
621    0.000239
622    0.000200
623    0.000377
624    0.000369
625    0.000208
626    0.000252
627    0.000226
628    0.000248
629    0.000372
630    0.000232
631    0.000261
632    0.000234
633    0.000280
634    0.000247
635    0.000222
636    0.000202
637    0.000249
638    0.000305
639    0.000325
640    0.000167
641    0.000267
642    0.000233
643    0.000226
644    0.000316
645    0.000203
646    0.000340
647    0.000217
648    0.000197
649    0.000233
650    0.000209
651    0.000271
652    0.000340
653    0.000293
654    0.000258
655    0.000202
656    0.000317
657    0.000341
658    0.000333
659    0.000226
660    0.000231
661    0.000247
662    0.000254
663    0.000281
664    0.000157
665    0.000198
666    0.000229
667    0.000271
668    0.000459
669    0.000161
670    0.000243
671    0.000207
672    0.000298
673    0.000205
674    0.000299
675    0.000246
676    0.000335
677    0.000223
678    0.000197
679    0.000164
680    0.000204
681    0.000253
682    0.000234
683    0.000254
684    0.000252
685    0.000322
686    0.000336
687    0.000398
688    0.000290
689    0.000317
690    0.000345
691    0.000238
692    0.000310
693    0.000263
694    0.000200
695    0.000216
696    0.000293
697    0.000320
698    0.000202
699    0.000254
700    0.000208
701    0.000325
702    0.000339
703    0.000189
704    0.000208
705    0.000237
706    0.000246
707    0.000237
708    0.000221
709    0.000204
710    0.000133
711    0.000163
712    0.000236
713    0.000214
714    0.000197
715    0.000207
716    0.000295
717    0.000172
718    0.000251
719    0.000223
720    0.000420
721    0.000238
722    0.000186
723    0.000217
724    0.000207
725    0.000147
726    0.000214
727    0.000336
728    0.000288
729    0.000213
730    0.000369
731    0.000270
732    0.000205
733    0.000240
734    0.000228
735    0.000361
736    0.000312
737    0.000191
738    0.000312
739    0.000273
740    0.000196
741    0.000310
742    0.000157
743    0.000176
744    0.000122
745    0.000151
746    0.000244
747    0.000183
748    0.000228
749    0.000202
750    0.000118
751    0.000368
752    0.000255
753    0.000242
754    0.000259
755    0.000261
756    0.000216
757    0.000373
758    0.000168
759    0.000286
760    0.000257
761    0.000224
762    0.000240
763    0.000261
764    0.000346
765    0.000157
766    0.000401
767    0.000244
768    0.000175
769    0.000224
770    0.000308
771    0.000260
772    0.000183
773    0.000246
774    0.000267
775    0.000263
776    0.000160
777    0.000242
778    0.000252
779    0.000239
780    0.000278
781    0.000167
782    0.000343
783    0.000222
784    0.000172
785    0.000152
786    0.000182
787    0.000232
788    0.000164
789    0.000363
790    0.000234
791    0.000282
792    0.000148
793    0.000097
794    0.000196
795    0.000204
796    0.000191
797    0.000128
798    0.000384
799    0.000115
800    0.000174
801    0.000216
802    0.000187
803    0.000316
804    0.000117
805    0.000252
806    0.000201
807    0.000191
808    0.000244
809    0.000161
810    0.000121
811    0.000095
812    0.000098
813    0.000068
814    0.000199
815    0.000180
816    0.000190
817    0.000068
818    0.000274
819    0.000092
820    0.000127
821    0.000085
822    0.000275
823    0.000696
824    0.000181
825    0.000463
