  1    0.054531
  2    0.021437
  3    0.065835
  4    0.015213
  5    0.031067
  6    0.008973
  7    0.042412
  8    0.025883
  9    0.009098
 10    0.004824
 11    0.015949
 12    0.008962
 13    0.004857
 14    0.008822
 15    0.010097
 16    0.011715
 17    0.006460
 18    0.010656
 19    0.004066
 20    0.003854
 21    0.004655
 22    0.006671
 23    0.005895
 24    0.006031
 25    0.004128
 26    0.004550
 27    0.005231
 28    0.003160
 29    0.006136
 30    0.004918
 31    0.004771
 32    0.003622
 33    0.005940
 34    0.005307
 35    0.007339
 36    0.006265
 37    0.005628
 38    0.004688
 39    0.004496
 40    0.003776
 41    0.005288
 42    0.003503
 43    0.002767
 44    0.003355
 45    0.004968
 46    0.003187
 47    0.003217
 48    0.002992
 49    0.004374
 50    0.003142
 51    0.002623
 52    0.002761
 53    0.002422
 54    0.002595
 55    0.003410
 56    0.002423
 57    0.001987
 58    0.002452
 59    0.002396
 60    0.003638
 61    0.003266
 62    0.003248
 63    0.002265
 64    0.003972
 65    0.002231
 66    0.002067
 67    0.003139
 68    0.002363
 69    0.002547
 70    0.001551
 71    0.002816
 72    0.002179
 73    0.002867
 74    0.001154
 75    0.001298
 76    0.001548
 77    0.001788
 78    0.002014
 79    0.003613
 80    0.002104
 81    0.002224
 82    0.002389
 83    0.003208
 84    0.001881
 85    0.002055
 86    0.001313
 87    0.001311
 88    0.001939
 89    0.001965
 90    0.001771
 91    0.001814
 92    0.001996
 93    0.001772
 94    0.002160
 95    0.001297
 96    0.001202
 97    0.001584
 98    0.000872
 99    0.001435
100    0.001608
101    0.000886
102    0.001006
103    0.001415
104    0.001512
105    0.002193
106    0.000855
107    0.001455
108    0.000989
109    0.001329
110    0.000773
111    0.000826
112    0.001010
113    0.001697
114    0.001544
115    0.001074
116    0.000738
117    0.000896
118    0.001268
119    0.001585
120    0.001342
121    0.001116
122    0.000960
123    0.001633
124    0.001055
125    0.001105
126    0.001367
127    0.001850
128    0.001207
129    0.001558
130    0.000713
131    0.001252
132    0.000958
133    0.001455
134    0.001139
135    0.001191
136    0.000890
137    0.000929
138    0.000666
139    0.001156
140    0.000743
141    0.001660
142    0.001032
143    0.001827
144    0.001282
145    0.001455
146    0.001688
147    0.000823
148    0.001419
149    0.001338
150    0.000888
151    0.000936
152    0.001540
153    0.000933
154    0.001094
155    0.000906
156    0.001112
157    0.001223
158    0.001384
159    0.001384
160    0.001338
161    0.001953
162    0.001246
163    0.001458
164    0.000876
165    0.001334
166    0.001297
167    0.001223
168    0.000632
169    0.001025
170    0.001354
171    0.001104
172    0.001292
173    0.000859
174    0.001190
175    0.001156
176    0.000934
177    0.001308
178    0.001187
179    0.001460
180    0.000901
181    0.000934
182    0.000833
183    0.000888
184    0.001084
185    0.000927
186    0.000710
187    0.001177
188    0.000908
189    0.000858
190    0.001148
191    0.001042
192    0.001666
193    0.000751
194    0.001011
195    0.000833
196    0.000940
197    0.001184
198    0.000921
199    0.000560
200    0.000832
201    0.001170
202    0.001130
203    0.000818
204    0.000583
205    0.001166
206    0.000436
207    0.000947
208    0.000988
209    0.001184
210    0.000701
211    0.001150
212    0.000622
213    0.000667
214    0.000920
215    0.000985
216    0.001027
217    0.001202
218    0.000531
219    0.000573
220    0.001053
221    0.000879
222    0.001110
223    0.000837
224    0.001321
225    0.001136
226    0.000681
227    0.000789
228    0.000608
229    0.000939
230    0.000571
231    0.000846
232    0.000677
233    0.000751
234    0.000813
235    0.000907
236    0.000579
237    0.000900
238    0.000681
239    0.000596
240    0.000421
241    0.000843
242    0.000587
243    0.000617
244    0.000516
245    0.000819
246    0.000790
247    0.000620
248    0.000878
249    0.000665
250    0.000635
251    0.000462
252    0.000872
253    0.001007
254    0.000622
255    0.000511
256    0.001132
257    0.000665
258    0.000666
259    0.001173
260    0.000601
261    0.000476
262    0.000553
263    0.000469
264    0.000500
265    0.000945
266    0.000850
267    0.000674
268    0.000763
269    0.000509
270    0.000822
271    0.000469
272    0.000680
273    0.000607
274    0.000954
275    0.001191
276    0.000555
277    0.000570
278    0.001007
279    0.000730
280    0.000687
281    0.000832
282    0.000833
283    0.000800
284    0.001124
285    0.000763
286    0.000697
287    0.001009
288    0.000627
289    0.000650
290    0.000860
291    0.000881
292    0.000731
293    0.000562
294    0.001155
295    0.000401
296    0.000581
297    0.000644
298    0.000598
299    0.000751
300    0.000723
301    0.000710
302    0.000693
303    0.000540
304    0.000542
305    0.000350
306    0.000816
307    0.000722
308    0.000270
309    0.000683
310    0.000453
311    0.000491
312    0.000489
313    0.000467
314    0.000770
315    0.000289
316    0.000462
317    0.000524
318    0.000660
319    0.000368
320    0.000575
321    0.000567
322    0.000772
323    0.000455
324    0.001044
325    0.000601
326    0.000523
327    0.000574
328    0.000533
329    0.000407
330    0.000603
331    0.000450
332    0.000683
333    0.000401
334    0.000600
335    0.000613
336    0.000370
337    0.000420
338    0.000396
339    0.000968
340    0.000656
341    0.000466
342    0.000699
343    0.000412
344    0.000736
345    0.000469
346    0.000460
347    0.000578
348    0.000539
349    0.000623
350    0.000297
351    0.000693
352    0.000480
353    0.000620
354    0.000556
355    0.000215
356    0.000590
357    0.000625
358    0.000676
359    0.000613
360    0.000441
361    0.000930
362    0.000601
363    0.000675
364    0.000227
365    0.000868
366    0.000525
367    0.000598
368    0.000452
369    0.000700
370    0.000632
371    0.000618
372    0.000454
373    0.000440
374    0.000869
375    0.000503
376    0.000268
377    0.000879
378    0.000374
379    0.000380
380    0.000429
381    0.000458
382    0.000320
383    0.000374
384    0.000311
385    0.000397
386    0.000678
387    0.000478
388    0.000493
389    0.000450
390    0.000758
391    0.000359
392    0.000592
393    0.000531
394    0.000777
395    0.000266
396    0.000327
397    0.000548
398    0.000385
399    0.000434
400    0.000468
401    0.000396
402    0.000420
403    0.000347
404    0.000270
405    0.000524
406    0.000562
407    0.000409
408    0.000378
409    0.000460
410    0.000352
411    0.000472
412    0.000621
413    0.000468
414    0.000512
415    0.000440
416    0.000377
417    0.000561
418    0.000353
419    0.000251
420    0.000611
421    0.000303
422    0.000499
423    0.000304
424    0.000275
425    0.000310
426    0.000331
427    0.000405
428    0.000443
429    0.000466
430    0.000409
431    0.000323
432    0.000291
433    0.000346
434    0.000324
435    0.000348
436    0.000394
437    0.000479
438    0.000427
439    0.000264
440    0.000469
441    0.000384
442    0.000380
443    0.000472
444    0.000567
445    0.000393
446    0.000516
447    0.000549
448    0.000595
449    0.000593
450    0.000406
451    0.000329
452    0.000349
453    0.000454
454    0.000439
455    0.000322
456    0.000333
457    0.000446
458    0.000441
459    0.000436
460    0.000642
461    0.000387
462    0.000447
463    0.000423
464    0.000382
465    0.000595
466    0.000391
467    0.000360
468    0.000361
469    0.000453
470    0.000327
471    0.000312
472    0.000378
473    0.000440
474    0.000463
475    0.000262
476    0.000365
477    0.000175
478    0.000305
479    0.000293
480    0.000388
481    0.000295
482    0.000391
483    0.000402
484    0.000239
485    0.000334
486    0.000448
487    0.000344
488    0.000370
489    0.000396
490    0.000348
491    0.000294
492    0.000442
493    0.000416
494    0.000427
495    0.000370
496    0.000313
497    0.000490
498    0.000276
499    0.000295
500    0.000413
501    0.000408
502    0.000400
503    0.000419
504    0.000278
505    0.000286
506    0.000368
507    0.000350
508    0.000308
509    0.000377
510    0.000351
511    0.000424
512    0.000306
513    0.000274
514    0.000297
515    0.000409
516    0.000378
517    0.000344
518    0.000308
519    0.000484
520    0.000339
521    0.000416
522    0.000462
523    0.000289
524    0.000351
525    0.000418
526    0.000250
527    0.000447
528    0.000451
529    0.000224
530    0.000338
531    0.000415
532    0.000413
533    0.000383
534    0.000316
535    0.000210
536    0.000445
537    0.000371
538    0.000384
539    0.000646
540    0.000326
541    0.000306
542    0.000298
543    0.000348
544    0.000271
545    0.000402
546    0.000399
547    0.000303
548    0.000408
549    0.000349
550    0.000328
551    0.000314
552    0.000492
553    0.000460
554    0.000203
555    0.000539
556    0.000390
557    0.000385
558    0.000254
559    0.000408
560    0.000411
561    0.000281
562    0.000308
563    0.000325
564    0.000318
565    0.000585
566    0.000534
567    0.000422
568    0.000252
569    0.000340
570    0.000390
571    0.000300
572    0.000250
573    0.000359
574    0.000484
575    0.000454
576    0.000258
577    0.000313
578    0.000279
579    0.000361
580    0.000356
581    0.000388
582    0.000290
583    0.000258
584    0.000223
585    0.000332
586    0.000207
587    0.000255
588    0.000254
589    0.000389
590    0.000376
591    0.000297
592    0.000276
593    0.000303
594    0.000319
595    0.000309
596    0.000282
597    0.000280
598    0.000368
599    0.000288
600    0.000354
601    0.000359
602    0.000289
603    0.000233
604    0.000474
605    0.000198
606    0.000439
607    0.000284
608    0.000343
609    0.000460
610    0.000313
611    0.000244
612    0.000428
613    0.000235
614    0.000283
615    0.000308
616    0.000273
617    0.000466
618    0.000390
619    0.000414
620    0.000261
621    0.000255
622    0.000278
623    0.000350
624    0.000345
625    0.000229
626    0.000368
627    0.000252
628    0.000348
629    0.000335
630    0.000502
631    0.000309
632    0.000290
633    0.000321
634    0.000332
635    0.000217
636    0.000442
637    0.000374
638    0.000339
639    0.000257
640    0.000294
641    0.000497
642    0.000324
643    0.000508
644    0.000386
645    0.000182
646    0.000339
647    0.000244
648    0.000328
649    0.000353
650    0.000260
651    0.000406
652    0.000348
653    0.000267
654    0.000331
655    0.000425
656    0.000355
657    0.000335
658    0.000298
659    0.000447
660    0.000294
661    0.000271
662    0.000311
663    0.000223
664    0.000592
665    0.000212
666    0.000228
667    0.000324
668    0.000367
669    0.000249
670    0.000280
671    0.000344
672    0.000261
673    0.000262
674    0.000229
675    0.000261
676    0.000368
677    0.000247
678    0.000341
679    0.000350
680    0.000194
681    0.000278
682    0.000250
683    0.000252
684    0.000317
685    0.000302
686    0.000316
687    0.000280
688    0.000335
689    0.000332
690    0.000242
691    0.000212
692    0.000337
693    0.000288
694    0.000320
695    0.000314
696    0.000312
697    0.000265
698    0.000284
699    0.000194
700    0.000129
701    0.000143
702    0.000239
703    0.000195
704    0.000165
705    0.000237
706    0.000214
707    0.000283
708    0.000457
709    0.000214
710    0.000193
711    0.000233
712    0.000230
713    0.000257
714    0.000257
715    0.000259
716    0.000255
717    0.000221
718    0.000391
719    0.000183
720    0.000288
721    0.000259
722    0.000354
723    0.000216
724    0.000234
725    0.000426
726    0.000262
727    0.000320
728    0.000229
729    0.000261
730    0.000198
731    0.000232
732    0.000286
733    0.000214
734    0.000205
735    0.000311
736    0.000272
737    0.000260
738    0.000237
739    0.000315
740    0.000321
741    0.000337
742    0.000284
743    0.000417
744    0.000211
745    0.000133
746    0.000182
747    0.000316
748    0.000231
749    0.000237
750    0.000317
751    0.000190
752    0.000180
753    0.000381
754    0.000249
755    0.000231
756    0.000239
757    0.000258
758    0.000175
759    0.000325
760    0.000357
761    0.000286
762    0.000150
763    0.000288
764    0.000206
765    0.000190
766    0.000220
767    0.000104
768    0.000188
769    0.000194
770    0.000228
771    0.000363
772    0.000328
773    0.000218
774    0.000226
775    0.000252
776    0.000342
777    0.000228
778    0.000182
779    0.000166
780    0.000304
781    0.000300
782    0.000249
783    0.000225
784    0.000128
785    0.000292
786    0.000393
787    0.000250
788    0.000226
789    0.000188
790    0.000290
791    0.000354
792    0.000223
793    0.000316
794    0.000246
795    0.000153
796    0.000097
797    0.000287
798    0.000217
799    0.000190
800    0.000220
801    0.000301
802    0.000157
803    0.000326
804    0.000097
805    0.000288
806    0.000148
807    0.000184
808    0.000191
809    0.000086
810    0.000166
811    0.000284
812    0.000329
813    0.000177
814    0.000257
815    0.000157
816    0.000081
817    0.000104
818    0.000401
819    0.000276
820    0.000151
821    0.000201
822    0.000161
823    0.000305
824    0.000272
825    0.000314
