  1    0.045371
  2    0.042914
  3    0.030567
  4    0.043108
  5    0.037137
  6    0.023667
  7    0.015189
  8    0.008750
  9    0.011753
 10    0.011755
 11    0.017021
 12    0.009545
 13    0.006087
 14    0.003701
 15    0.005494
 16    0.008297
 17    0.008201
 18    0.003607
 19    0.008322
 20    0.007610
 21    0.004910
 22    0.007575
 23    0.004504
 24    0.006956
 25    0.005085
 26    0.007603
 27    0.006006
 28    0.006318
 29    0.006998
 30    0.003197
 31    0.001980
 32    0.004762
 33    0.010206
 34    0.004885
 35    0.007824
 36    0.007073
 37    0.003821
 38    0.005927
 39    0.002795
 40    0.007502
 41    0.004178
 42    0.006805
 43    0.003680
 44    0.002920
 45    0.003534
 46    0.004578
 47    0.003875
 48    0.003294
 49    0.003337
 50    0.002526
 51    0.003418
 52    0.002337
 53    0.002664
 54    0.003372
 55    0.003617
 56    0.003981
 57    0.002348
 58    0.001865
 59    0.002138
 60    0.002283
 61    0.002823
 62    0.003144
 63    0.002249
 64    0.001977
 65    0.004786
 66    0.001850
 67    0.002497
 68    0.002005
 69    0.002419
 70    0.001019
 71    0.002226
 72    0.001839
 73    0.002507
 74    0.001102
 75    0.003154
 76    0.001882
 77    0.001814
 78    0.001859
 79    0.004309
 80    0.002898
 81    0.000865
 82    0.001689
 83    0.001724
 84    0.000934
 85    0.001514
 86    0.001612
 87    0.001026
 88    0.001975
 89    0.003140
 90    0.001679
 91    0.002473
 92    0.000834
 93    0.001191
 94    0.001142
 95    0.002137
 96    0.001997
 97    0.002659
 98    0.001032
 99    0.001493
100    0.001448
101    0.001508
102    0.001254
103    0.001327
104    0.001335
105    0.000782
106    0.000820
107    0.000776
108    0.001829
109    0.001163
110    0.000812
111    0.001936
112    0.000911
113    0.001237
114    0.001422
115    0.001046
116    0.000874
117    0.000895
118    0.001526
119    0.001138
120    0.001557
121    0.001205
122    0.001126
123    0.001310
124    0.001400
125    0.001811
126    0.001467
127    0.001379
128    0.001301
129    0.001684
130    0.000684
131    0.000692
132    0.000811
133    0.001008
134    0.001274
135    0.000634
136    0.001370
137    0.001008
138    0.001154
139    0.001661
140    0.000644
141    0.001625
142    0.000978
143    0.001516
144    0.001522
145    0.001592
146    0.001182
147    0.001297
148    0.001293
149    0.001369
150    0.000827
151    0.000738
152    0.001441
153    0.000519
154    0.001338
155    0.001465
156    0.000688
157    0.001083
158    0.000614
159    0.001017
160    0.001745
161    0.001908
162    0.001793
163    0.001197
164    0.001159
165    0.000959
166    0.001159
167    0.000826
168    0.001215
169    0.000770
170    0.000762
171    0.000978
172    0.001462
173    0.001359
174    0.000701
175    0.000404
176    0.001339
177    0.000902
178    0.000732
179    0.001108
180    0.001339
181    0.000794
182    0.000940
183    0.001088
184    0.000553
185    0.000875
186    0.001076
187    0.000734
188    0.000777
189    0.000892
190    0.000668
191    0.000717
192    0.000764
193    0.000926
194    0.000935
195    0.001147
196    0.001060
197    0.001080
198    0.000854
199    0.000974
200    0.000554
201    0.001266
202    0.000804
203    0.001684
204    0.000773
205    0.001425
206    0.000884
207    0.000553
208    0.000996
209    0.000522
210    0.000894
211    0.001173
212    0.000571
213    0.000569
214    0.000473
215    0.001035
216    0.000652
217    0.000744
218    0.001040
219    0.001348
220    0.000736
221    0.001000
222    0.001510
223    0.001242
224    0.000817
225    0.000533
226    0.001526
227    0.000812
228    0.001516
229    0.000815
230    0.000728
231    0.000621
232    0.000586
233    0.000659
234    0.000767
235    0.000450
236    0.000622
237    0.000997
238    0.000721
239    0.000803
240    0.000853
241    0.000708
242    0.000695
243    0.000758
244    0.000712
245    0.000474
246    0.000753
247    0.000312
248    0.000866
249    0.000826
250    0.000661
251    0.000440
252    0.001067
253    0.000703
254    0.000809
255    0.000629
256    0.000893
257    0.000706
258    0.000326
259    0.000426
260    0.001182
261    0.000532
262    0.000695
263    0.001107
264    0.000600
265    0.001269
266    0.001085
267    0.000695
268    0.000748
269    0.000685
270    0.000553
271    0.000561
272    0.000500
273    0.000587
274    0.000715
275    0.001226
276    0.001294
277    0.000706
278    0.000926
279    0.000595
280    0.000941
281    0.000667
282    0.001113
283    0.001510
284    0.000914
285    0.000863
286    0.000893
287    0.000773
288    0.001234
289    0.000482
290    0.000527
291    0.000407
292    0.000732
293    0.000726
294    0.000439
295    0.000425
296    0.000779
297    0.000628
298    0.001023
299    0.000647
300    0.000655
301    0.000744
302    0.000340
303    0.000623
304    0.000553
305    0.000447
306    0.000758
307    0.000369
308    0.000570
309    0.000568
310    0.000348
311    0.000803
312    0.000391
313    0.000546
314    0.000436
315    0.000684
316    0.000284
317    0.000328
318    0.000389
319    0.000524
320    0.000419
321    0.000463
322    0.000541
323    0.000607
324    0.000775
325    0.000483
326    0.000663
327    0.001479
328    0.000503
329    0.000389
330    0.000427
331    0.000319
332    0.000693
333    0.000653
334    0.000483
335    0.000898
336    0.000325
337    0.000459
338    0.000334
339    0.000471
340    0.000830
341    0.000842
342    0.000500
343    0.001340
344    0.000543
345    0.000350
346    0.000387
347    0.000529
348    0.000283
349    0.000684
350    0.000502
351    0.000730
352    0.000563
353    0.000639
354    0.000767
355    0.000506
356    0.000766
357    0.000490
358    0.001169
359    0.000175
360    0.001182
361    0.000557
362    0.000641
363    0.000709
364    0.000725
365    0.000477
366    0.000651
367    0.000858
368    0.000515
369    0.000304
370    0.000663
371    0.000272
372    0.000578
373    0.000561
374    0.001234
375    0.001223
376    0.000478
377    0.000634
378    0.000346
379    0.000670
380    0.000577
381    0.000287
382    0.000318
383    0.000558
384    0.000494
385    0.000367
386    0.000252
387    0.000711
388    0.000668
389    0.000771
390    0.000685
391    0.000576
392    0.000411
393    0.000394
394    0.000412
395    0.000369
396    0.000329
397    0.000908
398    0.000358
399    0.000269
400    0.000566
401    0.000377
402    0.000536
403    0.000452
404    0.000804
405    0.000155
406    0.000373
407    0.000500
408    0.000626
409    0.000331
410    0.000486
411    0.000416
412    0.000577
413    0.000518
414    0.000580
415    0.000677
416    0.000892
417    0.000262
418    0.000418
419    0.000425
420    0.000578
421    0.000289
422    0.000232
423    0.000312
424    0.000325
425    0.000424
426    0.000585
427    0.000416
428    0.000458
429    0.000276
430    0.000538
431    0.000517
432    0.000443
433    0.000268
434    0.000413
435    0.000259
436    0.000519
437    0.000459
438    0.000310
439    0.000391
440    0.000248
441    0.000519
442    0.000759
443    0.000557
444    0.000557
445    0.000552
446    0.000460
447    0.000313
448    0.000434
449    0.000389
450    0.000357
451    0.000658
452    0.000703
453    0.000317
454    0.000383
455    0.000556
456    0.000565
457    0.000283
458    0.000370
459    0.000375
460    0.000442
461    0.000399
462    0.000354
463    0.000317
464    0.000367
465    0.000557
466    0.000539
467    0.000447
468    0.000386
469    0.000486
470    0.000430
471    0.000459
472    0.000588
473    0.000172
474    0.000520
475    0.000500
476    0.000260
477    0.000229
478    0.000389
479    0.000333
480    0.000280
481    0.000291
482    0.000482
483    0.000306
484    0.000370
485    0.000295
486    0.000428
487    0.000466
488    0.000235
489    0.000443
490    0.000594
491    0.000583
492    0.000201
493    0.000427
494    0.000447
495    0.000289
496    0.000319
497    0.000305
498    0.000572
499    0.000422
500    0.000424
501    0.000595
502    0.000236
503    0.000393
504    0.000245
505    0.000330
506    0.000341
507    0.000523
508    0.000489
509    0.000294
510    0.000301
511    0.000353
512    0.000244
513    0.000187
514    0.000402
515    0.000335
516    0.000368
517    0.000438
518    0.000336
519    0.000191
520    0.000527
521    0.000208
522    0.000315
523    0.000355
524    0.000369
525    0.000370
526    0.000318
527    0.000454
528    0.000481
529    0.000155
530    0.000553
531    0.000379
532    0.000146
533    0.000424
534    0.000338
535    0.000381
536    0.000333
537    0.000328
538    0.000912
539    0.000447
540    0.000421
541    0.000355
542    0.000333
543    0.000406
544    0.000366
545    0.000360
546    0.000299
547    0.000259
548    0.000271
549    0.000265
550    0.000220
551    0.000227
552    0.000379
553    0.000229
554    0.000312
555    0.000310
556    0.000331
557    0.000545
558    0.000351
559    0.000535
560    0.000283
561    0.000575
562    0.000332
563    0.000376
564    0.000478
565    0.000196
566    0.000351
567    0.000619
568    0.000216
569    0.000277
570    0.000306
571    0.000203
572    0.000608
573    0.000333
574    0.000313
575    0.000112
576    0.000216
577    0.000171
578    0.000316
579    0.000303
580    0.000200
581    0.000284
582    0.000228
583    0.000354
584    0.000315
585    0.000202
586    0.000423
587    0.000261
588    0.000233
589    0.000255
590    0.000223
591    0.000323
592    0.000381
593    0.000351
594    0.000366
595    0.000162
596    0.000285
597    0.000406
598    0.000312
599    0.000299
600    0.000311
601    0.000357
602    0.000258
603    0.000375
604    0.000286
605    0.000504
606    0.000509
607    0.000177
608    0.000343
609    0.000230
610    0.000221
611    0.000547
612    0.000232
613    0.000219
614    0.000526
615    0.000359
616    0.000438
617    0.000269
618    0.000466
619    0.000272
620    0.000401
621    0.000422
622    0.000273
623    0.000411
624    0.000289
625    0.000322
626    0.000357
627    0.000259
628    0.000321
629    0.000293
630    0.000246
631    0.000220
632    0.000262
633    0.000359
634    0.000398
635    0.000390
636    0.000314
637    0.000300
638    0.000566
639    0.000264
640    0.000480
641    0.000194
642    0.000349
643    0.000413
644    0.000370
645    0.000259
646    0.000310
647    0.000190
648    0.000216
649    0.000370
650    0.000261
651    0.000444
652    0.000419
653    0.000218
654    0.000242
655    0.000447
656    0.000348
657    0.000297
658    0.000212
659    0.000183
660    0.000487
661    0.000160
662    0.000298
663    0.000322
664    0.000192
665    0.000347
666    0.000194
667    0.000300
668    0.000242
669    0.000297
670    0.000275
671    0.000247
672    0.000199
673    0.000262
674    0.000252
675    0.000304
676    0.000205
677    0.000241
678    0.000221
679    0.000222
680    0.000324
681    0.000237
682    0.000267
683    0.000360
684    0.000275
685    0.000149
686    0.000281
687    0.000418
688    0.000309
689    0.000236
690    0.000334
691    0.000257
692    0.000314
693    0.000280
694    0.000229
695    0.000168
696    0.000380
697    0.000148
698    0.000340
699    0.000312
700    0.000187
701    0.000146
702    0.000318
703    0.000288
704    0.000188
705    0.000216
706    0.000266
707    0.000237
708    0.000668
709    0.000194
710    0.000340
711    0.000304
712    0.000172
713    0.000248
714    0.000251
715    0.000228
716    0.000180
717    0.000156
718    0.000225
719    0.000250
720    0.000186
721    0.000329
722    0.000258
723    0.000409
724    0.000569
725    0.000212
726    0.000234
727    0.000222
728    0.000300
729    0.000333
730    0.000379
731    0.000221
732    0.000250
733    0.000165
734    0.000183
735    0.000296
736    0.000333
737    0.000227
738    0.000326
739    0.000123
740    0.000280
741    0.000146
742    0.000441
743    0.000339
744    0.000225
745    0.000268
746    0.000142
747    0.000209
748    0.000508
749    0.000227
750    0.000378
751    0.000230
752    0.000247
753    0.000358
754    0.000200
755    0.000267
756    0.000170
757    0.000233
758    0.000306
759    0.000449
760    0.000189
761    0.000247
762    0.000150
763    0.000196
764    0.000240
765    0.000198
766    0.000259
767    0.000413
768    0.000108
769    0.000250
770    0.000188
771    0.000287
772    0.000191
773    0.000111
774    0.000215
775    0.000430
776    0.000318
777    0.000303
778    0.000254
779    0.000201
780    0.000124
781    0.000420
782    0.000242
783    0.000097
784    0.000237
785    0.000267
786    0.000288
787    0.000170
788    0.000273
789    0.000566
790    0.000246
791    0.000213
792    0.000123
793    0.000230
794    0.000253
795    0.000173
796    0.000123
797    0.000309
798    0.000287
799    0.000127
800    0.000182
801    0.000399
802    0.000140
803    0.000237
804    0.000124
805    0.000502
806    0.000168
807    0.000050
808    0.000189
809    0.000240
810    0.000344
811    0.000147
812    0.000201
813    0.000357
814    0.000151
815    0.000092
816    0.000052
817    0.000056
818    0.000219
819    0.000295
820    0.000092
821    0.000146
822    0.000211
823    0.000356
824    0.000306
825    0.000412
