  1    0.090474
  2    0.055562
  3    0.065732
  4    0.023051
  5    0.016328
  6    0.026776
  7    0.021445
  8    0.016873
  9    0.027189
 10    0.018181
 11    0.006781
 12    0.005537
 13    0.012615
 14    0.006318
 15    0.004423
 16    0.006501
 17    0.005081
 18    0.004055
 19    0.011413
 20    0.009715
 21    0.005492
 22    0.000959
 23    0.003415
 24    0.007443
 25    0.006228
 26    0.005824
 27    0.006378
 28    0.005402
 29    0.004947
 30    0.003839
 31    0.007264
 32    0.003932
 33    0.001549
 34    0.002124
 35    0.004447
 36    0.003942
 37    0.002756
 38    0.004128
 39    0.003440
 40    0.003279
 41    0.003555
 42    0.002842
 43    0.006011
 44    0.004300
 45    0.002096
 46    0.003673
 47    0.003012
 48    0.002952
 49    0.004277
 50    0.002285
 51    0.004497
 52    0.001990
 53    0.002314
 54    0.003417
 55    0.001750
 56    0.002046
 57    0.002003
 58    0.003190
 59    0.003730
 60    0.002230
 61    0.001254
 62    0.001468
 63    0.000620
 64    0.001316
 65    0.002192
 66    0.002139
 67    0.001320
 68    0.001169
 69    0.002182
 70    0.002072
 71    0.002499
 72    0.002869
 73    0.001091
 74    0.000652
 75    0.002159
 76    0.001191
 77    0.002740
 78    0.001035
 79    0.003002
 80    0.000799
 81    0.000807
 82    0.000629
 83    0.001618
 84    0.001143
 85    0.003087
 86    0.001373
 87    0.001923
 88    0.001753
 89    0.001791
 90    0.001590
 91    0.001787
 92    0.002213
 93    0.000898
 94    0.002983
 95    0.000593
 96    0.001389
 97    0.001159
 98    0.002916
 99    0.002347
100    0.001410
101    0.000840
102    0.000788
103    0.002014
104    0.000991
105    0.001316
106    0.001008
107    0.002017
108    0.001336
109    0.000769
110    0.001329
111    0.000603
112    0.001814
113    0.000505
114    0.000670
115    0.001243
116    0.000937
117    0.002046
118    0.000541
119    0.001656
120    0.002991
121    0.001643
122    0.001087
123    0.001679
124    0.001471
125    0.000858
126    0.002254
127    0.002024
128    0.001050
129    0.000821
130    0.001502
131    0.001005
132    0.002473
133    0.002358
134    0.001103
135    0.001069
136    0.001901
137    0.000167
138    0.000516
139    0.001427
140    0.001183
141    0.000909
142    0.001825
143    0.001306
144    0.000628
145    0.001576
146    0.000930
147    0.000914
148    0.000962
149    0.000673
150    0.000632
151    0.000629
152    0.001578
153    0.000596
154    0.000924
155    0.000925
156    0.001499
157    0.001105
158    0.000897
159    0.000614
160    0.000660
161    0.001237
162    0.001109
163    0.001371
164    0.000562
165    0.000449
166    0.000704
167    0.000980
168    0.001184
169    0.000651
170    0.001385
171    0.000584
172    0.001461
173    0.001134
174    0.000874
175    0.001320
176    0.001173
177    0.001224
178    0.000756
179    0.001150
180    0.000770
181    0.000599
182    0.001251
183    0.000807
184    0.000838
185    0.001723
186    0.000828
187    0.000660
188    0.000872
189    0.000936
190    0.000832
191    0.000905
192    0.001433
193    0.000784
194    0.001058
195    0.002044
196    0.000497
197    0.001350
198    0.000912
199    0.000462
200    0.000522
201    0.000509
202    0.000716
203    0.001346
204    0.001698
205    0.000773
206    0.001001
207    0.000921
208    0.000870
209    0.001173
210    0.000446
211    0.000505
212    0.000481
213    0.000850
214    0.000883
215    0.001127
216    0.000845
217    0.000775
218    0.001304
219    0.000445
220    0.000560
221    0.000593
222    0.000659
223    0.000707
224    0.000922
225    0.001151
226    0.000529
227    0.001003
228    0.000765
229    0.001117
230    0.000674
231    0.000694
232    0.000714
233    0.000106
234    0.000419
235    0.000534
236    0.000570
237    0.000497
238    0.000368
239    0.000320
240    0.000348
241    0.000668
242    0.001082
243    0.000269
244    0.000946
245    0.000633
246    0.000645
247    0.000342
248    0.000687
249    0.000452
250    0.000617
251    0.000882
252    0.000638
253    0.001904
254    0.000268
255    0.000907
256    0.000359
257    0.000828
258    0.000529
259    0.000714
260    0.000513
261    0.000333
262    0.000545
263    0.000430
264    0.000338
265    0.000543
266    0.000704
267    0.000856
268    0.000246
269    0.000497
270    0.001070
271    0.000589
272    0.000623
273    0.000966
274    0.000613
275    0.000727
276    0.000607
277    0.000522
278    0.000692
279    0.000197
280    0.000435
281    0.000205
282    0.000799
283    0.000699
284    0.000582
285    0.000548
286    0.000445
287    0.000464
288    0.000490
289    0.000332
290    0.000270
291    0.000536
292    0.000668
293    0.000592
294    0.001099
295    0.000532
296    0.000967
297    0.000230
298    0.000804
299    0.000566
300    0.000287
301    0.000314
302    0.000521
303    0.000738
304    0.000245
305    0.000720
306    0.000471
307    0.000247
308    0.000374
309    0.000461
310    0.000479
311    0.000666
312    0.000475
313    0.000340
314    0.000512
315    0.000691
316    0.000370
317    0.000368
318    0.000759
319    0.000533
320    0.000310
321    0.000710
322    0.000872
323    0.000429
324    0.000429
325    0.000287
326    0.000326
327    0.000394
328    0.000229
329    0.000502
330    0.000465
331    0.000393
332    0.000242
333    0.000711
334    0.000847
335    0.000453
336    0.000462
337    0.000328
338    0.000342
339    0.000333
340    0.000571
341    0.000275
342    0.000427
343    0.000697
344    0.000183
345    0.000330
346    0.000461
347    0.000179
348    0.000264
349    0.000261
350    0.000968
351    0.000485
352    0.000230
353    0.000736
354    0.000512
355    0.000353
356    0.000696
357    0.000296
358    0.000565
359    0.000268
360    0.000524
361    0.000499
362    0.000771
363    0.000305
364    0.000471
365    0.000477
366    0.000426
367    0.000330
368    0.000725
369    0.000283
370    0.000837
371    0.000895
372    0.000565
373    0.000450
374    0.000690
375    0.000456
376    0.000564
377    0.000424
378    0.000563
379    0.000524
380    0.000332
381    0.000364
382    0.000472
383    0.000781
384    0.000844
385    0.000439
386    0.000204
387    0.000412
388    0.000384
389    0.000247
390    0.000777
391    0.000772
392    0.000519
393    0.000810
394    0.000966
395    0.000257
396    0.000817
397    0.000753
398    0.000417
399    0.000173
400    0.000605
401    0.000622
402    0.000335
403    0.000718
404    0.000416
405    0.000546
406    0.000487
407    0.000488
408    0.000276
409    0.000421
410    0.000581
411    0.000399
412    0.000264
413    0.000457
414    0.000782
415    0.000397
416    0.000607
417    0.000635
418    0.000589
419    0.000230
420    0.000263
421    0.000719
422    0.000353
423    0.000351
424    0.000681
425    0.000694
426    0.000605
427    0.000423
428    0.000436
429    0.000767
430    0.000247
431    0.000174
432    0.000307
433    0.000098
434    0.000339
435    0.000517
436    0.000386
437    0.000378
438    0.000567
439    0.000188
440    0.000360
441    0.000491
442    0.000349
443    0.000261
444    0.000435
445    0.000364
446    0.000354
447    0.000319
448    0.000372
449    0.000103
450    0.000463
451    0.000311
452    0.000269
453    0.000486
454    0.000349
455    0.000457
456    0.000112
457    0.000507
458    0.000468
459    0.000408
460    0.000281
461    0.000313
462    0.000120
463    0.000222
464    0.000455
465    0.000330
466    0.000275
467    0.000242
468    0.000326
469    0.000351
470    0.000428
471    0.000566
472    0.000292
473    0.000100
474    0.000707
475    0.000378
476    0.000634
477    0.000594
478    0.000241
479    0.000294
480    0.000448
481    0.000289
482    0.000323
483    0.000421
484    0.000353
485    0.000474
486    0.000179
487    0.000229
488    0.000361
489    0.000270
490    0.000190
491    0.000779
492    0.000266
493    0.000124
494    0.000366
495    0.000319
496    0.000454
497    0.000331
498    0.000379
499    0.000343
500    0.000334
501    0.000432
502    0.000410
503    0.000648
504    0.000453
505    0.000458
506    0.000243
507    0.000568
508    0.000443
509    0.000362
510    0.000223
511    0.000302
512    0.000338
513    0.000216
514    0.000267
515    0.000248
516    0.000242
517    0.000325
518    0.000187
519    0.000543
520    0.000369
521    0.000401
522    0.000305
523    0.000093
524    0.000370
525    0.000376
526    0.000298
527    0.000234
528    0.000237
529    0.000334
530    0.000285
531    0.000252
532    0.000340
533    0.000362
534    0.000140
535    0.000370
536    0.000360
537    0.000436
538    0.000347
539    0.000231
540    0.000249
541    0.000178
542    0.000257
543    0.000224
544    0.000453
545    0.000263
546    0.000433
547    0.000317
548    0.000417
549    0.000242
550    0.000308
551    0.000215
552    0.000260
553    0.000402
554    0.000211
555    0.000104
556    0.000335
557    0.000290
558    0.000307
559    0.000438
560    0.000123
561    0.000242
562    0.000196
563    0.000321
564    0.000470
565    0.000149
566    0.000406
567    0.000181
568    0.000435
569    0.000325
570    0.000290
571    0.000208
572    0.000220
573    0.000360
574    0.000342
575    0.000324
576    0.000311
577    0.000483
578    0.000252
579    0.000153
580    0.000165
581    0.000154
582    0.000243
583    0.000237
584    0.000214
585    0.000372
586    0.000120
587    0.000221
588    0.000184
589    0.000197
590    0.000257
591    0.000106
592    0.000220
593    0.000135
594    0.000276
595    0.000290
596    0.000266
597    0.000197
598    0.000259
599    0.000212
600    0.000200
601    0.000339
602    0.000245
603    0.000302
604    0.000146
605    0.000129
606    0.000163
607    0.000228
608    0.000319
609    0.000414
610    0.000396
611    0.000372
612    0.000382
613    0.000292
614    0.000258
615    0.000166
616    0.000305
617    0.000313
618    0.000295
619    0.000287
620    0.000328
621    0.000301
622    0.000299
623    0.000312
624    0.000208
625    0.000392
626    0.000297
627    0.000194
628    0.000258
629    0.000274
630    0.000322
631    0.000287
632    0.000249
633    0.000418
634    0.000275
635    0.000167
636    0.000298
637    0.000336
638    0.000226
639    0.000216
640    0.000323
641    0.000325
642    0.000232
643    0.000290
644    0.000234
645    0.000393
646    0.000288
647    0.000162
648    0.000198
649    0.000212
650    0.000235
651    0.000272
652    0.000178
653    0.000133
654    0.000304
655    0.000373
656    0.000300
657    0.000340
658    0.000317
659    0.000319
660    0.000225
661    0.000217
662    0.000273
663    0.000264
664    0.000265
665    0.000138
666    0.000383
667    0.000283
668    0.000322
669    0.000293
670    0.000300
671    0.000142
672    0.000105
673    0.000324
674    0.000164
675    0.000160
676    0.000191
677    0.000177
678    0.000268
679    0.000294
680    0.000188
681    0.000275
682    0.000224
683    0.000267
684    0.000144
685    0.000193
686    0.000208
687    0.000187
688    0.000476
689    0.000315
690    0.000194
691    0.000162
692    0.000147
693    0.000203
694    0.000330
695    0.000257
696    0.000246
697    0.000359
698    0.000318
699    0.000166
700    0.000162
701    0.000127
702    0.000209
703    0.000155
704    0.000210
705    0.000146
706    0.000194
707    0.000247
708    0.000182
709    0.000162
710    0.000193
711    0.000126
712    0.000180
713    0.000332
714    0.000243
715    0.000144
716    0.000153
717    0.000233
718    0.000149
719    0.000299
720    0.000254
721    0.000194
722    0.000145
723    0.000154
724    0.000338
725    0.000213
726    0.000276
727    0.000207
728    0.000205
729    0.000226
730    0.000393
731    0.000391
732    0.000448
733    0.000239
734    0.000544
735    0.000143
736    0.000272
737    0.000176
738    0.000434
739    0.000224
740    0.000222
741    0.000208
742    0.000136
743    0.000331
744    0.000303
745    0.000143
746    0.000142
747    0.000309
748    0.000340
749    0.000198
750    0.000339
751    0.000127
752    0.000294
753    0.000140
754    0.000275
755    0.000161
756    0.000313
757    0.000138
758    0.000238
759    0.000123
760    0.000092
761    0.000222
762    0.000145
763    0.000080
764    0.000137
765    0.000242
766    0.000280
767    0.000225
768    0.000386
769    0.000088
770    0.000142
771    0.000068
772    0.000240
773    0.000202
774    0.000184
775    0.000353
776    0.000351
777    0.000180
778    0.000287
779    0.000103
780    0.000118
781    0.000117
782    0.000329
783    0.000148
784    0.000229
785    0.000345
786    0.000154
787    0.000248
788    0.000096
789    0.000290
790    0.000150
791    0.000433
792    0.000227
793    0.000230
794    0.000061
795    0.000305
796    0.000311
797    0.000211
798    0.000402
799    0.000102
800    0.000154
801    0.000130
802    0.000087
803    0.000043
804    0.000071
805    0.000078
806    0.000103
807    0.000219
808    0.000133
809    0.000263
810    0.000100
811    0.000231
812    0.000299
813    0.000290
814    0.000174
815    0.000149
816    0.000149
817    0.000230
818    0.000263
819    0.000117
820    0.000129
821    0.000364
822    0.000188
823    0.000084
824    0.000254
825    0.000618
