 -0.025255
  0.314188
 -0.275618
 -0.505959
 -0.348622
  0.372646
  0.002458
  0.512438
 -0.058259
 -0.042826
 -0.079685
  0.007153
  0.109194
 -0.012065
  0.104065
 -0.008619
  0.045580
 -0.029645
 -0.011033
 -0.008665
 -0.016480
  0.004284
  0.002708
  0.003231
 -0.016264
 -0.023457
  0.019300
 -0.022423
 -0.007630
 -0.010041
 -0.015227
  0.010167
  0.005224
 -0.014433
  0.008475
  0.001084
 -0.034403
  0.005780
 -0.012596
 -0.021683
  0.009891
 -0.006113
 -0.004714
 -0.015092
  0.010937
 -0.005462
  0.023795
 -0.012503
 -0.006297
 -0.000387
 -0.000178
 -0.003485
 -0.011756
  0.006974
  0.006616
 -0.004111
  0.001219
 -0.006194
 -0.003573
 -0.005947
 -0.000408
  0.000857
 -0.002704
  0.008737
  0.010335
  0.001851
  0.000525
  0.002423
 -0.006710
  0.003531
  0.002272
 -0.002022
  0.002108
 -0.003832
  0.002708
 -0.006881
  0.000108
  0.004615
  0.005831
  0.002797
 -0.008159
 -0.002455
  0.001316
  0.003632
  0.001783
 -0.003251
  0.004308
  0.002622
  0.006763
  0.000447
 -0.005078
 -0.003017
  0.001088
  0.002134
 -0.002583
  0.002322
 -0.006179
 -0.006258
 -0.002922
 -0.001748
  0.001945
 -0.004015
 -0.001483
  0.004586
 -0.000630
 -0.000435
  0.002763
 -0.002648
 -0.005556
 -0.010501
  0.003183
  0.001632
 -0.001040
  0.004810
  0.003323
 -0.000498
  0.001724
  0.004123
  0.000249
 -0.001184
  0.002372
  0.005925
  0.000994
  0.000946
 -0.002640
  0.002168
  0.000218
  0.000499
  0.001273
 -0.003601
  0.001479
 -0.002792
  0.000255
  0.003056
 -0.000079
  0.001626
  0.000721
 -0.004818
 -0.000963
  0.003075
 -0.000847
 -0.001137
  0.001570
  0.000517
 -0.000181
  0.000987
  0.000196
  0.001530
 -0.001736
  0.003552
  0.000046
 -0.000339
 -0.000078
 -0.001292
 -0.006175
 -0.000586
 -0.000177
  0.001260
 -0.002057
  0.000905
 -0.001423
  0.004843
  0.001459
  0.000562
  0.005194
  0.000243
  0.001226
  0.002765
  0.002480
 -0.001050
  0.000454
 -0.000685
  0.002437
  0.000054
 -0.001005
 -0.000649
 -0.001091
 -0.000924
  0.000000
  0.001340
 -0.006121
 -0.001780
  0.000369
 -0.002314
 -0.003598
 -0.001099
  0.000558
 -0.003097
  0.001693
  0.000212
 -0.003122
 -0.000412
  0.000091
 -0.000252
 -0.001202
 -0.000405
  0.001106
 -0.000701
 -0.000478
  0.000178
 -0.000209
 -0.001857
  0.001427
  0.001314
  0.000575
  0.000455
  0.000248
  0.000523
  0.000172
 -0.001315
 -0.000021
 -0.000340
  0.000637
 -0.000566
  0.000124
 -0.000542
 -0.000708
  0.000262
  0.001134
  0.000086
 -0.000174
  0.000297
 -0.000603
 -0.000620
 -0.000558
  0.000257
 -0.000294
 -0.001562
 -0.000931
 -0.000325
 -0.000231
 -0.000552
  0.000175
 -0.001449
  0.000650
 -0.001911
  0.000712
  0.001745
 -0.000660
 -0.001702
  0.001194
  0.002360
 -0.000046
 -0.002301
 -0.000820
  0.001258
 -0.001071
  0.000722
  0.000082
  0.000311
 -0.000046
 -0.000750
  0.000697
 -0.000010
 -0.000154
  0.000009
 -0.000687
  0.001405
 -0.000450
  0.000463
 -0.000424
  0.000150
  0.000256
 -0.000105
  0.000338
 -0.000714
  0.000828
 -0.000975
  0.000536
  0.000452
  0.000272
 -0.000705
 -0.000021
  0.000107
 -0.000620
 -0.000341
  0.000074
  0.000734
 -0.000571
  0.001042
  0.001137
 -0.000241
  0.000006
  0.001388
  0.000493
  0.000044
 -0.000183
  0.000248
 -0.000668
  0.000900
 -0.000031
 -0.000191
  0.000372
 -0.000042
 -0.000250
 -0.000175
  0.000242
  0.000119
  0.000705
  0.000952
  0.001292
  0.000606
 -0.001358
 -0.000958
 -0.000484
 -0.001538
 -0.003257
 -0.000404
 -0.001581
  0.000531
  0.001261
 -0.001884
  0.000406
  0.000585
 -0.001119
  0.002487
 -0.000045
  0.000183
  0.000031
  0.000222
 -0.000450
 -0.000387
 -0.001943
 -0.000874
 -0.000564
  0.000729
 -0.001337
  0.001006
  0.000441
  0.000406
  0.000805
 -0.000601
  0.002397
 -0.001038
 -0.000240
  0.001143
  0.000854
 -0.000884
  0.002044
 -0.001458
  0.000282
 -0.000757
  0.000008
 -0.000099
  0.000032
 -0.001342
  0.000765
  0.002723
  0.000221
  0.000180
 -0.000016
 -0.000072
 -0.000287
  0.000284
 -0.000030
  0.000398
  0.000727
 -0.000213
 -0.000484
 -0.000256
  0.000613
 -0.000223
  0.000176
  0.000530
 -0.000261
 -0.000189
 -0.000099
 -0.000539
 -0.000508
 -0.000411
 -0.000329
  0.000188
 -0.000240
 -0.000311
 -0.000408
 -0.000503
  0.000109
  0.000189
 -0.000420
 -0.000069
  0.000121
  0.000333
  0.001096
  0.002077
 -0.001379
  0.001181
 -0.000197
  0.000118
 -0.000141
  0.000886
 -0.000947
 -0.000387
 -0.000131
 -0.000424
  0.000059
  0.002200
  0.000737
 -0.001321
 -0.000094
 -0.000302
 -0.000126
 -0.000081
  0.000552
 -0.000286
  0.000225
  0.000412
  0.000174
 -0.000438
 -0.000407
  0.000143
  0.000806
 -0.000339
  0.000372
 -0.000053
 -0.000090
  0.000328
 -0.000076
  0.000293
  0.000490
  0.000746
  0.000406
  0.000354
 -0.000588
  0.000279
  0.000006
  0.000055
  0.000216
  0.000667
  0.000372
 -0.000376
 -0.000646
  0.000615
 -0.000001
  0.000214
  0.000692
 -0.000235
 -0.000592
  0.000595
  0.000509
 -0.000041
  0.000429
 -0.000268
 -0.000055
  0.000999
  0.000599
 -0.000148
  0.000555
  0.000021
 -0.000149
  0.000577
 -0.000078
 -0.000719
 -0.000355
 -0.000742
 -0.000108
 -0.000174
  0.000283
 -0.000563
 -0.000024
 -0.000183
 -0.000590
 -0.000324
 -0.000453
 -0.000107
 -0.000376
  0.001028
  0.000068
 -0.001362
  0.000550
 -0.000726
  0.000202
 -0.001139
 -0.000883
  0.000291
  0.000234
  0.000092
  0.000262
  0.000119
  0.000881
  0.000392
  0.001063
 -0.000233
  0.000413
  0.000246
  0.001089
  0.000169
 -0.000522
 -0.000068
  0.000449
  0.000182
  0.000460
  0.000101
  0.000336
  0.000525
 -0.000646
 -0.000867
  0.000432
 -0.000281
  0.000745
  0.000099
 -0.000160
 -0.000387
  0.000317
  0.002025
  0.000184
 -0.000046
  0.001158
  0.000965
 -0.000450
  0.000077
 -0.000167
  0.001132
 -0.000654
 -0.000116
  0.000376
  0.001005
  0.001032
 -0.000695
  0.000712
 -0.000469
 -0.000134
 -0.000048
 -0.000920
  0.002105
 -0.001430
  0.000820
 -0.000684
  0.000542
  0.001163
  0.000185
 -0.000771
  0.000856
  0.000053
 -0.000225
  0.001523
 -0.000837
  0.001938
  0.000186
 -0.000035
  0.000681
 -0.000434
 -0.000126
 -0.001939
 -0.000413
 -0.000067
  0.000282
  0.001168
 -0.001140
 -0.000952
  0.000606
  0.000958
  0.000460
 -0.000882
 -0.000190
 -0.000035
 -0.000449
  0.000215
  0.000145
  0.000416
 -0.000738
 -0.000617
  0.000424
 -0.000079
 -0.000102
  0.000193
  0.000941
  0.000104
  0.000033
  0.000272
 -0.000199
 -0.000037
  0.000058
 -0.000175
 -0.000119
 -0.000444
  0.000566
  0.000280
  0.000490
 -0.000410
  0.000326
  0.000640
 -0.000651
  0.000203
 -0.000334
  0.000259
 -0.000580
  0.000599
  0.000067
  0.000519
 -0.001014
 -0.000319
  0.000829
 -0.000045
 -0.000517
 -0.000196
 -0.000024
 -0.000238
  0.000046
  0.000499
  0.000039
 -0.000114
  0.001120
  0.000806
 -0.000375
  0.001092
  0.000370
  0.000620
 -0.001329
 -0.000970
 -0.000272
 -0.000036
  0.000158
 -0.000047
 -0.000209
 -0.000335
  0.000222
  0.001220
  0.000300
 -0.000762
  0.000002
 -0.000702
 -0.000512
  0.000075
  0.000806
  0.000485
  0.000444
 -0.001584
 -0.000179
  0.000560
 -0.000263
 -0.000385
 -0.000235
 -0.000261
  0.000225
 -0.000145
 -0.000391
  0.000522
  0.000050
  0.000310
  0.000000
  0.000301
 -0.000016
 -0.000295
 -0.000525
  0.000143
 -0.000283
  0.000109
 -0.000100
  0.000134
 -0.000040
  0.000334
 -0.000027
  0.000244
  0.000020
  0.000343
 -0.000154
  0.000158
 -0.000173
 -0.000268
  0.000286
  0.000676
  0.000227
  0.000507
  0.000096
 -0.001533
 -0.000224
 -0.001087
  0.000489
  0.000246
  0.000338
 -0.000403
  0.000994
 -0.000877
 -0.000878
  0.000706
 -0.000120
  0.000092
 -0.000879
  0.000108
 -0.000274
  0.000624
  0.000240
  0.000499
  0.001194
 -0.000124
  0.001205
 -0.000063
 -0.000227
  0.000340
 -0.002828
  0.000339
 -0.001590
 -0.000292
  0.000919
 -0.000250
 -0.000808
 -0.000231
 -0.000463
  0.000625
  0.000315
 -0.000083
 -0.000029
  0.000825
  0.000361
  0.000098
 -0.000189
  0.000433
  0.000032
  0.000324
  0.000167
 -0.000793
 -0.000471
  0.000156
 -0.000037
  0.000170
 -0.000041
  0.000979
  0.000245
  0.000497
  0.000135
  0.000564
  0.000502
 -0.000345
  0.000014
  0.000584
 -0.000077
  0.000174
 -0.000099
  0.000226
  0.000189
 -0.000387
  0.000618
 -0.000389
  0.000028
 -0.000478
 -0.000454
  0.001009
  0.000576
 -0.000997
 -0.000255
 -0.000304
  0.000806
 -0.000514
 -0.000231
  0.000167
 -0.000501
 -0.000018
 -0.000384
 -0.000407
  0.000432
  0.000048
  0.000292
 -0.000226
  0.000264
 -0.000448
 -0.000250
 -0.000241
  0.000382
  0.000218
  0.000014
  0.000503
 -0.000356
 -0.000294
  0.000543
 -0.000179
  0.000208
 -0.000017
 -0.000065
  0.000112
 -0.000011
 -0.000021
  0.000431
 -0.000309
  0.000049
 -0.000433
 -0.000011
  0.000082
  0.000210
  0.000003
 -0.000209
 -0.000090
  0.000222
 -0.000185
  0.000072
  0.000035
 -0.000468
 -0.000213
 -0.000971
 -0.000476
 -0.000081
  0.000111
  0.000105
 -0.000637
 -0.000221
 -0.000109
  0.000553
 -0.000611
  0.000662
  0.000050
  0.000060
  0.000506
  0.000039
  0.000197
 -0.000338
 -0.000022
  0.000157
  0.000121
  0.000129
  0.000233
 -0.000103
  0.000101
 -0.000201
  0.000134
 -0.000197
  0.000223
 -0.000010
 -0.000003
 -0.000065
 -0.000083
 -0.000060
  0.000061
 -0.000069
 -0.000128
  0.000017
  0.000031
