  0.030435
 -0.292972
  0.017349
  0.914863
 -0.103983
  0.173992
 -0.016574
  0.014310
 -0.094389
  0.057081
 -0.015819
  0.003176
  0.051861
 -0.007584
 -0.040269
 -0.033848
 -0.046742
 -0.084334
 -0.002516
 -0.003006
 -0.027817
 -0.000183
 -0.007051
 -0.012835
  0.030084
  0.008800
  0.016088
  0.008891
 -0.017625
  0.005194
  0.051722
 -0.004664
 -0.008195
  0.010194
  0.006020
  0.005048
  0.002764
  0.005150
 -0.008652
 -0.006288
  0.000975
  0.002145
  0.002691
  0.000231
 -0.015023
  0.019274
 -0.004512
  0.000636
 -0.002258
 -0.002144
 -0.005400
 -0.001456
  0.004339
 -0.006273
 -0.001474
 -0.001366
  0.002353
  0.005221
 -0.001976
 -0.008559
 -0.000476
 -0.000193
 -0.001349
  0.001096
 -0.001715
 -0.001521
  0.000945
 -0.000568
 -0.006820
  0.001690
  0.004314
  0.001800
 -0.000848
 -0.001050
  0.004120
  0.001237
  0.000440
  0.001535
 -0.000638
 -0.001033
 -0.002428
  0.003249
 -0.000739
  0.000499
  0.000758
  0.001950
  0.000257
 -0.001860
  0.000707
 -0.000442
  0.001466
  0.000312
 -0.000915
  0.000326
 -0.000342
 -0.000240
  0.002274
 -0.000756
 -0.000149
  0.001149
 -0.000312
 -0.004930
 -0.000174
  0.000422
 -0.000222
 -0.000756
  0.001501
  0.001426
 -0.001186
 -0.002484
 -0.001658
  0.000736
  0.001465
 -0.001444
  0.000093
 -0.000057
 -0.001495
 -0.001215
 -0.002077
 -0.000130
  0.003435
 -0.000559
  0.002358
  0.000795
  0.000895
 -0.000642
  0.000168
 -0.000979
 -0.001761
 -0.003417
  0.000722
 -0.001051
 -0.002038
 -0.000644
  0.001386
 -0.003525
  0.000647
  0.002970
 -0.001045
 -0.003903
 -0.000633
 -0.001031
  0.000551
 -0.000403
 -0.001590
 -0.000395
 -0.000927
  0.001099
  0.000828
  0.000596
 -0.000841
  0.001055
  0.000025
  0.001652
 -0.000982
  0.000720
 -0.001043
  0.000590
 -0.000724
 -0.001576
 -0.000898
 -0.000355
  0.003295
  0.000268
 -0.002024
  0.000554
  0.000404
 -0.001827
  0.000194
 -0.000269
  0.001375
 -0.002384
  0.001021
 -0.003194
 -0.000374
 -0.002376
  0.000853
 -0.000613
 -0.000936
  0.001009
 -0.001393
  0.000885
 -0.001473
 -0.000908
 -0.000233
 -0.000372
 -0.003329
  0.000701
  0.000944
  0.000918
  0.000126
  0.001079
 -0.000410
  0.000839
 -0.000728
 -0.000807
  0.002413
  0.000000
  0.000514
 -0.002035
  0.000666
  0.001109
  0.000061
  0.000295
 -0.000132
  0.000168
 -0.000459
  0.000827
 -0.000477
  0.000019
 -0.001302
  0.000762
 -0.000417
  0.000493
 -0.000910
 -0.000487
  0.000446
 -0.000319
 -0.000255
 -0.001410
 -0.000524
 -0.000197
  0.000289
  0.000364
  0.001275
  0.001267
 -0.000653
 -0.000008
 -0.000974
  0.000307
  0.000274
 -0.000919
  0.000750
  0.000671
 -0.000250
 -0.001219
  0.000100
  0.000341
  0.000438
  0.001015
  0.000417
  0.000733
  0.000028
  0.000344
 -0.000338
  0.000075
 -0.000218
 -0.000083
  0.000269
 -0.000405
 -0.000419
 -0.000769
  0.000363
 -0.000664
 -0.000424
 -0.000117
  0.001236
  0.000148
  0.001803
  0.001464
 -0.001414
  0.001351
 -0.001544
 -0.000341
  0.001177
 -0.001288
  0.000447
 -0.002073
  0.000228
 -0.000059
 -0.000808
  0.000830
  0.000118
 -0.000853
  0.001047
 -0.000692
  0.000917
 -0.000523
  0.000363
  0.000102
  0.000252
  0.001624
  0.000309
  0.000606
  0.000457
 -0.000407
 -0.000328
 -0.001044
 -0.001266
  0.000598
  0.000396
 -0.001393
  0.000805
 -0.002751
  0.000582
  0.000377
 -0.000604
 -0.000589
 -0.001019
  0.000780
 -0.000467
  0.000402
  0.001890
  0.000321
  0.000161
  0.000054
  0.001673
 -0.000450
 -0.000548
 -0.002332
  0.000538
 -0.000145
  0.000410
 -0.000504
 -0.001342
 -0.000953
 -0.000932
  0.000749
  0.000553
 -0.000188
 -0.000886
  0.000106
 -0.000528
 -0.000039
 -0.000576
  0.000465
 -0.000554
  0.000641
 -0.000396
  0.000483
 -0.000487
  0.000182
  0.000686
 -0.000111
  0.000137
 -0.000430
  0.000132
  0.000122
  0.000291
  0.000984
 -0.000250
 -0.000155
 -0.001404
  0.000982
  0.000206
 -0.000488
  0.001448
  0.000331
 -0.001090
 -0.000353
  0.000865
  0.000720
  0.000186
  0.001501
 -0.000099
 -0.001032
  0.000368
 -0.000280
  0.000881
 -0.000136
 -0.000938
 -0.000147
  0.000319
 -0.000564
 -0.000940
 -0.000519
  0.000497
  0.001348
 -0.000387
 -0.000955
 -0.000603
  0.000760
 -0.000543
 -0.000010
  0.000456
  0.000385
 -0.000869
 -0.000024
 -0.000445
  0.000778
 -0.000474
 -0.000746
 -0.000250
 -0.000082
  0.000557
  0.000144
 -0.000594
  0.000285
  0.000501
  0.001196
 -0.000856
 -0.000905
  0.000954
 -0.000040
 -0.000986
 -0.000468
 -0.000552
  0.001682
  0.000399
 -0.000346
  0.000804
 -0.000169
  0.001751
  0.000594
  0.001503
 -0.000353
 -0.001437
 -0.000545
 -0.001137
  0.001497
 -0.001225
 -0.001170
 -0.001219
  0.001245
  0.000059
  0.000053
 -0.000571
 -0.001014
 -0.000028
  0.000256
  0.000895
  0.000047
 -0.000504
  0.000735
  0.000838
  0.000461
 -0.000432
 -0.000194
  0.000134
 -0.000625
 -0.000482
 -0.000115
 -0.000751
 -0.000203
  0.000425
  0.000145
 -0.000540
  0.000374
 -0.000450
  0.001050
 -0.000297
  0.000451
 -0.000011
 -0.000389
  0.000167
  0.000075
  0.000542
  0.000015
  0.000265
 -0.000458
 -0.000318
  0.000024
 -0.000340
 -0.000739
 -0.000714
 -0.000402
  0.000381
 -0.000210
  0.000554
 -0.000144
 -0.000267
 -0.000086
 -0.000177
  0.000561
 -0.000588
 -0.000301
  0.000411
  0.000123
 -0.000287
  0.000185
 -0.000029
  0.000058
  0.000339
 -0.000128
 -0.000173
 -0.000492
  0.000085
  0.001218
 -0.000733
 -0.000253
 -0.000743
  0.000758
 -0.000018
  0.000076
 -0.000001
 -0.000255
 -0.000579
  0.000260
 -0.000194
 -0.000087
 -0.000412
 -0.000155
  0.000926
  0.000248
  0.000740
  0.000608
  0.000347
  0.000433
 -0.000586
 -0.000098
 -0.000235
  0.000778
  0.000028
  0.000258
 -0.000227
 -0.000255
 -0.000475
  0.000060
  0.000556
  0.000301
  0.000235
  0.000270
 -0.000099
  0.000245
 -0.000322
 -0.000330
 -0.000724
 -0.000829
  0.000146
  0.000005
  0.000074
  0.000402
  0.001279
 -0.001312
  0.000649
  0.000278
 -0.001016
 -0.000029
  0.000745
  0.000993
  0.001088
  0.001207
  0.000810
  0.000505
  0.001469
 -0.000563
  0.000241
  0.001241
  0.000089
 -0.000063
 -0.000504
 -0.000024
 -0.001750
  0.000484
  0.000433
  0.000097
  0.000658
  0.000415
  0.000624
  0.000203
 -0.000465
  0.000099
  0.000201
 -0.000258
 -0.000338
 -0.000506
 -0.000329
 -0.000316
 -0.000327
 -0.000006
  0.000171
  0.000174
 -0.000021
 -0.000098
  0.000089
  0.000503
  0.000728
  0.000118
  0.000199
 -0.000350
  0.000333
 -0.000757
 -0.000091
  0.000428
 -0.000221
 -0.000041
  0.000322
  0.000267
  0.000143
  0.000182
 -0.000462
 -0.000162
 -0.000137
 -0.000163
 -0.000134
  0.000272
  0.000233
 -0.000260
  0.000090
 -0.000212
  0.000382
  0.000318
  0.000033
  0.000678
  0.000264
 -0.000295
 -0.000054
 -0.000053
  0.000195
 -0.000402
 -0.000269
  0.000336
  0.000151
 -0.000281
  0.000059
 -0.000052
 -0.000815
  0.000152
  0.000143
  0.000378
  0.000333
 -0.000276
  0.000740
 -0.000416
 -0.000322
  0.000193
 -0.000543
 -0.000214
 -0.000530
  0.000329
 -0.000751
  0.000091
 -0.000480
 -0.000529
 -0.000574
 -0.000205
 -0.000073
 -0.000512
  0.000932
 -0.000354
  0.000008
  0.000046
 -0.000474
 -0.000268
  0.000196
 -0.000497
  0.000064
 -0.000188
  0.000366
  0.000284
 -0.000256
 -0.000094
 -0.000303
  0.000206
  0.000411
  0.000160
 -0.000138
 -0.000342
  0.000024
  0.000138
 -0.000225
  0.000021
  0.000159
 -0.000147
 -0.000122
  0.000554
 -0.000015
  0.000140
 -0.000599
  0.000135
 -0.000271
  0.000531
 -0.000023
 -0.000076
  0.000029
  0.000039
  0.000522
 -0.000287
  0.000120
  0.000259
  0.000080
  0.000027
 -0.000091
  0.000255
  0.000106
  0.000278
 -0.000593
  0.000071
 -0.000123
  0.000095
 -0.000334
  0.000252
 -0.000218
  0.000331
  0.000215
  0.000242
  0.000351
  0.000025
 -0.000093
  0.000058
  0.000011
 -0.000074
  0.000173
  0.000047
 -0.000359
  0.000213
 -0.000139
  0.000243
  0.000104
 -0.000777
  0.000108
  0.000253
  0.000150
  0.000125
  0.000340
 -0.000601
 -0.000068
  0.000211
 -0.000479
 -0.000488
  0.000143
  0.000051
 -0.000278
 -0.000139
  0.000140
  0.000499
 -0.000232
  0.000118
 -0.000306
 -0.000024
 -0.000114
 -0.000325
  0.000050
 -0.000296
  0.000383
  0.000006
 -0.000745
 -0.000270
  0.000202
 -0.000071
  0.000015
  0.000129
  0.000162
 -0.000370
 -0.000170
  0.000501
  0.000238
  0.000076
 -0.000132
 -0.000182
 -0.000029
  0.000237
 -0.000023
  0.000047
 -0.000715
 -0.000363
 -0.000227
  0.000738
  0.000061
 -0.000082
 -0.000252
  0.000058
  0.000033
 -0.000044
 -0.000139
  0.000180
 -0.000154
 -0.000036
  0.000080
  0.000043
 -0.000034
 -0.000048
  0.000104
 -0.000006
 -0.000002
  0.000263
  0.000293
  0.000033
  0.000204
 -0.000231
  0.000322
  0.000409
 -0.000296
  0.000148
  0.000035
 -0.000145
  0.000158
 -0.000304
 -0.000190
  0.000140
 -0.000235
 -0.000432
  0.000084
 -0.000108
 -0.000184
  0.000277
 -0.000129
 -0.000523
  0.000052
  0.000112
  0.000105
  0.000147
 -0.000014
  0.000313
 -0.000136
 -0.000000
 -0.000236
  0.000124
 -0.000291
 -0.000027
  0.000174
  0.000210
 -0.000148
  0.000107
 -0.000008
  0.000009
 -0.000042
  0.000114
  0.000319
 -0.000611
 -0.000077
 -0.000035
 -0.000002
 -0.000025
 -0.000057
 -0.000026
 -0.000022
 -0.000097
 -0.000003
  0.000011
  0.000134
 -0.000005
  0.000016
 -0.000090
 -0.000007
