 -0.028647
  0.208793
  0.024012
 -0.065486
 -0.906430
 -0.261280
  0.058933
  0.022754
  0.000063
  0.018942
  0.034928
 -0.020247
  0.011261
 -0.001706
 -0.004767
 -0.124873
 -0.026714
  0.001863
 -0.014375
  0.005708
 -0.019626
 -0.009645
 -0.002437
  0.002413
  0.023796
  0.055612
  0.040605
  0.050752
  0.010660
 -0.004676
  0.145748
  0.009017
  0.022086
 -0.012757
 -0.022553
 -0.008169
  0.018894
 -0.028607
 -0.027421
 -0.001092
  0.008491
  0.003822
 -0.002239
  0.024588
  0.001737
 -0.000517
 -0.002519
  0.003922
  0.007658
 -0.003056
 -0.006800
 -0.004227
  0.006065
  0.008504
 -0.006692
 -0.001526
  0.000354
 -0.001956
  0.001040
 -0.000343
 -0.026787
  0.005034
  0.001886
  0.005521
  0.000130
 -0.002555
 -0.001433
 -0.003296
 -0.001314
  0.005995
 -0.002302
 -0.007795
 -0.007132
 -0.001068
  0.009795
  0.000453
 -0.008835
 -0.003551
 -0.000940
  0.003271
 -0.002040
 -0.001834
  0.003903
 -0.001291
 -0.001323
  0.002712
  0.001521
  0.001138
  0.000393
 -0.002576
  0.001158
  0.002310
 -0.001539
 -0.001792
 -0.001916
 -0.001341
 -0.001440
 -0.000569
 -0.000587
 -0.000170
  0.001530
  0.001671
  0.001435
 -0.003067
 -0.000772
  0.000451
 -0.003002
 -0.002537
 -0.000313
 -0.003093
  0.001398
 -0.000543
 -0.002254
 -0.003849
  0.001107
 -0.001820
  0.001072
 -0.000943
 -0.001389
 -0.002916
  0.004903
 -0.001584
  0.002522
 -0.003614
  0.001699
 -0.002462
  0.006356
  0.002564
  0.002458
  0.003254
 -0.003479
  0.000040
 -0.003740
  0.002796
  0.002543
 -0.000920
  0.002972
 -0.004676
 -0.011297
  0.005472
  0.004322
 -0.002548
 -0.001037
  0.001915
  0.001661
 -0.012172
  0.004140
  0.000037
  0.000532
 -0.000364
 -0.002606
  0.006992
  0.000024
 -0.002764
 -0.000630
  0.003831
 -0.000824
 -0.012012
 -0.001774
  0.004921
 -0.000999
 -0.001468
  0.017165
 -0.002503
 -0.000422
  0.003629
 -0.001048
 -0.001567
  0.002360
 -0.001471
 -0.003423
 -0.000071
  0.019301
 -0.001371
 -0.002591
  0.004318
  0.010359
  0.013085
  0.002949
  0.005880
 -0.004841
 -0.003632
 -0.010637
 -0.000682
  0.002667
  0.001696
 -0.004483
 -0.002306
 -0.005448
  0.002035
  0.001437
 -0.005688
  0.001095
 -0.002485
 -0.004952
 -0.002275
  0.001755
 -0.001725
  0.008330
  0.001015
  0.000422
  0.000786
  0.001135
 -0.005577
  0.000792
 -0.001810
 -0.003935
 -0.004661
  0.001265
 -0.000870
  0.000732
  0.002246
 -0.002048
 -0.002447
 -0.000339
 -0.000304
  0.003611
 -0.000307
  0.000243
  0.001025
  0.001958
  0.002406
  0.000426
 -0.000255
  0.000437
  0.001802
 -0.000994
 -0.000425
  0.001050
  0.000382
 -0.001158
 -0.000416
  0.003568
  0.001594
  0.000326
  0.003500
 -0.000685
 -0.001301
 -0.000330
  0.000780
  0.000913
 -0.001910
 -0.000452
  0.000379
  0.001605
 -0.000244
  0.004485
  0.001479
 -0.002351
  0.001326
  0.006049
  0.001852
 -0.000235
 -0.000366
  0.003533
 -0.000785
 -0.000590
  0.003807
 -0.000460
  0.000511
 -0.000565
  0.000973
 -0.001874
  0.000406
  0.000346
  0.000270
  0.000353
 -0.000671
  0.001095
  0.000427
 -0.000955
  0.000167
 -0.000409
 -0.000890
  0.000040
 -0.000656
  0.001246
 -0.000112
  0.000632
  0.000122
 -0.000072
 -0.001158
  0.000489
  0.001600
 -0.001767
  0.000230
 -0.000393
  0.000024
 -0.001602
  0.000077
  0.001072
 -0.000263
 -0.000820
 -0.000607
 -0.000132
 -0.000533
 -0.000120
  0.000127
 -0.003123
  0.000723
 -0.001601
  0.000434
 -0.000047
  0.002725
 -0.000434
  0.000572
 -0.001164
  0.000561
  0.000612
  0.000909
 -0.000359
  0.001705
 -0.001923
  0.000804
 -0.000974
 -0.000867
  0.000278
  0.001073
  0.000590
  0.001371
  0.000588
 -0.000331
 -0.002441
 -0.001293
  0.001225
 -0.001194
  0.001136
 -0.000282
  0.000123
  0.001326
 -0.000227
  0.000605
 -0.000449
 -0.000960
 -0.000368
 -0.000465
  0.000867
 -0.001517
  0.000540
  0.001620
  0.003598
 -0.001356
  0.000857
  0.000789
  0.000165
  0.001512
 -0.000534
 -0.000410
 -0.001533
  0.002082
 -0.002591
  0.001433
  0.001670
 -0.000356
  0.000220
  0.001231
 -0.000837
 -0.001035
  0.000178
  0.000304
 -0.001155
  0.000285
 -0.000243
 -0.001570
 -0.001441
  0.001114
 -0.001401
  0.000949
  0.002997
  0.002045
 -0.002976
  0.000871
  0.000334
  0.000217
 -0.001791
 -0.002140
  0.002236
  0.000127
  0.001961
 -0.000899
 -0.000269
  0.000154
  0.000073
  0.000195
  0.001315
  0.000143
  0.001954
 -0.001219
 -0.000207
 -0.000777
  0.000357
 -0.000775
  0.001806
  0.000395
  0.001013
  0.000527
 -0.000054
  0.000572
  0.000787
  0.000442
 -0.000068
 -0.000238
  0.000223
 -0.001208
 -0.000275
  0.000369
 -0.000262
  0.000637
 -0.000417
 -0.000366
  0.001240
  0.001446
 -0.000287
  0.000369
 -0.000109
  0.000876
 -0.000092
 -0.001089
  0.000006
 -0.000306
 -0.002018
 -0.000487
 -0.000445
 -0.000862
  0.001184
  0.000070
 -0.002019
 -0.001955
 -0.000266
 -0.001468
  0.000835
 -0.000557
  0.001468
 -0.000297
 -0.002032
 -0.000679
 -0.000784
  0.000536
  0.001128
 -0.000278
  0.003731
 -0.000169
 -0.001460
  0.001630
  0.003464
  0.000632
 -0.000029
 -0.000946
  0.001537
  0.000933
 -0.001278
 -0.001441
  0.003050
 -0.000195
 -0.001020
  0.001744
 -0.000639
  0.000335
  0.000431
 -0.001544
 -0.000215
 -0.000239
 -0.001775
 -0.000941
 -0.001068
 -0.001711
 -0.000252
 -0.000175
  0.000680
 -0.000222
  0.000134
  0.001215
 -0.000048
  0.000788
  0.000505
  0.000527
 -0.000156
 -0.000819
  0.001220
 -0.001053
 -0.000494
  0.000109
  0.000886
 -0.000981
 -0.000723
  0.001241
  0.000362
 -0.000275
  0.000338
 -0.000536
 -0.000763
 -0.001555
 -0.000040
 -0.000611
 -0.001582
 -0.000656
 -0.000810
 -0.000216
 -0.000308
  0.000132
  0.000932
 -0.000868
  0.000446
  0.000401
  0.001141
  0.000442
  0.000452
  0.001390
  0.000073
 -0.000917
  0.000417
  0.000010
 -0.000375
  0.000215
  0.003033
 -0.000811
  0.001192
 -0.000373
  0.000002
 -0.000162
 -0.000014
 -0.000667
  0.001055
  0.000265
 -0.001669
 -0.000541
  0.000072
 -0.000565
  0.000527
  0.000088
 -0.001217
 -0.000559
 -0.000316
 -0.000677
  0.000033
  0.000529
 -0.000259
 -0.001288
  0.000286
 -0.000051
 -0.000016
 -0.000103
  0.000420
  0.000707
  0.000381
 -0.000820
  0.000651
  0.000529
  0.000115
 -0.001007
  0.000236
 -0.000211
  0.000250
 -0.000027
 -0.000389
  0.000054
  0.000411
  0.000452
 -0.000889
 -0.000053
 -0.000466
 -0.000211
 -0.000146
  0.000020
 -0.001569
 -0.000681
 -0.000051
 -0.000253
  0.000527
 -0.000286
  0.000249
  0.000658
  0.000026
  0.000507
 -0.000480
  0.000099
 -0.000306
  0.000366
  0.000334
  0.000231
 -0.001044
  0.000297
  0.000214
 -0.000859
 -0.000139
 -0.000204
 -0.000062
  0.000239
  0.000047
  0.000334
 -0.000424
  0.000311
 -0.000012
  0.000096
 -0.000459
 -0.000572
  0.000349
 -0.000314
 -0.000310
  0.000216
 -0.000169
 -0.000612
  0.000065
 -0.000277
  0.000236
 -0.000151
  0.000456
  0.000406
  0.000262
 -0.000141
  0.000448
 -0.000317
 -0.000201
 -0.000378
  0.000573
 -0.000037
 -0.000312
 -0.000374
  0.000209
 -0.001054
 -0.000418
  0.000721
  0.000213
 -0.000198
 -0.000172
  0.000612
  0.000441
  0.000505
 -0.000003
 -0.000044
  0.000645
 -0.000562
  0.000366
 -0.000439
  0.000518
  0.000005
  0.000091
  0.000052
  0.000638
 -0.000271
 -0.000391
 -0.000292
  0.000128
  0.000081
 -0.000240
  0.000336
  0.000123
  0.000215
  0.000464
 -0.000074
 -0.000273
  0.000349
 -0.000272
  0.000102
 -0.000089
 -0.000613
 -0.000385
  0.000250
  0.000510
  0.000622
  0.000252
  0.000082
 -0.000382
  0.000005
  0.000686
 -0.000152
  0.000005
  0.000064
 -0.000842
  0.000249
 -0.000331
  0.000322
  0.000104
  0.000299
  0.000732
  0.000051
 -0.000652
 -0.000083
  0.000526
  0.000354
 -0.000043
 -0.001634
  0.000441
 -0.000503
 -0.000416
  0.000030
  0.000535
  0.000089
 -0.000091
 -0.000545
  0.000677
 -0.000402
 -0.000252
 -0.000188
 -0.000035
  0.000503
  0.000093
 -0.000573
 -0.000225
  0.000223
 -0.000060
  0.000186
 -0.000111
  0.000075
  0.000469
 -0.000307
 -0.000324
  0.000112
  0.000175
  0.000386
 -0.000342
 -0.000384
  0.000519
 -0.000156
  0.000396
  0.000599
 -0.000565
  0.000386
  0.000299
  0.000080
 -0.000096
 -0.000184
  0.000155
 -0.000126
 -0.000180
  0.000007
  0.000291
  0.000128
 -0.000403
  0.000015
  0.000103
 -0.000351
 -0.000050
  0.000353
 -0.000576
 -0.000077
 -0.000286
  0.000056
  0.000516
 -0.000014
  0.000319
  0.000220
 -0.000374
  0.000012
  0.000011
  0.000061
  0.000262
  0.000261
  0.000145
 -0.000058
 -0.000157
  0.000222
 -0.000052
  0.000261
 -0.000224
 -0.000046
 -0.000070
 -0.000152
  0.000052
 -0.000142
  0.000226
  0.000136
 -0.000269
  0.000264
 -0.000083
 -0.000193
 -0.000140
  0.000074
  0.000117
 -0.000058
 -0.000032
 -0.000310
 -0.000386
 -0.000111
  0.000041
  0.000085
  0.000079
 -0.000097
 -0.000050
  0.000064
 -0.000160
 -0.000087
 -0.000153
 -0.000013
  0.000131
 -0.000140
 -0.000346
 -0.000220
 -0.000142
  0.000057
  0.000107
 -0.000445
  0.000009
  0.000406
 -0.000124
 -0.000136
 -0.000047
 -0.000157
  0.000192
 -0.000516
 -0.000083
  0.000048
 -0.000036
 -0.000299
  0.000091
  0.000152
  0.000073
  0.000030
  0.000053
  0.000069
 -0.000208
 -0.000005
  0.000005
 -0.000020
  0.000125
  0.000004
 -0.000044
  0.000111
 -0.000025
 -0.000002
 -0.000057
  0.000002
 -0.000003
 -0.000083
  0.000020
