 -0.022064
  0.449652
  0.044712
 -0.405429
 -0.764974
  0.030740
 -0.093473
  0.022563
 -0.028922
  0.103006
  0.008111
  0.030520
  0.062915
 -0.025695
  0.039498
 -0.086388
  0.033165
  0.058982
 -0.009041
  0.026867
  0.014138
  0.005898
  0.007181
 -0.004385
 -0.000058
  0.025129
 -0.001361
  0.012188
  0.010967
  0.005750
 -0.001572
 -0.010511
  0.019985
  0.001527
 -0.011854
 -0.015619
 -0.001947
 -0.007009
 -0.001432
  0.001797
 -0.004119
  0.004318
 -0.000545
 -0.000052
  0.002595
 -0.007954
 -0.003034
 -0.003657
 -0.004984
  0.004934
 -0.000113
  0.003112
 -0.004253
  0.019345
  0.002297
 -0.013692
  0.001036
 -0.001561
  0.000890
  0.000291
 -0.002823
  0.004121
  0.000218
 -0.003643
  0.001529
 -0.001478
  0.000210
 -0.003184
  0.001539
  0.002651
  0.000891
  0.000040
 -0.001403
 -0.003142
 -0.004875
  0.001566
 -0.001242
  0.009239
  0.001700
  0.000398
 -0.000993
  0.003636
 -0.004264
  0.001772
  0.003091
  0.003224
 -0.001498
  0.002450
 -0.002264
  0.001036
 -0.001406
 -0.005846
  0.000900
 -0.003783
 -0.001600
 -0.000795
 -0.002979
 -0.001796
 -0.000778
  0.002913
 -0.000706
 -0.001940
  0.002473
 -0.004796
 -0.004070
 -0.001698
 -0.004097
 -0.004382
  0.001715
 -0.002392
 -0.009421
 -0.006578
  0.000016
  0.000790
 -0.000538
 -0.009484
 -0.003873
 -0.001445
  0.001197
  0.004574
 -0.005419
 -0.000987
  0.003894
 -0.005087
 -0.005849
 -0.001915
 -0.000194
  0.002644
 -0.001193
 -0.001894
  0.000801
  0.001370
 -0.004437
 -0.000733
 -0.001841
  0.001253
 -0.000713
  0.000163
 -0.000352
  0.000785
 -0.001394
 -0.004337
 -0.001362
  0.002302
 -0.000353
 -0.000953
  0.003455
  0.001926
  0.001030
  0.001742
  0.004348
  0.006018
  0.000107
  0.000595
 -0.001545
 -0.003041
 -0.001554
  0.000147
 -0.000911
  0.001182
 -0.000326
  0.001261
 -0.001956
 -0.000459
 -0.001351
  0.000861
 -0.002771
 -0.001331
 -0.001728
 -0.001500
 -0.000249
 -0.000803
  0.000721
  0.000988
  0.000465
 -0.000598
 -0.000176
 -0.000037
  0.000025
  0.002163
 -0.000188
  0.001167
  0.000036
  0.001272
 -0.000211
  0.000262
  0.000694
 -0.000506
 -0.000810
 -0.002082
  0.000682
 -0.000096
 -0.001259
 -0.000453
 -0.001051
  0.001355
  0.000970
 -0.000432
  0.001028
 -0.000291
  0.000601
  0.000073
 -0.000418
  0.000846
  0.000836
  0.000422
 -0.000713
  0.000400
  0.000415
  0.000352
 -0.000078
  0.000384
  0.000465
 -0.000111
  0.000018
  0.001169
  0.001207
  0.000078
  0.000024
  0.000685
  0.000763
 -0.000542
 -0.000147
 -0.001058
  0.000468
  0.000766
 -0.001338
  0.000206
 -0.000312
 -0.000434
  0.000755
  0.001242
  0.000451
  0.000323
  0.000720
  0.000494
  0.000106
 -0.000413
 -0.000512
  0.000112
 -0.000241
 -0.000093
 -0.000700
 -0.001001
  0.000330
 -0.000583
 -0.000109
  0.000236
  0.000346
 -0.000529
  0.000441
  0.000543
  0.000353
 -0.001071
  0.000609
 -0.000100
  0.000512
  0.000049
 -0.000816
  0.001646
 -0.001632
  0.000285
 -0.000760
 -0.000721
  0.001334
  0.000244
 -0.000070
 -0.000423
 -0.001020
 -0.000083
 -0.000133
  0.000426
  0.000292
  0.000155
  0.000427
  0.000736
  0.000100
  0.000095
 -0.001021
  0.000045
 -0.000672
 -0.000395
 -0.000385
 -0.000930
  0.000313
 -0.000082
 -0.000372
  0.000953
  0.000367
  0.000545
 -0.000209
  0.001048
  0.000738
 -0.000251
  0.000105
  0.000528
 -0.000355
 -0.000417
 -0.000508
 -0.000046
 -0.000595
 -0.000524
 -0.000461
  0.000112
 -0.000397
  0.000062
 -0.000219
  0.000171
  0.000567
  0.000871
 -0.000097
 -0.000513
 -0.000095
  0.000099
  0.000786
 -0.000497
 -0.000157
 -0.000520
 -0.000189
  0.000064
 -0.000815
 -0.000588
  0.000495
 -0.000687
  0.000087
 -0.000685
 -0.000502
 -0.000965
  0.000540
 -0.000200
 -0.000379
  0.000749
  0.000099
 -0.000248
  0.000183
  0.000153
  0.000143
  0.000499
 -0.001043
 -0.000662
 -0.000431
 -0.000097
 -0.001643
  0.000780
 -0.000405
 -0.000494
 -0.000041
  0.000116
 -0.000206
  0.000603
 -0.000478
 -0.000605
  0.000013
  0.000111
 -0.000459
 -0.000935
  0.000324
 -0.001391
 -0.001128
 -0.000635
  0.000557
 -0.000925
 -0.000666
 -0.000407
  0.000246
 -0.000296
  0.001259
 -0.000181
  0.000298
  0.001278
  0.000681
  0.001011
 -0.000272
  0.000198
  0.000247
 -0.000660
  0.000526
  0.000156
 -0.000185
 -0.000571
 -0.000077
 -0.000116
  0.000401
  0.000214
  0.000143
  0.000164
  0.000253
  0.000251
  0.000397
  0.001059
 -0.000096
  0.000128
  0.000229
  0.000544
  0.000208
  0.000042
  0.000076
 -0.000424
 -0.000469
  0.000375
  0.000251
  0.000865
  0.000230
 -0.000563
 -0.000689
  0.000536
 -0.000232
  0.001324
 -0.001065
 -0.000210
  0.000383
  0.000146
  0.000618
  0.000982
 -0.000203
 -0.000641
  0.000241
  0.000300
  0.000736
 -0.000213
  0.000187
  0.000087
 -0.000657
  0.000172
  0.000336
  0.000629
 -0.000251
  0.000516
  0.000268
  0.000552
  0.000608
  0.000316
 -0.000291
 -0.000054
 -0.000254
  0.000477
  0.000637
  0.000591
 -0.000755
 -0.000791
  0.000521
 -0.000236
 -0.000347
  0.000599
 -0.000011
  0.000557
  0.000435
 -0.000012
 -0.001067
  0.000482
 -0.000707
  0.000104
  0.000614
 -0.001213
  0.000247
  0.000486
  0.000020
 -0.000527
  0.000247
  0.000339
  0.000775
 -0.000056
  0.000529
 -0.000481
  0.000727
  0.000364
 -0.001170
  0.000644
 -0.000354
  0.000052
  0.000266
 -0.000314
  0.000195
 -0.000139
  0.001058
  0.000284
  0.000472
 -0.000338
  0.000366
  0.000041
  0.000354
 -0.000159
  0.000307
 -0.000040
 -0.000893
 -0.000341
  0.000124
 -0.000869
 -0.000511
  0.000149
 -0.000101
  0.001017
  0.000019
  0.000331
  0.000290
 -0.000334
 -0.000159
 -0.000093
 -0.000426
 -0.000190
  0.000062
 -0.000185
  0.000425
  0.000677
  0.000235
  0.000926
 -0.000257
 -0.000246
 -0.000422
 -0.001096
  0.000141
  0.000230
 -0.000663
  0.000379
  0.000044
  0.000173
 -0.000050
 -0.000054
 -0.000561
  0.001236
  0.000634
 -0.000083
  0.000231
  0.000247
  0.000149
  0.000171
  0.000350
 -0.000352
 -0.001368
 -0.000482
 -0.000196
  0.000215
  0.000294
  0.000223
 -0.000364
  0.000501
 -0.000290
  0.000460
 -0.000446
 -0.000621
  0.000251
 -0.000650
 -0.000155
 -0.000366
  0.000182
  0.000285
 -0.000667
  0.000451
 -0.000147
 -0.000388
  0.000211
 -0.000318
 -0.000084
 -0.000005
 -0.000137
 -0.000483
 -0.000046
  0.000018
  0.000134
 -0.000310
  0.000096
 -0.000146
 -0.000160
 -0.000350
 -0.000495
 -0.000536
  0.000087
 -0.000428
 -0.000234
 -0.000576
  0.000171
  0.000571
  0.000528
 -0.000015
 -0.000595
 -0.000206
  0.000028
 -0.000129
 -0.000291
 -0.000259
 -0.000041
  0.000329
 -0.000074
 -0.000045
  0.000056
 -0.000149
  0.000365
  0.000049
  0.000328
  0.000444
  0.000225
  0.000505
  0.000379
 -0.000338
  0.000173
 -0.000359
  0.000454
 -0.000481
  0.000049
  0.000285
  0.000621
  0.000430
  0.000227
 -0.000469
  0.000013
 -0.000151
 -0.000151
 -0.000234
  0.000213
  0.000228
 -0.000236
 -0.000173
  0.000331
 -0.000103
 -0.000170
  0.000507
  0.000036
 -0.000185
 -0.000287
 -0.000001
  0.000180
  0.000205
  0.000064
  0.000204
 -0.000181
 -0.000163
 -0.000109
  0.000222
 -0.000108
 -0.000134
  0.000010
 -0.000592
 -0.000103
  0.000111
 -0.000084
 -0.000064
 -0.000195
 -0.000352
 -0.000081
  0.000302
  0.000265
  0.000109
 -0.000221
  0.000186
  0.000018
  0.000048
 -0.000057
 -0.000365
  0.000073
  0.000166
 -0.000657
 -0.000082
 -0.000284
  0.000324
 -0.000029
  0.000034
 -0.000026
 -0.000221
  0.000039
  0.000279
  0.000125
  0.000312
  0.000063
 -0.000073
  0.000113
 -0.000209
  0.000119
 -0.000039
 -0.000192
 -0.000269
  0.000023
  0.000311
 -0.000463
  0.000091
 -0.000117
 -0.000046
 -0.000455
  0.000014
 -0.000163
  0.000025
 -0.000285
 -0.000392
 -0.000005
 -0.000164
 -0.000270
 -0.000200
  0.000117
  0.000157
 -0.000093
 -0.000109
 -0.000027
  0.000338
 -0.000021
 -0.000111
 -0.000059
 -0.000300
 -0.000494
 -0.000239
  0.000011
 -0.000290
  0.000061
 -0.000199
 -0.000046
  0.000011
 -0.000144
 -0.000092
 -0.000025
 -0.000197
  0.000083
  0.000242
  0.000322
 -0.000166
  0.000182
 -0.000226
  0.000113
 -0.000100
  0.000008
  0.000177
  0.000328
 -0.000060
 -0.000092
  0.000344
 -0.000016
  0.000007
  0.000039
  0.000165
 -0.000198
  0.000479
  0.000190
 -0.000588
  0.000109
  0.000139
  0.000162
 -0.000004
 -0.000243
 -0.000203
  0.000022
  0.000077
 -0.000100
 -0.000083
 -0.000170
 -0.000157
  0.000066
  0.000043
 -0.000113
 -0.000089
  0.000065
 -0.000055
 -0.000237
 -0.000100
 -0.000000
  0.000238
 -0.000053
 -0.000000
 -0.000320
 -0.000196
  0.000045
  0.000030
  0.000022
 -0.000111
  0.000102
 -0.000026
 -0.000047
  0.000096
  0.000051
 -0.000037
 -0.000026
 -0.000273
 -0.000109
  0.000090
 -0.000026
 -0.000079
 -0.000062
  0.000329
 -0.000230
  0.000121
  0.000013
  0.000155
 -0.000206
  0.000023
  0.000170
  0.000030
  0.000245
  0.000063
  0.000015
 -0.000025
  0.000007
 -0.000346
 -0.000163
 -0.000291
 -0.000034
  0.000054
  0.000060
  0.000049
 -0.000063
  0.000127
  0.000085
 -0.000101
 -0.000022
 -0.000035
 -0.000205
 -0.000038
 -0.000058
  0.000121
  0.000154
 -0.000207
  0.000015
  0.000045
  0.000371
  0.000085
  0.000121
  0.000210
 -0.000017
  0.000287
 -0.000263
  0.000111
  0.000278
  0.000186
 -0.000072
 -0.000040
 -0.000039
 -0.000109
 -0.000009
 -0.000052
  0.000028
