  0.002935
 -0.147474
  0.095992
 -0.814618
  0.045394
 -0.092883
  0.127341
 -0.140959
 -0.488028
 -0.122657
  0.019782
 -0.008373
 -0.020114
  0.000113
 -0.039544
  0.004781
  0.004720
 -0.004744
  0.004834
 -0.001014
  0.003152
 -0.017250
  0.008226
  0.000814
  0.004623
  0.006685
 -0.001507
 -0.015328
 -0.007629
  0.016585
 -0.005787
 -0.005644
  0.013526
  0.005900
 -0.001949
 -0.000560
  0.002968
 -0.004363
 -0.012595
  0.000331
  0.005395
 -0.001431
  0.001475
  0.003052
  0.001033
  0.002142
  0.004983
  0.000871
  0.005223
  0.004361
  0.000246
  0.002137
 -0.003051
 -0.000006
  0.003410
  0.001652
  0.000988
 -0.000095
 -0.000968
 -0.000906
 -0.001841
 -0.003736
  0.000113
 -0.003379
  0.004008
  0.001729
 -0.000583
 -0.000212
  0.000398
 -0.002841
 -0.000298
 -0.004579
 -0.001705
  0.000081
 -0.003494
 -0.002118
  0.001496
 -0.002384
  0.000214
  0.000882
  0.005739
  0.000226
 -0.001969
  0.000571
 -0.000700
 -0.001694
 -0.002370
  0.008794
 -0.002708
 -0.008082
  0.002389
 -0.008181
  0.001190
 -0.004012
  0.002056
 -0.003623
 -0.003664
  0.001682
 -0.002533
  0.002961
 -0.001748
  0.002712
 -0.001919
  0.004483
 -0.006022
  0.008100
 -0.002588
  0.001034
  0.002829
 -0.005101
 -0.000855
  0.010254
 -0.000931
  0.001883
  0.000467
  0.000666
  0.003503
  0.001801
 -0.001663
 -0.001416
  0.000750
 -0.001923
  0.002033
 -0.005044
 -0.000090
 -0.000473
 -0.002946
  0.001644
 -0.002389
 -0.003004
  0.004908
  0.004642
 -0.002295
  0.000765
  0.000370
 -0.001074
  0.001460
  0.002400
 -0.000951
  0.003103
  0.000114
  0.004605
 -0.003953
 -0.002589
 -0.004591
  0.000258
 -0.000425
  0.000704
  0.000277
 -0.000799
 -0.000989
 -0.003139
  0.001743
  0.004119
  0.000936
  0.001950
 -0.001087
 -0.000862
  0.001531
 -0.003245
 -0.001504
  0.000146
 -0.002919
 -0.004071
 -0.001671
 -0.000976
 -0.001963
 -0.003488
 -0.000483
 -0.000546
 -0.001619
 -0.000616
 -0.000015
  0.000346
 -0.000768
 -0.001330
 -0.001083
  0.000262
  0.000048
 -0.000031
 -0.000204
  0.000435
 -0.004557
  0.002454
  0.002800
 -0.000204
 -0.003110
 -0.001621
 -0.000228
 -0.000623
 -0.000081
 -0.002375
 -0.003819
  0.001089
  0.000134
  0.000093
  0.000312
 -0.000059
  0.000861
  0.001155
  0.001221
  0.001836
  0.000716
  0.000258
  0.000033
  0.001162
 -0.000901
  0.000191
  0.001196
  0.000741
  0.000834
 -0.000107
 -0.000208
  0.000105
  0.000062
  0.000472
 -0.000011
 -0.002333
  0.000551
 -0.000223
 -0.001955
  0.000145
 -0.000567
 -0.000252
  0.001278
  0.000440
 -0.000651
 -0.000646
  0.000542
 -0.000131
 -0.000674
  0.000504
  0.000141
  0.000466
 -0.000016
 -0.001021
 -0.000891
  0.000326
 -0.001150
  0.000194
 -0.001723
 -0.000081
 -0.000346
  0.000212
 -0.000562
  0.001237
 -0.000486
  0.000434
  0.000041
  0.000361
 -0.000072
  0.000497
  0.000071
 -0.000427
 -0.000305
 -0.000307
 -0.001134
  0.002319
  0.000318
 -0.000321
 -0.000113
 -0.000207
  0.000761
 -0.001153
 -0.001266
  0.001610
 -0.000291
 -0.000209
 -0.001005
 -0.000054
 -0.001096
  0.000019
  0.000758
 -0.001385
  0.002052
  0.000241
 -0.000021
 -0.000452
 -0.000016
  0.000355
 -0.000004
 -0.000768
  0.000107
  0.001141
  0.000147
 -0.002292
 -0.000145
 -0.000806
 -0.000553
 -0.002210
  0.000086
  0.000890
 -0.000036
 -0.000612
 -0.001156
  0.000877
 -0.000153
 -0.000489
 -0.000708
 -0.000249
 -0.001457
  0.000135
 -0.001042
  0.002801
  0.000984
  0.000256
  0.000059
 -0.000409
  0.000637
 -0.000323
 -0.000551
  0.001352
 -0.000985
 -0.000382
  0.000743
 -0.001199
 -0.001267
 -0.000309
  0.000701
 -0.000373
 -0.001165
  0.000329
  0.000109
  0.000297
  0.000489
  0.000429
 -0.000761
 -0.000971
 -0.000410
  0.000914
 -0.000090
 -0.000984
  0.000666
  0.001173
  0.000399
 -0.000226
 -0.000557
 -0.000584
  0.000865
 -0.000238
 -0.000930
  0.000545
 -0.000753
  0.000551
  0.001105
  0.000422
 -0.000595
 -0.001063
 -0.000672
  0.000215
  0.000084
 -0.000274
  0.000265
 -0.000147
 -0.000468
 -0.000529
  0.000386
 -0.000201
 -0.000053
 -0.000168
 -0.000010
  0.000048
  0.001031
  0.000045
 -0.000339
 -0.000022
 -0.000242
  0.000376
 -0.000365
  0.000821
  0.000198
  0.000366
 -0.000792
  0.000323
  0.000007
 -0.000126
 -0.000210
  0.000329
  0.000130
  0.000052
 -0.000281
  0.000835
 -0.000036
 -0.000099
 -0.000267
 -0.000120
 -0.000757
  0.000240
 -0.000066
 -0.000179
 -0.000380
 -0.000131
 -0.000254
 -0.000100
 -0.000150
 -0.000530
  0.000058
  0.000125
 -0.000072
 -0.000185
 -0.000279
  0.000028
  0.000204
  0.000375
  0.000097
 -0.000351
  0.000570
  0.000484
  0.000298
  0.000418
 -0.000012
 -0.000156
 -0.000168
 -0.000780
  0.000193
  0.000421
  0.000041
  0.000272
  0.000054
  0.000013
  0.000018
 -0.000039
  0.000668
  0.000336
  0.000328
 -0.000085
  0.000432
  0.000428
  0.000414
 -0.000149
  0.000129
 -0.000078
  0.000446
 -0.000020
  0.000024
  0.000169
 -0.000596
 -0.000236
  0.000281
 -0.000066
 -0.000089
  0.000587
 -0.000457
  0.000396
 -0.000151
  0.000199
  0.000682
  0.000192
  0.001448
 -0.001201
  0.000266
 -0.000185
  0.000348
 -0.000235
  0.000000
 -0.000150
 -0.000260
 -0.000309
  0.000342
 -0.000345
  0.000078
  0.000002
 -0.000454
  0.000741
  0.000403
 -0.000417
  0.000587
 -0.000396
 -0.000385
  0.000070
  0.000582
  0.000762
 -0.000311
  0.000738
 -0.000221
  0.000447
 -0.000129
  0.000557
 -0.000517
  0.000001
  0.000099
  0.000436
  0.000210
  0.000428
  0.000134
  0.000062
  0.000198
  0.000350
 -0.000751
  0.000239
  0.000134
  0.000001
  0.000180
 -0.000160
 -0.001202
 -0.000469
  0.000294
  0.000442
  0.001599
  0.000163
 -0.000187
 -0.000055
  0.000238
  0.000157
 -0.000030
 -0.000058
  0.000115
  0.000249
 -0.000361
 -0.000236
  0.000212
  0.000100
  0.000335
 -0.000015
  0.000048
  0.000598
  0.000413
 -0.000081
 -0.000077
 -0.000343
  0.000337
 -0.000515
  0.000662
 -0.000975
 -0.000254
 -0.000286
 -0.000447
  0.000671
  0.000305
  0.000120
  0.000048
 -0.000112
  0.000031
  0.000167
  0.000335
 -0.000311
  0.000030
  0.000135
 -0.000032
 -0.000055
  0.000142
  0.000223
 -0.000143
 -0.000048
 -0.000118
  0.000131
  0.000234
 -0.000291
 -0.000516
  0.000383
 -0.000185
  0.000513
  0.000214
 -0.000027
  0.000152
 -0.000266
  0.000228
 -0.000702
  0.000489
 -0.000411
 -0.000076
  0.000004
 -0.000598
 -0.000059
 -0.000047
 -0.000147
  0.000063
  0.000224
  0.000142
  0.000080
  0.000120
  0.000020
  0.000265
 -0.000615
  0.000150
  0.000122
 -0.000053
  0.000010
 -0.000108
  0.000467
 -0.000079
 -0.000118
  0.000199
  0.000147
  0.000352
  0.000436
  0.000020
 -0.000544
 -0.000055
  0.000301
 -0.000276
  0.000014
  0.000288
 -0.000116
 -0.000158
  0.000372
 -0.000532
 -0.000068
  0.000920
 -0.000075
  0.000152
  0.000110
  0.000021
 -0.000228
 -0.000271
 -0.000399
 -0.000646
  0.000273
  0.000009
 -0.000178
  0.000139
 -0.000179
  0.000090
  0.000268
 -0.000185
  0.000533
 -0.000022
 -0.000064
  0.000305
  0.000020
 -0.000226
 -0.000611
 -0.000301
  0.000287
  0.000399
 -0.000209
  0.000064
 -0.000121
 -0.000238
 -0.000052
  0.000180
 -0.000029
 -0.000015
  0.000009
 -0.000167
 -0.000080
 -0.000368
  0.000100
  0.000301
 -0.000406
  0.000394
 -0.000148
 -0.000521
 -0.000230
  0.000025
  0.000152
 -0.000247
 -0.000029
  0.000350
  0.000249
 -0.000611
  0.000018
 -0.000044
 -0.000484
 -0.000075
  0.000015
 -0.000033
  0.000148
  0.000318
 -0.000130
 -0.000081
 -0.000127
  0.000198
  0.000309
 -0.000348
  0.000067
 -0.000074
  0.000126
 -0.000193
  0.000446
 -0.000086
  0.000367
  0.000043
  0.000008
  0.000036
  0.000301
 -0.000172
 -0.000254
  0.000059
 -0.000336
 -0.000110
  0.000316
 -0.000414
  0.000019
  0.000220
  0.000052
  0.000263
  0.000312
 -0.000093
 -0.000016
 -0.000251
 -0.000186
  0.000200
  0.000109
  0.000353
  0.000620
  0.000042
  0.000352
 -0.000096
  0.000127
  0.000187
 -0.000538
 -0.000190
  0.000014
  0.000296
 -0.000532
  0.000538
  0.000040
 -0.000013
 -0.000007
 -0.000003
  0.000108
 -0.000315
 -0.000046
 -0.000180
 -0.000223
 -0.000427
  0.000091
  0.000063
 -0.000038
 -0.000247
  0.000275
  0.000292
  0.000036
  0.000020
  0.000105
  0.000008
  0.000072
 -0.000054
  0.000002
 -0.000016
  0.000005
  0.000093
  0.000032
  0.000282
 -0.000126
  0.000166
 -0.000018
  0.000167
  0.000052
  0.000093
  0.000188
 -0.000040
 -0.000244
  0.000168
  0.000081
 -0.000063
  0.000193
 -0.000126
  0.000028
 -0.000101
  0.000045
 -0.000064
 -0.000112
  0.000060
 -0.000092
 -0.000051
 -0.000102
  0.000038
 -0.000133
 -0.000023
  0.000089
 -0.000150
  0.000123
 -0.000194
  0.000227
  0.000010
 -0.000098
  0.000183
 -0.000060
 -0.000060
 -0.000181
  0.000059
  0.000142
  0.000029
 -0.000039
  0.000096
 -0.000034
 -0.000095
  0.000040
 -0.000055
  0.000117
 -0.000097
 -0.000055
  0.000008
 -0.000138
 -0.000286
 -0.000194
  0.000003
 -0.000029
 -0.000183
 -0.000034
 -0.000040
  0.000027
  0.000128
  0.000095
  0.000024
  0.000004
  0.000134
 -0.000069
 -0.000151
  0.000005
 -0.000003
 -0.000112
  0.000026
  0.000023
  0.000007
  0.000078
  0.000054
  0.000142
  0.000074
  0.000087
  0.000061
 -0.000004
  0.000213
  0.000083
 -0.000038
  0.000026
 -0.000016
  0.000149
 -0.000017
 -0.000014
 -0.000026
  0.000086
 -0.000004
