  1    0.095616
  2    0.056808
  3    0.065724
  4    0.018936
  5    0.026944
  6    0.022230
  7    0.019196
  8    0.011372
  9    0.013529
 10    0.020145
 11    0.020018
 12    0.008719
 13    0.001517
 14    0.005160
 15    0.007527
 16    0.005906
 17    0.005346
 18    0.005349
 19    0.002973
 20    0.012180
 21    0.007548
 22    0.004523
 23    0.006653
 24    0.005014
 25    0.003450
 26    0.007429
 27    0.011528
 28    0.004467
 29    0.002794
 30    0.002941
 31    0.007416
 32    0.001572
 33    0.006275
 34    0.002319
 35    0.005290
 36    0.004064
 37    0.003458
 38    0.004058
 39    0.005125
 40    0.002787
 41    0.001755
 42    0.005748
 43    0.003008
 44    0.002928
 45    0.004294
 46    0.002529
 47    0.002700
 48    0.003704
 49    0.004590
 50    0.004093
 51    0.002333
 52    0.002525
 53    0.002887
 54    0.001202
 55    0.001930
 56    0.001821
 57    0.000967
 58    0.002891
 59    0.001470
 60    0.001876
 61    0.000981
 62    0.001914
 63    0.004857
 64    0.001726
 65    0.001504
 66    0.001258
 67    0.001815
 68    0.003734
 69    0.001195
 70    0.000976
 71    0.001353
 72    0.001244
 73    0.000700
 74    0.001307
 75    0.001011
 76    0.002027
 77    0.002743
 78    0.002005
 79    0.001335
 80    0.004132
 81    0.000912
 82    0.001202
 83    0.002371
 84    0.004788
 85    0.000639
 86    0.000517
 87    0.001494
 88    0.001368
 89    0.000912
 90    0.000388
 91    0.001487
 92    0.001248
 93    0.003367
 94    0.001042
 95    0.001110
 96    0.001015
 97    0.004770
 98    0.001783
 99    0.000947
100    0.003089
101    0.002648
102    0.001669
103    0.001170
104    0.002064
105    0.001245
106    0.001058
107    0.000451
108    0.001195
109    0.000588
110    0.001314
111    0.001885
112    0.000386
113    0.000948
114    0.001329
115    0.000405
116    0.000783
117    0.000806
118    0.000594
119    0.001049
120    0.000649
121    0.001106
122    0.000971
123    0.001541
124    0.002499
125    0.003169
126    0.002086
127    0.001466
128    0.001015
129    0.001613
130    0.001159
131    0.001482
132    0.001197
133    0.001324
134    0.001301
135    0.001461
136    0.000765
137    0.001286
138    0.001013
139    0.001017
140    0.001047
141    0.000317
142    0.001065
143    0.001898
144    0.000980
145    0.001152
146    0.000458
147    0.001435
148    0.000890
149    0.000683
150    0.001159
151    0.000824
152    0.002204
153    0.000612
154    0.000791
155    0.000967
156    0.002648
157    0.001748
158    0.000701
159    0.001257
160    0.001488
161    0.000711
162    0.000903
163    0.001031
164    0.000514
165    0.000313
166    0.000682
167    0.001037
168    0.001774
169    0.000745
170    0.001321
171    0.001086
172    0.000943
173    0.001454
174    0.001094
175    0.000530
176    0.001355
177    0.001100
178    0.001984
179    0.001284
180    0.000938
181    0.001136
182    0.000524
183    0.000584
184    0.000275
185    0.000419
186    0.000502
187    0.000292
188    0.000994
189    0.000711
190    0.000386
191    0.000953
192    0.000792
193    0.000559
194    0.000968
195    0.000781
196    0.000392
197    0.000887
198    0.000685
199    0.000840
200    0.000463
201    0.000717
202    0.000539
203    0.000571
204    0.000884
205    0.000896
206    0.000507
207    0.000826
208    0.000183
209    0.000803
210    0.000679
211    0.001196
212    0.000926
213    0.000845
214    0.000888
215    0.000861
216    0.000979
217    0.000548
218    0.000914
219    0.001219
220    0.000562
221    0.000796
222    0.000415
223    0.000566
224    0.000581
225    0.000671
226    0.000775
227    0.001841
228    0.000679
229    0.000637
230    0.000730
231    0.000912
232    0.000623
233    0.000517
234    0.000886
235    0.000428
236    0.000631
237    0.000395
238    0.000723
239    0.000547
240    0.000685
241    0.000543
242    0.000714
243    0.000784
244    0.000460
245    0.000501
246    0.000767
247    0.000945
248    0.000663
249    0.000588
250    0.000736
251    0.000921
252    0.000350
253    0.000438
254    0.000425
255    0.000859
256    0.000901
257    0.000743
258    0.000554
259    0.000322
260    0.000381
261    0.001116
262    0.000438
263    0.000879
264    0.001543
265    0.001219
266    0.000989
267    0.000724
268    0.000462
269    0.000687
270    0.000264
271    0.000371
272    0.000866
273    0.000626
274    0.000594
275    0.000426
276    0.000689
277    0.000693
278    0.000586
279    0.000400
280    0.000662
281    0.000552
282    0.000366
283    0.000731
284    0.000428
285    0.000340
286    0.000447
287    0.000347
288    0.000441
289    0.000197
290    0.000565
291    0.000552
292    0.000603
293    0.000348
294    0.000604
295    0.000970
296    0.000927
297    0.000561
298    0.000386
299    0.000628
300    0.000891
301    0.001379
302    0.000523
303    0.000326
304    0.000528
305    0.000578
306    0.000375
307    0.000336
308    0.000431
309    0.000325
310    0.000361
311    0.000374
312    0.000704
313    0.000689
314    0.000911
315    0.000384
316    0.000303
317    0.000715
318    0.000830
319    0.000555
320    0.000437
321    0.000751
322    0.000243
323    0.000312
324    0.000789
325    0.000705
326    0.000336
327    0.000479
328    0.000462
329    0.000449
330    0.000536
331    0.000212
332    0.000243
333    0.000263
334    0.000605
335    0.000649
336    0.000704
337    0.000317
338    0.000458
339    0.000740
340    0.000479
341    0.000832
342    0.000432
343    0.000505
344    0.000484
345    0.000395
346    0.000399
347    0.000595
348    0.000718
349    0.000323
350    0.000486
351    0.000482
352    0.000509
353    0.000444
354    0.000635
355    0.000320
356    0.000961
357    0.000516
358    0.000754
359    0.000621
360    0.000381
361    0.000385
362    0.000563
363    0.000401
364    0.000795
365    0.000332
366    0.000605
367    0.000963
368    0.000926
369    0.000330
370    0.000368
371    0.000366
372    0.000657
373    0.000656
374    0.000434
375    0.000667
376    0.000318
377    0.000498
378    0.000395
379    0.000439
380    0.000920
381    0.000439
382    0.000399
383    0.000501
384    0.000715
385    0.000372
386    0.000858
387    0.000551
388    0.000518
389    0.000248
390    0.000714
391    0.000345
392    0.000352
393    0.000490
394    0.000375
395    0.000442
396    0.000447
397    0.000353
398    0.000612
399    0.000752
400    0.000560
401    0.000608
402    0.000679
403    0.000563
404    0.000425
405    0.000644
406    0.000662
407    0.000407
408    0.000699
409    0.000289
410    0.000618
411    0.000295
412    0.000269
413    0.000457
414    0.000375
415    0.000403
416    0.000510
417    0.000222
418    0.000315
419    0.000441
420    0.000339
421    0.000293
422    0.000375
423    0.000312
424    0.000624
425    0.000562
426    0.000340
427    0.000266
428    0.000624
429    0.000289
430    0.000232
431    0.000334
432    0.000374
433    0.000257
434    0.000199
435    0.000255
436    0.000389
437    0.000651
438    0.000279
439    0.000335
440    0.000284
441    0.000268
442    0.000262
443    0.000447
444    0.000449
445    0.000353
446    0.000477
447    0.000328
448    0.000194
449    0.000428
450    0.000689
451    0.000572
452    0.000416
453    0.000474
454    0.000317
455    0.000403
456    0.000222
457    0.000442
458    0.000513
459    0.000318
460    0.000186
461    0.000303
462    0.000374
463    0.000651
464    0.000370
465    0.000437
466    0.000398
467    0.000336
468    0.000232
469    0.000400
470    0.000363
471    0.000283
472    0.000383
473    0.000293
474    0.000334
475    0.000718
476    0.000282
477    0.000274
478    0.000219
479    0.000228
480    0.000340
481    0.000323
482    0.000261
483    0.000264
484    0.000307
485    0.000158
486    0.000313
487    0.000302
488    0.000343
489    0.000186
490    0.000309
491    0.000279
492    0.000344
493    0.000738
494    0.000265
495    0.000218
496    0.000262
497    0.000236
498    0.000250
499    0.000257
500    0.000561
501    0.000381
502    0.000218
503    0.000265
504    0.000461
505    0.000306
506    0.000411
507    0.000285
508    0.000310
509    0.000384
510    0.000367
511    0.000582
512    0.000420
513    0.000436
514    0.000392
515    0.000645
516    0.000296
517    0.000479
518    0.000471
519    0.000123
520    0.000236
521    0.000312
522    0.000240
523    0.000251
524    0.000397
525    0.000411
526    0.000250
527    0.000277
528    0.000566
529    0.000585
530    0.000398
531    0.000272
532    0.000086
533    0.000245
534    0.000354
535    0.000296
536    0.000152
537    0.000471
538    0.000358
539    0.000375
540    0.000225
541    0.000320
542    0.000311
543    0.000134
544    0.000085
545    0.000554
546    0.000686
547    0.000514
548    0.000076
549    0.000566
550    0.000284
551    0.000269
552    0.000401
553    0.000319
554    0.000200
555    0.000343
556    0.000253
557    0.000275
558    0.000348
559    0.000247
560    0.000321
561    0.000294
562    0.000168
563    0.000152
564    0.000252
565    0.000242
566    0.000283
567    0.000266
568    0.000092
569    0.000393
570    0.000261
571    0.000140
572    0.000036
573    0.000217
574    0.000184
575    0.000234
576    0.000317
577    0.000425
578    0.000477
579    0.000365
580    0.000078
581    0.000274
582    0.000326
583    0.000136
584    0.000242
585    0.000244
586    0.000291
587    0.000343
588    0.000259
589    0.000248
590    0.000174
591    0.000175
592    0.000239
593    0.000193
594    0.000213
595    0.000296
596    0.000238
597    0.000282
598    0.000419
599    0.000192
600    0.000344
601    0.000263
602    0.000189
603    0.000237
604    0.000287
605    0.000186
606    0.000302
607    0.000528
608    0.000341
609    0.000101
610    0.000347
611    0.000300
612    0.000257
613    0.000248
614    0.000494
615    0.000108
616    0.000239
617    0.000565
618    0.000277
619    0.000404
620    0.000104
621    0.000305
622    0.000295
623    0.000527
624    0.000263
625    0.000094
626    0.000325
627    0.000291
628    0.000297
629    0.000318
630    0.000148
631    0.000215
632    0.000315
633    0.000171
634    0.000255
635    0.000344
636    0.000337
637    0.000214
638    0.000210
639    0.000296
640    0.000320
641    0.000288
642    0.000263
643    0.000330
644    0.000235
645    0.000209
646    0.000281
647    0.000127
648    0.000229
649    0.000366
650    0.000183
651    0.000397
652    0.000211
653    0.000162
654    0.000199
655    0.000351
656    0.000113
657    0.000138
658    0.000105
659    0.000151
660    0.000287
661    0.000196
662    0.000209
663    0.000413
664    0.000363
665    0.000391
666    0.000176
667    0.000200
668    0.000201
669    0.000278
670    0.000095
671    0.000178
672    0.000257
673    0.000352
674    0.000160
675    0.000206
676    0.000223
677    0.000154
678    0.000340
679    0.000353
680    0.000347
681    0.000448
682    0.000149
683    0.000312
684    0.000292
685    0.000253
686    0.000253
687    0.000299
688    0.000171
689    0.000249
690    0.000342
691    0.000308
692    0.000160
693    0.000281
694    0.000300
695    0.000467
696    0.000153
697    0.000175
698    0.000151
699    0.000239
700    0.000143
701    0.000120
702    0.000386
703    0.000337
704    0.000261
705    0.000126
706    0.000105
707    0.000245
708    0.000153
709    0.000294
710    0.000316
711    0.000256
712    0.000331
713    0.000357
714    0.000302
715    0.000194
716    0.000181
717    0.000249
718    0.000182
719    0.000116
720    0.000114
721    0.000369
722    0.000099
723    0.000277
724    0.000290
725    0.000094
726    0.000393
727    0.000155
728    0.000306
729    0.000172
730    0.000256
731    0.000107
732    0.000286
733    0.000281
734    0.000516
735    0.000174
736    0.000204
737    0.000604
738    0.000195
739    0.000259
740    0.000311
741    0.000205
742    0.000263
743    0.000260
744    0.000080
745    0.000218
746    0.000172
747    0.000278
748    0.000217
749    0.000423
750    0.000125
751    0.000195
752    0.000124
753    0.000139
754    0.000112
755    0.000162
756    0.000220
757    0.000364
758    0.000228
759    0.000303
760    0.000128
761    0.000141
762    0.000145
763    0.000105
764    0.000187
765    0.000188
766    0.000083
767    0.000346
768    0.000116
769    0.000260
770    0.000119
771    0.000214
772    0.000066
773    0.000175
774    0.000277
775    0.000095
776    0.000081
777    0.000163
778    0.000159
779    0.000262
780    0.000148
781    0.000080
782    0.000123
783    0.000095
784    0.000165
785    0.000101
786    0.000139
787    0.000347
788    0.000300
789    0.000156
790    0.000169
791    0.000154
792    0.000310
793    0.000300
794    0.000396
795    0.000220
796    0.000425
797    0.000097
798    0.000189
799    0.000242
800    0.000082
801    0.000131
802    0.000114
803    0.000073
804    0.000154
805    0.000187
806    0.000268
807    0.000054
808    0.000083
809    0.000113
810    0.000089
811    0.000132
812    0.000595
813    0.000298
814    0.000159
815    0.000145
816    0.000096
817    0.000192
818    0.000067
819    0.000247
820    0.000190
821    0.000147
822    0.000191
823    0.000280
824    0.000189
825    0.000539
