  1    0.110589
  2    0.058980
  3    0.030349
  4    0.023593
  5    0.028093
  6    0.051330
  7    0.012411
  8    0.017233
  9    0.015365
 10    0.013803
 11    0.006436
 12    0.008590
 13    0.011050
 14    0.008084
 15    0.008819
 16    0.007202
 17    0.006873
 18    0.005281
 19    0.004773
 20    0.001890
 21    0.005734
 22    0.007327
 23    0.004181
 24    0.002598
 25    0.005235
 26    0.009127
 27    0.005467
 28    0.003058
 29    0.003527
 30    0.003596
 31    0.005403
 32    0.005334
 33    0.003750
 34    0.003922
 35    0.003836
 36    0.005474
 37    0.004673
 38    0.003208
 39    0.003947
 40    0.002451
 41    0.005279
 42    0.004037
 43    0.002536
 44    0.003201
 45    0.004258
 46    0.002534
 47    0.003558
 48    0.001441
 49    0.002295
 50    0.003193
 51    0.002754
 52    0.001756
 53    0.002634
 54    0.001520
 55    0.002648
 56    0.002312
 57    0.000851
 58    0.002804
 59    0.001613
 60    0.002470
 61    0.002849
 62    0.001412
 63    0.001496
 64    0.001559
 65    0.001779
 66    0.001859
 67    0.002061
 68    0.002609
 69    0.000789
 70    0.002005
 71    0.001289
 72    0.002001
 73    0.002112
 74    0.000963
 75    0.003047
 76    0.000644
 77    0.001846
 78    0.001838
 79    0.001737
 80    0.002245
 81    0.001617
 82    0.001003
 83    0.001423
 84    0.001097
 85    0.001203
 86    0.003881
 87    0.001475
 88    0.001178
 89    0.001339
 90    0.001214
 91    0.002345
 92    0.002373
 93    0.001725
 94    0.002938
 95    0.002641
 96    0.001887
 97    0.001607
 98    0.001648
 99    0.002629
100    0.001392
101    0.000987
102    0.000947
103    0.001847
104    0.000971
105    0.001750
106    0.001674
107    0.002977
108    0.001432
109    0.000743
110    0.001127
111    0.001454
112    0.001724
113    0.001021
114    0.001244
115    0.001237
116    0.000832
117    0.000919
118    0.001831
119    0.001843
120    0.001697
121    0.001885
122    0.001826
123    0.001237
124    0.001147
125    0.002405
126    0.001865
127    0.000978
128    0.001864
129    0.001117
130    0.000721
131    0.002562
132    0.001161
133    0.001140
134    0.001036
135    0.000608
136    0.000930
137    0.001289
138    0.000587
139    0.000844
140    0.000677
141    0.000557
142    0.001912
143    0.001863
144    0.001135
145    0.000743
146    0.001416
147    0.000760
148    0.001228
149    0.001294
150    0.001631
151    0.000579
152    0.000463
153    0.000657
154    0.001485
155    0.001353
156    0.001951
157    0.000900
158    0.002113
159    0.000562
160    0.000650
161    0.000468
162    0.001166
163    0.001034
164    0.000469
165    0.000771
166    0.000864
167    0.000728
168    0.000830
169    0.000491
170    0.000972
171    0.000515
172    0.001020
173    0.001076
174    0.000949
175    0.000686
176    0.000650
177    0.000550
178    0.001699
179    0.000463
180    0.000433
181    0.000603
182    0.000953
183    0.000857
184    0.001608
185    0.000326
186    0.000646
187    0.000362
188    0.000817
189    0.000633
190    0.000872
191    0.000910
192    0.000367
193    0.000679
194    0.000456
195    0.000718
196    0.000739
197    0.001240
198    0.000510
199    0.001510
200    0.000428
201    0.000591
202    0.000484
203    0.000910
204    0.001359
205    0.000728
206    0.000772
207    0.000718
208    0.000279
209    0.000491
210    0.000714
211    0.000656
212    0.000278
213    0.000469
214    0.000642
215    0.000629
216    0.000797
217    0.000887
218    0.000581
219    0.000754
220    0.000343
221    0.000553
222    0.000441
223    0.000756
224    0.000981
225    0.001186
226    0.000561
227    0.001111
228    0.000570
229    0.000750
230    0.000704
231    0.000468
232    0.000826
233    0.000553
234    0.001167
235    0.000546
236    0.000695
237    0.000639
238    0.001107
239    0.000591
240    0.000994
241    0.000855
242    0.000520
243    0.001007
244    0.000495
245    0.000669
246    0.000929
247    0.000877
248    0.000519
249    0.000696
250    0.000403
251    0.000983
252    0.001296
253    0.000674
254    0.000638
255    0.000726
256    0.000430
257    0.000943
258    0.000488
259    0.000718
260    0.000416
261    0.000585
262    0.000520
263    0.000414
264    0.000309
265    0.000259
266    0.000560
267    0.000706
268    0.000304
269    0.000615
270    0.000617
271    0.000323
272    0.000678
273    0.000695
274    0.000363
275    0.000736
276    0.000503
277    0.000490
278    0.000655
279    0.000517
280    0.000956
281    0.000483
282    0.000607
283    0.000655
284    0.000290
285    0.000805
286    0.000223
287    0.000513
288    0.000711
289    0.000207
290    0.000621
291    0.000361
292    0.000649
293    0.000577
294    0.000548
295    0.000272
296    0.000627
297    0.000368
298    0.000866
299    0.000420
300    0.000375
301    0.000288
302    0.000645
303    0.000351
304    0.000920
305    0.000606
306    0.000745
307    0.000390
308    0.000458
309    0.000412
310    0.000299
311    0.000540
312    0.000415
313    0.000411
314    0.000497
315    0.000756
316    0.000364
317    0.000217
318    0.000324
319    0.000212
320    0.000624
321    0.000471
322    0.000321
323    0.000550
324    0.000318
325    0.000420
326    0.000481
327    0.000523
328    0.000545
329    0.000474
330    0.000780
331    0.000614
332    0.000693
333    0.001054
334    0.000469
335    0.000514
336    0.000818
337    0.000463
338    0.000314
339    0.000536
340    0.000645
341    0.000232
342    0.000306
343    0.000659
344    0.000728
345    0.000535
346    0.000368
347    0.000660
348    0.000549
349    0.000524
350    0.000499
351    0.000530
352    0.000509
353    0.000634
354    0.000414
355    0.000329
356    0.000319
357    0.000455
358    0.000627
359    0.000425
360    0.000473
361    0.000722
362    0.000465
363    0.000574
364    0.000899
365    0.000522
366    0.000541
367    0.000626
368    0.000607
369    0.000330
370    0.000450
371    0.000733
372    0.000505
373    0.000591
374    0.000723
375    0.000512
376    0.000874
377    0.001008
378    0.000783
379    0.000897
380    0.000523
381    0.000319
382    0.000540
383    0.000528
384    0.000276
385    0.000249
386    0.001048
387    0.000548
388    0.000238
389    0.001076
390    0.000410
391    0.000921
392    0.000274
393    0.000738
394    0.000619
395    0.000378
396    0.001139
397    0.000755
398    0.000555
399    0.000484
400    0.000418
401    0.000406
402    0.000437
403    0.000609
404    0.000535
405    0.000474
406    0.000266
407    0.000391
408    0.000407
409    0.000375
410    0.000397
411    0.000509
412    0.000619
413    0.000216
414    0.000418
415    0.000444
416    0.000544
417    0.000848
418    0.000431
419    0.000465
420    0.000362
421    0.000638
422    0.000527
423    0.000393
424    0.000418
425    0.000492
426    0.000423
427    0.000186
428    0.000833
429    0.000430
430    0.000241
431    0.000640
432    0.000370
433    0.000331
434    0.000393
435    0.000496
436    0.000276
437    0.000459
438    0.000595
439    0.000411
440    0.000267
441    0.000344
442    0.000385
443    0.000448
444    0.000228
445    0.000459
446    0.000490
447    0.000264
448    0.000253
449    0.000380
450    0.000709
451    0.000535
452    0.000292
453    0.000293
454    0.000434
455    0.000306
456    0.000340
457    0.000386
458    0.000596
459    0.000275
460    0.000293
461    0.000288
462    0.000550
463    0.000223
464    0.000403
465    0.000273
466    0.000287
467    0.000370
468    0.000759
469    0.000207
470    0.000291
471    0.000371
472    0.000281
473    0.000361
474    0.000231
475    0.000434
476    0.000185
477    0.000312
478    0.000296
479    0.000695
480    0.000269
481    0.000378
482    0.000296
483    0.000416
484    0.000629
485    0.000313
486    0.000528
487    0.000224
488    0.000433
489    0.000333
490    0.000262
491    0.000285
492    0.000277
493    0.000508
494    0.000243
495    0.000341
496    0.000201
497    0.000467
498    0.000292
499    0.000317
500    0.000847
501    0.000314
502    0.000198
503    0.000507
504    0.000135
505    0.000422
506    0.000431
507    0.000273
508    0.000326
509    0.000253
510    0.000232
511    0.000275
512    0.000336
513    0.000290
514    0.000241
515    0.000412
516    0.000352
517    0.000573
518    0.000333
519    0.000344
520    0.000492
521    0.000282
522    0.000255
523    0.000395
524    0.000233
525    0.000349
526    0.000346
527    0.000309
528    0.000305
529    0.000727
530    0.000281
531    0.000313
532    0.000362
533    0.000403
534    0.000100
535    0.000514
536    0.000206
537    0.000233
538    0.000230
539    0.000240
540    0.000391
541    0.000159
542    0.000183
543    0.000215
544    0.000164
545    0.000307
546    0.000136
547    0.000246
548    0.000149
549    0.000266
550    0.000267
551    0.000309
552    0.000368
553    0.000227
554    0.000192
555    0.000340
556    0.000244
557    0.000332
558    0.000402
559    0.000182
560    0.000258
561    0.000452
562    0.000233
563    0.000316
564    0.000429
565    0.000236
566    0.000275
567    0.000297
568    0.000106
569    0.000256
570    0.000278
571    0.000291
572    0.000217
573    0.000316
574    0.000250
575    0.000255
576    0.000417
577    0.000325
578    0.000251
579    0.000228
580    0.000126
581    0.000199
582    0.000283
583    0.000353
584    0.000259
585    0.000448
586    0.000175
587    0.000378
588    0.000172
589    0.000152
590    0.000396
591    0.000209
592    0.000259
593    0.000309
594    0.000309
595    0.000320
596    0.000327
597    0.000279
598    0.000182
599    0.000233
600    0.000267
601    0.000167
602    0.000314
603    0.000360
604    0.000260
605    0.000269
606    0.000355
607    0.000475
608    0.000253
609    0.000331
610    0.000192
611    0.000227
612    0.000179
613    0.000266
614    0.000437
615    0.000345
616    0.000303
617    0.000250
618    0.000510
619    0.000171
620    0.000084
621    0.000285
622    0.000264
623    0.000408
624    0.000250
625    0.000176
626    0.000112
627    0.000410
628    0.000397
629    0.000195
630    0.000278
631    0.000176
632    0.000188
633    0.000278
634    0.000627
635    0.000181
636    0.000172
637    0.000381
638    0.000188
639    0.000218
640    0.000232
641    0.000197
642    0.000271
643    0.000300
644    0.000438
645    0.000167
646    0.000240
647    0.000270
648    0.000159
649    0.000163
650    0.000332
651    0.000289
652    0.000151
653    0.000133
654    0.000265
655    0.000207
656    0.000451
657    0.000314
658    0.000467
659    0.000269
660    0.000125
661    0.000257
662    0.000282
663    0.000230
664    0.000362
665    0.000417
666    0.000266
667    0.000199
668    0.000341
669    0.000331
670    0.000221
671    0.000364
672    0.000211
673    0.000261
674    0.000155
675    0.000365
676    0.000358
677    0.000252
678    0.000259
679    0.000382
680    0.000297
681    0.000496
682    0.000447
683    0.000211
684    0.000404
685    0.000165
686    0.000422
687    0.000435
688    0.000399
689    0.000123
690    0.000219
691    0.000204
692    0.000327
693    0.000190
694    0.000180
695    0.000258
696    0.000221
697    0.000213
698    0.000144
699    0.000225
700    0.000238
701    0.000200
702    0.000343
703    0.000204
704    0.000146
705    0.000197
706    0.000201
707    0.000137
708    0.000323
709    0.000203
710    0.000258
711    0.000227
712    0.000245
713    0.000218
714    0.000341
715    0.000160
716    0.000284
717    0.000121
718    0.000214
719    0.000230
720    0.000128
721    0.000125
722    0.000283
723    0.000243
724    0.000160
725    0.000205
726    0.000383
727    0.000201
728    0.000224
729    0.000484
730    0.000409
731    0.000187
732    0.000253
733    0.000120
734    0.000206
735    0.000293
736    0.000353
737    0.000162
738    0.000203
739    0.000439
740    0.000250
741    0.000236
742    0.000235
743    0.000216
744    0.000227
745    0.000096
746    0.000205
747    0.000216
748    0.000194
749    0.000139
750    0.000050
751    0.000211
752    0.000090
753    0.000165
754    0.000226
755    0.000206
756    0.000218
757    0.000431
758    0.000088
759    0.000257
760    0.000140
761    0.000110
762    0.000378
763    0.000293
764    0.000207
765    0.000065
766    0.000080
767    0.000197
768    0.000113
769    0.000584
770    0.000204
771    0.000210
772    0.000131
773    0.000133
774    0.000353
775    0.000219
776    0.000046
777    0.000187
778    0.000212
779    0.000090
780    0.000105
781    0.000234
782    0.000126
783    0.000251
784    0.000196
785    0.000356
786    0.000172
787    0.000247
788    0.000126
789    0.000281
790    0.000249
791    0.000112
792    0.000084
793    0.000207
794    0.000169
795    0.000236
796    0.000414
797    0.000103
798    0.000353
799    0.000190
800    0.000141
801    0.000192
802    0.000073
803    0.000214
804    0.000276
805    0.000170
806    0.000136
807    0.000193
808    0.000084
809    0.000139
810    0.000151
811    0.000342
812    0.000187
813    0.000312
814    0.000201
815    0.000074
816    0.000141
817    0.000264
818    0.000350
819    0.000258
820    0.000099
821    0.000404
822    0.000189
823    0.000239
824    0.000121
825    0.000655
