  1    0.120449
  2    0.051155
  3    0.022982
  4    0.034229
  5    0.018241
  6    0.021918
  7    0.055754
  8    0.014468
  9    0.005555
 10    0.006475
 11    0.005817
 12    0.010306
 13    0.011151
 14    0.003443
 15    0.008584
 16    0.005500
 17    0.011631
 18    0.013701
 19    0.003598
 20    0.005804
 21    0.004932
 22    0.006099
 23    0.008735
 24    0.008049
 25    0.004871
 26    0.008017
 27    0.002873
 28    0.003473
 29    0.006196
 30    0.006295
 31    0.003295
 32    0.005951
 33    0.004308
 34    0.006225
 35    0.002479
 36    0.002296
 37    0.003119
 38    0.002855
 39    0.005284
 40    0.004820
 41    0.006371
 42    0.002114
 43    0.004190
 44    0.003253
 45    0.004730
 46    0.006149
 47    0.006650
 48    0.002907
 49    0.003251
 50    0.002964
 51    0.003690
 52    0.004575
 53    0.003430
 54    0.002317
 55    0.002673
 56    0.003150
 57    0.002678
 58    0.001815
 59    0.002408
 60    0.002282
 61    0.001163
 62    0.001605
 63    0.001171
 64    0.003394
 65    0.002379
 66    0.002568
 67    0.001809
 68    0.001299
 69    0.001931
 70    0.001025
 71    0.001907
 72    0.002105
 73    0.003077
 74    0.000688
 75    0.002268
 76    0.001548
 77    0.002315
 78    0.001920
 79    0.001890
 80    0.002272
 81    0.001220
 82    0.001600
 83    0.002258
 84    0.002313
 85    0.001734
 86    0.001429
 87    0.001438
 88    0.001089
 89    0.001651
 90    0.001401
 91    0.001362
 92    0.001272
 93    0.002583
 94    0.001762
 95    0.002061
 96    0.001485
 97    0.000688
 98    0.001134
 99    0.001084
100    0.003458
101    0.001691
102    0.001290
103    0.001592
104    0.001699
105    0.000578
106    0.002258
107    0.002218
108    0.001135
109    0.002147
110    0.001780
111    0.001266
112    0.001250
113    0.000929
114    0.000895
115    0.002560
116    0.000684
117    0.002583
118    0.001530
119    0.001195
120    0.001008
121    0.000887
122    0.000868
123    0.002116
124    0.001667
125    0.001462
126    0.001071
127    0.001038
128    0.000820
129    0.001981
130    0.001066
131    0.000898
132    0.001038
133    0.001140
134    0.000767
135    0.001502
136    0.001350
137    0.000755
138    0.000897
139    0.001193
140    0.000685
141    0.000477
142    0.000845
143    0.000802
144    0.001323
145    0.001130
146    0.001288
147    0.001373
148    0.000974
149    0.000775
150    0.000396
151    0.001251
152    0.001424
153    0.000707
154    0.000854
155    0.000815
156    0.001573
157    0.000899
158    0.001643
159    0.001664
160    0.000373
161    0.000999
162    0.000283
163    0.001219
164    0.000788
165    0.001049
166    0.000699
167    0.000951
168    0.000645
169    0.000704
170    0.001016
171    0.001180
172    0.001285
173    0.000732
174    0.000417
175    0.000948
176    0.000284
177    0.000830
178    0.001003
179    0.000738
180    0.000863
181    0.001015
182    0.000742
183    0.001102
184    0.001644
185    0.000501
186    0.000423
187    0.000990
188    0.000609
189    0.000972
190    0.000374
191    0.000691
192    0.000558
193    0.000557
194    0.000377
195    0.000596
196    0.000444
197    0.000528
198    0.000961
199    0.000510
200    0.000533
201    0.000641
202    0.000592
203    0.000462
204    0.000896
205    0.000439
206    0.000955
207    0.000762
208    0.000909
209    0.001063
210    0.000437
211    0.000739
212    0.001023
213    0.000935
214    0.001258
215    0.000610
216    0.000617
217    0.000853
218    0.001062
219    0.000733
220    0.000752
221    0.000274
222    0.000508
223    0.000548
224    0.000920
225    0.000680
226    0.000361
227    0.001269
228    0.000391
229    0.000648
230    0.000673
231    0.000509
232    0.000436
233    0.000427
234    0.000570
235    0.000590
236    0.000855
237    0.000882
238    0.000252
239    0.000696
240    0.000470
241    0.000521
242    0.000477
243    0.000583
244    0.000678
245    0.000550
246    0.000409
247    0.000273
248    0.000450
249    0.000542
250    0.000738
251    0.000344
252    0.000709
253    0.000392
254    0.000648
255    0.000829
256    0.000443
257    0.000651
258    0.000722
259    0.000762
260    0.000256
261    0.000817
262    0.000217
263    0.000613
264    0.000650
265    0.000305
266    0.000332
267    0.000382
268    0.000607
269    0.000684
270    0.000492
271    0.000741
272    0.000568
273    0.000554
274    0.000901
275    0.000494
276    0.000361
277    0.000354
278    0.000566
279    0.000450
280    0.000439
281    0.000382
282    0.000377
283    0.000592
284    0.000419
285    0.000448
286    0.000382
287    0.000607
288    0.000366
289    0.000554
290    0.000344
291    0.000404
292    0.000807
293    0.000666
294    0.000588
295    0.000477
296    0.000477
297    0.000329
298    0.000734
299    0.000805
300    0.000409
301    0.000513
302    0.000285
303    0.000614
304    0.000425
305    0.000596
306    0.000324
307    0.000632
308    0.000463
309    0.000303
310    0.000549
311    0.000449
312    0.000323
313    0.000701
314    0.000559
315    0.000411
316    0.000589
317    0.000691
318    0.000672
319    0.000798
320    0.000495
321    0.000423
322    0.000459
323    0.000310
324    0.000386
325    0.000619
326    0.000394
327    0.000174
328    0.000555
329    0.000408
330    0.000203
331    0.000694
332    0.000446
333    0.000397
334    0.000762
335    0.000200
336    0.000460
337    0.000291
338    0.000206
339    0.000309
340    0.000339
341    0.000450
342    0.000276
343    0.000271
344    0.000387
345    0.000330
346    0.000470
347    0.000621
348    0.000472
349    0.000459
350    0.000348
351    0.000415
352    0.000585
353    0.000397
354    0.000589
355    0.000091
356    0.000507
357    0.000359
358    0.000350
359    0.000379
360    0.000390
361    0.000405
362    0.000642
363    0.000367
364    0.000655
365    0.000467
366    0.000371
367    0.000302
368    0.000627
369    0.000373
370    0.000402
371    0.000484
372    0.000478
373    0.000357
374    0.000527
375    0.000423
376    0.000551
377    0.000564
378    0.000440
379    0.000416
380    0.000371
381    0.000578
382    0.000412
383    0.000624
384    0.000406
385    0.001000
386    0.000647
387    0.000498
388    0.000816
389    0.000879
390    0.000469
391    0.000445
392    0.000129
393    0.000324
394    0.000523
395    0.000298
396    0.001009
397    0.000513
398    0.000325
399    0.000538
400    0.000637
401    0.000570
402    0.000617
403    0.000629
404    0.000520
405    0.000828
406    0.000103
407    0.000573
408    0.000274
409    0.000373
410    0.000513
411    0.000137
412    0.000242
413    0.000545
414    0.000416
415    0.000430
416    0.000365
417    0.000430
418    0.000673
419    0.000582
420    0.000338
421    0.000227
422    0.000288
423    0.000321
424    0.000251
425    0.000391
426    0.000332
427    0.000290
428    0.000365
429    0.000287
430    0.000329
431    0.000244
432    0.000469
433    0.000418
434    0.000191
435    0.000452
436    0.000367
437    0.000444
438    0.000209
439    0.000264
440    0.000206
441    0.000417
442    0.000406
443    0.000253
444    0.000356
445    0.000453
446    0.000412
447    0.000385
448    0.000372
449    0.000411
450    0.000394
451    0.000363
452    0.000390
453    0.000327
454    0.000669
455    0.000278
456    0.000345
457    0.000253
458    0.000401
459    0.000286
460    0.000253
461    0.000520
462    0.000154
463    0.000571
464    0.000457
465    0.000209
466    0.000329
467    0.000411
468    0.000294
469    0.000279
470    0.000617
471    0.000214
472    0.000352
473    0.000201
474    0.000403
475    0.000661
476    0.000328
477    0.000341
478    0.000688
479    0.000426
480    0.000444
481    0.000400
482    0.000731
483    0.000314
484    0.000470
485    0.000317
486    0.000541
487    0.000527
488    0.000186
489    0.000610
490    0.000301
491    0.000178
492    0.000305
493    0.000163
494    0.000236
495    0.000378
496    0.000219
497    0.000429
498    0.000428
499    0.000370
500    0.000418
501    0.000270
502    0.000267
503    0.000416
504    0.000255
505    0.000407
506    0.000259
507    0.000340
508    0.000283
509    0.000295
510    0.000469
511    0.000260
512    0.000325
513    0.000407
514    0.000318
515    0.000296
516    0.000365
517    0.000376
518    0.000336
519    0.000351
520    0.000160
521    0.000315
522    0.000126
523    0.000268
524    0.000168
525    0.000405
526    0.000196
527    0.000485
528    0.000410
529    0.000610
530    0.000160
531    0.000568
532    0.000317
533    0.000226
534    0.000389
535    0.000472
536    0.000288
537    0.000326
538    0.000151
539    0.000243
540    0.000307
541    0.000355
542    0.000185
543    0.000379
544    0.000442
545    0.000191
546    0.000179
547    0.000342
548    0.000152
549    0.000324
550    0.000329
551    0.000256
552    0.000443
553    0.000228
554    0.000343
555    0.000415
556    0.000267
557    0.000166
558    0.000496
559    0.000298
560    0.000145
561    0.000152
562    0.000251
563    0.000298
564    0.000267
565    0.000296
566    0.000218
567    0.000220
568    0.000271
569    0.000341
570    0.000333
571    0.000115
572    0.000326
573    0.000201
574    0.000375
575    0.000207
576    0.000224
577    0.000277
578    0.000304
579    0.000393
580    0.000111
581    0.000174
582    0.000264
583    0.000215
584    0.000277
585    0.000163
586    0.000252
587    0.000096
588    0.000296
589    0.000131
590    0.000212
591    0.000285
592    0.000216
593    0.000167
594    0.000278
595    0.000236
596    0.000160
597    0.000294
598    0.000161
599    0.000247
600    0.000203
601    0.000249
602    0.000348
603    0.000316
604    0.000205
605    0.000199
606    0.000245
607    0.000297
608    0.000177
609    0.000249
610    0.000198
611    0.000230
612    0.000196
613    0.000176
614    0.000269
615    0.000123
616    0.000294
617    0.000178
618    0.000100
619    0.000241
620    0.000163
621    0.000402
622    0.000151
623    0.000309
624    0.000313
625    0.000099
626    0.000319
627    0.000242
628    0.000192
629    0.000281
630    0.000211
631    0.000221
632    0.000176
633    0.000144
634    0.000095
635    0.000113
636    0.000258
637    0.000220
638    0.000104
639    0.000214
640    0.000273
641    0.000243
642    0.000193
643    0.000296
644    0.000108
645    0.000234
646    0.000226
647    0.000462
648    0.000338
649    0.000362
650    0.000163
651    0.000166
652    0.000198
653    0.000193
654    0.000280
655    0.000168
656    0.000392
657    0.000438
658    0.000175
659    0.000223
660    0.000291
661    0.000295
662    0.000286
663    0.000253
664    0.000259
665    0.000214
666    0.000278
667    0.000356
668    0.000252
669    0.000229
670    0.000141
671    0.000137
672    0.000157
673    0.000216
674    0.000382
675    0.000191
676    0.000265
677    0.000244
678    0.000247
679    0.000177
680    0.000228
681    0.000282
682    0.000183
683    0.000152
684    0.000184
685    0.000200
686    0.000278
687    0.000287
688    0.000210
689    0.000187
690    0.000256
691    0.000189
692    0.000336
693    0.000218
694    0.000143
695    0.000163
696    0.000326
697    0.000137
698    0.000298
699    0.000190
700    0.000199
701    0.000114
702    0.000397
703    0.000215
704    0.000072
705    0.000219
706    0.000308
707    0.000227
708    0.000242
709    0.000195
710    0.000217
711    0.000049
712    0.000285
713    0.000086
714    0.000234
715    0.000308
716    0.000218
717    0.000164
718    0.000232
719    0.000152
720    0.000176
721    0.000082
722    0.000227
723    0.000249
724    0.000183
725    0.000115
726    0.000140
727    0.000133
728    0.000228
729    0.000145
730    0.000138
731    0.000237
732    0.000516
733    0.000326
734    0.000277
735    0.000275
736    0.000190
737    0.000334
738    0.000534
739    0.000113
740    0.000071
741    0.000373
742    0.000199
743    0.000285
744    0.000204
745    0.000380
746    0.000106
747    0.000346
748    0.000211
749    0.000214
750    0.000147
751    0.000338
752    0.000178
753    0.000249
754    0.000197
755    0.000225
756    0.000239
757    0.000232
758    0.000146
759    0.000212
760    0.000334
761    0.000200
762    0.000341
763    0.000292
764    0.000268
765    0.000127
766    0.000195
767    0.000261
768    0.000189
769    0.000185
770    0.000159
771    0.000068
772    0.000114
773    0.000284
774    0.000186
775    0.000103
776    0.000106
777    0.000188
778    0.000169
779    0.000078
780    0.000068
781    0.000139
782    0.000224
783    0.000259
784    0.000174
785    0.000146
786    0.000232
787    0.000142
788    0.000290
789    0.000144
790    0.000372
791    0.000061
792    0.000148
793    0.000131
794    0.000123
795    0.000135
796    0.000218
797    0.000136
798    0.000134
799    0.000160
800    0.000100
801    0.000118
802    0.000131
803    0.000168
804    0.000095
805    0.000282
806    0.000172
807    0.000112
808    0.000053
809    0.000170
810    0.000214
811    0.000162
812    0.000087
813    0.000251
814    0.000188
815    0.000105
816    0.000143
817    0.000126
818    0.000241
819    0.000204
820    0.000150
821    0.000266
822    0.000079
823    0.000355
824    0.000246
825    0.000608
