  1    0.053229
  2    0.026875
  3    0.040659
  4    0.038882
  5    0.040046
  6    0.016473
  7    0.029699
  8    0.015676
  9    0.006158
 10    0.022657
 11    0.009168
 12    0.011586
 13    0.015400
 14    0.010439
 15    0.009255
 16    0.005328
 17    0.004359
 18    0.004680
 19    0.006708
 20    0.009062
 21    0.005523
 22    0.006308
 23    0.009199
 24    0.007066
 25    0.004460
 26    0.006854
 27    0.003369
 28    0.006015
 29    0.004856
 30    0.008083
 31    0.006508
 32    0.004166
 33    0.006831
 34    0.006990
 35    0.003954
 36    0.004871
 37    0.005199
 38    0.003598
 39    0.002344
 40    0.005517
 41    0.004413
 42    0.003712
 43    0.003338
 44    0.002679
 45    0.002161
 46    0.003314
 47    0.004517
 48    0.003399
 49    0.002852
 50    0.002750
 51    0.003860
 52    0.002367
 53    0.004071
 54    0.002279
 55    0.001902
 56    0.002711
 57    0.002443
 58    0.002864
 59    0.001956
 60    0.001933
 61    0.001852
 62    0.002634
 63    0.001923
 64    0.002926
 65    0.002205
 66    0.003160
 67    0.001989
 68    0.003251
 69    0.001873
 70    0.001578
 71    0.002829
 72    0.001609
 73    0.001595
 74    0.001706
 75    0.001180
 76    0.000908
 77    0.001507
 78    0.001470
 79    0.002196
 80    0.002443
 81    0.001542
 82    0.001897
 83    0.001826
 84    0.002096
 85    0.001278
 86    0.001521
 87    0.002164
 88    0.001973
 89    0.001829
 90    0.002408
 91    0.001145
 92    0.001381
 93    0.001169
 94    0.001020
 95    0.001880
 96    0.001771
 97    0.001584
 98    0.001207
 99    0.001832
100    0.001879
101    0.001760
102    0.001471
103    0.001740
104    0.001534
105    0.002284
106    0.001228
107    0.001911
108    0.001224
109    0.001281
110    0.001043
111    0.001103
112    0.001443
113    0.001182
114    0.000999
115    0.000802
116    0.001029
117    0.001269
118    0.001239
119    0.001166
120    0.001488
121    0.000979
122    0.001349
123    0.001036
124    0.001875
125    0.001818
126    0.001130
127    0.000825
128    0.002299
129    0.001347
130    0.001774
131    0.001810
132    0.000972
133    0.000743
134    0.001950
135    0.001378
136    0.001559
137    0.002010
138    0.001567
139    0.000977
140    0.001031
141    0.000794
142    0.001134
143    0.001414
144    0.001417
145    0.000796
146    0.000806
147    0.001031
148    0.001276
149    0.000888
150    0.001065
151    0.000950
152    0.000966
153    0.001217
154    0.000866
155    0.001195
156    0.000795
157    0.001017
158    0.001032
159    0.000653
160    0.001543
161    0.001113
162    0.001069
163    0.001545
164    0.001468
165    0.000494
166    0.000924
167    0.001021
168    0.000795
169    0.000577
170    0.001233
171    0.000937
172    0.001140
173    0.001135
174    0.000916
175    0.001077
176    0.001460
177    0.001068
178    0.001414
179    0.000877
180    0.001467
181    0.001181
182    0.001226
183    0.001048
184    0.000735
185    0.000723
186    0.001250
187    0.000961
188    0.001020
189    0.000685
190    0.000922
191    0.000832
192    0.001009
193    0.000622
194    0.000770
195    0.001235
196    0.001590
197    0.000837
198    0.000385
199    0.000414
200    0.001264
201    0.000849
202    0.001152
203    0.001185
204    0.000848
205    0.001013
206    0.000997
207    0.000783
208    0.001548
209    0.001148
210    0.000897
211    0.000734
212    0.000756
213    0.000667
214    0.000642
215    0.000783
216    0.000886
217    0.000626
218    0.000390
219    0.000536
220    0.000906
221    0.000972
222    0.000848
223    0.000890
224    0.000410
225    0.000678
226    0.000935
227    0.000449
228    0.000838
229    0.000574
230    0.000830
231    0.000640
232    0.000876
233    0.001092
234    0.000683
235    0.000626
236    0.000852
237    0.000619
238    0.000681
239    0.000874
240    0.000658
241    0.000672
242    0.001023
243    0.000809
244    0.000564
245    0.000688
246    0.000639
247    0.000636
248    0.000750
249    0.000751
250    0.000872
251    0.000668
252    0.000741
253    0.000851
254    0.000732
255    0.000588
256    0.000729
257    0.000978
258    0.000927
259    0.001045
260    0.000689
261    0.000890
262    0.000511
263    0.000774
264    0.000741
265    0.000798
266    0.000599
267    0.000476
268    0.000480
269    0.000615
270    0.000656
271    0.000804
272    0.000866
273    0.000389
274    0.000783
275    0.000342
276    0.000674
277    0.000413
278    0.000384
279    0.000553
280    0.000544
281    0.000981
282    0.000540
283    0.000543
284    0.000756
285    0.000739
286    0.000719
287    0.000712
288    0.000665
289    0.000665
290    0.000845
291    0.000532
292    0.000586
293    0.000600
294    0.000423
295    0.000575
296    0.000695
297    0.000431
298    0.000775
299    0.000734
300    0.000270
301    0.000451
302    0.000470
303    0.000823
304    0.000465
305    0.000598
306    0.000384
307    0.000438
308    0.000352
309    0.000761
310    0.000325
311    0.000322
312    0.000729
313    0.000438
314    0.000439
315    0.000702
316    0.000569
317    0.000440
318    0.000814
319    0.000640
320    0.000535
321    0.000427
322    0.000344
323    0.000248
324    0.000475
325    0.000619
326    0.000450
327    0.000697
328    0.000616
329    0.000530
330    0.000514
331    0.000550
332    0.000438
333    0.000466
334    0.000479
335    0.000444
336    0.000573
337    0.000436
338    0.000454
339    0.000367
340    0.000643
341    0.000505
342    0.000397
343    0.000300
344    0.000338
345    0.000599
346    0.000264
347    0.000601
348    0.000399
349    0.000620
350    0.000347
351    0.000294
352    0.000631
353    0.000462
354    0.000543
355    0.000353
356    0.000491
357    0.000610
358    0.000612
359    0.000483
360    0.000550
361    0.000565
362    0.000714
363    0.000770
364    0.000695
365    0.000680
366    0.000521
367    0.000619
368    0.000365
369    0.000513
370    0.000442
371    0.000359
372    0.000395
373    0.000603
374    0.000535
375    0.000744
376    0.000268
377    0.000568
378    0.000609
379    0.000342
380    0.000653
381    0.000415
382    0.000503
383    0.000421
384    0.000451
385    0.000397
386    0.000320
387    0.000686
388    0.000591
389    0.000301
390    0.000410
391    0.000557
392    0.000528
393    0.000746
394    0.000426
395    0.000448
396    0.000489
397    0.000949
398    0.000336
399    0.000337
400    0.000393
401    0.000487
402    0.000380
403    0.000419
404    0.000454
405    0.000396
406    0.000448
407    0.000387
408    0.000559
409    0.000606
410    0.000478
411    0.000591
412    0.000331
413    0.000579
414    0.000400
415    0.000391
416    0.000436
417    0.000413
418    0.000431
419    0.000412
420    0.000386
421    0.000268
422    0.000309
423    0.000501
424    0.000357
425    0.000314
426    0.000311
427    0.000343
428    0.000316
429    0.000528
430    0.000428
431    0.000566
432    0.000261
433    0.000327
434    0.000510
435    0.000316
436    0.000594
437    0.000401
438    0.000240
439    0.000421
440    0.000449
441    0.000409
442    0.000520
443    0.000550
444    0.000295
445    0.000493
446    0.000305
447    0.000494
448    0.000307
449    0.000449
450    0.000394
451    0.000470
452    0.000366
453    0.000600
454    0.000391
455    0.000588
456    0.000543
457    0.000246
458    0.000513
459    0.000556
460    0.000566
461    0.000323
462    0.000304
463    0.000371
464    0.000369
465    0.000408
466    0.000477
467    0.000314
468    0.000461
469    0.000548
470    0.000475
471    0.000261
472    0.000492
473    0.000551
474    0.000384
475    0.000357
476    0.000379
477    0.000281
478    0.000577
479    0.000371
480    0.000461
481    0.000304
482    0.000407
483    0.000467
484    0.000388
485    0.000409
486    0.000408
487    0.000554
488    0.000441
489    0.000365
490    0.000292
491    0.000345
492    0.000419
493    0.000294
494    0.000348
495    0.000423
496    0.000349
497    0.000353
498    0.000373
499    0.000248
500    0.000399
501    0.000433
502    0.000417
503    0.000451
504    0.000421
505    0.000325
506    0.000411
507    0.000269
508    0.000432
509    0.000525
510    0.000418
511    0.000450
512    0.000331
513    0.000461
514    0.000386
515    0.000502
516    0.000284
517    0.000372
518    0.000580
519    0.000366
520    0.000489
521    0.000266
522    0.000275
523    0.000398
524    0.000307
525    0.000331
526    0.000302
527    0.000441
528    0.000403
529    0.000396
530    0.000385
531    0.000350
532    0.000378
533    0.000349
534    0.000449
535    0.000260
536    0.000368
537    0.000369
538    0.000401
539    0.000393
540    0.000351
541    0.000295
542    0.000303
543    0.000269
544    0.000329
545    0.000309
546    0.000275
547    0.000387
548    0.000507
549    0.000253
550    0.000247
551    0.000293
552    0.000337
553    0.000452
554    0.000281
555    0.000456
556    0.000374
557    0.000323
558    0.000360
559    0.000248
560    0.000370
561    0.000468
562    0.000323
563    0.000390
564    0.000314
565    0.000367
566    0.000340
567    0.000310
568    0.000392
569    0.000286
570    0.000429
571    0.000328
572    0.000263
573    0.000347
574    0.000385
575    0.000263
576    0.000354
577    0.000353
578    0.000252
579    0.000192
580    0.000174
581    0.000367
582    0.000303
583    0.000311
584    0.000331
585    0.000185
586    0.000416
587    0.000301
588    0.000315
589    0.000311
590    0.000294
591    0.000215
592    0.000269
593    0.000198
594    0.000359
595    0.000232
596    0.000248
597    0.000302
598    0.000211
599    0.000475
600    0.000277
601    0.000312
602    0.000286
603    0.000235
604    0.000293
605    0.000217
606    0.000309
607    0.000242
608    0.000302
609    0.000396
610    0.000246
611    0.000402
612    0.000433
613    0.000439
614    0.000363
615    0.000290
616    0.000356
617    0.000219
618    0.000300
619    0.000386
620    0.000402
621    0.000353
622    0.000343
623    0.000327
624    0.000296
625    0.000341
626    0.000177
627    0.000455
628    0.000264
629    0.000257
630    0.000311
631    0.000250
632    0.000338
633    0.000191
634    0.000425
635    0.000333
636    0.000309
637    0.000371
638    0.000377
639    0.000177
640    0.000278
641    0.000377
642    0.000359
643    0.000274
644    0.000339
645    0.000262
646    0.000227
647    0.000301
648    0.000276
649    0.000183
650    0.000271
651    0.000266
652    0.000376
653    0.000361
654    0.000229
655    0.000314
656    0.000334
657    0.000234
658    0.000188
659    0.000381
660    0.000384
661    0.000293
662    0.000243
663    0.000257
664    0.000287
665    0.000351
666    0.000337
667    0.000368
668    0.000195
669    0.000266
670    0.000189
671    0.000253
672    0.000248
673    0.000299
674    0.000389
675    0.000323
676    0.000256
677    0.000309
678    0.000269
679    0.000317
680    0.000424
681    0.000334
682    0.000382
683    0.000267
684    0.000246
685    0.000151
686    0.000255
687    0.000333
688    0.000242
689    0.000226
690    0.000288
691    0.000274
692    0.000242
693    0.000285
694    0.000466
695    0.000291
696    0.000178
697    0.000337
698    0.000324
699    0.000374
700    0.000284
701    0.000233
702    0.000340
703    0.000260
704    0.000283
705    0.000277
706    0.000204
707    0.000260
708    0.000168
709    0.000321
710    0.000145
711    0.000295
712    0.000303
713    0.000275
714    0.000254
715    0.000288
716    0.000252
717    0.000393
718    0.000235
719    0.000235
720    0.000226
721    0.000238
722    0.000231
723    0.000186
724    0.000501
725    0.000383
726    0.000303
727    0.000315
728    0.000292
729    0.000183
730    0.000270
731    0.000287
732    0.000272
733    0.000305
734    0.000254
735    0.000371
736    0.000348
737    0.000324
738    0.000185
739    0.000252
740    0.000265
741    0.000284
742    0.000213
743    0.000229
744    0.000290
745    0.000366
746    0.000431
747    0.000335
748    0.000286
749    0.000244
750    0.000239
751    0.000225
752    0.000214
753    0.000196
754    0.000236
755    0.000366
756    0.000276
757    0.000202
758    0.000186
759    0.000307
760    0.000188
761    0.000315
762    0.000270
763    0.000244
764    0.000246
765    0.000304
766    0.000246
767    0.000278
768    0.000136
769    0.000116
770    0.000236
771    0.000234
772    0.000312
773    0.000167
774    0.000317
775    0.000181
776    0.000336
777    0.000283
778    0.000313
779    0.000196
780    0.000202
781    0.000233
782    0.000227
783    0.000321
784    0.000189
785    0.000311
786    0.000391
787    0.000457
788    0.000191
789    0.000283
790    0.000248
791    0.000350
792    0.000318
793    0.000208
794    0.000347
795    0.000276
796    0.000180
797    0.000213
798    0.000309
799    0.000178
800    0.000248
801    0.000346
802    0.000147
803    0.000088
804    0.000138
805    0.000151
806    0.000251
807    0.000197
808    0.000092
809    0.000102
810    0.000108
811    0.000209
812    0.000141
813    0.000222
814    0.000211
815    0.000114
816    0.000224
817    0.000131
818    0.000073
819    0.000177
820    0.000183
821    0.000273
822    0.000124
823    0.000301
824    0.000474
825    0.000375
