  1    0.049756
  2    0.034244
  3    0.040966
  4    0.028710
  5    0.041688
  6    0.040411
  7    0.017353
  8    0.002942
  9    0.011323
 10    0.011584
 11    0.004243
 12    0.013321
 13    0.023272
 14    0.009458
 15    0.009349
 16    0.004589
 17    0.006210
 18    0.006113
 19    0.010886
 20    0.006198
 21    0.004665
 22    0.011729
 23    0.004609
 24    0.004198
 25    0.008271
 26    0.006001
 27    0.009550
 28    0.005525
 29    0.006253
 30    0.005149
 31    0.006716
 32    0.006131
 33    0.005564
 34    0.004589
 35    0.008130
 36    0.003360
 37    0.002917
 38    0.002692
 39    0.004318
 40    0.006349
 41    0.004917
 42    0.004253
 43    0.004386
 44    0.003821
 45    0.002885
 46    0.005360
 47    0.004198
 48    0.003517
 49    0.002237
 50    0.001993
 51    0.002757
 52    0.001549
 53    0.002344
 54    0.001821
 55    0.001583
 56    0.001266
 57    0.002646
 58    0.004602
 59    0.001837
 60    0.002034
 61    0.001834
 62    0.001840
 63    0.001807
 64    0.001819
 65    0.002192
 66    0.003568
 67    0.001634
 68    0.001822
 69    0.001348
 70    0.001173
 71    0.002373
 72    0.001234
 73    0.001152
 74    0.001238
 75    0.001294
 76    0.000704
 77    0.001706
 78    0.000740
 79    0.001116
 80    0.002837
 81    0.000990
 82    0.001102
 83    0.001070
 84    0.001642
 85    0.001536
 86    0.001447
 87    0.002102
 88    0.002012
 89    0.001670
 90    0.000883
 91    0.002002
 92    0.000788
 93    0.001514
 94    0.000896
 95    0.001226
 96    0.002196
 97    0.001097
 98    0.001519
 99    0.001456
100    0.001369
101    0.001617
102    0.002179
103    0.002051
104    0.001140
105    0.000836
106    0.000937
107    0.001503
108    0.000713
109    0.001337
110    0.000293
111    0.001026
112    0.001499
113    0.001354
114    0.001482
115    0.001228
116    0.000869
117    0.000925
118    0.001684
119    0.002449
120    0.000708
121    0.001504
122    0.001105
123    0.001567
124    0.001152
125    0.002253
126    0.000880
127    0.002305
128    0.000948
129    0.001179
130    0.001336
131    0.002759
132    0.001188
133    0.001173
134    0.000807
135    0.000522
136    0.001103
137    0.001156
138    0.001291
139    0.002289
140    0.000977
141    0.001333
142    0.001134
143    0.002031
144    0.001084
145    0.001161
146    0.001100
147    0.001221
148    0.000554
149    0.000999
150    0.001012
151    0.000915
152    0.000667
153    0.001101
154    0.000701
155    0.000963
156    0.000913
157    0.000631
158    0.000654
159    0.000646
160    0.001304
161    0.001579
162    0.001173
163    0.001151
164    0.000916
165    0.000644
166    0.001439
167    0.000921
168    0.000459
169    0.001294
170    0.000855
171    0.000920
172    0.000648
173    0.000736
174    0.001270
175    0.000657
176    0.000699
177    0.000549
178    0.000870
179    0.000877
180    0.000992
181    0.000962
182    0.000360
183    0.001001
184    0.000644
185    0.000980
186    0.001106
187    0.001241
188    0.000383
189    0.000495
190    0.001134
191    0.000488
192    0.000318
193    0.000594
194    0.000871
195    0.000755
196    0.000655
197    0.001444
198    0.000686
199    0.000502
200    0.001353
201    0.001048
202    0.000621
203    0.000524
204    0.001820
205    0.000580
206    0.001003
207    0.001057
208    0.000813
209    0.000548
210    0.000499
211    0.000544
212    0.000524
213    0.000720
214    0.000588
215    0.000216
216    0.000979
217    0.001288
218    0.000699
219    0.001168
220    0.000566
221    0.000504
222    0.000928
223    0.000496
224    0.000645
225    0.000564
226    0.001274
227    0.001116
228    0.000551
229    0.000627
230    0.000680
231    0.000596
232    0.000612
233    0.001085
234    0.000629
235    0.001303
236    0.000509
237    0.001062
238    0.000774
239    0.001190
240    0.001349
241    0.000673
242    0.000771
243    0.000595
244    0.000643
245    0.000776
246    0.000450
247    0.000928
248    0.001207
249    0.000780
250    0.000855
251    0.000715
252    0.000826
253    0.001309
254    0.000807
255    0.001158
256    0.001040
257    0.000783
258    0.000827
259    0.000802
260    0.001127
261    0.001088
262    0.000719
263    0.000611
264    0.000791
265    0.000447
266    0.000429
267    0.001080
268    0.000706
269    0.000580
270    0.000738
271    0.000359
272    0.001113
273    0.000453
274    0.000367
275    0.000681
276    0.000364
277    0.001038
278    0.000609
279    0.000825
280    0.000441
281    0.000314
282    0.000860
283    0.000582
284    0.000625
285    0.000679
286    0.000791
287    0.000546
288    0.000807
289    0.000774
290    0.001058
291    0.000827
292    0.000536
293    0.000587
294    0.000651
295    0.000783
296    0.000793
297    0.000758
298    0.000478
299    0.000551
300    0.000328
301    0.000587
302    0.000417
303    0.000225
304    0.000525
305    0.000400
306    0.000389
307    0.000428
308    0.000458
309    0.000428
310    0.000347
311    0.001048
312    0.000319
313    0.000626
314    0.000780
315    0.000943
316    0.000464
317    0.000557
318    0.000417
319    0.000364
320    0.000803
321    0.000548
322    0.000569
323    0.000590
324    0.000631
325    0.000909
326    0.000561
327    0.000170
328    0.000688
329    0.000372
330    0.000487
331    0.000363
332    0.000573
333    0.000380
334    0.000478
335    0.000278
336    0.000595
337    0.000485
338    0.000646
339    0.000430
340    0.000373
341    0.000325
342    0.000448
343    0.000323
344    0.000221
345    0.000857
346    0.000265
347    0.000219
348    0.000461
349    0.000458
350    0.000735
351    0.000602
352    0.000516
353    0.000443
354    0.000262
355    0.000457
356    0.000564
357    0.000741
358    0.000953
359    0.000454
360    0.000382
361    0.000693
362    0.000945
363    0.000324
364    0.000435
365    0.000599
366    0.000428
367    0.000358
368    0.000370
369    0.000471
370    0.001004
371    0.000940
372    0.000741
373    0.000665
374    0.000679
375    0.000221
376    0.000492
377    0.000851
378    0.000609
379    0.000239
380    0.000425
381    0.000740
382    0.000412
383    0.000480
384    0.000960
385    0.000259
386    0.000679
387    0.000313
388    0.000542
389    0.000567
390    0.000635
391    0.000383
392    0.001274
393    0.000373
394    0.000671
395    0.000430
396    0.000321
397    0.000513
398    0.000588
399    0.000481
400    0.000327
401    0.000508
402    0.000399
403    0.000486
404    0.000799
405    0.000463
406    0.000495
407    0.000420
408    0.000467
409    0.000561
410    0.000423
411    0.000582
412    0.000633
413    0.000894
414    0.000331
415    0.000597
416    0.000336
417    0.000611
418    0.000306
419    0.000472
420    0.000407
421    0.000459
422    0.000137
423    0.000415
424    0.000716
425    0.000392
426    0.000564
427    0.000249
428    0.000414
429    0.000311
430    0.000448
431    0.000757
432    0.000667
433    0.000260
434    0.000737
435    0.000532
436    0.000611
437    0.000382
438    0.000539
439    0.000193
440    0.000585
441    0.000553
442    0.000660
443    0.000437
444    0.000705
445    0.000219
446    0.000349
447    0.000470
448    0.000615
449    0.000849
450    0.000532
451    0.000606
452    0.000590
453    0.000712
454    0.000372
455    0.000437
456    0.000741
457    0.000809
458    0.000625
459    0.000378
460    0.000526
461    0.000320
462    0.000419
463    0.000270
464    0.000407
465    0.000306
466    0.000491
467    0.000666
468    0.000417
469    0.000455
470    0.000568
471    0.000578
472    0.000366
473    0.000755
474    0.000459
475    0.000439
476    0.000416
477    0.000283
478    0.000597
479    0.000487
480    0.000249
481    0.000527
482    0.000351
483    0.000323
484    0.000289
485    0.000312
486    0.000475
487    0.000538
488    0.000643
489    0.000339
490    0.000337
491    0.000394
492    0.000339
493    0.000298
494    0.000448
495    0.000435
496    0.000442
497    0.000441
498    0.000505
499    0.000292
500    0.000528
501    0.000540
502    0.000296
503    0.000393
504    0.000550
505    0.000462
506    0.000437
507    0.000567
508    0.000371
509    0.000528
510    0.000687
511    0.000525
512    0.000285
513    0.000438
514    0.000263
515    0.000370
516    0.000758
517    0.000381
518    0.000628
519    0.000412
520    0.000240
521    0.000335
522    0.000381
523    0.000360
524    0.000376
525    0.000490
526    0.000307
527    0.000228
528    0.000496
529    0.000411
530    0.000446
531    0.000293
532    0.000558
533    0.000520
534    0.000356
535    0.000153
536    0.000235
537    0.000317
538    0.000371
539    0.000371
540    0.000276
541    0.000539
542    0.000251
543    0.000141
544    0.000295
545    0.000284
546    0.000344
547    0.000565
548    0.000479
549    0.000200
550    0.000333
551    0.000667
552    0.000313
553    0.000366
554    0.000220
555    0.000395
556    0.000252
557    0.000543
558    0.000389
559    0.000496
560    0.000217
561    0.000406
562    0.000275
563    0.000293
564    0.000285
565    0.000346
566    0.000457
567    0.000364
568    0.000399
569    0.000331
570    0.000303
571    0.000394
572    0.000393
573    0.000455
574    0.000346
575    0.000344
576    0.000193
577    0.000402
578    0.000369
579    0.000443
580    0.000423
581    0.000299
582    0.000171
583    0.000247
584    0.000270
585    0.000212
586    0.000357
587    0.000205
588    0.000280
589    0.000408
590    0.000408
591    0.000192
592    0.000274
593    0.000405
594    0.000156
595    0.000300
596    0.000254
597    0.000667
598    0.000196
599    0.000188
600    0.000297
601    0.000328
602    0.000264
603    0.000321
604    0.000172
605    0.000340
606    0.000253
607    0.000384
608    0.000184
609    0.000534
610    0.000297
611    0.000393
612    0.000472
613    0.000337
614    0.000446
615    0.000341
616    0.000195
617    0.000437
618    0.000138
619    0.000327
620    0.000436
621    0.000323
622    0.000519
623    0.000351
624    0.000333
625    0.000288
626    0.000317
627    0.000266
628    0.000378
629    0.000306
630    0.000212
631    0.000139
632    0.000412
633    0.000341
634    0.000452
635    0.000427
636    0.000340
637    0.000512
638    0.000262
639    0.000127
640    0.000382
641    0.000365
642    0.000299
643    0.000287
644    0.000175
645    0.000285
646    0.000327
647    0.000242
648    0.000482
649    0.000321
650    0.000335
651    0.000388
652    0.000277
653    0.000308
654    0.000351
655    0.000354
656    0.000372
657    0.000114
658    0.000236
659    0.000226
660    0.000438
661    0.000361
662    0.000348
663    0.000335
664    0.000286
665    0.000339
666    0.000404
667    0.000302
668    0.000149
669    0.000168
670    0.000315
671    0.000208
672    0.000262
673    0.000258
674    0.000264
675    0.000273
676    0.000254
677    0.000507
678    0.000345
679    0.000267
680    0.000203
681    0.000221
682    0.000355
683    0.000250
684    0.000150
685    0.000315
686    0.000395
687    0.000266
688    0.000263
689    0.000276
690    0.000380
691    0.000373
692    0.000331
693    0.000396
694    0.000281
695    0.000419
696    0.000346
697    0.000132
698    0.000425
699    0.000331
700    0.000288
701    0.000166
702    0.000256
703    0.000266
704    0.000405
705    0.000244
706    0.000431
707    0.000345
708    0.000235
709    0.000246
710    0.000215
711    0.000157
712    0.000328
713    0.000355
714    0.000297
715    0.000327
716    0.000237
717    0.000161
718    0.000324
719    0.000247
720    0.000531
721    0.000283
722    0.000280
723    0.000248
724    0.000601
725    0.000415
726    0.000170
727    0.000217
728    0.000372
729    0.000395
730    0.000372
731    0.000357
732    0.000291
733    0.000255
734    0.000369
735    0.000123
736    0.000419
737    0.000433
738    0.000363
739    0.000199
740    0.000500
741    0.000380
742    0.000545
743    0.000315
744    0.000294
745    0.000229
746    0.000469
747    0.000319
748    0.000265
749    0.000153
750    0.000252
751    0.000259
752    0.000330
753    0.000235
754    0.000437
755    0.000289
756    0.000299
757    0.000396
758    0.000256
759    0.000169
760    0.000203
761    0.000141
762    0.000299
763    0.000319
764    0.000274
765    0.000302
766    0.000384
767    0.000217
768    0.000073
769    0.000232
770    0.000215
771    0.000144
772    0.000115
773    0.000443
774    0.000207
775    0.000382
776    0.000247
777    0.000302
778    0.000386
779    0.000163
780    0.000419
781    0.000218
782    0.000266
783    0.000396
784    0.000336
785    0.000197
786    0.000199
787    0.000324
788    0.000202
789    0.000196
790    0.000194
791    0.000516
792    0.000271
793    0.000618
794    0.000309
795    0.000418
796    0.000190
797    0.000222
798    0.000298
799    0.000074
800    0.000148
801    0.000384
802    0.000500
803    0.000209
804    0.000220
805    0.000333
806    0.000219
807    0.000127
808    0.000326
809    0.000035
810    0.000048
811    0.000148
812    0.000151
813    0.000097
814    0.000134
815    0.000296
816    0.000097
817    0.000003
818    0.000062
819    0.000177
820    0.000241
821    0.000373
822    0.000255
823    0.000428
824    0.000769
825    0.000540
