  1    0.087652
  2    0.028489
  3    0.078165
  4    0.028315
  5    0.015719
  6    0.029419
  7    0.024985
  8    0.017748
  9    0.010612
 10    0.008231
 11    0.014183
 12    0.006917
 13    0.004249
 14    0.001950
 15    0.009733
 16    0.019062
 17    0.003611
 18    0.013763
 19    0.004745
 20    0.002339
 21    0.004306
 22    0.003625
 23    0.007318
 24    0.004032
 25    0.008936
 26    0.009586
 27    0.007440
 28    0.008567
 29    0.007556
 30    0.003173
 31    0.004885
 32    0.005053
 33    0.003926
 34    0.004845
 35    0.005566
 36    0.006034
 37    0.004793
 38    0.004165
 39    0.003146
 40    0.001655
 41    0.005340
 42    0.003451
 43    0.004058
 44    0.004487
 45    0.002407
 46    0.004414
 47    0.002465
 48    0.003222
 49    0.003014
 50    0.005140
 51    0.003481
 52    0.002666
 53    0.003286
 54    0.003036
 55    0.002617
 56    0.001876
 57    0.002338
 58    0.001124
 59    0.002149
 60    0.001437
 61    0.002100
 62    0.000584
 63    0.001126
 64    0.001783
 65    0.001702
 66    0.004900
 67    0.001754
 68    0.002287
 69    0.001198
 70    0.000582
 71    0.002757
 72    0.001844
 73    0.002271
 74    0.001871
 75    0.001581
 76    0.001575
 77    0.001246
 78    0.003402
 79    0.001331
 80    0.000928
 81    0.001004
 82    0.001835
 83    0.001379
 84    0.002257
 85    0.002201
 86    0.000943
 87    0.001983
 88    0.002275
 89    0.000983
 90    0.001275
 91    0.001747
 92    0.001428
 93    0.000690
 94    0.002413
 95    0.001019
 96    0.001236
 97    0.001798
 98    0.001382
 99    0.001020
100    0.001198
101    0.000838
102    0.000330
103    0.001206
104    0.001613
105    0.002326
106    0.002340
107    0.000892
108    0.001833
109    0.002073
110    0.000401
111    0.001781
112    0.000907
113    0.000923
114    0.001658
115    0.001807
116    0.002102
117    0.000759
118    0.001481
119    0.002068
120    0.001028
121    0.000713
122    0.002393
123    0.000639
124    0.001709
125    0.001437
126    0.001071
127    0.001092
128    0.001625
129    0.001524
130    0.002069
131    0.000854
132    0.000913
133    0.000974
134    0.002235
135    0.001906
136    0.000562
137    0.001569
138    0.001037
139    0.001554
140    0.001100
141    0.000907
142    0.000777
143    0.001797
144    0.000890
145    0.000841
146    0.000670
147    0.000826
148    0.000279
149    0.000888
150    0.000769
151    0.001583
152    0.000749
153    0.001899
154    0.000729
155    0.001419
156    0.000746
157    0.000663
158    0.001439
159    0.001175
160    0.000999
161    0.000952
162    0.001429
163    0.001319
164    0.001500
165    0.001300
166    0.001210
167    0.000343
168    0.000567
169    0.001002
170    0.000933
171    0.000620
172    0.000348
173    0.000448
174    0.001183
175    0.001341
176    0.000880
177    0.000929
178    0.001279
179    0.001055
180    0.000666
181    0.000814
182    0.000789
183    0.000488
184    0.000433
185    0.000363
186    0.001029
187    0.001002
188    0.000942
189    0.001441
190    0.000288
191    0.001155
192    0.001173
193    0.000595
194    0.001052
195    0.000598
196    0.000342
197    0.000402
198    0.000762
199    0.000456
200    0.000627
201    0.000386
202    0.000786
203    0.000599
204    0.001000
205    0.000349
206    0.000905
207    0.000212
208    0.000730
209    0.000668
210    0.000558
211    0.000851
212    0.000732
213    0.000615
214    0.000597
215    0.000488
216    0.000744
217    0.001750
218    0.000738
219    0.000822
220    0.000385
221    0.000776
222    0.000740
223    0.000804
224    0.000799
225    0.000352
226    0.000397
227    0.000659
228    0.000301
229    0.000371
230    0.000254
231    0.000647
232    0.000924
233    0.000577
234    0.000856
235    0.000833
236    0.000917
237    0.000204
238    0.001050
239    0.000755
240    0.000595
241    0.000570
242    0.000718
243    0.000517
244    0.001328
245    0.001449
246    0.000221
247    0.000795
248    0.000338
249    0.000866
250    0.000961
251    0.000660
252    0.000497
253    0.000660
254    0.000372
255    0.000471
256    0.000747
257    0.000673
258    0.000410
259    0.000773
260    0.000745
261    0.000489
262    0.000758
263    0.000698
264    0.000207
265    0.000905
266    0.000898
267    0.000612
268    0.000643
269    0.000599
270    0.000608
271    0.000766
272    0.000495
273    0.000681
274    0.000455
275    0.000712
276    0.000571
277    0.000536
278    0.000169
279    0.000640
280    0.000722
281    0.000343
282    0.000451
283    0.000378
284    0.000352
285    0.000380
286    0.000603
287    0.000512
288    0.000679
289    0.000096
290    0.000833
291    0.000343
292    0.000318
293    0.000450
294    0.000989
295    0.000791
296    0.000286
297    0.000435
298    0.000309
299    0.000495
300    0.000451
301    0.000273
302    0.000604
303    0.000515
304    0.000504
305    0.000544
306    0.000155
307    0.000665
308    0.000737
309    0.000604
310    0.000443
311    0.000361
312    0.000266
313    0.001119
314    0.000468
315    0.000453
316    0.000519
317    0.000745
318    0.000519
319    0.000624
320    0.000511
321    0.000554
322    0.000350
323    0.000386
324    0.000613
325    0.000497
326    0.000402
327    0.000833
328    0.000685
329    0.000596
330    0.000323
331    0.000669
332    0.001191
333    0.000313
334    0.000490
335    0.000535
336    0.000637
337    0.000435
338    0.000552
339    0.000470
340    0.000488
341    0.001101
342    0.000709
343    0.000276
344    0.000248
345    0.000166
346    0.000571
347    0.000437
348    0.000367
349    0.000637
350    0.000600
351    0.000391
352    0.000451
353    0.000451
354    0.000681
355    0.000734
356    0.000634
357    0.000696
358    0.000271
359    0.000233
360    0.000278
361    0.000679
362    0.000606
363    0.000831
364    0.000602
365    0.000462
366    0.000644
367    0.000563
368    0.000783
369    0.000691
370    0.000647
371    0.000593
372    0.000430
373    0.000525
374    0.000593
375    0.000481
376    0.000523
377    0.000285
378    0.000442
379    0.000370
380    0.000524
381    0.000396
382    0.000452
383    0.000519
384    0.000604
385    0.000502
386    0.000447
387    0.000731
388    0.000945
389    0.000531
390    0.000467
391    0.000348
392    0.000523
393    0.000449
394    0.000332
395    0.000618
396    0.000360
397    0.000694
398    0.000360
399    0.000314
400    0.000576
401    0.000286
402    0.000289
403    0.000383
404    0.000652
405    0.000283
406    0.000398
407    0.000159
408    0.000389
409    0.000370
410    0.000438
411    0.000632
412    0.000136
413    0.000468
414    0.000421
415    0.000305
416    0.000688
417    0.000132
418    0.000423
419    0.000320
420    0.000496
421    0.000509
422    0.000429
423    0.000398
424    0.000433
425    0.000501
426    0.000589
427    0.000282
428    0.000589
429    0.000349
430    0.000428
431    0.000323
432    0.000317
433    0.000733
434    0.000591
435    0.000870
436    0.000579
437    0.000470
438    0.000380
439    0.000599
440    0.000293
441    0.000274
442    0.000171
443    0.000578
444    0.000286
445    0.000644
446    0.000251
447    0.000378
448    0.000125
449    0.000304
450    0.000615
451    0.000727
452    0.000432
453    0.000312
454    0.000437
455    0.000419
456    0.000699
457    0.000526
458    0.000250
459    0.000482
460    0.000654
461    0.000334
462    0.000622
463    0.000202
464    0.000408
465    0.000874
466    0.000512
467    0.000265
468    0.000335
469    0.000223
470    0.000483
471    0.000561
472    0.000551
473    0.000529
474    0.000431
475    0.000494
476    0.000596
477    0.000207
478    0.000527
479    0.000300
480    0.000412
481    0.000549
482    0.000540
483    0.000409
484    0.000312
485    0.000284
486    0.000224
487    0.000566
488    0.000329
489    0.000596
490    0.000422
491    0.000358
492    0.000236
493    0.000295
494    0.000394
495    0.000277
496    0.000374
497    0.000146
498    0.000450
499    0.000402
500    0.000258
501    0.000543
502    0.000239
503    0.000347
504    0.000591
505    0.000355
506    0.000350
507    0.000174
508    0.000199
509    0.000699
510    0.000447
511    0.000331
512    0.000478
513    0.000524
514    0.000273
515    0.000473
516    0.000267
517    0.000397
518    0.000318
519    0.000370
520    0.000321
521    0.000364
522    0.000260
523    0.000333
524    0.000185
525    0.000326
526    0.000330
527    0.000332
528    0.000500
529    0.000367
530    0.000180
531    0.000320
532    0.000361
533    0.000320
534    0.000276
535    0.000169
536    0.000239
537    0.000328
538    0.000340
539    0.000382
540    0.000254
541    0.000189
542    0.000474
543    0.000310
544    0.000478
545    0.000585
546    0.000535
547    0.000330
548    0.000206
549    0.000212
550    0.000312
551    0.000360
552    0.000332
553    0.000260
554    0.000354
555    0.000238
556    0.000341
557    0.000333
558    0.000186
559    0.000223
560    0.000311
561    0.000128
562    0.000178
563    0.000211
564    0.000425
565    0.000537
566    0.000220
567    0.000226
568    0.000212
569    0.000293
570    0.000128
571    0.000366
572    0.000190
573    0.000157
574    0.000362
575    0.000122
576    0.000247
577    0.000322
578    0.000254
579    0.000527
580    0.000330
581    0.000177
582    0.000196
583    0.000245
584    0.000293
585    0.000126
586    0.000187
587    0.000243
588    0.000167
589    0.000194
590    0.000178
591    0.000172
592    0.000367
593    0.000182
594    0.000178
595    0.000315
596    0.000231
597    0.000259
598    0.000173
599    0.000277
600    0.000311
601    0.000288
602    0.000346
603    0.000169
604    0.000281
605    0.000243
606    0.000299
607    0.000214
608    0.000204
609    0.000337
610    0.000196
611    0.000274
612    0.000087
613    0.000210
614    0.000167
615    0.000151
616    0.000206
617    0.000240
618    0.000248
619    0.000109
620    0.000247
621    0.000269
622    0.000177
623    0.000226
624    0.000284
625    0.000205
626    0.000204
627    0.000373
628    0.000210
629    0.000212
630    0.000238
631    0.000279
632    0.000244
633    0.000172
634    0.000451
635    0.000281
636    0.000232
637    0.000196
638    0.000373
639    0.000214
640    0.000224
641    0.000225
642    0.000210
643    0.000339
644    0.000154
645    0.000327
646    0.000195
647    0.000141
648    0.000349
649    0.000225
650    0.000164
651    0.000128
652    0.000178
653    0.000193
654    0.000183
655    0.000214
656    0.000213
657    0.000240
658    0.000264
659    0.000268
660    0.000380
661    0.000193
662    0.000214
663    0.000206
664    0.000325
665    0.000394
666    0.000236
667    0.000247
668    0.000487
669    0.000377
670    0.000159
671    0.000271
672    0.000152
673    0.000276
674    0.000333
675    0.000164
676    0.000221
677    0.000304
678    0.000346
679    0.000325
680    0.000224
681    0.000316
682    0.000221
683    0.000471
684    0.000224
685    0.000506
686    0.000378
687    0.000249
688    0.000341
689    0.000428
690    0.000294
691    0.000278
692    0.000508
693    0.000256
694    0.000262
695    0.000371
696    0.000122
697    0.000219
698    0.000327
699    0.000547
700    0.000268
701    0.000143
702    0.000259
703    0.000314
704    0.000167
705    0.000156
706    0.000162
707    0.000311
708    0.000140
709    0.000177
710    0.000132
711    0.000468
712    0.000421
713    0.000182
714    0.000255
715    0.000241
716    0.000346
717    0.000222
718    0.000282
719    0.000202
720    0.000269
721    0.000298
722    0.000277
723    0.000352
724    0.000358
725    0.000216
726    0.000299
727    0.000419
728    0.000415
729    0.000123
730    0.000341
731    0.000189
732    0.000267
733    0.000245
734    0.000414
735    0.000212
736    0.000253
737    0.000293
738    0.000362
739    0.000278
740    0.000249
741    0.000289
742    0.000227
743    0.000185
744    0.000139
745    0.000241
746    0.000208
747    0.000212
748    0.000327
749    0.000551
750    0.000093
751    0.000085
752    0.000185
753    0.000328
754    0.000268
755    0.000204
756    0.000223
757    0.000158
758    0.000139
759    0.000170
760    0.000136
761    0.000137
762    0.000153
763    0.000207
764    0.000257
765    0.000170
766    0.000191
767    0.000105
768    0.000166
769    0.000146
770    0.000144
771    0.000227
772    0.000224
773    0.000149
774    0.000194
775    0.000255
776    0.000167
777    0.000575
778    0.000158
779    0.000288
780    0.000145
781    0.000220
782    0.000128
783    0.000119
784    0.000173
785    0.000393
786    0.000169
787    0.000316
788    0.000114
789    0.000264
790    0.000259
791    0.000406
792    0.000302
793    0.000262
794    0.000183
795    0.000306
796    0.000284
797    0.000289
798    0.000330
799    0.000118
800    0.000117
801    0.000131
802    0.000175
803    0.000107
804    0.000163
805    0.000105
806    0.000105
807    0.000307
808    0.000151
809    0.000162
810    0.000229
811    0.000138
812    0.000162
813    0.000164
814    0.000069
815    0.000071
816    0.000319
817    0.000561
818    0.000115
819    0.000297
820    0.000197
821    0.000239
822    0.000295
823    0.000212
824    0.000309
825    0.000583
