  1    0.123298
  2    0.063094
  3    0.036948
  4    0.004821
  5    0.027537
  6    0.031966
  7    0.030467
  8    0.012011
  9    0.012416
 10    0.013010
 11    0.012995
 12    0.003984
 13    0.005547
 14    0.007523
 15    0.003085
 16    0.007949
 17    0.009148
 18    0.008444
 19    0.013380
 20    0.009190
 21    0.003418
 22    0.004617
 23    0.004790
 24    0.010288
 25    0.006103
 26    0.005085
 27    0.005617
 28    0.008739
 29    0.002180
 30    0.003687
 31    0.006431
 32    0.002797
 33    0.001864
 34    0.001936
 35    0.003904
 36    0.003584
 37    0.007478
 38    0.003132
 39    0.003203
 40    0.003602
 41    0.006134
 42    0.002660
 43    0.001110
 44    0.002491
 45    0.003146
 46    0.003655
 47    0.004122
 48    0.002719
 49    0.002581
 50    0.002362
 51    0.002884
 52    0.001855
 53    0.002801
 54    0.000902
 55    0.002898
 56    0.001894
 57    0.003933
 58    0.002567
 59    0.003896
 60    0.000863
 61    0.002421
 62    0.000967
 63    0.004215
 64    0.002228
 65    0.001832
 66    0.000661
 67    0.001482
 68    0.002927
 69    0.000741
 70    0.001523
 71    0.001186
 72    0.001481
 73    0.001427
 74    0.002217
 75    0.000887
 76    0.001802
 77    0.001794
 78    0.001334
 79    0.001160
 80    0.001551
 81    0.000869
 82    0.000708
 83    0.002043
 84    0.001764
 85    0.001539
 86    0.002722
 87    0.001341
 88    0.001830
 89    0.001617
 90    0.001006
 91    0.001860
 92    0.001417
 93    0.001131
 94    0.001952
 95    0.001004
 96    0.001536
 97    0.003924
 98    0.000652
 99    0.001363
100    0.002261
101    0.001316
102    0.001323
103    0.001086
104    0.001282
105    0.001528
106    0.002421
107    0.000553
108    0.001090
109    0.002255
110    0.001708
111    0.001509
112    0.001127
113    0.000858
114    0.001775
115    0.000324
116    0.001607
117    0.000910
118    0.000770
119    0.002067
120    0.000805
121    0.000917
122    0.001145
123    0.001750
124    0.001239
125    0.002088
126    0.002088
127    0.000685
128    0.002010
129    0.001212
130    0.001191
131    0.001978
132    0.000827
133    0.000978
134    0.001330
135    0.002256
136    0.000777
137    0.000912
138    0.001743
139    0.001363
140    0.001311
141    0.001592
142    0.001045
143    0.001232
144    0.001578
145    0.001483
146    0.001159
147    0.000907
148    0.002653
149    0.001196
150    0.000687
151    0.000669
152    0.001406
153    0.000735
154    0.000947
155    0.000540
156    0.001829
157    0.000850
158    0.001041
159    0.001854
160    0.000934
161    0.000899
162    0.000559
163    0.001332
164    0.001417
165    0.001270
166    0.001041
167    0.000555
168    0.000535
169    0.000531
170    0.000656
171    0.000679
172    0.000942
173    0.000376
174    0.000802
175    0.000731
176    0.001088
177    0.000563
178    0.001100
179    0.000552
180    0.000661
181    0.000458
182    0.001214
183    0.001448
184    0.000630
185    0.000474
186    0.001041
187    0.000261
188    0.000899
189    0.000523
190    0.000530
191    0.000565
192    0.000461
193    0.000639
194    0.000422
195    0.000680
196    0.000828
197    0.001015
198    0.000946
199    0.000979
200    0.000506
201    0.001174
202    0.001303
203    0.000665
204    0.000717
205    0.000780
206    0.000465
207    0.001115
208    0.000559
209    0.000810
210    0.000622
211    0.000611
212    0.000589
213    0.000873
214    0.001061
215    0.000801
216    0.000552
217    0.000835
218    0.000391
219    0.000472
220    0.000821
221    0.000249
222    0.000729
223    0.000651
224    0.000908
225    0.000874
226    0.000506
227    0.001484
228    0.000571
229    0.000721
230    0.001324
231    0.000445
232    0.000444
233    0.000572
234    0.001100
235    0.000616
236    0.000909
237    0.001212
238    0.000625
239    0.000918
240    0.000946
241    0.000407
242    0.000741
243    0.001108
244    0.001181
245    0.001005
246    0.000554
247    0.000341
248    0.000937
249    0.001536
250    0.000494
251    0.000698
252    0.000806
253    0.000669
254    0.000812
255    0.001218
256    0.000474
257    0.000270
258    0.000402
259    0.000593
260    0.000524
261    0.000462
262    0.000470
263    0.000268
264    0.000433
265    0.000358
266    0.000381
267    0.000343
268    0.000594
269    0.000477
270    0.000582
271    0.000590
272    0.000505
273    0.000507
274    0.000374
275    0.000840
276    0.000395
277    0.000451
278    0.000323
279    0.000690
280    0.000286
281    0.000394
282    0.000193
283    0.000416
284    0.000291
285    0.000454
286    0.000308
287    0.000511
288    0.000502
289    0.000292
290    0.000625
291    0.000647
292    0.000592
293    0.000779
294    0.000368
295    0.000600
296    0.000320
297    0.000616
298    0.000278
299    0.000387
300    0.000290
301    0.000634
302    0.000268
303    0.000423
304    0.000278
305    0.000445
306    0.000630
307    0.000352
308    0.000242
309    0.000454
310    0.000467
311    0.000426
312    0.000201
313    0.000843
314    0.000870
315    0.000227
316    0.000217
317    0.000600
318    0.000560
319    0.000595
320    0.000347
321    0.000329
322    0.000190
323    0.000301
324    0.000658
325    0.000950
326    0.000588
327    0.000418
328    0.000261
329    0.000675
330    0.000815
331    0.000482
332    0.000518
333    0.000339
334    0.000438
335    0.000328
336    0.000556
337    0.000359
338    0.000346
339    0.000681
340    0.000129
341    0.000334
342    0.000543
343    0.000693
344    0.000415
345    0.000683
346    0.000650
347    0.000423
348    0.000372
349    0.000805
350    0.000278
351    0.000252
352    0.000734
353    0.000524
354    0.000299
355    0.000761
356    0.000667
357    0.000685
358    0.000631
359    0.000520
360    0.000321
361    0.000459
362    0.000875
363    0.000495
364    0.000483
365    0.000782
366    0.000533
367    0.000859
368    0.000628
369    0.000258
370    0.000580
371    0.000678
372    0.000657
373    0.000537
374    0.000341
375    0.000276
376    0.000330
377    0.000736
378    0.000554
379    0.000213
380    0.000647
381    0.000531
382    0.000522
383    0.000498
384    0.000246
385    0.000585
386    0.000378
387    0.000588
388    0.000213
389    0.000320
390    0.000823
391    0.000768
392    0.000710
393    0.000376
394    0.000424
395    0.000703
396    0.000520
397    0.000296
398    0.000505
399    0.001218
400    0.000484
401    0.000484
402    0.000724
403    0.000443
404    0.000741
405    0.000298
406    0.000323
407    0.000364
408    0.000685
409    0.000142
410    0.000342
411    0.000240
412    0.000507
413    0.000621
414    0.000882
415    0.000823
416    0.000279
417    0.000358
418    0.000197
419    0.000489
420    0.000322
421    0.000294
422    0.000735
423    0.000484
424    0.000278
425    0.001433
426    0.000350
427    0.000719
428    0.000241
429    0.000519
430    0.000171
431    0.000437
432    0.000856
433    0.000616
434    0.000618
435    0.000552
436    0.000380
437    0.000492
438    0.000372
439    0.000391
440    0.000350
441    0.000311
442    0.000365
443    0.000254
444    0.000837
445    0.000452
446    0.000222
447    0.000264
448    0.000442
449    0.000324
450    0.000596
451    0.000800
452    0.000561
453    0.000466
454    0.000514
455    0.000292
456    0.000449
457    0.000391
458    0.000299
459    0.000291
460    0.000355
461    0.000377
462    0.000454
463    0.000313
464    0.000320
465    0.000319
466    0.000340
467    0.000257
468    0.000320
469    0.000343
470    0.000292
471    0.000242
472    0.000407
473    0.000462
474    0.000489
475    0.000126
476    0.000226
477    0.000301
478    0.000260
479    0.000817
480    0.000145
481    0.000479
482    0.000530
483    0.000691
484    0.000305
485    0.000711
486    0.000335
487    0.000336
488    0.000148
489    0.000467
490    0.000429
491    0.000390
492    0.000351
493    0.000388
494    0.000509
495    0.000533
496    0.000175
497    0.000400
498    0.000555
499    0.000389
500    0.000795
501    0.000434
502    0.000297
503    0.000217
504    0.000448
505    0.000188
506    0.000448
507    0.000185
508    0.000272
509    0.000626
510    0.000580
511    0.000225
512    0.000281
513    0.000377
514    0.000364
515    0.000321
516    0.000255
517    0.000145
518    0.000523
519    0.000190
520    0.000354
521    0.000167
522    0.000513
523    0.000299
524    0.000343
525    0.000255
526    0.000249
527    0.000210
528    0.000244
529    0.000464
530    0.000308
531    0.000515
532    0.000474
533    0.000242
534    0.000193
535    0.000583
536    0.000209
537    0.000319
538    0.000292
539    0.000256
540    0.000261
541    0.000272
542    0.000293
543    0.000309
544    0.000167
545    0.000341
546    0.000240
547    0.000305
548    0.000609
549    0.000201
550    0.000247
551    0.000246
552    0.000233
553    0.000429
554    0.000149
555    0.000174
556    0.000229
557    0.000240
558    0.000222
559    0.000222
560    0.000173
561    0.000324
562    0.000330
563    0.000211
564    0.000244
565    0.000225
566    0.000348
567    0.000173
568    0.000200
569    0.000123
570    0.000274
571    0.000341
572    0.000277
573    0.000236
574    0.000289
575    0.000189
576    0.000205
577    0.000115
578    0.000217
579    0.000276
580    0.000251
581    0.000211
582    0.000158
583    0.000297
584    0.000219
585    0.000316
586    0.000160
587    0.000259
588    0.000325
589    0.000182
590    0.000333
591    0.000285
592    0.000157
593    0.000330
594    0.000143
595    0.000123
596    0.000528
597    0.000138
598    0.000274
599    0.000351
600    0.000207
601    0.000225
602    0.000373
603    0.000169
604    0.000298
605    0.000286
606    0.000371
607    0.000246
608    0.000437
609    0.000242
610    0.000241
611    0.000403
612    0.000324
613    0.000356
614    0.000175
615    0.000317
616    0.000306
617    0.000334
618    0.000168
619    0.000267
620    0.000204
621    0.000077
622    0.000334
623    0.000348
624    0.000179
625    0.000279
626    0.000216
627    0.000192
628    0.000315
629    0.000238
630    0.000188
631    0.000143
632    0.000190
633    0.000392
634    0.000277
635    0.000413
636    0.000401
637    0.000101
638    0.000376
639    0.000204
640    0.000101
641    0.000225
642    0.000397
643    0.000273
644    0.000295
645    0.000193
646    0.000226
647    0.000167
648    0.000236
649    0.000224
650    0.000121
651    0.000209
652    0.000197
653    0.000324
654    0.000186
655    0.000241
656    0.000172
657    0.000182
658    0.000236
659    0.000366
660    0.000269
661    0.000242
662    0.000315
663    0.000277
664    0.000180
665    0.000121
666    0.000201
667    0.000256
668    0.000283
669    0.000103
670    0.000193
671    0.000216
672    0.000476
673    0.000277
674    0.000222
675    0.000314
676    0.000291
677    0.000302
678    0.000790
679    0.000416
680    0.000217
681    0.000335
682    0.000086
683    0.000223
684    0.000265
685    0.000254
686    0.000280
687    0.000410
688    0.000237
689    0.000313
690    0.000345
691    0.000279
692    0.000349
693    0.000236
694    0.000139
695    0.000171
696    0.000419
697    0.000365
698    0.000223
699    0.000212
700    0.000169
701    0.000139
702    0.000161
703    0.000256
704    0.000160
705    0.000342
706    0.000162
707    0.000182
708    0.000278
709    0.000248
710    0.000239
711    0.000291
712    0.000172
713    0.000225
714    0.000285
715    0.000130
716    0.000202
717    0.000210
718    0.000272
719    0.000371
720    0.000341
721    0.000242
722    0.000316
723    0.000215
724    0.000150
725    0.000345
726    0.000475
727    0.000155
728    0.000162
729    0.000136
730    0.000285
731    0.000063
732    0.000272
733    0.000203
734    0.000281
735    0.000295
736    0.000332
737    0.000216
738    0.000189
739    0.000191
740    0.000288
741    0.000265
742    0.000210
743    0.000309
744    0.000186
745    0.000286
746    0.000132
747    0.000226
748    0.000188
749    0.000433
750    0.000169
751    0.000313
752    0.000186
753    0.000245
754    0.000157
755    0.000202
756    0.000086
757    0.000160
758    0.000162
759    0.000131
760    0.000224
761    0.000402
762    0.000122
763    0.000163
764    0.000115
765    0.000205
766    0.000099
767    0.000178
768    0.000264
769    0.000126
770    0.000198
771    0.000077
772    0.000366
773    0.000311
774    0.000306
775    0.000094
776    0.000260
777    0.000250
778    0.000130
779    0.000255
780    0.000134
781    0.000227
782    0.000259
783    0.000155
784    0.000106
785    0.000150
786    0.000281
787    0.000476
788    0.000276
789    0.000128
790    0.000260
791    0.000022
792    0.000156
793    0.000171
794    0.000276
795    0.000173
796    0.000127
797    0.000039
798    0.000135
799    0.000077
800    0.000206
801    0.000121
802    0.000125
803    0.000101
804    0.000159
805    0.000155
806    0.000143
807    0.000138
808    0.000118
809    0.000043
810    0.000133
811    0.000197
812    0.000271
813    0.000147
814    0.000131
815    0.000262
816    0.000363
817    0.000036
818    0.000279
819    0.000385
820    0.000245
821    0.000215
822    0.000384
823    0.000199
824    0.000551
825    0.000088
