  1    0.110313
  2    0.035024
  3    0.083423
  4    0.030897
  5    0.031494
  6    0.016014
  7    0.021261
  8    0.047955
  9    0.014640
 10    0.010470
 11    0.008306
 12    0.004334
 13    0.010925
 14    0.005470
 15    0.012266
 16    0.010148
 17    0.006452
 18    0.003033
 19    0.007577
 20    0.004123
 21    0.002093
 22    0.005353
 23    0.002760
 24    0.004455
 25    0.006457
 26    0.008948
 27    0.003193
 28    0.003193
 29    0.002624
 30    0.005674
 31    0.002535
 32    0.006696
 33    0.005360
 34    0.003214
 35    0.004824
 36    0.005371
 37    0.003974
 38    0.005597
 39    0.005393
 40    0.004956
 41    0.002914
 42    0.001743
 43    0.002516
 44    0.002772
 45    0.003763
 46    0.004354
 47    0.002551
 48    0.004149
 49    0.002879
 50    0.002155
 51    0.002837
 52    0.003666
 53    0.002098
 54    0.002379
 55    0.002294
 56    0.002819
 57    0.000358
 58    0.002962
 59    0.001451
 60    0.003537
 61    0.001835
 62    0.001405
 63    0.002892
 64    0.001536
 65    0.001511
 66    0.001161
 67    0.000713
 68    0.001017
 69    0.002556
 70    0.001728
 71    0.001901
 72    0.000909
 73    0.000905
 74    0.001365
 75    0.000855
 76    0.001291
 77    0.002122
 78    0.000727
 79    0.000641
 80    0.003362
 81    0.001008
 82    0.002394
 83    0.001382
 84    0.003428
 85    0.001912
 86    0.002424
 87    0.001571
 88    0.000782
 89    0.002395
 90    0.000667
 91    0.001094
 92    0.001028
 93    0.001690
 94    0.001368
 95    0.001629
 96    0.001901
 97    0.001903
 98    0.000998
 99    0.001321
100    0.001039
101    0.001213
102    0.002228
103    0.001838
104    0.000711
105    0.000983
106    0.001050
107    0.000916
108    0.001137
109    0.002699
110    0.000778
111    0.001546
112    0.000895
113    0.001154
114    0.001457
115    0.001843
116    0.000737
117    0.001525
118    0.000933
119    0.000580
120    0.000678
121    0.001738
122    0.001605
123    0.001107
124    0.001987
125    0.000652
126    0.000604
127    0.001046
128    0.000779
129    0.000970
130    0.002044
131    0.000824
132    0.002131
133    0.001780
134    0.001997
135    0.001139
136    0.000820
137    0.001524
138    0.001275
139    0.000435
140    0.001328
141    0.000788
142    0.000881
143    0.000795
144    0.001670
145    0.000754
146    0.001249
147    0.000781
148    0.000955
149    0.000952
150    0.000716
151    0.001675
152    0.000542
153    0.000864
154    0.000872
155    0.001603
156    0.001017
157    0.001646
158    0.000589
159    0.000888
160    0.001331
161    0.000562
162    0.001147
163    0.001686
164    0.000675
165    0.000930
166    0.000646
167    0.001083
168    0.001306
169    0.001426
170    0.000876
171    0.000569
172    0.001093
173    0.000775
174    0.000636
175    0.000481
176    0.000394
177    0.001152
178    0.000440
179    0.000515
180    0.000569
181    0.000613
182    0.000923
183    0.000644
184    0.001199
185    0.000470
186    0.000652
187    0.000463
188    0.000331
189    0.000700
190    0.000285
191    0.000757
192    0.000582
193    0.000379
194    0.000627
195    0.000876
196    0.000857
197    0.000532
198    0.000563
199    0.000658
200    0.000522
201    0.000477
202    0.000476
203    0.000894
204    0.001187
205    0.000426
206    0.000683
207    0.000420
208    0.000489
209    0.000483
210    0.000857
211    0.000452
212    0.000342
213    0.000314
214    0.000964
215    0.000504
216    0.000619
217    0.000316
218    0.001054
219    0.000523
220    0.000673
221    0.000180
222    0.000590
223    0.000371
224    0.000488
225    0.000211
226    0.000680
227    0.000310
228    0.000620
229    0.000686
230    0.000541
231    0.000993
232    0.000530
233    0.001035
234    0.000526
235    0.000904
236    0.000821
237    0.000573
238    0.000587
239    0.000488
240    0.001132
241    0.000632
242    0.000848
243    0.000651
244    0.000501
245    0.000443
246    0.000381
247    0.000564
248    0.000566
249    0.000652
250    0.000617
251    0.000440
252    0.000459
253    0.000496
254    0.000377
255    0.001163
256    0.000486
257    0.000452
258    0.000688
259    0.000648
260    0.000429
261    0.000756
262    0.000456
263    0.000743
264    0.000332
265    0.000446
266    0.000369
267    0.000514
268    0.000673
269    0.000336
270    0.000389
271    0.000242
272    0.000492
273    0.000641
274    0.000519
275    0.000498
276    0.000804
277    0.000616
278    0.000453
279    0.000523
280    0.000589
281    0.000392
282    0.000745
283    0.000679
284    0.000367
285    0.000399
286    0.000471
287    0.000305
288    0.000624
289    0.000622
290    0.000408
291    0.000141
292    0.000543
293    0.000204
294    0.000456
295    0.000644
296    0.001114
297    0.000578
298    0.000354
299    0.000341
300    0.000349
301    0.001122
302    0.000331
303    0.000197
304    0.000297
305    0.000288
306    0.000538
307    0.000474
308    0.000412
309    0.000295
310    0.000613
311    0.001025
312    0.000427
313    0.000394
314    0.000341
315    0.000931
316    0.000458
317    0.000314
318    0.000430
319    0.000652
320    0.000366
321    0.000448
322    0.000550
323    0.000382
324    0.000399
325    0.000432
326    0.000437
327    0.000351
328    0.000274
329    0.000238
330    0.000292
331    0.000319
332    0.000764
333    0.000524
334    0.000446
335    0.000555
336    0.000372
337    0.000577
338    0.000187
339    0.000711
340    0.000456
341    0.000481
342    0.000596
343    0.000777
344    0.000205
345    0.000755
346    0.000779
347    0.000501
348    0.000248
349    0.000551
350    0.000395
351    0.000639
352    0.000571
353    0.000577
354    0.000367
355    0.000643
356    0.001092
357    0.000388
358    0.000590
359    0.000574
360    0.000304
361    0.000392
362    0.000361
363    0.001083
364    0.000339
365    0.000198
366    0.000252
367    0.000498
368    0.000551
369    0.000475
370    0.000296
371    0.000353
372    0.000380
373    0.000475
374    0.000485
375    0.000409
376    0.000435
377    0.000751
378    0.000369
379    0.000383
380    0.000500
381    0.000449
382    0.000259
383    0.000280
384    0.000681
385    0.000367
386    0.000546
387    0.000575
388    0.000709
389    0.000787
390    0.000497
391    0.000476
392    0.000226
393    0.000514
394    0.000444
395    0.000423
396    0.000738
397    0.000625
398    0.000349
399    0.000435
400    0.000509
401    0.000240
402    0.000308
403    0.000271
404    0.000529
405    0.000423
406    0.000363
407    0.000591
408    0.000385
409    0.000282
410    0.000315
411    0.000515
412    0.000157
413    0.000577
414    0.000190
415    0.000390
416    0.000740
417    0.000632
418    0.000425
419    0.000565
420    0.000848
421    0.000406
422    0.000300
423    0.000315
424    0.000326
425    0.000209
426    0.000220
427    0.000228
428    0.000220
429    0.000195
430    0.000162
431    0.000189
432    0.000418
433    0.000179
434    0.000236
435    0.000441
436    0.000439
437    0.000374
438    0.000238
439    0.000365
440    0.000523
441    0.000293
442    0.000243
443    0.000240
444    0.000204
445    0.000358
446    0.000536
447    0.000312
448    0.000288
449    0.000403
450    0.000346
451    0.000298
452    0.000371
453    0.000333
454    0.000363
455    0.000417
456    0.000413
457    0.000379
458    0.000279
459    0.000350
460    0.000309
461    0.000562
462    0.000518
463    0.000449
464    0.000274
465    0.000387
466    0.000188
467    0.000343
468    0.000402
469    0.000310
470    0.000213
471    0.000597
472    0.000510
473    0.000365
474    0.000373
475    0.000503
476    0.000234
477    0.000271
478    0.000397
479    0.000283
480    0.000299
481    0.000379
482    0.000128
483    0.000349
484    0.000596
485    0.000291
486    0.000507
487    0.000214
488    0.000335
489    0.000405
490    0.000293
491    0.000458
492    0.000209
493    0.000254
494    0.000340
495    0.000378
496    0.000269
497    0.000354
498    0.000423
499    0.000465
500    0.000528
501    0.000083
502    0.000193
503    0.000317
504    0.000391
505    0.000401
506    0.000242
507    0.000273
508    0.000331
509    0.000494
510    0.000219
511    0.000563
512    0.000528
513    0.000290
514    0.000273
515    0.000399
516    0.000362
517    0.000290
518    0.000217
519    0.000131
520    0.000356
521    0.000401
522    0.000219
523    0.000601
524    0.000221
525    0.000384
526    0.000498
527    0.000331
528    0.000200
529    0.000446
530    0.000471
531    0.000317
532    0.000239
533    0.000211
534    0.000698
535    0.000146
536    0.000401
537    0.000230
538    0.000397
539    0.000480
540    0.000264
541    0.000276
542    0.000319
543    0.000179
544    0.000304
545    0.000318
546    0.000386
547    0.000230
548    0.000169
549    0.000094
550    0.000355
551    0.000146
552    0.000267
553    0.000108
554    0.000179
555    0.000147
556    0.000252
557    0.000384
558    0.000216
559    0.000229
560    0.000217
561    0.000238
562    0.000177
563    0.000256
564    0.000342
565    0.000185
566    0.000230
567    0.000299
568    0.000169
569    0.000147
570    0.000227
571    0.000152
572    0.000117
573    0.000254
574    0.000161
575    0.000275
576    0.000220
577    0.000299
578    0.000269
579    0.000253
580    0.000276
581    0.000114
582    0.000279
583    0.000184
584    0.000292
585    0.000176
586    0.000182
587    0.000262
588    0.000073
589    0.000169
590    0.000267
591    0.000248
592    0.000139
593    0.000195
594    0.000185
595    0.000221
596    0.000093
597    0.000083
598    0.000081
599    0.000135
600    0.000166
601    0.000374
602    0.000146
603    0.000219
604    0.000151
605    0.000217
606    0.000188
607    0.000153
608    0.000157
609    0.000247
610    0.000178
611    0.000285
612    0.000256
613    0.000275
614    0.000140
615    0.000275
616    0.000211
617    0.000202
618    0.000093
619    0.000243
620    0.000244
621    0.000203
622    0.000353
623    0.000130
624    0.000144
625    0.000368
626    0.000091
627    0.000226
628    0.000185
629    0.000166
630    0.000311
631    0.000150
632    0.000178
633    0.000195
634    0.000154
635    0.000260
636    0.000124
637    0.000115
638    0.000293
639    0.000421
640    0.000207
641    0.000351
642    0.000265
643    0.000246
644    0.000216
645    0.000170
646    0.000256
647    0.000247
648    0.000193
649    0.000286
650    0.000223
651    0.000315
652    0.000188
653    0.000184
654    0.000180
655    0.000138
656    0.000245
657    0.000257
658    0.000230
659    0.000151
660    0.000283
661    0.000322
662    0.000173
663    0.000182
664    0.000250
665    0.000346
666    0.000287
667    0.000265
668    0.000246
669    0.000230
670    0.000399
671    0.000188
672    0.000233
673    0.000313
674    0.000339
675    0.000417
676    0.000280
677    0.000182
678    0.000214
679    0.000352
680    0.000121
681    0.000169
682    0.000262
683    0.000147
684    0.000275
685    0.000181
686    0.000220
687    0.000156
688    0.000246
689    0.000191
690    0.000257
691    0.000158
692    0.000212
693    0.000170
694    0.000164
695    0.000273
696    0.000354
697    0.000192
698    0.000196
699    0.000115
700    0.000193
701    0.000331
702    0.000161
703    0.000234
704    0.000153
705    0.000189
706    0.000218
707    0.000186
708    0.000217
709    0.000193
710    0.000159
711    0.000237
712    0.000073
713    0.000210
714    0.000236
715    0.000239
716    0.000198
717    0.000171
718    0.000198
719    0.000217
720    0.000134
721    0.000263
722    0.000235
723    0.000303
724    0.000120
725    0.000301
726    0.000266
727    0.000208
728    0.000142
729    0.000190
730    0.000233
731    0.000211
732    0.000307
733    0.000253
734    0.000231
735    0.000204
736    0.000408
737    0.000186
738    0.000293
739    0.000510
740    0.000311
741    0.000273
742    0.000383
743    0.000390
744    0.000177
745    0.000396
746    0.000071
747    0.000143
748    0.000203
749    0.000347
750    0.000169
751    0.000258
752    0.000307
753    0.000172
754    0.000469
755    0.000174
756    0.000188
757    0.000147
758    0.000067
759    0.000333
760    0.000193
761    0.000170
762    0.000207
763    0.000103
764    0.000121
765    0.000200
766    0.000189
767    0.000114
768    0.000211
769    0.000117
770    0.000191
771    0.000170
772    0.000073
773    0.000236
774    0.000327
775    0.000148
776    0.000231
777    0.000115
778    0.000097
779    0.000272
780    0.000198
781    0.000132
782    0.000124
783    0.000188
784    0.000243
785    0.000213
786    0.000128
787    0.000338
788    0.000132
789    0.000124
790    0.000172
791    0.000340
792    0.000309
793    0.000177
794    0.000236
795    0.000092
796    0.000229
797    0.000173
798    0.000121
799    0.000267
800    0.000152
801    0.000112
802    0.000088
803    0.000080
804    0.000173
805    0.000145
806    0.000257
807    0.000092
808    0.000056
809    0.000077
810    0.000100
811    0.000099
812    0.000085
813    0.000221
814    0.000085
815    0.000128
816    0.000059
817    0.000123
818    0.000412
819    0.000144
820    0.000485
821    0.000309
822    0.000416
823    0.000208
824    0.000161
825    0.000627
