  1    0.136574
  2    0.083095
  3    0.040747
  4    0.023168
  5    0.017727
  6    0.032954
  7    0.032586
  8    0.013949
  9    0.009118
 10    0.012380
 11    0.002945
 12    0.011266
 13    0.004046
 14    0.005865
 15    0.010563
 16    0.007428
 17    0.010993
 18    0.011203
 19    0.011810
 20    0.003077
 21    0.005211
 22    0.001575
 23    0.004870
 24    0.007002
 25    0.001818
 26    0.002310
 27    0.005333
 28    0.003573
 29    0.004951
 30    0.005879
 31    0.005960
 32    0.003889
 33    0.002383
 34    0.003137
 35    0.005037
 36    0.002377
 37    0.003946
 38    0.001226
 39    0.002851
 40    0.005886
 41    0.003458
 42    0.003015
 43    0.003023
 44    0.003574
 45    0.005770
 46    0.003085
 47    0.001533
 48    0.001947
 49    0.002970
 50    0.003904
 51    0.003849
 52    0.001704
 53    0.002612
 54    0.002550
 55    0.003769
 56    0.003613
 57    0.001087
 58    0.001081
 59    0.002957
 60    0.000336
 61    0.001286
 62    0.001393
 63    0.001533
 64    0.001776
 65    0.002506
 66    0.001416
 67    0.001345
 68    0.001672
 69    0.000810
 70    0.004072
 71    0.001093
 72    0.003360
 73    0.000797
 74    0.002535
 75    0.002545
 76    0.000685
 77    0.002326
 78    0.000969
 79    0.001017
 80    0.000827
 81    0.000800
 82    0.000809
 83    0.002012
 84    0.001606
 85    0.001652
 86    0.001937
 87    0.002181
 88    0.001032
 89    0.001250
 90    0.002262
 91    0.001583
 92    0.001147
 93    0.000968
 94    0.000634
 95    0.001187
 96    0.002302
 97    0.001135
 98    0.001747
 99    0.001289
100    0.001682
101    0.001886
102    0.001314
103    0.001332
104    0.001873
105    0.000381
106    0.000648
107    0.000909
108    0.000889
109    0.000905
110    0.001388
111    0.002310
112    0.000949
113    0.003076
114    0.000949
115    0.000866
116    0.000438
117    0.000895
118    0.001048
119    0.000690
120    0.001066
121    0.001220
122    0.001038
123    0.002075
124    0.001599
125    0.000843
126    0.000721
127    0.000847
128    0.001132
129    0.000946
130    0.000946
131    0.002228
132    0.001216
133    0.000649
134    0.001098
135    0.001943
136    0.001427
137    0.000756
138    0.000775
139    0.000436
140    0.000361
141    0.001820
142    0.000609
143    0.000392
144    0.001582
145    0.000601
146    0.000565
147    0.001109
148    0.000970
149    0.000707
150    0.001168
151    0.000346
152    0.000614
153    0.001476
154    0.001226
155    0.000366
156    0.000701
157    0.001058
158    0.000699
159    0.002114
160    0.000593
161    0.000811
162    0.000617
163    0.000627
164    0.000828
165    0.000680
166    0.000601
167    0.001187
168    0.000776
169    0.000433
170    0.000485
171    0.001001
172    0.001645
173    0.000896
174    0.000940
175    0.000728
176    0.001140
177    0.000830
178    0.000990
179    0.000286
180    0.000905
181    0.000457
182    0.000918
183    0.000581
184    0.001008
185    0.001008
186    0.000559
187    0.000819
188    0.000636
189    0.000695
190    0.000833
191    0.000770
192    0.000675
193    0.000453
194    0.000629
195    0.000533
196    0.000498
197    0.000787
198    0.000843
199    0.001035
200    0.000598
201    0.001017
202    0.001027
203    0.000711
204    0.000857
205    0.000608
206    0.000812
207    0.000859
208    0.000919
209    0.000673
210    0.000769
211    0.001241
212    0.000822
213    0.000906
214    0.000677
215    0.000718
216    0.000550
217    0.000709
218    0.000532
219    0.000803
220    0.000835
221    0.000469
222    0.000341
223    0.000651
224    0.000647
225    0.000678
226    0.000734
227    0.000867
228    0.001002
229    0.000627
230    0.000438
231    0.000551
232    0.000848
233    0.000513
234    0.000211
235    0.000380
236    0.000582
237    0.000463
238    0.001094
239    0.000669
240    0.000229
241    0.000408
242    0.000769
243    0.000624
244    0.000397
245    0.000410
246    0.000915
247    0.000827
248    0.001267
249    0.000567
250    0.000457
251    0.001283
252    0.000516
253    0.000448
254    0.000306
255    0.000595
256    0.000606
257    0.000724
258    0.000880
259    0.000317
260    0.000580
261    0.000439
262    0.000823
263    0.000271
264    0.001185
265    0.000614
266    0.000442
267    0.000385
268    0.000892
269    0.000707
270    0.000474
271    0.000288
272    0.000704
273    0.000235
274    0.000398
275    0.000645
276    0.000505
277    0.001112
278    0.000597
279    0.000477
280    0.000803
281    0.000793
282    0.000628
283    0.001008
284    0.000544
285    0.000292
286    0.000516
287    0.000437
288    0.000959
289    0.000419
290    0.000906
291    0.000460
292    0.000375
293    0.000377
294    0.000660
295    0.000308
296    0.000662
297    0.000365
298    0.000608
299    0.000700
300    0.000811
301    0.000470
302    0.000381
303    0.000396
304    0.000207
305    0.000354
306    0.000520
307    0.000353
308    0.000389
309    0.000391
310    0.000320
311    0.000572
312    0.000547
313    0.000411
314    0.000370
315    0.000421
316    0.000372
317    0.000540
318    0.000633
319    0.000530
320    0.000843
321    0.000309
322    0.000359
323    0.000611
324    0.000322
325    0.000695
326    0.000450
327    0.000557
328    0.000382
329    0.000725
330    0.000536
331    0.000248
332    0.000254
333    0.000704
334    0.000317
335    0.000683
336    0.000672
337    0.000278
338    0.000285
339    0.000239
340    0.000333
341    0.000288
342    0.000345
343    0.000539
344    0.000285
345    0.000508
346    0.000548
347    0.000287
348    0.000463
349    0.000634
350    0.000466
351    0.000975
352    0.000502
353    0.000274
354    0.000586
355    0.000719
356    0.000499
357    0.000457
358    0.000402
359    0.000400
360    0.000204
361    0.001055
362    0.000491
363    0.000562
364    0.000628
365    0.001065
366    0.000702
367    0.000478
368    0.000855
369    0.000310
370    0.000145
371    0.000251
372    0.000493
373    0.000620
374    0.000252
375    0.000371
376    0.000294
377    0.000531
378    0.000632
379    0.000275
380    0.000398
381    0.000399
382    0.000191
383    0.000374
384    0.000432
385    0.000230
386    0.000270
387    0.000471
388    0.000550
389    0.000728
390    0.000416
391    0.000430
392    0.000813
393    0.000231
394    0.000579
395    0.000637
396    0.000341
397    0.000307
398    0.000332
399    0.000191
400    0.000445
401    0.000341
402    0.000389
403    0.000373
404    0.000232
405    0.000255
406    0.000431
407    0.000349
408    0.000544
409    0.000273
410    0.000599
411    0.000409
412    0.000407
413    0.000306
414    0.000374
415    0.000447
416    0.000306
417    0.000259
418    0.000388
419    0.000228
420    0.000263
421    0.000220
422    0.000367
423    0.000328
424    0.000249
425    0.000221
426    0.000241
427    0.000505
428    0.000082
429    0.000485
430    0.000384
431    0.000372
432    0.000483
433    0.000453
434    0.000747
435    0.000461
436    0.001102
437    0.000307
438    0.000348
439    0.000976
440    0.000223
441    0.000813
442    0.000478
443    0.000411
444    0.000330
445    0.000331
446    0.000263
447    0.000525
448    0.000354
449    0.000211
450    0.000470
451    0.000271
452    0.000426
453    0.000876
454    0.000363
455    0.000366
456    0.000228
457    0.000278
458    0.000286
459    0.000673
460    0.000425
461    0.000480
462    0.000308
463    0.000263
464    0.000675
465    0.000263
466    0.000437
467    0.000212
468    0.000578
469    0.000569
470    0.000598
471    0.000329
472    0.000449
473    0.000396
474    0.000236
475    0.000454
476    0.000309
477    0.000194
478    0.000388
479    0.000550
480    0.000285
481    0.000534
482    0.000302
483    0.000171
484    0.000318
485    0.000230
486    0.000407
487    0.000545
488    0.000539
489    0.000476
490    0.000268
491    0.000292
492    0.000277
493    0.000361
494    0.000285
495    0.000436
496    0.000231
497    0.000248
498    0.000302
499    0.000373
500    0.000249
501    0.000428
502    0.000177
503    0.000437
504    0.000144
505    0.000282
506    0.000533
507    0.000452
508    0.000205
509    0.000336
510    0.000264
511    0.000225
512    0.000324
513    0.000193
514    0.000387
515    0.000289
516    0.000070
517    0.000390
518    0.000584
519    0.000196
520    0.000302
521    0.000258
522    0.000131
523    0.000291
524    0.000397
525    0.000185
526    0.000328
527    0.000343
528    0.000436
529    0.000349
530    0.000416
531    0.000294
532    0.000379
533    0.000091
534    0.000637
535    0.000393
536    0.000312
537    0.000253
538    0.000297
539    0.000149
540    0.000195
541    0.000254
542    0.000221
543    0.000180
544    0.000151
545    0.000179
546    0.000395
547    0.000476
548    0.000264
549    0.000160
550    0.000170
551    0.000224
552    0.000282
553    0.000368
554    0.000191
555    0.000177
556    0.000305
557    0.000439
558    0.000211
559    0.000437
560    0.000310
561    0.000195
562    0.000339
563    0.000353
564    0.000159
565    0.000162
566    0.000207
567    0.000274
568    0.000125
569    0.000354
570    0.000344
571    0.000210
572    0.000196
573    0.000395
574    0.000502
575    0.000106
576    0.000245
577    0.000210
578    0.000196
579    0.000178
580    0.000180
581    0.000086
582    0.000271
583    0.000291
584    0.000223
585    0.000170
586    0.000237
587    0.000176
588    0.000164
589    0.000262
590    0.000104
591    0.000228
592    0.000284
593    0.000257
594    0.000291
595    0.000400
596    0.000232
597    0.000193
598    0.000397
599    0.000120
600    0.000112
601    0.000206
602    0.000170
603    0.000189
604    0.000227
605    0.000272
606    0.000231
607    0.000216
608    0.000167
609    0.000151
610    0.000195
611    0.000245
612    0.000157
613    0.000253
614    0.000133
615    0.000208
616    0.000190
617    0.000261
618    0.000233
619    0.000203
620    0.000204
621    0.000261
622    0.000145
623    0.000198
624    0.000160
625    0.000251
626    0.000189
627    0.000275
628    0.000228
629    0.000178
630    0.000166
631    0.000374
632    0.000083
633    0.000215
634    0.000298
635    0.000535
636    0.000216
637    0.000093
638    0.000342
639    0.000234
640    0.000337
641    0.000137
642    0.000232
643    0.000270
644    0.000243
645    0.000137
646    0.000059
647    0.000166
648    0.000326
649    0.000303
650    0.000326
651    0.000214
652    0.000198
653    0.000278
654    0.000190
655    0.000126
656    0.000250
657    0.000285
658    0.000289
659    0.000506
660    0.000316
661    0.000106
662    0.000220
663    0.000296
664    0.000274
665    0.000268
666    0.000303
667    0.000326
668    0.000203
669    0.000263
670    0.000243
671    0.000235
672    0.000356
673    0.000379
674    0.000223
675    0.000192
676    0.000257
677    0.000353
678    0.000247
679    0.000274
680    0.000273
681    0.000224
682    0.000197
683    0.000213
684    0.000221
685    0.000272
686    0.000264
687    0.000242
688    0.000261
689    0.000233
690    0.000308
691    0.000156
692    0.000216
693    0.000233
694    0.000229
695    0.000172
696    0.000208
697    0.000208
698    0.000207
699    0.000288
700    0.000203
701    0.000326
702    0.000165
703    0.000206
704    0.000110
705    0.000159
706    0.000285
707    0.000192
708    0.000311
709    0.000269
710    0.000241
711    0.000114
712    0.000235
713    0.000135
714    0.000142
715    0.000187
716    0.000134
717    0.000131
718    0.000125
719    0.000212
720    0.000346
721    0.000191
722    0.000215
723    0.000140
724    0.000125
725    0.000222
726    0.000148
727    0.000200
728    0.000249
729    0.000126
730    0.000155
731    0.000222
732    0.000275
733    0.000336
734    0.000236
735    0.000204
736    0.000174
737    0.000340
738    0.000247
739    0.000149
740    0.000232
741    0.000268
742    0.000166
743    0.000169
744    0.000173
745    0.000402
746    0.000210
747    0.000286
748    0.000147
749    0.000203
750    0.000135
751    0.000221
752    0.000358
753    0.000078
754    0.000273
755    0.000070
756    0.000231
757    0.000142
758    0.000152
759    0.000233
760    0.000165
761    0.000202
762    0.000105
763    0.000020
764    0.000248
765    0.000190
766    0.000048
767    0.000196
768    0.000254
769    0.000197
770    0.000324
771    0.000307
772    0.000267
773    0.000248
774    0.000174
775    0.000178
776    0.000193
777    0.000222
778    0.000160
779    0.000183
780    0.000173
781    0.000248
782    0.000138
783    0.000036
784    0.000299
785    0.000102
786    0.000252
787    0.000176
788    0.000212
789    0.000059
790    0.000300
791    0.000281
792    0.000161
793    0.000184
794    0.000099
795    0.000187
796    0.000262
797    0.000113
798    0.000120
799    0.000142
800    0.000097
801    0.000057
802    0.000174
803    0.000107
804    0.000058
805    0.000079
806    0.000230
807    0.000171
808    0.000105
809    0.000041
810    0.000352
811    0.000102
812    0.000052
813    0.000026
814    0.000069
815    0.000147
816    0.000157
817    0.000109
818    0.000597
819    0.000041
820    0.000433
821    0.000297
822    0.000257
823    0.000017
824    0.000427
825    0.000422
