  0.024854
 -0.190106
 -0.364254
  0.882143
  0.146050
 -0.009380
  0.145326
  0.044213
 -0.006522
 -0.034269
 -0.028359
  0.019692
  0.005638
 -0.019377
 -0.054231
  0.002142
 -0.008021
  0.009190
 -0.013384
  0.013700
  0.002067
 -0.005758
 -0.008269
 -0.004160
  0.009251
  0.008318
 -0.008476
 -0.009103
  0.004714
  0.003796
  0.000514
  0.002635
 -0.005332
 -0.000512
 -0.002713
 -0.000266
  0.006549
  0.010109
  0.008032
  0.009535
  0.002286
 -0.001411
  0.005004
 -0.001972
  0.000513
 -0.007166
  0.002737
 -0.000972
  0.001026
 -0.009260
  0.005436
  0.005752
  0.003438
  0.006687
 -0.002065
  0.006072
  0.001065
 -0.003085
  0.002000
  0.000093
  0.009892
  0.000066
  0.000320
  0.000744
 -0.002746
 -0.001820
  0.000371
  0.002270
  0.005637
  0.000449
  0.000174
  0.000370
  0.000132
 -0.002424
 -0.002791
 -0.001075
  0.000047
 -0.002092
  0.000064
 -0.001157
  0.000622
 -0.003032
  0.002242
 -0.000222
 -0.001826
 -0.000998
 -0.005366
  0.000158
 -0.001738
  0.008019
  0.001790
 -0.000047
  0.001221
  0.002009
  0.000732
 -0.000665
 -0.001890
 -0.000781
  0.000670
  0.001290
  0.000395
 -0.000455
  0.000293
 -0.000709
 -0.000939
 -0.001934
  0.000576
  0.000995
 -0.000613
 -0.000721
  0.000096
 -0.003139
 -0.001959
 -0.000569
 -0.001011
 -0.001278
  0.000489
  0.001989
 -0.000664
 -0.000182
 -0.000161
  0.001622
  0.000661
 -0.000724
 -0.000172
  0.000022
 -0.000351
 -0.000104
  0.000101
  0.001143
 -0.000981
 -0.001084
 -0.000614
 -0.000471
 -0.000603
  0.000391
  0.000647
  0.000856
  0.001833
 -0.002058
 -0.000337
  0.000779
 -0.000377
  0.001534
 -0.001993
 -0.000726
  0.001447
 -0.000081
  0.001347
 -0.000747
 -0.001463
  0.001772
 -0.001470
  0.000543
 -0.001635
  0.000669
  0.000690
 -0.000056
 -0.000093
  0.004023
  0.001683
 -0.001156
 -0.000312
  0.001297
  0.000066
  0.000418
 -0.000005
  0.000312
  0.000653
 -0.000351
  0.001137
 -0.000788
 -0.000822
 -0.000127
 -0.001301
  0.000002
  0.001158
  0.000242
 -0.000828
 -0.000864
  0.000707
 -0.000624
  0.000997
  0.001432
 -0.001171
 -0.000267
  0.000139
  0.000301
  0.000342
 -0.000775
  0.000502
 -0.000080
  0.000000
  0.001288
  0.001717
  0.000250
  0.000202
 -0.000065
 -0.000010
 -0.000176
 -0.000052
 -0.000393
 -0.000564
  0.000392
  0.000344
  0.001304
 -0.000035
  0.000061
  0.000406
  0.000246
  0.000269
  0.000446
 -0.001036
  0.000364
  0.000258
  0.000388
  0.000017
 -0.000158
 -0.000262
 -0.000480
 -0.000169
  0.000230
 -0.000109
  0.000417
 -0.000210
  0.000042
  0.000438
 -0.000252
  0.000321
 -0.000205
  0.000057
 -0.000567
 -0.000772
  0.000035
 -0.000115
 -0.000116
 -0.000407
  0.000584
  0.000235
 -0.000443
 -0.000131
 -0.000219
 -0.000479
 -0.001044
  0.000546
  0.000321
 -0.000203
 -0.000344
  0.000300
 -0.000090
 -0.000034
  0.000075
  0.000423
  0.000252
  0.000171
 -0.000375
  0.000038
  0.000359
 -0.000236
 -0.000494
  0.000346
  0.000136
  0.000058
  0.000286
 -0.000403
 -0.000094
  0.000439
 -0.000168
 -0.000196
 -0.000192
  0.000256
  0.000093
 -0.000237
 -0.000101
  0.001048
  0.000071
 -0.000048
 -0.000238
  0.000687
 -0.000100
  0.000323
  0.000069
 -0.000557
  0.000425
  0.000225
 -0.000034
 -0.000321
  0.000448
  0.000164
 -0.000158
 -0.000082
 -0.000081
 -0.000694
 -0.000032
 -0.000518
 -0.001471
 -0.000422
 -0.000197
 -0.000114
 -0.000727
 -0.000388
  0.000338
 -0.000028
  0.000169
  0.000950
  0.000850
 -0.000506
 -0.000623
 -0.000159
  0.000055
 -0.000223
  0.000130
 -0.000398
 -0.000184
 -0.000027
 -0.000328
 -0.000418
 -0.000454
  0.000386
 -0.000089
  0.000188
 -0.000353
 -0.000092
 -0.000288
 -0.000195
  0.000272
 -0.000277
 -0.000060
 -0.000092
  0.000272
  0.000319
  0.000047
  0.000003
  0.000265
 -0.000258
  0.000347
  0.000033
  0.000278
 -0.000011
  0.000195
 -0.000005
  0.000235
  0.000004
  0.000100
 -0.000162
  0.000020
 -0.000088
 -0.000489
  0.000188
 -0.000286
  0.000370
 -0.000565
 -0.000218
 -0.000182
 -0.000131
 -0.000131
 -0.000135
 -0.000171
 -0.000165
 -0.000274
 -0.000495
  0.000070
 -0.000047
  0.000041
  0.000029
 -0.000228
 -0.000084
 -0.000124
  0.000116
  0.000125
  0.000151
  0.000019
  0.000048
  0.000120
  0.000079
  0.000043
  0.000055
  0.000358
 -0.000181
 -0.000138
 -0.000128
  0.000606
 -0.000085
  0.000155
  0.000016
  0.000117
  0.000013
 -0.000071
  0.000153
 -0.000346
 -0.000083
  0.000072
  0.000057
 -0.000104
  0.000279
  0.000216
 -0.000451
 -0.000159
 -0.000063
  0.000013
 -0.000278
  0.000324
 -0.000293
  0.000185
  0.000075
  0.000010
  0.000303
  0.000105
  0.000149
 -0.000149
  0.000127
 -0.000083
 -0.000100
  0.000073
  0.000083
 -0.000114
  0.000114
 -0.000025
  0.000065
 -0.000053
  0.000064
 -0.000009
 -0.000013
 -0.000016
  0.000089
 -0.000094
  0.000170
 -0.000066
  0.000135
  0.000056
  0.000249
 -0.000016
  0.000074
 -0.000051
  0.000154
 -0.000173
  0.000137
 -0.000326
 -0.000090
  0.000139
  0.000041
  0.000092
 -0.000077
  0.000064
 -0.000011
 -0.000254
 -0.000169
  0.000102
  0.000048
  0.000057
 -0.000042
  0.000121
  0.000046
  0.000396
 -0.000115
  0.000120
 -0.000261
 -0.000045
 -0.000303
  0.000322
 -0.000160
 -0.000038
  0.000232
  0.000253
  0.000017
  0.000256
 -0.000657
  0.000029
 -0.000166
 -0.000294
 -0.000213
 -0.000016
 -0.000530
 -0.000534
 -0.000395
  0.000020
  0.000314
 -0.000656
 -0.000460
 -0.000338
 -0.000154
 -0.000007
  0.000057
 -0.000056
  0.000298
  0.000250
  0.000091
 -0.000051
  0.000112
 -0.000125
 -0.000153
 -0.000229
 -0.000063
 -0.000053
 -0.000305
  0.000089
 -0.000233
  0.000160
 -0.000028
 -0.000065
 -0.000040
  0.000142
 -0.000055
 -0.000238
 -0.000009
 -0.000018
  0.000159
  0.000001
  0.000210
  0.000125
  0.000094
  0.000024
  0.000404
  0.000080
 -0.000217
 -0.000170
 -0.000032
 -0.000074
  0.000003
  0.000048
  0.000079
 -0.000171
  0.000109
  0.000170
  0.000161
 -0.000225
  0.000102
 -0.000316
  0.000065
 -0.000090
  0.000083
  0.000222
  0.000043
  0.000219
 -0.000388
 -0.000050
 -0.000154
 -0.000020
  0.000365
 -0.000026
 -0.000184
 -0.000176
  0.000020
  0.000353
 -0.000298
 -0.000167
  0.000266
 -0.000155
 -0.000152
  0.000196
  0.000095
 -0.000305
 -0.000094
 -0.000042
  0.000339
  0.000154
 -0.000083
  0.000073
  0.000158
  0.000125
 -0.000097
  0.000063
  0.000087
 -0.000013
 -0.000210
 -0.000024
  0.000016
  0.000093
  0.000036
 -0.000101
 -0.000078
  0.000019
 -0.000064
 -0.000211
  0.000107
 -0.000128
  0.000029
  0.000055
  0.000036
 -0.000160
 -0.000099
 -0.000209
  0.000281
 -0.000041
 -0.000093
 -0.000115
  0.000150
 -0.000115
 -0.000085
 -0.000015
 -0.000113
  0.000167
 -0.000247
  0.000091
  0.000063
  0.000001
 -0.000143
  0.000006
 -0.000136
 -0.000285
  0.000063
  0.000312
 -0.000184
 -0.000180
  0.000041
 -0.000060
 -0.000109
  0.000031
 -0.000001
 -0.000239
 -0.000162
 -0.000113
  0.000120
  0.000021
  0.000091
  0.000069
 -0.000231
 -0.000068
  0.000195
  0.000000
  0.000020
 -0.000060
  0.000014
 -0.000088
  0.000155
  0.000020
 -0.000213
 -0.000159
  0.000030
  0.000030
  0.000018
  0.000009
  0.000090
  0.000070
  0.000147
  0.000083
  0.000040
  0.000079
  0.000054
 -0.000007
  0.000044
 -0.000055
 -0.000014
 -0.000000
  0.000089
  0.000040
 -0.000012
  0.000081
  0.000074
  0.000081
  0.000096
 -0.000135
  0.000010
 -0.000034
  0.000063
  0.000097
  0.000055
  0.000133
  0.000077
 -0.000131
 -0.000057
  0.000126
 -0.000114
  0.000110
 -0.000184
  0.000069
 -0.000019
 -0.000007
  0.000061
 -0.000037
  0.000076
 -0.000023
 -0.000217
  0.000122
  0.000011
 -0.000060
 -0.000086
 -0.000071
  0.000033
  0.000029
  0.000093
  0.000020
  0.000146
  0.000056
  0.000013
 -0.000018
 -0.000119
 -0.000016
  0.000117
 -0.000120
 -0.000150
 -0.000016
 -0.000102
  0.000028
 -0.000077
  0.000089
  0.000022
 -0.000167
 -0.000016
 -0.000035
  0.000037
 -0.000031
 -0.000034
  0.000104
  0.000045
  0.000026
 -0.000070
 -0.000033
 -0.000063
 -0.000074
  0.000005
  0.000144
 -0.000157
  0.000061
  0.000069
 -0.000094
 -0.000194
  0.000016
  0.000041
 -0.000046
 -0.000071
  0.000095
  0.000104
  0.000071
  0.000042
  0.000214
 -0.000107
  0.000051
 -0.000058
 -0.000067
 -0.000036
 -0.000010
  0.000013
 -0.000099
  0.000160
 -0.000163
  0.000016
 -0.000067
 -0.000037
  0.000082
 -0.000067
 -0.000098
 -0.000057
 -0.000131
  0.000059
  0.000019
  0.000021
 -0.000015
 -0.000060
  0.000067
  0.000032
 -0.000023
 -0.000069
  0.000021
 -0.000118
  0.000033
 -0.000019
  0.000044
 -0.000005
  0.000046
  0.000055
  0.000011
 -0.000052
 -0.000023
 -0.000132
 -0.000017
 -0.000004
 -0.000050
 -0.000096
  0.000009
 -0.000008
 -0.000106
  0.000009
 -0.000013
 -0.000052
 -0.000048
 -0.000010
  0.000049
  0.000018
  0.000046
 -0.000081
 -0.000044
  0.000061
  0.000012
  0.000015
 -0.000015
  0.000055
  0.000023
  0.000036
  0.000037
 -0.000058
  0.000107
  0.000012
  0.000095
 -0.000020
  0.000070
 -0.000049
 -0.000001
 -0.000033
 -0.000016
  0.000068
 -0.000003
 -0.000020
 -0.000013
 -0.000043
 -0.000004
 -0.000094
 -0.000005
 -0.000000
 -0.000031
 -0.000035
 -0.000048
  0.000022
  0.000064
 -0.000014
 -0.000043
 -0.000026
  0.000017
 -0.000006
 -0.000045
  0.000003
  0.000011
 -0.000095
 -0.000006
  0.000042
