 -0.999543
  0.020503
 -0.003628
 -0.015728
 -0.010097
  0.004337
  0.002875
  0.003671
  0.001990
  0.003836
  0.002983
  0.002088
  0.003357
  0.000640
  0.001057
  0.002877
  0.000466
 -0.000935
 -0.000010
  0.001116
  0.000264
  0.000990
 -0.001044
 -0.000100
 -0.000510
  0.001076
  0.000998
 -0.000442
 -0.000122
 -0.001990
 -0.000462
 -0.000898
 -0.002387
  0.000231
  0.000621
  0.001117
 -0.000841
 -0.000023
 -0.000393
 -0.000187
 -0.000401
 -0.000233
  0.000706
 -0.000209
  0.000543
  0.000949
 -0.000511
  0.000535
  0.000082
 -0.000888
  0.000253
 -0.000315
  0.000053
 -0.000678
 -0.000446
 -0.000499
  0.000823
  0.000482
 -0.000241
  0.000221
  0.000109
  0.000416
  0.000450
  0.000350
 -0.000199
 -0.000450
 -0.000306
  0.000009
  0.000022
  0.000240
 -0.000418
 -0.000485
 -0.000031
  0.000405
 -0.000158
 -0.000088
 -0.000750
  0.000400
  0.000373
  0.000175
 -0.000013
 -0.000735
 -0.000192
 -0.000658
  0.000093
  0.000117
  0.000053
  0.000298
 -0.000142
 -0.000282
  0.000073
  0.000176
 -0.000021
  0.000027
  0.000534
  0.000057
  0.000002
  0.000238
 -0.000877
 -0.000508
 -0.000094
  0.000639
 -0.000112
 -0.000742
  0.000174
 -0.000045
 -0.000055
  0.000169
  0.000082
  0.000091
 -0.000067
 -0.000195
 -0.000098
  0.000171
  0.000015
  0.000050
  0.000193
 -0.000057
 -0.000029
 -0.000050
 -0.000286
 -0.000190
  0.000279
 -0.000253
  0.000038
 -0.000129
 -0.000052
 -0.000100
  0.000092
  0.000243
 -0.000202
  0.000129
  0.000065
 -0.000189
 -0.000323
 -0.000491
 -0.000168
  0.000142
  0.000295
  0.000169
 -0.000305
 -0.000201
  0.000060
 -0.000118
  0.000180
 -0.000131
 -0.000023
  0.000073
 -0.000204
 -0.000009
  0.000112
 -0.000094
  0.000073
  0.000103
  0.000106
 -0.000010
 -0.000103
  0.000117
  0.000040
 -0.000042
  0.000131
 -0.000065
  0.000023
 -0.000003
  0.000003
 -0.000050
  0.000033
 -0.000041
  0.000024
  0.000033
  0.000212
  0.000062
  0.000200
 -0.000184
  0.000039
 -0.000173
  0.000071
  0.000189
  0.000052
 -0.000071
  0.000014
  0.000023
 -0.000024
 -0.000012
  0.000009
  0.000013
 -0.000099
  0.000011
  0.000054
  0.000030
 -0.000095
  0.000074
  0.000155
 -0.000093
  0.000038
  0.000011
 -0.000012
  0.000049
  0.000168
 -0.000088
 -0.000050
 -0.000081
  0.000101
  0.000069
 -0.000037
 -0.000043
  0.000104
  0.000062
  0.000078
  0.000009
 -0.000118
 -0.000099
 -0.000042
  0.000040
 -0.000052
  0.000001
  0.000035
  0.000103
 -0.000044
  0.000052
  0.000087
  0.000006
 -0.000048
  0.000056
 -0.000092
  0.000048
  0.000124
 -0.000019
  0.000076
 -0.000167
 -0.000136
  0.000084
 -0.000029
  0.000057
  0.000039
 -0.000050
  0.000055
 -0.000106
  0.000178
  0.000057
  0.000007
 -0.000142
 -0.000030
 -0.000096
 -0.000123
 -0.000097
 -0.000106
  0.000111
  0.000190
  0.000022
  0.000125
 -0.000104
 -0.000040
 -0.000056
 -0.000055
  0.000093
 -0.000074
 -0.000061
 -0.000049
  0.000004
  0.000105
  0.000034
 -0.000039
 -0.000015
 -0.000092
  0.000005
  0.000060
  0.000099
  0.000152
 -0.000064
 -0.000110
 -0.000077
  0.000134
  0.000020
 -0.000029
  0.000060
 -0.000025
  0.000040
 -0.000100
  0.000042
  0.000001
 -0.000101
 -0.000037
 -0.000065
  0.000066
 -0.000037
 -0.000047
 -0.000044
 -0.000014
  0.000041
  0.000043
  0.000024
  0.000030
 -0.000082
 -0.000039
 -0.000032
  0.000037
  0.000103
 -0.000087
 -0.000042
  0.000014
 -0.000139
  0.000079
 -0.000188
 -0.000038
 -0.000093
 -0.000028
 -0.000016
 -0.000066
  0.000105
 -0.000041
  0.000000
 -0.000014
  0.000045
 -0.000027
 -0.000081
 -0.000071
  0.000205
  0.000092
 -0.000015
 -0.000009
  0.000175
 -0.000001
  0.000086
 -0.000069
  0.000088
 -0.000003
 -0.000057
  0.000067
  0.000070
 -0.000070
 -0.000047
 -0.000009
 -0.000016
  0.000020
  0.000146
  0.000157
 -0.000037
 -0.000023
 -0.000055
 -0.000116
 -0.000096
  0.000010
 -0.000033
  0.000016
  0.000073
  0.000112
  0.000138
 -0.000053
 -0.000026
 -0.000086
 -0.000136
  0.000009
  0.000032
 -0.000151
  0.000165
 -0.000188
 -0.000222
 -0.000160
 -0.000135
 -0.000003
  0.000193
 -0.000060
 -0.000213
 -0.000072
 -0.000049
 -0.000152
  0.000049
  0.000056
 -0.000093
 -0.000025
  0.000006
  0.000009
 -0.000032
 -0.000030
 -0.000052
 -0.000025
 -0.000061
 -0.000074
 -0.000135
 -0.000036
  0.000051
 -0.000093
  0.000051
 -0.000060
 -0.000159
 -0.000059
  0.000034
  0.000194
 -0.000021
  0.000000
 -0.000005
  0.000057
 -0.000013
  0.000074
  0.000018
 -0.000048
 -0.000017
 -0.000039
 -0.000050
  0.000020
  0.000076
  0.000074
  0.000138
  0.000042
 -0.000148
  0.000162
 -0.000052
  0.000034
  0.000134
 -0.000073
  0.000082
 -0.000120
  0.000092
  0.000087
  0.000015
  0.000043
 -0.000060
 -0.000113
 -0.000027
  0.000106
 -0.000029
 -0.000010
  0.000026
  0.000109
 -0.000085
 -0.000069
 -0.000020
 -0.000081
 -0.000054
  0.000132
 -0.000015
 -0.000058
  0.000056
  0.000011
 -0.000043
  0.000055
  0.000010
  0.000051
  0.000032
 -0.000107
 -0.000095
 -0.000087
 -0.000031
  0.000059
  0.000000
 -0.000065
 -0.000108
  0.000137
 -0.000019
  0.000175
 -0.000001
  0.000230
  0.000052
  0.000019
  0.000006
  0.000044
  0.000016
 -0.000079
  0.000021
  0.000097
 -0.000146
  0.000043
  0.000058
 -0.000043
  0.000090
 -0.000050
  0.000106
 -0.000116
 -0.000077
  0.000130
 -0.000041
  0.000112
  0.000225
  0.000175
  0.000013
  0.000082
  0.000096
 -0.000017
  0.000008
 -0.000042
 -0.000077
  0.000110
 -0.000018
 -0.000096
 -0.000079
  0.000021
  0.000017
  0.000039
  0.000069
  0.000010
  0.000036
  0.000067
 -0.000051
 -0.000051
 -0.000099
  0.000062
  0.000027
 -0.000011
 -0.000004
 -0.000052
 -0.000069
  0.000004
  0.000070
  0.000010
 -0.000006
 -0.000087
 -0.000026
 -0.000017
 -0.000027
  0.000019
 -0.000101
  0.000023
  0.000026
  0.000003
 -0.000102
 -0.000144
 -0.000058
  0.000001
  0.000098
  0.000037
 -0.000013
  0.000150
 -0.000199
 -0.000148
 -0.000055
 -0.000056
  0.000104
 -0.000127
  0.000014
  0.000231
 -0.000154
  0.000044
 -0.000023
  0.000087
 -0.000047
  0.000027
  0.000028
  0.000014
  0.000077
  0.000031
 -0.000003
  0.000007
 -0.000155
  0.000127
  0.000015
 -0.000065
  0.000002
  0.000011
  0.000008
 -0.000007
  0.000018
  0.000012
 -0.000011
  0.000058
 -0.000026
 -0.000028
  0.000003
 -0.000036
  0.000008
  0.000009
 -0.000030
 -0.000009
  0.000037
 -0.000010
  0.000023
  0.000007
  0.000069
  0.000043
  0.000028
 -0.000005
  0.000030
  0.000033
 -0.000081
 -0.000002
 -0.000032
 -0.000001
 -0.000009
  0.000011
 -0.000014
 -0.000034
  0.000006
  0.000037
 -0.000071
  0.000001
 -0.000046
  0.000053
 -0.000050
 -0.000002
  0.000023
 -0.000008
  0.000071
  0.000152
  0.000107
 -0.000043
 -0.000046
 -0.000034
  0.000034
 -0.000055
  0.000000
 -0.000078
  0.000039
 -0.000041
  0.000009
 -0.000053
  0.000008
  0.000030
  0.000053
 -0.000017
  0.000007
  0.000002
 -0.000016
  0.000013
 -0.000003
 -0.000007
  0.000016
 -0.000026
 -0.000000
 -0.000005
 -0.000060
 -0.000038
 -0.000048
 -0.000049
  0.000033
 -0.000024
 -0.000011
  0.000030
 -0.000018
 -0.000026
  0.000026
  0.000002
 -0.000017
  0.000039
 -0.000001
 -0.000004
  0.000040
  0.000100
 -0.000138
 -0.000083
  0.000063
  0.000071
  0.000047
 -0.000069
 -0.000045
 -0.000015
  0.000142
 -0.000020
 -0.000081
 -0.000102
  0.000028
  0.000079
  0.000108
 -0.000090
 -0.000038
 -0.000035
  0.000032
  0.000025
 -0.000057
 -0.000042
  0.000010
  0.000002
  0.000010
  0.000021
 -0.000014
  0.000005
 -0.000082
  0.000025
 -0.000093
  0.000022
  0.000048
  0.000025
 -0.000015
  0.000091
 -0.000021
 -0.000040
 -0.000044
  0.000005
  0.000026
  0.000034
 -0.000011
  0.000024
 -0.000019
 -0.000062
  0.000016
 -0.000114
  0.000012
  0.000020
  0.000018
 -0.000055
 -0.000000
  0.000032
  0.000008
  0.000022
  0.000002
  0.000025
 -0.000005
  0.000050
 -0.000012
 -0.000005
 -0.000025
 -0.000074
 -0.000072
 -0.000047
  0.000036
 -0.000002
 -0.000119
 -0.000154
  0.000030
 -0.000034
 -0.000086
 -0.000007
 -0.000006
 -0.000051
 -0.000001
  0.000087
  0.000061
 -0.000020
 -0.000029
  0.000004
  0.000021
 -0.000045
  0.000055
 -0.000011
  0.000037
 -0.000004
 -0.000030
  0.000011
 -0.000042
 -0.000262
 -0.000050
 -0.000000
  0.000184
  0.000004
  0.000179
 -0.000111
 -0.000120
 -0.000098
  0.000100
  0.000016
  0.000024
 -0.000057
  0.000021
  0.000089
 -0.000033
 -0.000111
  0.000040
 -0.000014
 -0.000078
 -0.000012
  0.000105
 -0.000047
  0.000214
 -0.000007
  0.000032
 -0.000043
  0.000051
  0.000062
 -0.000013
 -0.000087
 -0.000035
 -0.000027
  0.000059
  0.000010
 -0.000008
 -0.000026
 -0.000017
  0.000015
 -0.000018
 -0.000024
 -0.000040
 -0.000064
 -0.000074
  0.000010
 -0.000050
 -0.000081
 -0.000037
  0.000037
  0.000026
  0.000024
 -0.000016
  0.000026
  0.000035
  0.000012
  0.000010
  0.000018
 -0.000009
 -0.000026
 -0.000098
 -0.000014
  0.000096
  0.000058
  0.000046
  0.000040
 -0.000004
  0.000034
  0.000068
  0.000022
 -0.000023
 -0.000075
 -0.000042
 -0.000035
  0.000004
 -0.000009
  0.000103
  0.000003
  0.000015
  0.000019
 -0.000029
  0.000037
  0.000007
  0.000051
 -0.000075
 -0.000010
  0.000015
  0.000052
  0.000024
 -0.000212
 -0.000166
 -0.000222
  0.000019
 -0.000002
  0.000003
  0.000005
 -0.000006
 -0.000026
