 -0.250325
 -0.203140
  0.870139
 -0.262373
 -0.069653
 -0.169561
  0.094381
  0.086412
  0.005934
  0.008977
 -0.008000
 -0.028669
 -0.028884
 -0.018640
 -0.001100
  0.001574
  0.030890
  0.007603
  0.032177
 -0.010343
  0.019283
 -0.004654
 -0.001710
 -0.037011
 -0.017177
 -0.028703
 -0.024510
 -0.020623
  0.014599
 -0.030425
  0.015377
 -0.006252
 -0.009997
  0.008368
  0.021196
 -0.022727
  0.032017
 -0.008720
  0.003455
  0.001744
 -0.022591
  0.002289
 -0.008679
 -0.033393
 -0.013840
  0.001589
 -0.031602
 -0.004105
  0.013048
  0.008060
  0.000002
 -0.001650
 -0.007421
  0.001383
 -0.001386
 -0.001281
  0.007103
  0.004770
 -0.018644
 -0.004569
  0.001216
  0.006721
 -0.002861
 -0.003014
 -0.004229
  0.007435
  0.003414
  0.000302
  0.003367
 -0.008399
  0.003860
 -0.014136
  0.011885
  0.002421
 -0.005584
 -0.000123
  0.006779
 -0.002587
 -0.006302
 -0.004930
  0.000679
 -0.005054
  0.002213
  0.001878
  0.000812
  0.001700
  0.006724
  0.001368
  0.002405
 -0.007789
  0.001757
 -0.003029
  0.005984
  0.004408
  0.011837
  0.001730
 -0.007954
 -0.004101
 -0.000476
 -0.002784
 -0.004310
 -0.003222
  0.005092
 -0.000345
  0.002064
 -0.001220
  0.000991
  0.000663
 -0.006044
  0.001686
 -0.002090
  0.001766
  0.001474
  0.003370
  0.000053
 -0.001586
  0.000747
 -0.001373
  0.000516
  0.001282
 -0.001447
 -0.002289
  0.005505
 -0.001237
  0.000215
  0.002048
  0.000681
  0.002823
 -0.001117
  0.000038
  0.000993
  0.000621
 -0.004386
  0.008988
  0.005407
 -0.002487
  0.002176
 -0.000371
 -0.001722
 -0.006735
 -0.003706
  0.000776
 -0.000279
  0.006981
  0.002459
  0.001787
  0.006559
  0.001400
 -0.004693
 -0.001392
 -0.007756
 -0.000548
 -0.005379
 -0.005022
  0.003137
 -0.000387
 -0.002923
 -0.002527
  0.000187
  0.001494
  0.007837
  0.004336
  0.000425
  0.000971
  0.004745
  0.000442
  0.002296
  0.000494
  0.005074
 -0.003766
 -0.000916
 -0.005473
  0.003274
  0.012015
  0.002495
 -0.002837
 -0.002835
  0.002583
  0.001682
 -0.005896
 -0.007852
 -0.002569
  0.002597
  0.012315
  0.003670
  0.006934
  0.009123
  0.003129
 -0.001609
  0.006128
 -0.000901
  0.002333
 -0.001251
 -0.004920
 -0.000302
 -0.004900
  0.003546
 -0.000618
  0.000689
 -0.002752
 -0.000214
  0.001334
 -0.001511
 -0.001438
 -0.004899
  0.000360
  0.006000
  0.006603
 -0.001588
 -0.000687
 -0.000773
 -0.001119
 -0.000009
 -0.003919
 -0.003256
  0.001215
  0.000861
 -0.001969
 -0.000352
 -0.001609
  0.000793
 -0.000776
 -0.000758
 -0.004748
 -0.000662
  0.001309
 -0.000884
  0.000697
 -0.000263
 -0.001867
  0.001024
 -0.000645
 -0.000423
  0.001465
  0.002221
 -0.001391
 -0.000263
 -0.002384
  0.001735
 -0.001044
  0.003081
  0.000298
 -0.000878
  0.000649
 -0.001721
 -0.000745
  0.000798
 -0.003168
 -0.000105
  0.000320
  0.001526
  0.000122
 -0.002872
  0.003608
  0.005685
 -0.000724
 -0.000710
 -0.000970
  0.000081
 -0.004024
 -0.000421
  0.001956
  0.002028
 -0.000158
  0.000256
 -0.000689
 -0.002004
 -0.001036
 -0.000335
 -0.003490
 -0.001506
 -0.003956
  0.001749
 -0.005373
  0.001510
 -0.000576
 -0.000510
 -0.002220
  0.002670
 -0.001141
 -0.000417
  0.000556
  0.004248
  0.001644
 -0.002926
 -0.000821
  0.000312
  0.003444
 -0.001282
  0.002840
  0.003966
  0.000811
 -0.002301
  0.000789
 -0.004084
 -0.000043
 -0.001027
 -0.004258
  0.000889
 -0.001180
  0.001499
  0.000015
 -0.004324
  0.000342
  0.001796
 -0.000009
  0.001505
 -0.000270
  0.002037
  0.000017
 -0.000039
 -0.003113
 -0.000678
  0.001114
 -0.000021
  0.000967
  0.000964
  0.000539
  0.000500
  0.000507
  0.001565
  0.003905
 -0.000199
 -0.001474
  0.001353
  0.002832
 -0.000815
  0.006952
 -0.005079
 -0.000991
 -0.003969
 -0.002779
  0.001739
  0.000523
  0.002461
  0.000817
 -0.000242
 -0.004380
  0.003428
  0.002324
  0.000488
  0.000382
  0.001651
 -0.000169
  0.000590
  0.001218
  0.000059
 -0.001257
  0.001579
 -0.000062
 -0.000694
  0.002431
 -0.000281
  0.000426
  0.000472
 -0.001490
 -0.002588
 -0.001916
 -0.002080
 -0.001201
  0.001202
 -0.000876
  0.004258
 -0.000602
  0.007154
 -0.001753
  0.001211
  0.000698
 -0.001316
 -0.000631
 -0.000159
 -0.001277
 -0.000614
 -0.001451
  0.008092
 -0.007205
 -0.001882
 -0.000179
  0.000973
  0.004422
  0.001615
 -0.002689
  0.002770
 -0.002310
  0.004438
 -0.002405
  0.001910
 -0.000452
  0.000063
  0.001177
 -0.000525
 -0.001421
  0.001361
 -0.001604
 -0.002199
  0.000787
  0.000359
  0.002498
  0.003691
  0.000080
  0.000713
 -0.001442
 -0.000732
 -0.002329
 -0.002100
 -0.000239
  0.001439
 -0.000108
  0.000324
 -0.000021
 -0.000349
  0.002893
  0.001531
 -0.003092
  0.001760
 -0.000241
 -0.001363
 -0.002004
  0.000090
 -0.000244
  0.000987
  0.000681
 -0.000121
  0.000651
  0.001021
 -0.001225
  0.000733
  0.000271
  0.001019
 -0.001164
 -0.000644
  0.002687
 -0.000853
  0.002573
  0.003209
  0.000546
 -0.001428
 -0.001355
  0.002179
 -0.000603
  0.000208
 -0.002162
 -0.001618
 -0.000392
  0.004546
  0.000335
  0.000365
 -0.002136
 -0.000070
  0.004191
  0.002342
 -0.000125
 -0.006112
 -0.000764
  0.000717
  0.006249
 -0.003539
 -0.000526
 -0.000420
  0.000262
 -0.000038
 -0.000126
  0.000051
  0.001230
  0.000029
  0.000333
  0.000532
  0.000420
 -0.002085
  0.000052
 -0.000512
  0.001357
  0.001556
 -0.001381
  0.002367
 -0.000036
 -0.000264
  0.000324
  0.001783
 -0.001551
 -0.000304
 -0.000096
 -0.001675
 -0.000312
 -0.001548
  0.002044
  0.001713
  0.003408
  0.000446
 -0.003309
 -0.001531
 -0.000288
  0.001291
 -0.001098
  0.002306
 -0.000562
  0.000284
  0.003441
  0.000356
 -0.000999
 -0.001546
 -0.000085
  0.002812
 -0.000050
 -0.000748
  0.000114
 -0.000354
  0.000375
 -0.000983
 -0.004604
  0.001042
 -0.001291
 -0.002419
 -0.000264
 -0.001460
  0.001969
  0.000427
  0.002406
 -0.000599
 -0.001570
  0.002324
  0.000706
  0.000660
 -0.000826
 -0.001371
 -0.000765
  0.002912
 -0.003027
 -0.001034
  0.001584
 -0.002279
  0.001228
  0.000885
  0.000054
 -0.000594
 -0.000629
 -0.001073
 -0.000417
 -0.000622
 -0.001978
 -0.000620
 -0.000095
  0.000575
  0.000647
 -0.001468
 -0.000497
 -0.000695
 -0.001080
  0.001775
  0.000176
  0.000253
 -0.000864
  0.000381
  0.000395
 -0.000541
  0.000422
  0.001572
 -0.001566
 -0.004878
 -0.000008
 -0.000512
 -0.000513
 -0.000752
  0.002583
 -0.000352
  0.000237
 -0.000424
  0.000452
 -0.000315
  0.001509
 -0.000317
  0.001680
  0.003939
  0.001335
 -0.000296
 -0.000111
 -0.001034
  0.000689
 -0.001312
 -0.001052
 -0.001011
  0.001422
 -0.000711
  0.001284
  0.000029
  0.000179
  0.002728
  0.001374
 -0.000628
  0.003802
  0.001662
 -0.000719
 -0.001828
 -0.001503
 -0.000346
 -0.000274
  0.002054
 -0.001568
 -0.000367
  0.000403
 -0.000271
  0.001770
  0.000667
 -0.000332
  0.000488
 -0.003991
 -0.002330
 -0.001645
 -0.000824
 -0.000625
  0.001129
  0.001045
  0.000624
 -0.000572
  0.000541
  0.001453
  0.000507
 -0.000942
 -0.000018
  0.001702
  0.000376
  0.000608
  0.001413
 -0.001097
  0.001167
 -0.000636
  0.000623
  0.001037
  0.000956
 -0.000407
  0.000286
  0.000095
 -0.000857
 -0.000358
  0.001289
 -0.000341
 -0.000127
 -0.001528
 -0.000843
 -0.000870
 -0.000234
  0.001245
 -0.000407
 -0.002913
  0.002363
 -0.001373
  0.000187
 -0.000187
  0.001644
  0.000593
  0.000030
  0.000754
 -0.000207
 -0.001111
 -0.001205
  0.000466
  0.000521
 -0.000195
  0.000098
 -0.000256
 -0.001793
 -0.000179
 -0.000200
  0.000472
  0.000317
  0.000057
 -0.000212
  0.000848
  0.000647
  0.000752
 -0.000119
  0.001256
  0.000480
 -0.000256
  0.000791
 -0.000713
 -0.000724
  0.000559
 -0.000664
 -0.000820
 -0.000060
 -0.001500
 -0.000546
  0.000862
  0.000116
  0.001239
  0.000735
 -0.001515
  0.001266
  0.000708
  0.001441
 -0.000555
  0.000811
  0.000618
 -0.001260
 -0.000224
 -0.000703
 -0.000178
  0.000572
 -0.000023
  0.000087
 -0.000097
  0.000612
  0.001409
 -0.000590
 -0.000300
  0.001278
 -0.000170
  0.000346
  0.000669
 -0.000650
 -0.002772
 -0.002233
  0.000483
 -0.000590
  0.000787
  0.000792
  0.000742
  0.002883
 -0.000702
 -0.000049
 -0.000750
  0.000603
 -0.000043
  0.001298
 -0.000148
 -0.000693
 -0.000135
 -0.000599
  0.000420
  0.001031
  0.001965
  0.001523
  0.000505
 -0.000550
  0.001180
 -0.001280
 -0.001579
  0.001916
  0.001064
  0.001595
 -0.000377
  0.001426
  0.000855
 -0.000153
 -0.000034
 -0.000087
  0.001139
 -0.000431
 -0.000318
  0.000028
 -0.000025
 -0.000231
 -0.001509
 -0.000365
 -0.000176
  0.000059
 -0.000429
  0.000425
 -0.000091
 -0.000145
 -0.000508
  0.000064
 -0.000109
  0.000343
  0.000002
  0.000533
  0.000415
  0.000280
  0.000955
 -0.000521
  0.000503
 -0.000892
  0.000621
 -0.000029
 -0.000513
  0.000338
  0.000323
 -0.000145
 -0.000688
 -0.000294
  0.000712
 -0.000433
 -0.000200
  0.000501
 -0.000530
 -0.000801
 -0.000038
 -0.000211
  0.000201
  0.000028
  0.000340
  0.000301
  0.000071
  0.000154
  0.000035
  0.000380
 -0.000059
 -0.000020
 -0.000187
 -0.000258
  0.000345
 -0.000098
 -0.000150
  0.000245
 -0.000974
 -0.000743
 -0.001304
  0.000076
  0.001740
  0.000190
 -0.000440
 -0.000069
 -0.000154
 -0.000231
  0.000129
 -0.000521
 -0.000695
 -0.000010
  0.000093
 -0.000628
  0.000095
  0.000164
 -0.001750
  0.000140
