 -0.989652
 -0.135312
 -0.001195
 -0.028236
  0.012899
  0.016953
  0.006035
 -0.008504
 -0.007939
 -0.008732
 -0.003508
 -0.004652
  0.006512
  0.002067
 -0.002630
  0.000374
 -0.005710
 -0.001158
 -0.003027
 -0.000580
  0.001166
  0.000912
 -0.000475
 -0.000809
  0.012082
 -0.003083
  0.002032
  0.004900
 -0.000810
 -0.004776
 -0.003694
  0.002950
 -0.003211
 -0.002088
  0.000536
  0.006120
 -0.004301
 -0.001720
 -0.000480
  0.004780
  0.000968
  0.002639
 -0.003077
  0.002458
 -0.001606
  0.001007
 -0.001170
 -0.002192
  0.000695
 -0.007059
 -0.000456
  0.000469
 -0.000662
 -0.002671
  0.000693
  0.001261
 -0.003576
 -0.000100
  0.000005
 -0.001468
  0.003395
 -0.000977
  0.001137
 -0.000165
  0.002652
  0.001069
  0.001552
  0.000560
 -0.008121
  0.001791
 -0.000086
 -0.000687
  0.004501
 -0.002727
 -0.000727
 -0.002555
  0.000477
 -0.000630
  0.000875
 -0.000748
  0.001830
 -0.000872
 -0.001604
 -0.001074
 -0.001005
  0.001942
 -0.000822
 -0.001201
  0.000119
  0.000255
  0.001142
 -0.000635
  0.000395
 -0.000314
  0.000095
 -0.000287
  0.000436
  0.000752
 -0.000084
  0.000191
  0.000812
  0.000534
 -0.000069
  0.000825
  0.000330
 -0.000395
  0.000262
 -0.000099
 -0.000065
  0.000584
  0.000653
 -0.001418
 -0.000748
  0.000517
  0.000617
  0.000400
  0.000168
 -0.000291
 -0.000243
  0.000690
  0.001448
  0.000522
  0.000455
  0.000516
 -0.000452
  0.000197
  0.000981
 -0.000225
  0.000375
  0.000254
 -0.000877
 -0.001152
 -0.000444
  0.000447
  0.000023
 -0.000618
  0.000092
 -0.000150
  0.000326
  0.000521
 -0.000080
 -0.000579
 -0.000378
 -0.000372
  0.000141
 -0.000840
 -0.000385
  0.000684
 -0.000158
 -0.000045
 -0.000371
 -0.002034
  0.000457
  0.000163
  0.000264
 -0.000004
 -0.000000
  0.000722
 -0.000675
 -0.000011
  0.000410
  0.000282
  0.000551
  0.000262
 -0.000443
 -0.000624
  0.000415
 -0.001773
 -0.000376
 -0.000325
 -0.000033
  0.000599
  0.000479
 -0.000380
  0.000660
  0.000964
 -0.000012
  0.000757
 -0.000027
  0.000009
 -0.000412
 -0.001007
 -0.000737
  0.000494
  0.000392
  0.000277
 -0.000632
  0.000043
  0.000488
 -0.000941
  0.000030
  0.000451
 -0.000032
  0.000242
  0.000230
  0.000172
  0.000017
 -0.000037
 -0.000444
 -0.000024
 -0.000029
 -0.000212
 -0.000097
  0.000029
  0.000243
  0.000386
  0.000378
  0.000268
  0.000427
  0.000267
  0.000242
 -0.000327
  0.000106
  0.000131
  0.000104
 -0.000293
  0.000181
  0.000040
 -0.000153
 -0.000364
  0.000082
  0.000798
  0.000032
 -0.000280
 -0.000186
 -0.000393
  0.000365
  0.000124
  0.000498
  0.000252
  0.000552
 -0.000478
 -0.000081
  0.000335
  0.000160
 -0.000171
 -0.000312
  0.000507
  0.000061
  0.000087
 -0.000075
  0.000368
  0.000178
  0.000157
 -0.000060
 -0.000195
  0.000065
 -0.000332
  0.000089
  0.000325
  0.000507
 -0.000514
  0.000087
  0.000129
  0.000411
  0.000201
  0.000199
 -0.000386
 -0.000122
 -0.000208
  0.000667
 -0.000290
  0.000026
  0.000214
 -0.000270
 -0.000010
  0.000052
 -0.000155
  0.000248
 -0.000022
  0.000215
  0.000228
 -0.000123
  0.000470
 -0.000180
  0.000516
  0.000411
 -0.000410
 -0.000054
  0.000089
  0.000164
  0.000484
 -0.000300
  0.000049
 -0.000534
 -0.000121
  0.000162
 -0.000034
 -0.000235
 -0.000072
  0.000135
 -0.000489
 -0.000306
  0.000576
 -0.000147
 -0.000434
  0.000309
 -0.000220
  0.000013
  0.000759
  0.000182
 -0.000112
 -0.000552
  0.000501
  0.000025
 -0.000604
 -0.000155
  0.000015
 -0.000224
 -0.000059
 -0.000321
  0.000053
  0.000099
 -0.000238
  0.000177
 -0.000150
 -0.000251
 -0.000112
  0.000116
  0.000611
  0.000271
 -0.000342
 -0.000067
  0.000000
  0.000248
  0.000409
 -0.000496
 -0.000022
 -0.000115
 -0.000140
 -0.000032
  0.000017
 -0.000234
 -0.000307
 -0.000266
 -0.000265
  0.000295
 -0.000356
  0.000231
  0.000126
  0.000140
 -0.000009
  0.000061
  0.000054
  0.000251
 -0.000015
  0.000145
  0.000035
 -0.000127
 -0.000195
  0.000048
 -0.000005
 -0.000049
  0.000037
  0.000254
 -0.000062
 -0.000656
  0.000011
 -0.000267
 -0.000466
 -0.000393
  0.000047
 -0.000096
  0.000099
 -0.000116
  0.000146
  0.000075
  0.000112
  0.000095
  0.000146
  0.000130
 -0.000036
 -0.000027
 -0.000156
 -0.000009
  0.000013
  0.000111
 -0.000159
  0.000368
 -0.000186
 -0.000084
 -0.000129
 -0.000091
 -0.000223
 -0.000091
 -0.000136
  0.000030
  0.000191
  0.000029
  0.000306
 -0.000028
 -0.000245
 -0.000048
 -0.000225
 -0.000129
 -0.000234
 -0.000090
 -0.000053
  0.000005
  0.000202
 -0.000028
  0.000469
 -0.000252
 -0.000073
 -0.000151
  0.000082
  0.000071
  0.000136
 -0.000005
 -0.000059
  0.000152
 -0.000001
 -0.000068
 -0.000146
  0.000154
  0.000098
 -0.000092
 -0.000002
 -0.000176
 -0.000068
 -0.000337
 -0.000020
  0.000158
 -0.000008
  0.000175
 -0.000499
  0.000069
  0.000013
 -0.000021
 -0.000014
  0.000054
 -0.000113
  0.000159
 -0.000122
  0.000008
 -0.000092
 -0.000194
 -0.000142
  0.000160
  0.000239
  0.000319
  0.000082
  0.000139
 -0.000005
 -0.000116
  0.000058
  0.000263
  0.000133
 -0.000047
  0.000224
 -0.000074
  0.000138
 -0.000219
 -0.000003
 -0.000299
  0.000341
  0.000258
 -0.000228
  0.000042
 -0.000200
 -0.000079
 -0.000069
  0.000065
  0.000085
  0.000175
  0.000330
  0.000079
 -0.000160
  0.000243
  0.000071
 -0.000202
  0.000160
 -0.000057
  0.000044
 -0.000177
 -0.000185
  0.000025
  0.000179
  0.000129
  0.000181
  0.000020
  0.000198
 -0.000345
  0.000181
  0.000021
 -0.000700
 -0.000242
  0.000102
  0.000162
  0.000397
  0.000443
  0.000319
  0.000244
  0.000033
 -0.000336
  0.000005
  0.000422
  0.000382
  0.000135
 -0.000215
  0.000091
  0.000219
 -0.000356
  0.000086
 -0.000240
  0.000027
 -0.000001
  0.000469
 -0.000198
  0.000037
  0.000082
 -0.000040
 -0.000514
  0.000074
  0.000192
  0.000138
 -0.000479
 -0.000118
  0.000121
  0.000134
 -0.000040
  0.000110
  0.000148
 -0.000204
 -0.000109
  0.000090
  0.000039
 -0.000100
 -0.000108
 -0.000053
 -0.000060
 -0.000025
 -0.000199
 -0.000132
  0.000064
 -0.000010
 -0.000112
  0.000062
 -0.000088
  0.000025
 -0.000169
 -0.000161
  0.000193
  0.000063
 -0.000156
 -0.000124
 -0.000216
  0.000089
 -0.000271
 -0.000010
 -0.000042
  0.000231
 -0.000019
  0.000036
 -0.000061
 -0.000034
 -0.000206
 -0.000368
  0.000027
 -0.000153
 -0.000141
 -0.000093
 -0.000192
 -0.000250
  0.000174
 -0.000200
 -0.000069
  0.000112
  0.000214
 -0.000304
  0.000047
 -0.000067
 -0.000344
  0.000145
 -0.000126
  0.000032
  0.000031
 -0.000218
  0.000145
  0.000134
 -0.000068
  0.000154
  0.000103
 -0.000252
 -0.000049
 -0.000019
  0.000494
 -0.000025
 -0.000077
  0.000003
 -0.000414
 -0.000175
  0.000240
  0.000382
 -0.000272
 -0.000308
  0.000141
  0.000158
 -0.000233
  0.000157
  0.000084
  0.000147
 -0.000159
  0.000017
 -0.000069
  0.000072
  0.000084
 -0.000034
  0.000468
  0.000001
  0.000035
  0.000184
 -0.000218
  0.000033
 -0.000226
 -0.000216
 -0.000066
  0.000158
 -0.000103
 -0.000030
  0.000002
  0.000252
  0.000195
 -0.000050
  0.000035
  0.000166
  0.000013
 -0.000078
  0.000246
 -0.000046
  0.000079
 -0.000174
 -0.000102
 -0.000088
  0.000191
  0.000156
  0.000148
  0.000133
  0.000096
  0.000204
  0.000071
  0.000054
  0.000132
 -0.000103
 -0.000072
 -0.000035
  0.000034
  0.000064
  0.000227
  0.000028
 -0.000185
  0.000019
  0.000009
  0.000012
 -0.000004
  0.000081
  0.000306
 -0.000125
  0.000019
 -0.000137
  0.000079
 -0.000061
 -0.000173
 -0.000155
 -0.000166
 -0.000032
  0.000023
  0.000063
 -0.000253
  0.000015
 -0.000176
  0.000092
  0.000397
 -0.000125
  0.000121
  0.000012
  0.000097
  0.000033
  0.000265
  0.000137
 -0.000288
  0.000088
  0.000040
 -0.000025
 -0.000197
 -0.000220
  0.000200
 -0.000205
 -0.000054
 -0.000032
 -0.000170
  0.000533
 -0.000124
  0.000121
  0.000423
  0.000149
  0.000143
 -0.000279
 -0.000001
 -0.000273
 -0.000252
  0.000152
 -0.000023
  0.000007
  0.000057
 -0.000003
 -0.000270
 -0.000549
 -0.000186
 -0.000123
  0.000030
  0.000027
 -0.000186
  0.000021
 -0.000269
  0.000083
  0.000072
  0.000160
  0.000188
 -0.000001
  0.000201
 -0.000056
  0.000322
 -0.000060
 -0.000297
 -0.000084
  0.000093
 -0.000022
  0.000067
 -0.000004
 -0.000148
  0.000042
  0.000092
  0.000289
 -0.000167
  0.000134
 -0.000037
 -0.000010
 -0.000117
  0.000408
  0.000123
 -0.000262
  0.000023
 -0.000348
  0.000254
  0.000156
  0.000168
  0.000067
 -0.000116
 -0.000013
 -0.000157
  0.000069
 -0.000118
  0.000171
 -0.000143
 -0.000268
 -0.000121
  0.000003
  0.000265
  0.000062
  0.000054
  0.000122
 -0.000344
 -0.000200
 -0.000415
 -0.000134
 -0.000100
  0.000156
 -0.000086
  0.000059
  0.000068
  0.000314
 -0.000196
  0.000096
 -0.000028
 -0.000010
 -0.000193
 -0.000020
  0.000014
 -0.000042
 -0.000003
  0.000069
  0.000087
  0.000078
  0.000097
  0.000070
 -0.000074
 -0.000028
  0.000079
  0.000005
 -0.000029
  0.000011
  0.000091
 -0.000074
 -0.000086
  0.000086
  0.000109
  0.000101
 -0.000011
 -0.000026
  0.000007
 -0.000016
  0.000001
 -0.000029
 -0.000037
 -0.000002
 -0.000113
  0.000027
 -0.000145
 -0.000032
  0.000018
  0.000045
  0.000025
  0.000012
  0.000045
 -0.000191
 -0.000113
 -0.000192
 -0.000014
  0.000057
 -0.000133
 -0.000069
  0.000031
  0.000007
  0.000072
