  1    0.009269
  2    0.007222
  3    0.039031
  4    0.041838
  5    0.073967
  6    0.034673
  7    0.022688
  8    0.018591
  9    0.012066
 10    0.012538
 11    0.010451
 12    0.011310
 13    0.015136
 14    0.010061
 15    0.005874
 16    0.012040
 17    0.006581
 18    0.004706
 19    0.004918
 20    0.006361
 21    0.002021
 22    0.008635
 23    0.007573
 24    0.005553
 25    0.006212
 26    0.004512
 27    0.005044
 28    0.005638
 29    0.003183
 30    0.007145
 31    0.006026
 32    0.005657
 33    0.005096
 34    0.004742
 35    0.003537
 36    0.005511
 37    0.004488
 38    0.004160
 39    0.003589
 40    0.002988
 41    0.004243
 42    0.004057
 43    0.002164
 44    0.003156
 45    0.004635
 46    0.003897
 47    0.002529
 48    0.003452
 49    0.002043
 50    0.003586
 51    0.003562
 52    0.003388
 53    0.003041
 54    0.002469
 55    0.005413
 56    0.003071
 57    0.002266
 58    0.002536
 59    0.003537
 60    0.002537
 61    0.002934
 62    0.003356
 63    0.002544
 64    0.002085
 65    0.001979
 66    0.002096
 67    0.001578
 68    0.002249
 69    0.002976
 70    0.002082
 71    0.001891
 72    0.002900
 73    0.002364
 74    0.001583
 75    0.001573
 76    0.001545
 77    0.001862
 78    0.002375
 79    0.001446
 80    0.001577
 81    0.002261
 82    0.001629
 83    0.002105
 84    0.002308
 85    0.002819
 86    0.003670
 87    0.002427
 88    0.001897
 89    0.003239
 90    0.001974
 91    0.001894
 92    0.001896
 93    0.002250
 94    0.001467
 95    0.002104
 96    0.002294
 97    0.002666
 98    0.002092
 99    0.002222
100    0.001246
101    0.001589
102    0.001862
103    0.001638
104    0.001178
105    0.003035
106    0.001267
107    0.001555
108    0.001469
109    0.001859
110    0.001357
111    0.001237
112    0.001249
113    0.000891
114    0.001354
115    0.001543
116    0.001449
117    0.001238
118    0.001379
119    0.001111
120    0.001299
121    0.001423
122    0.001201
123    0.001835
124    0.001068
125    0.001282
126    0.000856
127    0.001761
128    0.000992
129    0.001439
130    0.001634
131    0.001218
132    0.001972
133    0.000893
134    0.001746
135    0.000703
136    0.001233
137    0.001324
138    0.001346
139    0.001191
140    0.001291
141    0.001623
142    0.000836
143    0.000501
144    0.001083
145    0.001329
146    0.001484
147    0.001439
148    0.000847
149    0.001443
150    0.000878
151    0.000923
152    0.001474
153    0.001158
154    0.001113
155    0.001203
156    0.001121
157    0.001810
158    0.001286
159    0.000746
160    0.000483
161    0.001120
162    0.001106
163    0.000929
164    0.001406
165    0.001139
166    0.001032
167    0.001752
168    0.000633
169    0.001095
170    0.000706
171    0.000649
172    0.001062
173    0.001106
174    0.000972
175    0.000761
176    0.000966
177    0.000945
178    0.001412
179    0.000889
180    0.000718
181    0.001010
182    0.001110
183    0.000880
184    0.000820
185    0.000831
186    0.000810
187    0.000894
188    0.000831
189    0.000991
190    0.001432
191    0.001001
192    0.000932
193    0.001124
194    0.001375
195    0.001086
196    0.000659
197    0.000818
198    0.001194
199    0.000939
200    0.001009
201    0.001236
202    0.001441
203    0.000796
204    0.000817
205    0.000830
206    0.000842
207    0.000710
208    0.000666
209    0.000676
210    0.001515
211    0.000965
212    0.000742
213    0.001124
214    0.000828
215    0.000754
216    0.000968
217    0.001113
218    0.000867
219    0.000923
220    0.000756
221    0.000636
222    0.000846
223    0.000846
224    0.000759
225    0.001095
226    0.000489
227    0.000972
228    0.000976
229    0.000581
230    0.001019
231    0.000836
232    0.000864
233    0.000650
234    0.000949
235    0.000864
236    0.000874
237    0.000659
238    0.000755
239    0.001083
240    0.000977
241    0.000871
242    0.000827
243    0.000831
244    0.000662
245    0.000445
246    0.000654
247    0.000599
248    0.001186
249    0.000793
250    0.000817
251    0.000753
252    0.000895
253    0.000697
254    0.000642
255    0.000528
256    0.001057
257    0.000463
258    0.000519
259    0.000671
260    0.000665
261    0.000646
262    0.000843
263    0.000509
264    0.000637
265    0.000587
266    0.000478
267    0.000736
268    0.000612
269    0.000782
270    0.000779
271    0.000629
272    0.000749
273    0.000776
274    0.000512
275    0.000824
276    0.000558
277    0.000768
278    0.001146
279    0.000595
280    0.000494
281    0.000917
282    0.000538
283    0.000731
284    0.000583
285    0.000933
286    0.000566
287    0.000686
288    0.000564
289    0.000776
290    0.000521
291    0.000821
292    0.000679
293    0.000658
294    0.000469
295    0.000672
296    0.000960
297    0.000578
298    0.000499
299    0.000632
300    0.000538
301    0.000526
302    0.000817
303    0.000772
304    0.000263
305    0.000675
306    0.001035
307    0.000361
308    0.000382
309    0.000418
310    0.000813
311    0.000369
312    0.000838
313    0.000497
314    0.000639
315    0.000638
316    0.000492
317    0.000633
318    0.000699
319    0.000861
320    0.000827
321    0.000457
322    0.000529
323    0.000426
324    0.000435
325    0.000645
326    0.000374
327    0.000793
328    0.000562
329    0.000482
330    0.000562
331    0.000684
332    0.000490
333    0.000375
334    0.000320
335    0.000514
336    0.000560
337    0.000604
338    0.000480
339    0.000539
340    0.000356
341    0.000534
342    0.000414
343    0.000720
344    0.000536
345    0.000450
346    0.000586
347    0.000596
348    0.000719
349    0.000403
350    0.000553
351    0.000845
352    0.000482
353    0.000573
354    0.000696
355    0.000427
356    0.000205
357    0.000542
358    0.000423
359    0.000485
360    0.000593
361    0.000439
362    0.000408
363    0.000335
364    0.000744
365    0.000437
366    0.000582
367    0.000679
368    0.000284
369    0.000737
370    0.000617
371    0.000649
372    0.000687
373    0.000741
374    0.000496
375    0.000486
376    0.000534
377    0.000401
378    0.000646
379    0.000597
380    0.000462
381    0.000586
382    0.000531
383    0.000341
384    0.000431
385    0.000532
386    0.000734
387    0.000526
388    0.000888
389    0.000458
390    0.000491
391    0.000863
392    0.000692
393    0.000582
394    0.000562
395    0.000512
396    0.000468
397    0.000527
398    0.000517
399    0.000450
400    0.000531
401    0.000371
402    0.000608
403    0.000678
404    0.000707
405    0.000463
406    0.000363
407    0.000540
408    0.000416
409    0.000382
410    0.000368
411    0.000228
412    0.000314
413    0.000408
414    0.000477
415    0.000495
416    0.000546
417    0.000367
418    0.000345
419    0.000452
420    0.000347
421    0.000440
422    0.000413
423    0.000359
424    0.000448
425    0.000397
426    0.000551
427    0.000244
428    0.000255
429    0.000507
430    0.000257
431    0.000540
432    0.000358
433    0.000313
434    0.000590
435    0.000334
436    0.000507
437    0.000493
438    0.000253
439    0.000380
440    0.000344
441    0.000404
442    0.000372
443    0.000601
444    0.000514
445    0.000320
446    0.000299
447    0.000333
448    0.000519
449    0.000293
450    0.000610
451    0.000290
452    0.000430
453    0.000417
454    0.000448
455    0.000436
456    0.000456
457    0.000537
458    0.000607
459    0.000419
460    0.000386
461    0.000489
462    0.000401
463    0.000528
464    0.000403
465    0.000405
466    0.000411
467    0.000438
468    0.000598
469    0.000586
470    0.000676
471    0.000394
472    0.000329
473    0.000307
474    0.000258
475    0.000428
476    0.000332
477    0.000254
478    0.000301
479    0.000295
480    0.000427
481    0.000361
482    0.000400
483    0.000527
484    0.000323
485    0.000302
486    0.000362
487    0.000411
488    0.000220
489    0.000402
490    0.000439
491    0.000357
492    0.000393
493    0.000307
494    0.000459
495    0.000365
496    0.000368
497    0.000283
498    0.000611
499    0.000292
500    0.000419
501    0.000457
502    0.000310
503    0.000308
504    0.000579
505    0.000410
506    0.000314
507    0.000283
508    0.000459
509    0.000435
510    0.000379
511    0.000440
512    0.000470
513    0.000387
514    0.000385
515    0.000439
516    0.000312
517    0.000302
518    0.000405
519    0.000313
520    0.000241
521    0.000339
522    0.000306
523    0.000225
524    0.000413
525    0.000340
526    0.000328
527    0.000383
528    0.000272
529    0.000446
530    0.000301
531    0.000236
532    0.000541
533    0.000370
534    0.000212
535    0.000691
536    0.000196
537    0.000654
538    0.000366
539    0.000276
540    0.000448
541    0.000338
542    0.000324
543    0.000291
544    0.000404
545    0.000384
546    0.000355
547    0.000358
548    0.000355
549    0.000370
550    0.000296
551    0.000263
552    0.000330
553    0.000347
554    0.000378
555    0.000374
556    0.000279
557    0.000222
558    0.000356
559    0.000410
560    0.000435
561    0.000248
562    0.000378
563    0.000465
564    0.000305
565    0.000371
566    0.000303
567    0.000326
568    0.000226
569    0.000251
570    0.000253
571    0.000316
572    0.000371
573    0.000313
574    0.000423
575    0.000263
576    0.000218
577    0.000248
578    0.000274
579    0.000438
580    0.000257
581    0.000261
582    0.000386
583    0.000311
584    0.000326
585    0.000165
586    0.000360
587    0.000234
588    0.000310
589    0.000216
590    0.000352
591    0.000277
592    0.000415
593    0.000376
594    0.000234
595    0.000281
596    0.000413
597    0.000409
598    0.000210
599    0.000438
600    0.000375
601    0.000296
602    0.000284
603    0.000256
604    0.000214
605    0.000359
606    0.000280
607    0.000405
608    0.000283
609    0.000356
610    0.000254
611    0.000279
612    0.000243
613    0.000283
614    0.000309
615    0.000367
616    0.000293
617    0.000324
618    0.000231
619    0.000258
620    0.000328
621    0.000282
622    0.000232
623    0.000360
624    0.000217
625    0.000330
626    0.000310
627    0.000277
628    0.000278
629    0.000274
630    0.000335
631    0.000350
632    0.000351
633    0.000361
634    0.000311
635    0.000164
636    0.000352
637    0.000262
638    0.000409
639    0.000275
640    0.000385
641    0.000417
642    0.000354
643    0.000374
644    0.000379
645    0.000360
646    0.000332
647    0.000283
648    0.000310
649    0.000257
650    0.000404
651    0.000349
652    0.000385
653    0.000294
654    0.000250
655    0.000318
656    0.000537
657    0.000263
658    0.000267
659    0.000367
660    0.000214
661    0.000444
662    0.000251
663    0.000245
664    0.000262
665    0.000251
666    0.000374
667    0.000213
668    0.000310
669    0.000393
670    0.000327
671    0.000372
672    0.000265
673    0.000336
674    0.000219
675    0.000338
676    0.000244
677    0.000315
678    0.000331
679    0.000208
680    0.000325
681    0.000312
682    0.000292
683    0.000236
684    0.000245
685    0.000184
686    0.000352
687    0.000291
688    0.000321
689    0.000252
690    0.000302
691    0.000254
692    0.000172
693    0.000221
694    0.000226
695    0.000225
696    0.000332
697    0.000254
698    0.000202
699    0.000227
700    0.000477
701    0.000126
702    0.000152
703    0.000184
704    0.000161
705    0.000189
706    0.000267
707    0.000246
708    0.000233
709    0.000290
710    0.000305
711    0.000149
712    0.000237
713    0.000264
714    0.000228
715    0.000245
716    0.000166
717    0.000208
718    0.000163
719    0.000247
720    0.000175
721    0.000185
722    0.000277
723    0.000370
724    0.000212
725    0.000276
726    0.000246
727    0.000249
728    0.000242
729    0.000264
730    0.000247
731    0.000295
732    0.000280
733    0.000112
734    0.000191
735    0.000229
736    0.000302
737    0.000129
738    0.000225
739    0.000261
740    0.000347
741    0.000167
742    0.000262
743    0.000283
744    0.000317
745    0.000233
746    0.000272
747    0.000240
748    0.000172
749    0.000290
750    0.000232
751    0.000147
752    0.000230
753    0.000225
754    0.000156
755    0.000353
756    0.000159
757    0.000323
758    0.000308
759    0.000183
760    0.000276
761    0.000217
762    0.000145
763    0.000226
764    0.000348
765    0.000262
766    0.000140
767    0.000249
768    0.000293
769    0.000172
770    0.000226
771    0.000341
772    0.000257
773    0.000317
774    0.000326
775    0.000129
776    0.000255
777    0.000347
778    0.000159
779    0.000178
780    0.000197
781    0.000217
782    0.000239
783    0.000113
784    0.000211
785    0.000270
786    0.000153
787    0.000099
788    0.000270
789    0.000187
790    0.000241
791    0.000198
792    0.000367
793    0.000299
794    0.000176
795    0.000268
796    0.000150
797    0.000250
798    0.000149
799    0.000390
800    0.000381
801    0.000242
802    0.000214
803    0.000219
804    0.000213
805    0.000274
806    0.000274
807    0.000263
808    0.000223
809    0.000117
810    0.000126
811    0.000128
812    0.000088
813    0.000149
814    0.000267
815    0.000284
816    0.000224
817    0.000141
818    0.000203
819    0.000200
820    0.000139
821    0.000322
822    0.000220
823    0.000321
824    0.000230
825    0.000407
