  0.000428
  0.226113
  0.000109
  0.049307
 -0.102650
 -0.103954
  0.163993
  0.942145
 -0.000224
  0.005431
 -0.001078
 -0.015928
  0.055163
  0.027572
 -0.009088
  0.000246
  0.018116
  0.005371
  0.000147
 -0.013530
 -0.033930
  0.000663
  0.006896
 -0.017294
  0.013780
  0.008567
 -0.019351
  0.000797
  0.006108
 -0.004041
  0.012668
  0.004568
 -0.001799
  0.006313
  0.003128
 -0.018189
  0.024406
  0.003264
  0.005141
  0.002779
  0.002879
  0.002351
  0.004117
  0.000553
  0.006316
  0.011165
  0.002999
  0.000160
 -0.003070
  0.008204
  0.008442
 -0.001733
 -0.001330
  0.000906
  0.000761
 -0.000671
 -0.001783
 -0.006984
  0.004062
  0.009154
  0.001139
 -0.001428
 -0.008640
 -0.009230
 -0.006496
 -0.000634
 -0.001894
 -0.004700
 -0.005347
  0.002380
  0.004325
 -0.002652
  0.003405
 -0.000965
 -0.001809
  0.003535
  0.001123
 -0.004397
  0.002721
  0.001728
  0.001658
 -0.004364
 -0.004472
 -0.002221
  0.004203
  0.000329
  0.002060
 -0.000535
 -0.000548
 -0.004796
 -0.004741
  0.000543
  0.003501
  0.000756
  0.003318
  0.001021
  0.000267
 -0.002082
 -0.001546
  0.000293
  0.003434
 -0.006299
  0.002715
  0.000067
  0.001407
 -0.003240
 -0.003220
  0.001930
  0.000429
 -0.014042
 -0.003326
 -0.000749
  0.000930
 -0.005030
 -0.002699
 -0.001006
 -0.002834
 -0.008456
 -0.004032
 -0.002463
  0.001529
 -0.002145
  0.001947
 -0.001656
  0.001164
  0.001738
 -0.000549
  0.001738
 -0.003644
  0.003036
  0.001698
  0.000748
  0.003549
 -0.002468
 -0.000150
  0.000016
 -0.001841
  0.000108
 -0.001288
  0.004374
 -0.011499
  0.005659
  0.002970
 -0.000054
 -0.003938
  0.002784
  0.000731
  0.001877
  0.001798
 -0.003426
  0.000012
 -0.001212
  0.000820
  0.000864
  0.001423
 -0.000503
  0.000074
  0.000794
 -0.000181
  0.001363
 -0.001075
 -0.001852
 -0.000711
  0.000502
 -0.000319
 -0.001108
 -0.001373
  0.001338
  0.000333
 -0.001030
  0.000385
 -0.000354
  0.000442
  0.000336
 -0.001938
  0.001771
 -0.000725
  0.000830
  0.002170
  0.000833
  0.000155
  0.001278
  0.000221
  0.000724
 -0.000253
 -0.000321
  0.000075
 -0.000623
  0.001070
  0.001170
 -0.000861
  0.000003
 -0.003624
 -0.000495
 -0.001135
 -0.002253
 -0.000397
 -0.001997
 -0.001347
  0.003595
  0.001824
  0.002215
 -0.002503
  0.000507
 -0.000523
  0.003022
  0.001325
  0.000550
  0.001682
  0.001811
  0.000407
 -0.004368
 -0.000388
  0.000862
 -0.000247
  0.001652
  0.001637
 -0.000857
  0.001741
 -0.000674
 -0.000551
  0.000589
 -0.002021
  0.000640
 -0.002008
 -0.001575
  0.001280
  0.002547
 -0.004018
  0.000005
  0.000469
 -0.002083
 -0.002812
 -0.001353
  0.000591
  0.001718
 -0.000957
 -0.000088
  0.002708
 -0.000949
 -0.000226
  0.003929
  0.000147
 -0.000887
  0.001318
 -0.001040
  0.004497
 -0.000935
  0.000521
  0.000953
  0.000308
  0.000483
  0.000171
 -0.000701
  0.004051
  0.001563
  0.003585
  0.000785
  0.001627
 -0.000597
  0.000790
  0.001803
 -0.001297
  0.000030
  0.000103
  0.003432
 -0.000410
  0.000456
 -0.000656
  0.000405
  0.000002
 -0.001690
 -0.000533
  0.004333
 -0.001255
 -0.001454
 -0.000065
 -0.000326
  0.000391
  0.000390
  0.000088
 -0.000050
  0.001062
  0.000462
 -0.000285
 -0.000939
  0.000237
  0.000187
  0.000497
 -0.000534
 -0.001429
  0.000779
  0.002109
  0.000738
 -0.000194
 -0.001995
 -0.000422
  0.000345
 -0.002494
 -0.000001
  0.001107
  0.000886
  0.000492
  0.002403
  0.000188
  0.000638
 -0.000615
  0.000828
 -0.002682
  0.000684
  0.000090
 -0.000142
  0.000414
  0.000773
 -0.002064
  0.002396
 -0.002121
 -0.000033
  0.001634
 -0.000451
  0.000453
 -0.001358
 -0.000059
 -0.003184
 -0.000487
 -0.000668
 -0.000411
  0.001193
  0.000873
  0.000394
 -0.000204
 -0.001017
 -0.000002
 -0.000212
 -0.000176
  0.000616
 -0.001037
  0.000703
 -0.001442
  0.001734
  0.000603
  0.000031
  0.000047
 -0.003855
 -0.000263
  0.000532
  0.002554
  0.000066
 -0.001436
 -0.000211
  0.001005
  0.000097
  0.000054
  0.000102
 -0.000102
  0.000361
 -0.000352
 -0.000704
 -0.001755
 -0.001436
  0.001455
  0.000032
  0.000852
 -0.000767
  0.000115
  0.000001
 -0.000072
  0.000718
 -0.000389
  0.002958
  0.000757
  0.004596
 -0.001767
 -0.000633
  0.000052
 -0.000125
  0.001134
 -0.000597
  0.000468
  0.001826
 -0.000241
  0.000977
  0.003539
  0.002395
 -0.001902
 -0.000832
  0.000375
  0.002033
  0.000496
 -0.000028
  0.001641
  0.001333
  0.001725
  0.000091
 -0.001044
 -0.000973
  0.000115
  0.000263
  0.000663
  0.002053
  0.000889
  0.001315
  0.000924
 -0.000276
  0.000085
 -0.002941
 -0.001528
 -0.001774
  0.001657
  0.000440
  0.000996
 -0.000323
 -0.000352
  0.000147
  0.000481
 -0.001577
  0.000727
  0.000721
 -0.000092
  0.001087
 -0.000308
 -0.000631
 -0.000309
 -0.001052
 -0.001738
  0.000060
  0.001540
  0.000382
 -0.002578
 -0.000278
  0.001071
 -0.001979
 -0.000000
 -0.003090
  0.001067
 -0.001285
  0.002201
 -0.000459
 -0.000421
 -0.000322
  0.000776
  0.000829
  0.000399
 -0.000993
 -0.001209
  0.000335
 -0.000374
  0.000625
 -0.000409
 -0.001670
 -0.000232
 -0.000619
 -0.000376
 -0.000699
  0.000451
 -0.000398
  0.000593
 -0.000477
  0.000279
 -0.000084
  0.001675
  0.002207
  0.000781
  0.000690
  0.001085
  0.000832
 -0.000182
  0.001547
 -0.000757
 -0.000851
 -0.000534
 -0.000022
 -0.000637
 -0.000326
 -0.000405
  0.000203
  0.000713
  0.000408
  0.000220
  0.000068
  0.000133
  0.000065
  0.000008
 -0.000065
  0.000504
  0.000411
  0.000426
 -0.000012
  0.000844
  0.000934
  0.000485
 -0.000533
  0.000403
 -0.000849
 -0.000296
  0.001657
 -0.000916
 -0.000522
 -0.000116
 -0.000534
  0.000287
 -0.000493
 -0.000440
  0.000592
 -0.000483
 -0.001372
 -0.000751
  0.000455
  0.000082
  0.000925
 -0.000630
  0.000201
  0.000688
  0.000166
 -0.000461
 -0.001079
 -0.000594
  0.000707
 -0.001301
  0.000281
 -0.000551
 -0.000017
  0.000074
 -0.000539
  0.000212
  0.000267
  0.000538
  0.000164
 -0.000679
  0.000968
  0.000594
  0.002367
 -0.000231
  0.000060
  0.000069
  0.000381
 -0.000033
  0.000271
  0.000463
  0.000285
  0.000464
  0.000486
  0.000487
  0.000349
 -0.000301
  0.000167
 -0.000118
 -0.000263
 -0.001079
 -0.000312
  0.000315
  0.000338
 -0.000184
 -0.000356
  0.000279
  0.000147
 -0.000591
 -0.000092
  0.000566
 -0.000202
 -0.000042
  0.001017
 -0.001235
  0.000494
  0.000659
 -0.000476
 -0.001031
 -0.000311
 -0.001495
 -0.000145
 -0.000334
 -0.000434
 -0.000676
 -0.000074
  0.000356
 -0.000950
  0.000590
  0.000130
 -0.000697
 -0.000085
  0.000032
 -0.000219
  0.001009
 -0.000111
  0.000619
  0.000658
  0.000072
 -0.000162
 -0.000665
  0.000061
 -0.000298
 -0.000036
 -0.000397
 -0.000499
  0.000879
  0.000191
 -0.000245
  0.001037
  0.000021
  0.000750
 -0.000447
 -0.000467
 -0.000336
 -0.000107
  0.000230
 -0.000329
  0.001026
 -0.000632
  0.000329
 -0.000434
  0.000889
  0.000015
 -0.000986
 -0.000299
 -0.000421
 -0.000905
  0.000563
  0.000168
 -0.000210
  0.000474
  0.000074
 -0.000417
  0.000885
 -0.000318
 -0.000583
 -0.000182
  0.000745
  0.000020
 -0.000149
  0.000461
  0.000226
  0.000770
  0.000209
  0.000438
  0.001507
 -0.000280
  0.000356
 -0.000347
 -0.000305
  0.000375
  0.000179
 -0.001015
 -0.000499
 -0.000527
 -0.000228
  0.000412
  0.001584
 -0.000621
  0.000223
 -0.000542
 -0.000205
  0.000433
 -0.000973
 -0.000120
 -0.000051
  0.000451
  0.000440
  0.000340
 -0.000233
  0.000139
  0.000264
 -0.000494
 -0.000505
  0.000144
 -0.000489
  0.000423
 -0.000067
  0.000063
 -0.000173
 -0.000048
  0.000092
 -0.000080
  0.000010
 -0.000254
 -0.000207
  0.000058
  0.000216
  0.000516
  0.000063
 -0.000884
  0.000164
  0.000443
 -0.000445
  0.000792
  0.000659
 -0.000015
  0.000422
  0.000264
  0.000531
 -0.001589
 -0.000012
  0.000256
  0.000482
  0.000033
 -0.000395
 -0.000880
  0.000445
 -0.000326
  0.000613
 -0.000293
  0.000156
 -0.000212
 -0.000584
 -0.000103
  0.000594
  0.000525
  0.000322
  0.000370
 -0.000280
 -0.000345
 -0.000251
  0.000620
 -0.000273
 -0.000004
  0.000619
  0.000614
 -0.000376
 -0.000414
  0.000309
  0.001867
  0.000365
 -0.002019
  0.000539
 -0.000493
 -0.001428
 -0.000869
 -0.000183
  0.000196
 -0.000316
 -0.000339
  0.000528
 -0.000558
 -0.000087
 -0.000372
  0.000227
 -0.000024
 -0.000449
 -0.000564
  0.000138
 -0.000006
 -0.000884
  0.000264
 -0.000142
 -0.001356
 -0.000349
  0.000074
  0.000168
 -0.000034
  0.000205
 -0.000162
  0.000291
 -0.000318
  0.000037
  0.000322
  0.000066
  0.000091
  0.000146
 -0.000081
 -0.000101
  0.000034
  0.000118
 -0.000371
 -0.000043
 -0.000182
 -0.000001
 -0.000196
  0.000184
 -0.000230
 -0.000026
 -0.002162
  0.000090
  0.000407
 -0.000975
  0.000138
  0.000119
 -0.001541
 -0.000541
  0.000538
  0.000436
 -0.000157
  0.000399
  0.000080
 -0.000171
 -0.000861
 -0.000042
  0.000067
  0.000275
  0.000318
 -0.000028
  0.000005
 -0.000713
  0.000750
 -0.000650
  0.000529
  0.000219
  0.000200
 -0.000882
 -0.000067
  0.000298
 -0.000160
 -0.000588
 -0.000013
 -0.000262
 -0.000181
  0.000653
 -0.000212
 -0.000434
 -0.000017
 -0.000033
 -0.000054
  0.000378
  0.000298
  0.000210
  0.000174
 -0.000232
 -0.000110
  0.000000
  0.000144
 -0.000065
  0.000152
 -0.000117
  0.000312
 -0.000080
 -0.000162
 -0.000123
