  0.083011
 -0.030798
  0.988560
 -0.009519
  0.069693
  0.022540
 -0.008977
  0.030296
 -0.022893
  0.028840
  0.002487
 -0.010307
  0.018293
  0.010442
 -0.005846
  0.038557
  0.010601
 -0.050852
  0.015917
 -0.004106
 -0.001746
 -0.012709
  0.010702
  0.002001
  0.009516
 -0.000106
  0.006827
 -0.012656
  0.007759
  0.000450
  0.003309
  0.010793
 -0.004119
 -0.003903
 -0.001063
 -0.004402
  0.010426
  0.001488
  0.000682
  0.000034
 -0.005010
  0.001128
  0.000360
  0.001820
  0.002915
 -0.006769
  0.005463
  0.000893
  0.003470
  0.000658
  0.000786
 -0.004377
 -0.004450
  0.001975
 -0.000844
  0.000962
 -0.001763
  0.000530
 -0.002161
 -0.001800
 -0.002795
 -0.001349
 -0.001702
 -0.004235
  0.007242
 -0.003683
  0.001204
 -0.002678
  0.000920
  0.004732
 -0.004030
  0.000192
 -0.001729
 -0.000186
  0.000155
  0.001459
 -0.000013
  0.000351
 -0.001194
  0.000279
 -0.000979
 -0.000215
  0.001193
  0.000733
 -0.000406
  0.000040
 -0.001246
  0.002270
  0.000082
 -0.000512
  0.002626
  0.000533
 -0.001725
 -0.000267
 -0.001022
 -0.003397
  0.001431
  0.001177
  0.000195
  0.002489
 -0.000029
  0.002596
 -0.001801
  0.004010
  0.002145
  0.009847
  0.001192
 -0.001319
 -0.000600
  0.001222
 -0.002309
 -0.004691
  0.003319
  0.000269
  0.004148
 -0.003640
 -0.001631
 -0.001975
  0.000790
  0.005147
  0.000852
  0.001754
  0.003052
 -0.001394
  0.000105
  0.001843
  0.002822
  0.000963
  0.000159
 -0.002936
  0.001201
 -0.001896
  0.002221
  0.005721
 -0.001868
  0.000743
 -0.002174
  0.001929
 -0.002494
 -0.001102
 -0.000607
 -0.003812
  0.000349
  0.002246
 -0.001581
 -0.001770
 -0.000362
  0.000738
 -0.001575
  0.001779
  0.001167
 -0.000368
 -0.002014
 -0.000565
 -0.001909
 -0.001546
 -0.001855
  0.000190
 -0.000748
 -0.001319
  0.000837
 -0.001094
 -0.000045
  0.000381
  0.001846
 -0.000034
  0.003058
  0.000618
  0.000353
  0.001091
 -0.000109
  0.000438
 -0.002910
 -0.001251
 -0.003999
 -0.000403
 -0.000547
 -0.001223
  0.001251
 -0.001159
 -0.000801
 -0.001368
 -0.000534
  0.000316
  0.000789
 -0.002149
  0.002191
  0.000235
 -0.000136
  0.000016
 -0.001892
 -0.000647
  0.000371
  0.000430
 -0.000095
 -0.000448
  0.000831
  0.000291
 -0.001084
 -0.003076
 -0.000193
 -0.000346
 -0.000398
  0.002726
 -0.001285
 -0.002234
  0.002071
  0.001512
 -0.001279
  0.000459
  0.000636
  0.000451
  0.000929
  0.000054
 -0.000326
  0.003648
  0.000217
 -0.000857
 -0.000770
 -0.000556
 -0.000328
 -0.001349
 -0.000961
  0.001208
  0.000413
  0.001261
  0.000433
  0.002262
 -0.000230
  0.001160
 -0.000446
 -0.000366
  0.000189
  0.000740
 -0.000372
 -0.000900
  0.000510
  0.001029
 -0.000172
 -0.001394
  0.001030
  0.000732
 -0.000167
  0.001363
 -0.000010
 -0.000474
 -0.001606
 -0.000407
 -0.000509
 -0.000142
 -0.000058
  0.000341
  0.000836
  0.001060
  0.000460
  0.000312
  0.001203
 -0.000494
 -0.000041
 -0.000115
  0.000030
 -0.000374
  0.000579
 -0.000421
 -0.001726
  0.000637
  0.000507
 -0.000615
  0.000406
  0.000490
 -0.000693
  0.000489
 -0.000563
  0.000422
  0.000288
  0.000157
 -0.000718
  0.000232
 -0.000006
 -0.000531
 -0.000503
  0.000320
 -0.000184
 -0.000024
 -0.000773
  0.000280
  0.000057
 -0.000193
  0.003264
  0.000307
 -0.000120
 -0.002258
  0.000015
 -0.000627
 -0.000380
  0.001331
  0.000028
 -0.000362
  0.000536
 -0.000101
 -0.000856
 -0.002463
  0.000116
 -0.000931
 -0.000646
  0.001038
 -0.001220
 -0.000277
 -0.001641
 -0.000091
  0.000288
  0.000668
  0.000608
 -0.000267
  0.000055
  0.000612
 -0.001779
 -0.000425
 -0.000453
  0.000385
 -0.000329
 -0.000332
  0.001288
  0.000679
 -0.000211
  0.000126
  0.001283
 -0.000345
  0.000204
 -0.000927
  0.002841
 -0.001173
  0.000534
 -0.000072
 -0.000948
  0.002528
 -0.001443
 -0.001454
  0.000033
 -0.000193
 -0.000142
  0.000923
 -0.000699
  0.001000
  0.000783
  0.000267
  0.000149
 -0.000632
  0.000673
 -0.000317
  0.000915
  0.000346
 -0.000048
  0.000158
  0.000094
  0.000414
 -0.001194
  0.000028
  0.000255
  0.000317
  0.000006
  0.000404
  0.000128
  0.000003
 -0.000660
  0.000515
 -0.000508
 -0.000229
 -0.000910
  0.000831
 -0.000411
  0.000351
  0.000013
 -0.000529
  0.000931
 -0.000478
 -0.000360
  0.000604
  0.000075
 -0.000582
 -0.000299
 -0.000197
  0.000670
 -0.000070
 -0.000187
  0.000102
 -0.000359
 -0.000800
  0.000164
 -0.000245
  0.000906
  0.000145
  0.000428
  0.000467
  0.000485
 -0.000093
 -0.000378
  0.001274
 -0.000951
 -0.000348
  0.000030
  0.000610
 -0.000037
  0.000362
  0.001509
  0.000187
  0.000030
  0.000291
  0.000378
 -0.000025
  0.000748
 -0.000118
 -0.000202
 -0.000185
  0.000503
 -0.000043
  0.000581
  0.000096
  0.000417
  0.000431
 -0.000414
 -0.000568
  0.000012
  0.000647
  0.000270
 -0.000310
 -0.000257
  0.000001
  0.000240
 -0.000458
  0.000428
 -0.000429
  0.000105
  0.000606
 -0.000509
 -0.001847
 -0.000446
 -0.000748
  0.000379
  0.002801
 -0.000345
 -0.000087
  0.000157
 -0.000237
  0.000491
 -0.001209
  0.002232
  0.000235
 -0.000865
 -0.000574
  0.000965
 -0.001002
 -0.000275
  0.000019
 -0.001088
 -0.000199
 -0.000682
  0.001056
 -0.000720
 -0.000202
  0.000005
  0.001177
 -0.000016
  0.000775
 -0.001954
 -0.000736
 -0.000936
 -0.000543
  0.000203
  0.000864
 -0.000639
  0.000201
  0.001032
  0.000792
 -0.000090
 -0.000481
  0.000853
  0.000005
 -0.000556
  0.001498
 -0.000011
  0.000678
 -0.000348
  0.001780
  0.000938
  0.000689
 -0.000215
 -0.000484
  0.000137
 -0.000188
  0.000774
  0.000819
  0.001032
 -0.000240
  0.000116
 -0.001134
 -0.001623
 -0.001193
  0.000027
  0.000747
  0.000239
 -0.000915
 -0.000929
  0.000766
 -0.000455
  0.000479
 -0.000997
 -0.000432
 -0.000587
  0.000034
 -0.000286
 -0.000049
 -0.000395
 -0.000214
  0.000162
  0.000477
  0.001215
 -0.000391
  0.000183
 -0.000133
  0.000880
 -0.000651
  0.000066
  0.000548
  0.000793
  0.001470
 -0.001115
 -0.000067
  0.000654
 -0.001184
 -0.000265
 -0.000134
 -0.000064
 -0.000047
 -0.000055
 -0.000376
  0.000327
  0.000099
  0.000034
 -0.000324
 -0.000056
  0.000423
 -0.000119
 -0.000092
  0.000205
  0.000174
 -0.000130
 -0.000019
 -0.000015
  0.000418
  0.000256
 -0.000074
  0.000159
 -0.000548
  0.000189
 -0.000061
 -0.000439
  0.000202
 -0.000200
  0.000189
  0.000135
 -0.000321
  0.000117
 -0.000847
  0.000353
  0.000403
  0.000648
  0.000108
 -0.000437
  0.000268
 -0.000288
 -0.000008
  0.000171
 -0.000148
  0.000319
 -0.000051
  0.000145
 -0.000048
 -0.000519
  0.000308
  0.000110
  0.000145
 -0.000001
 -0.000009
 -0.000383
 -0.000245
 -0.000667
 -0.000753
  0.000315
  0.000018
 -0.000000
 -0.000327
  0.000385
 -0.001155
 -0.000660
 -0.000112
  0.000228
 -0.000106
  0.000037
  0.000304
 -0.000002
  0.000425
 -0.002003
  0.000570
 -0.000432
 -0.000635
  0.000407
 -0.000183
  0.001114
  0.000166
 -0.000432
  0.000675
 -0.000406
 -0.000114
  0.000317
  0.000409
  0.000419
  0.000738
 -0.000237
  0.000396
 -0.000135
 -0.000343
  0.000616
  0.000049
  0.000045
 -0.000123
  0.000036
 -0.000081
 -0.000257
  0.000140
 -0.000064
 -0.000537
  0.000191
 -0.001360
  0.000139
  0.000098
 -0.000014
  0.000129
  0.000006
  0.000353
  0.000103
  0.001526
 -0.000474
  0.000059
  0.000055
  0.000291
 -0.000336
  0.000128
 -0.000896
  0.000164
  0.000361
 -0.000366
 -0.000789
  0.000191
  0.000303
  0.000096
 -0.000400
 -0.000400
  0.001162
  0.000189
 -0.000058
 -0.000410
 -0.000108
  0.000273
 -0.000405
  0.000150
  0.000100
 -0.000216
 -0.000080
 -0.000730
 -0.000726
  0.000622
 -0.000057
  0.000225
 -0.000056
  0.000682
 -0.000062
  0.000488
  0.000316
 -0.000120
 -0.000027
 -0.000443
  0.000315
  0.000338
 -0.000314
  0.000624
 -0.000313
  0.000371
  0.000464
  0.000061
 -0.000242
 -0.000102
  0.000490
  0.000240
  0.000348
 -0.000016
  0.000020
 -0.000297
 -0.000802
  0.001246
  0.000042
  0.000019
 -0.000231
 -0.000234
 -0.000420
  0.000171
  0.000786
  0.000086
 -0.000469
  0.001271
 -0.000629
  0.001779
  0.000252
  0.000413
  0.000419
  0.000782
  0.000557
 -0.001197
 -0.000653
 -0.000691
  0.000154
  0.000731
  0.000698
 -0.000303
 -0.000504
  0.000213
 -0.000028
 -0.000022
 -0.000143
 -0.000015
  0.000156
 -0.000341
  0.000630
  0.000243
 -0.000024
  0.000287
 -0.000237
  0.000350
 -0.000531
 -0.000322
 -0.000613
  0.000141
 -0.000821
 -0.000096
  0.000043
 -0.000121
  0.000030
 -0.000440
  0.000398
 -0.000296
 -0.000304
 -0.000135
 -0.000258
 -0.000052
 -0.000071
 -0.000162
 -0.000309
  0.000236
 -0.000018
  0.000110
  0.000240
 -0.000109
 -0.000105
  0.000328
 -0.000175
  0.000552
 -0.000023
 -0.000321
  0.000358
  0.000270
  0.000111
 -0.000096
  0.000253
  0.000413
  0.000503
  0.000154
  0.000203
 -0.000037
  0.000050
  0.000159
  0.000219
 -0.000289
  0.000113
  0.000303
 -0.000452
  0.000157
 -0.000262
  0.000070
 -0.000173
  0.000133
  0.000750
  0.000082
  0.000291
  0.000222
 -0.000466
 -0.000348
  0.000073
  0.000795
 -0.000316
 -0.000037
 -0.000246
  0.000041
 -0.000413
 -0.000223
  0.000299
 -0.000501
  0.000496
 -0.000042
 -0.000095
 -0.000010
 -0.000063
  0.000214
 -0.000138
 -0.000024
  0.000031
 -0.000037
 -0.000048
  0.000043
  0.000087
 -0.000010
 -0.000067
  0.000108
  0.000083
  0.000282
 -0.000063
