  0.114911
 -0.204422
 -0.339559
  0.823993
 -0.234476
  0.250496
  0.029916
 -0.026615
 -0.126580
  0.000940
  0.061609
  0.000867
 -0.001104
  0.051350
 -0.027330
 -0.003060
 -0.002111
 -0.002792
 -0.003754
  0.002252
  0.038715
 -0.018011
  0.002887
 -0.002141
  0.020807
  0.000375
 -0.019858
 -0.017011
 -0.021733
 -0.002599
 -0.015185
 -0.023019
 -0.001738
  0.002640
 -0.015075
  0.013412
  0.000084
  0.010046
  0.007846
 -0.002853
  0.005860
  0.010124
  0.003478
 -0.015817
 -0.004078
 -0.002855
  0.005561
  0.002987
 -0.006405
  0.012366
 -0.000108
  0.005859
  0.009565
  0.005255
 -0.002559
 -0.005512
  0.005486
  0.013285
  0.018088
 -0.001388
  0.001198
 -0.002864
 -0.000165
  0.001434
 -0.004757
 -0.001694
  0.000088
  0.000478
 -0.004229
  0.004082
 -0.000187
  0.002206
 -0.006706
  0.004256
 -0.000936
  0.008446
 -0.001177
 -0.011491
  0.002332
  0.004620
 -0.001234
  0.003276
  0.005912
  0.004637
  0.004809
  0.014625
 -0.003938
 -0.005316
 -0.000524
 -0.005658
  0.002045
  0.004951
  0.001321
 -0.009534
  0.000739
 -0.001692
  0.000389
  0.000924
  0.004354
 -0.008330
 -0.003892
  0.000469
 -0.010807
 -0.004083
  0.000593
 -0.000237
  0.000000
  0.003667
  0.002765
 -0.000410
 -0.005543
  0.003233
  0.001225
 -0.004028
 -0.005839
  0.000219
  0.002779
 -0.002379
 -0.002119
  0.003379
 -0.000811
 -0.000766
 -0.004043
 -0.002116
 -0.001188
  0.001461
  0.001224
 -0.002103
  0.000822
  0.000737
 -0.001111
 -0.001212
  0.000800
 -0.002769
 -0.001459
 -0.000240
  0.001139
  0.001451
  0.000393
  0.000759
 -0.000676
 -0.000132
  0.000492
 -0.000429
  0.000392
  0.000137
 -0.001163
  0.000748
  0.000081
  0.000139
 -0.004258
 -0.002619
 -0.000575
  0.000813
  0.003772
  0.002142
  0.002879
  0.000348
 -0.003260
  0.003857
 -0.001020
  0.000653
  0.000819
  0.002398
  0.000775
 -0.000741
 -0.001506
  0.000353
  0.000765
  0.000120
  0.000809
 -0.002920
  0.001529
  0.002886
 -0.003312
 -0.001038
 -0.000689
  0.000165
  0.001128
 -0.000104
  0.003164
  0.000327
  0.001680
  0.000326
 -0.000263
 -0.002014
 -0.000725
 -0.000215
 -0.002194
  0.000286
  0.000892
 -0.000061
 -0.000419
  0.000316
  0.000119
  0.000276
 -0.000037
 -0.000464
 -0.000773
  0.000155
  0.000188
  0.000598
 -0.000015
  0.002295
 -0.000719
  0.000210
  0.001737
 -0.000192
 -0.000511
  0.000992
  0.000041
 -0.000244
  0.000345
 -0.000086
  0.000076
  0.001111
 -0.000387
 -0.000393
 -0.000123
 -0.001686
 -0.000487
  0.000568
  0.002249
 -0.001302
  0.000610
  0.000323
  0.001947
  0.004241
  0.000280
 -0.002186
  0.006187
  0.001674
  0.005651
  0.000172
  0.004124
 -0.006312
  0.002201
 -0.002663
 -0.000252
 -0.000781
  0.000196
  0.005298
  0.000617
  0.001040
  0.000458
 -0.001024
  0.000228
  0.000706
  0.003290
 -0.000695
 -0.001356
 -0.000017
  0.002683
  0.002477
  0.000734
 -0.001944
  0.000337
 -0.000036
 -0.000509
  0.000599
  0.000504
  0.001161
 -0.000718
  0.000519
 -0.001373
  0.000450
 -0.000015
  0.000413
 -0.000639
  0.000219
  0.000267
  0.000205
  0.000027
 -0.000698
 -0.000116
 -0.000486
 -0.000111
  0.000493
 -0.000592
  0.000088
 -0.000043
 -0.000003
 -0.000786
 -0.000896
  0.000265
  0.000204
 -0.000114
 -0.000704
  0.000109
 -0.000325
  0.000926
 -0.000143
  0.000256
  0.000348
 -0.000427
 -0.000274
  0.000776
  0.000249
  0.000053
 -0.000715
 -0.000198
  0.000875
 -0.000066
  0.000523
  0.000295
 -0.000426
  0.000102
 -0.000128
 -0.000093
 -0.000376
  0.000301
  0.001438
  0.000380
 -0.000955
  0.000027
  0.000447
  0.000501
 -0.000033
  0.000355
 -0.000269
  0.000229
  0.000474
  0.000332
  0.000342
  0.000046
  0.000381
  0.000291
  0.000417
 -0.000055
  0.000425
 -0.000312
  0.000074
  0.000152
  0.000408
  0.000364
 -0.000456
 -0.001131
  0.000034
  0.000130
  0.000565
 -0.000219
  0.001184
 -0.000674
  0.001399
 -0.001814
 -0.000140
 -0.002594
 -0.000920
 -0.001059
 -0.000424
 -0.000003
 -0.000857
  0.000152
  0.001624
 -0.001471
 -0.000513
 -0.000356
 -0.001035
 -0.000346
 -0.000843
  0.001170
 -0.000579
 -0.000348
 -0.000380
  0.001305
 -0.000149
 -0.000425
  0.000188
  0.000111
 -0.001605
  0.000062
  0.000162
  0.001240
  0.000030
 -0.000716
 -0.000912
  0.000031
  0.000851
 -0.000415
  0.000184
  0.000837
 -0.000142
 -0.000898
  0.001290
 -0.002867
  0.000719
 -0.000039
  0.000882
  0.001052
 -0.000042
 -0.000966
 -0.001812
  0.000718
 -0.000762
  0.000580
 -0.003321
 -0.000953
 -0.000214
  0.000144
  0.000028
  0.000343
  0.000597
  0.000238
 -0.000204
 -0.000303
  0.000187
 -0.000054
 -0.000500
 -0.001218
  0.000004
 -0.000141
 -0.000684
  0.000219
  0.000205
 -0.000534
 -0.000534
 -0.000028
  0.001359
 -0.000538
  0.000061
 -0.000685
  0.000156
 -0.000024
  0.000300
 -0.000129
  0.000054
 -0.000792
 -0.000182
  0.000127
 -0.000191
 -0.000199
 -0.000251
 -0.000018
  0.000320
 -0.000247
 -0.000114
  0.000275
  0.000016
  0.000514
  0.000001
  0.000202
 -0.000026
  0.000140
  0.000281
 -0.000702
  0.000262
  0.000439
 -0.000204
  0.000477
  0.000378
 -0.000105
 -0.000296
 -0.000642
  0.000939
  0.000465
  0.000617
  0.000412
 -0.000927
 -0.000107
  0.001783
 -0.000726
 -0.000481
  0.003279
 -0.000636
 -0.000404
  0.000816
  0.000799
 -0.002752
 -0.000119
 -0.000989
 -0.001267
  0.000414
  0.000087
  0.000625
  0.000872
  0.000788
  0.000873
  0.000876
 -0.000609
  0.000542
 -0.001212
  0.000130
 -0.000153
  0.000099
  0.000487
  0.000048
  0.000726
 -0.000574
 -0.000314
 -0.000673
 -0.000303
  0.000001
 -0.000252
  0.000502
 -0.003738
 -0.000646
  0.000410
 -0.000708
  0.000714
  0.000536
 -0.000422
  0.001191
 -0.002589
 -0.000496
 -0.000315
 -0.002875
  0.000274
  0.004347
 -0.001622
  0.000349
  0.000509
  0.000050
  0.001184
 -0.001434
 -0.000356
  0.000082
 -0.000225
  0.000309
 -0.000072
  0.000125
  0.000828
  0.000778
 -0.000036
  0.000871
  0.000850
 -0.000263
  0.000458
  0.000302
  0.000450
  0.000410
  0.000142
 -0.000221
  0.000159
  0.000247
  0.000418
 -0.000094
 -0.000117
  0.000040
  0.000170
  0.000048
  0.000096
 -0.000313
 -0.000636
  0.000524
 -0.000065
 -0.000137
 -0.000118
  0.000626
  0.000426
 -0.000794
  0.000757
 -0.000310
  0.000003
 -0.000178
 -0.000057
 -0.000518
  0.000535
  0.000436
 -0.000206
 -0.000039
  0.000062
 -0.000543
  0.000339
  0.000261
  0.000160
 -0.000000
  0.001726
  0.000350
  0.000886
 -0.000482
 -0.000026
  0.000378
 -0.000549
  0.000242
 -0.000613
  0.000376
  0.000058
 -0.000774
  0.002506
  0.000276
  0.001210
  0.001059
  0.001081
  0.000725
 -0.001034
 -0.001164
 -0.001100
 -0.000973
  0.000447
 -0.000138
  0.000188
  0.000195
  0.000232
 -0.000320
 -0.000262
 -0.000196
 -0.000412
  0.000587
  0.000292
 -0.000878
 -0.000577
  0.000153
  0.000448
 -0.000428
 -0.000125
 -0.000890
 -0.000780
  0.001072
  0.000253
  0.000307
  0.000282
  0.000314
 -0.000829
 -0.000383
  0.000226
  0.000587
 -0.000732
  0.000049
 -0.000285
  0.000721
  0.000846
  0.001063
 -0.000428
  0.000549
  0.000306
 -0.000323
 -0.000053
  0.001196
  0.000311
  0.000008
 -0.000364
  0.000098
  0.000515
  0.000411
  0.000279
  0.000133
 -0.000170
  0.000096
  0.000129
  0.000199
 -0.000095
  0.000351
 -0.000529
 -0.000156
 -0.000189
 -0.000171
 -0.000037
  0.000306
  0.000808
  0.000225
 -0.000117
 -0.000263
  0.000021
  0.000059
  0.000061
 -0.000024
  0.000276
 -0.000215
  0.000257
 -0.000035
 -0.000588
 -0.001396
  0.000069
  0.000281
 -0.000006
 -0.000293
 -0.000426
  0.000258
 -0.000439
  0.000112
 -0.000379
 -0.000597
  0.000028
  0.000175
 -0.000898
  0.000012
  0.000563
  0.000567
  0.001160
 -0.000747
  0.000491
 -0.000133
  0.000108
  0.000363
 -0.000426
 -0.000695
  0.000313
 -0.002477
  0.000080
  0.000007
 -0.000232
 -0.000909
 -0.001283
  0.000851
 -0.000379
 -0.000420
  0.000306
  0.000106
 -0.000318
 -0.000210
 -0.000102
  0.000089
  0.000014
  0.000085
  0.000129
  0.000442
  0.000222
 -0.000026
  0.000100
 -0.000180
 -0.000095
 -0.000053
  0.000849
 -0.000195
  0.000687
  0.000049
  0.000304
 -0.000435
  0.000437
 -0.000695
 -0.000248
 -0.000382
  0.000889
 -0.000813
 -0.001156
  0.000643
  0.000156
 -0.000297
  0.000489
  0.000199
  0.000433
 -0.000959
 -0.000246
 -0.000337
  0.001633
 -0.000528
  0.001585
  0.000924
 -0.001191
 -0.000519
  0.001635
  0.000622
  0.000925
 -0.002033
 -0.000045
  0.000185
 -0.000362
 -0.000484
 -0.001869
 -0.000067
 -0.000008
  0.000127
 -0.000928
  0.000362
  0.000291
 -0.000829
 -0.000180
 -0.000011
  0.000111
 -0.000292
  0.000052
  0.000158
 -0.000044
  0.000251
  0.000058
 -0.000338
  0.000108
 -0.000111
  0.000058
 -0.000144
  0.000238
 -0.000228
  0.000280
 -0.000010
  0.000083
 -0.000103
  0.000166
 -0.000346
 -0.000041
 -0.000121
 -0.000301
 -0.000234
  0.000164
  0.000039
  0.000250
 -0.000114
  0.000019
  0.000014
 -0.000143
  0.000761
  0.000105
 -0.000137
 -0.000039
  0.000231
 -0.000027
 -0.000020
 -0.000024
  0.000224
 -0.000087
  0.000075
  0.000248
  0.000050
 -0.000027
 -0.000163
  0.000074
  0.000050
 -0.000039
  0.000183
  0.000049
  0.000003
 -0.000177
  0.000091
 -0.000037
 -0.000089
 -0.000059
 -0.000109
 -0.000007
  0.000054
  0.000078
  0.000033
 -0.000086
 -0.000017
  0.000041
 -0.000025
  0.000046
