  0.002440
  0.148917
  0.004430
 -0.040363
  0.944270
  0.248435
 -0.110660
  0.053519
 -0.015702
  0.061808
  0.006835
 -0.041734
 -0.005138
  0.000336
 -0.007787
  0.007706
  0.008372
  0.024205
 -0.004773
 -0.004516
  0.000851
  0.004934
 -0.001736
  0.002750
  0.001353
 -0.004261
 -0.000059
  0.009296
  0.003603
  0.002895
  0.004826
 -0.008074
 -0.008381
  0.006419
  0.005074
  0.002042
  0.005701
  0.003914
 -0.002124
  0.000655
  0.005380
 -0.005750
  0.002544
  0.001807
 -0.000291
  0.001088
 -0.000171
  0.001465
 -0.001937
 -0.002750
  0.003786
  0.000884
 -0.001455
  0.003104
  0.000215
 -0.003332
 -0.000554
 -0.005772
  0.002143
  0.001279
 -0.001420
  0.001643
 -0.000096
 -0.001040
  0.000737
  0.000554
 -0.001755
 -0.000788
  0.000791
  0.003359
 -0.001979
 -0.001494
 -0.000072
 -0.002316
 -0.000834
  0.003110
  0.000367
  0.001580
 -0.000884
 -0.000581
 -0.001467
  0.001043
  0.000467
 -0.002955
 -0.000346
 -0.002927
 -0.004276
 -0.000548
  0.001562
  0.003406
 -0.001008
 -0.003940
 -0.000420
  0.000943
 -0.000028
 -0.000243
 -0.000624
 -0.001817
  0.001178
  0.001806
 -0.000463
 -0.000348
 -0.001299
 -0.001086
  0.000693
 -0.002153
 -0.000803
  0.002909
  0.000671
 -0.002010
  0.001283
 -0.000521
  0.000087
  0.000266
 -0.001687
  0.000792
  0.000685
 -0.000473
 -0.000889
 -0.000392
 -0.000599
  0.000023
  0.000083
 -0.001691
  0.003210
 -0.003310
 -0.001394
  0.000540
  0.002903
  0.001868
 -0.002789
  0.000226
  0.002147
 -0.002734
  0.000403
  0.001347
  0.002162
 -0.000105
 -0.001424
 -0.001816
 -0.000605
 -0.000172
 -0.000031
 -0.000621
 -0.000190
 -0.000800
  0.000928
 -0.000028
  0.001071
 -0.000097
  0.000162
  0.000792
  0.000072
 -0.000064
  0.000246
 -0.001692
 -0.000114
  0.000548
 -0.000146
 -0.000906
  0.001206
 -0.001532
 -0.000961
 -0.000052
  0.000581
 -0.000350
 -0.000392
  0.001232
 -0.001024
  0.003234
  0.000328
 -0.000668
  0.001398
  0.001515
 -0.000285
 -0.001145
  0.000547
 -0.000491
  0.000858
  0.001128
  0.001638
  0.001570
 -0.000528
  0.002643
  0.000422
 -0.001888
  0.000004
 -0.000576
 -0.000469
  0.000125
 -0.000630
  0.001977
  0.000299
  0.000542
  0.000100
 -0.000778
  0.000332
 -0.000442
 -0.001381
  0.000782
  0.000392
  0.000735
  0.000821
  0.001178
 -0.000041
  0.000223
 -0.000774
 -0.000104
  0.000391
 -0.000641
 -0.000518
 -0.000126
 -0.000141
  0.000367
  0.001305
  0.001790
 -0.001541
  0.000121
 -0.000141
 -0.000533
 -0.001125
 -0.000721
 -0.000318
 -0.000994
  0.000324
 -0.000568
  0.000569
 -0.001356
 -0.000031
 -0.000526
 -0.001249
 -0.000161
 -0.000322
 -0.000995
  0.000405
 -0.000188
 -0.000159
  0.000146
 -0.000096
  0.000472
  0.000210
 -0.000503
 -0.000462
  0.000342
  0.000707
  0.000215
 -0.000351
  0.000076
  0.000467
  0.000087
 -0.000784
 -0.000145
  0.000542
  0.000829
 -0.000634
  0.000056
  0.000093
  0.000793
  0.000032
 -0.000343
  0.000319
  0.000295
 -0.000536
 -0.000285
 -0.000325
  0.000237
 -0.000443
 -0.000272
 -0.000699
 -0.000009
 -0.000152
 -0.000577
  0.001702
  0.000788
  0.000199
 -0.000845
  0.000607
 -0.000361
  0.000414
 -0.001247
  0.000097
  0.000473
  0.000527
 -0.000657
 -0.000566
 -0.001569
  0.000215
 -0.000217
 -0.000321
  0.000526
 -0.001212
  0.001249
 -0.000021
  0.000163
  0.000107
  0.000421
  0.000249
 -0.000108
  0.000573
  0.000332
 -0.000200
  0.000462
  0.000142
  0.000226
  0.000858
  0.000110
  0.000159
 -0.000049
 -0.000207
  0.000044
  0.000374
  0.000940
  0.000779
  0.000531
 -0.001196
  0.000450
 -0.001330
  0.000142
 -0.000937
 -0.000023
  0.000022
 -0.000238
 -0.000246
 -0.000662
  0.000192
 -0.000072
 -0.000089
 -0.000281
  0.000131
 -0.000464
 -0.000191
 -0.000459
  0.000128
 -0.000551
  0.000228
  0.000154
 -0.000337
  0.000233
 -0.000867
 -0.000221
 -0.000623
 -0.000036
  0.000160
 -0.000351
  0.000246
  0.000134
  0.000178
  0.000100
  0.000224
  0.000009
 -0.000132
  0.000201
 -0.000091
  0.000049
  0.000441
 -0.000551
 -0.000148
 -0.000603
 -0.000644
 -0.000254
  0.000469
 -0.000661
  0.000007
 -0.000138
  0.000438
  0.000100
 -0.000783
 -0.000114
 -0.000213
  0.000709
 -0.000091
 -0.000184
  0.000130
  0.000366
  0.000488
 -0.000577
 -0.000535
 -0.000060
 -0.000382
 -0.000255
 -0.000205
 -0.000101
  0.000337
  0.000033
  0.000247
  0.000128
  0.000077
 -0.000437
  0.000260
  0.000799
 -0.000381
 -0.000392
  0.000089
 -0.000504
  0.000384
 -0.000266
  0.000130
 -0.000616
 -0.000055
  0.000329
 -0.000171
 -0.000463
  0.000611
  0.000729
 -0.000118
  0.000427
  0.000136
  0.000551
 -0.000029
 -0.000392
  0.000256
  0.001064
 -0.000019
 -0.000052
  0.000622
  0.000176
 -0.000005
  0.000108
 -0.000328
 -0.000077
 -0.000179
  0.000060
 -0.000513
 -0.000470
 -0.000277
  0.000195
  0.000303
  0.000044
  0.000477
 -0.000135
 -0.000189
 -0.000289
 -0.000097
  0.000032
  0.000026
  0.000020
 -0.000139
 -0.000032
 -0.000202
 -0.000242
 -0.000230
  0.000023
 -0.000127
 -0.000195
 -0.000218
  0.000210
 -0.000135
  0.000033
  0.000200
 -0.000327
 -0.000065
  0.000511
 -0.000137
 -0.000423
  0.000148
  0.000098
 -0.000003
 -0.000398
  0.000263
 -0.000787
 -0.000404
 -0.000120
  0.000614
 -0.000752
  0.000825
 -0.000225
  0.000375
 -0.000065
  0.000570
  0.000102
  0.000290
 -0.000517
 -0.000298
 -0.000191
 -0.000245
  0.000089
 -0.000418
 -0.000367
  0.000006
 -0.000369
  0.000141
 -0.000532
 -0.000428
 -0.000117
 -0.000245
 -0.000217
  0.000130
  0.000266
  0.000297
  0.000281
 -0.000261
  0.000250
 -0.000411
 -0.000409
  0.000478
 -0.000331
  0.000238
  0.000176
  0.000003
  0.000253
 -0.000460
  0.000193
  0.000395
 -0.000522
 -0.000831
  0.000465
 -0.000783
 -0.000471
  0.000153
  0.000019
  0.000734
  0.000066
  0.000076
  0.000133
 -0.000037
  0.000198
 -0.000346
 -0.000219
 -0.000535
  0.000308
  0.000193
 -0.000357
  0.000491
 -0.000248
  0.000178
  0.000265
  0.000161
  0.000695
  0.000687
  0.000760
 -0.000010
  0.000105
 -0.000271
 -0.000364
  0.000926
 -0.000125
  0.000124
 -0.001094
 -0.000125
  0.000362
 -0.000639
 -0.000112
  0.000254
  0.000777
 -0.000406
  0.000001
  0.000562
  0.000127
  0.000303
  0.000278
 -0.000298
  0.000043
 -0.000120
  0.000600
  0.000015
 -0.000151
  0.000171
  0.000302
 -0.000180
 -0.000001
  0.000239
 -0.000173
  0.000187
 -0.000004
  0.000037
 -0.000056
  0.000043
 -0.000190
 -0.000135
 -0.000048
 -0.000145
 -0.000129
 -0.000223
  0.000079
  0.000154
 -0.000213
 -0.000067
  0.000133
 -0.000289
 -0.000360
  0.000133
  0.000059
 -0.000094
 -0.000061
  0.000286
 -0.000006
  0.000051
  0.000217
 -0.000501
 -0.000001
 -0.000012
 -0.000168
  0.000042
 -0.000291
 -0.000171
 -0.000073
 -0.000156
 -0.000215
  0.000211
  0.000349
 -0.000025
 -0.000589
  0.000008
 -0.000693
  0.000118
  0.000207
 -0.000193
  0.000223
  0.000474
 -0.000492
  0.000504
 -0.000137
  0.000097
 -0.000469
  0.000281
  0.000159
 -0.000259
 -0.000536
  0.000061
  0.000355
 -0.000739
  0.000836
 -0.000026
  0.000071
 -0.000052
  0.000087
  0.000213
  0.000292
 -0.000176
  0.000388
  0.000228
 -0.000415
  0.000091
 -0.000022
  0.000214
 -0.000646
  0.000155
  0.000145
  0.000148
  0.000616
  0.000718
  0.000273
 -0.000126
 -0.000069
  0.000344
 -0.000108
 -0.000426
  0.000114
 -0.000461
  0.000011
 -0.000285
  0.000237
  0.000036
 -0.000158
 -0.000150
 -0.000245
  0.000032
 -0.000028
 -0.000352
 -0.000217
  0.000436
 -0.000580
  0.000201
 -0.000067
 -0.000446
  0.000801
 -0.000177
 -0.000447
  0.000133
  0.000203
  0.000450
  0.000102
 -0.000304
  0.000251
 -0.000015
  0.000246
  0.000237
 -0.000259
 -0.000108
  0.000033
  0.000111
  0.000185
  0.000046
  0.000052
 -0.000016
  0.000037
 -0.000059
 -0.000140
 -0.000310
 -0.000010
 -0.000119
 -0.000059
  0.000116
 -0.000062
 -0.000225
 -0.000104
  0.000072
  0.000176
 -0.000160
 -0.000420
  0.000324
 -0.000330
  0.000421
  0.000041
  0.000116
 -0.000645
  0.000007
 -0.000070
  0.000077
  0.000124
  0.000235
  0.000039
 -0.000131
  0.000017
  0.000023
 -0.000510
  0.000116
  0.000068
 -0.000084
  0.000073
 -0.000080
  0.000111
 -0.000224
  0.000437
  0.000332
 -0.000155
 -0.000176
  0.000039
 -0.000155
 -0.000194
 -0.000057
 -0.000227
  0.000302
  0.000041
 -0.000146
  0.000091
 -0.000032
 -0.000055
 -0.000104
  0.000036
 -0.000085
 -0.000125
  0.000080
  0.000043
 -0.000001
 -0.000017
 -0.000070
  0.000090
  0.000136
 -0.000205
 -0.000162
  0.000105
 -0.000126
 -0.000065
 -0.000183
  0.000088
  0.000136
  0.000087
 -0.000190
  0.000010
 -0.000305
 -0.000045
  0.000138
  0.000018
 -0.000105
  0.000198
 -0.000214
 -0.000109
 -0.000085
  0.000132
  0.000098
  0.000055
 -0.000094
 -0.000042
 -0.000151
 -0.000040
  0.000074
  0.000160
  0.000104
 -0.000104
 -0.000037
 -0.000093
  0.000111
  0.000049
 -0.000039
  0.000049
  0.000134
 -0.000213
  0.000261
 -0.000031
 -0.000211
 -0.000008
  0.000030
 -0.000027
  0.000011
  0.000039
 -0.000030
  0.000055
  0.000083
 -0.000028
 -0.000058
  0.000009
 -0.000014
 -0.000041
 -0.000044
  0.000026
 -0.000026
  0.000080
  0.000111
  0.000046
  0.000065
 -0.000123
  0.000004
  0.000028
  0.000074
 -0.000066
  0.000082
 -0.000034
  0.000042
  0.000005
  0.000094
 -0.000033
 -0.000054
  0.000191
 -0.000035
