 -0.000295
  0.136904
 -0.011553
 -0.009089
 -0.933184
  0.204173
 -0.017790
 -0.254736
 -0.023188
  0.015253
 -0.022646
  0.009557
 -0.017397
 -0.002225
 -0.018521
 -0.000103
  0.008870
 -0.013441
 -0.004822
  0.011075
  0.006365
  0.002012
 -0.002819
 -0.002996
  0.001833
  0.001392
 -0.006627
 -0.005674
 -0.007864
 -0.007539
 -0.003836
  0.001960
  0.001453
  0.004845
 -0.000233
 -0.003519
  0.006533
 -0.007532
 -0.004167
  0.001992
  0.001160
  0.004516
  0.001129
  0.000865
 -0.000279
  0.004490
  0.000541
 -0.000547
 -0.001875
 -0.001334
 -0.001339
  0.000753
  0.001679
 -0.001186
 -0.000053
 -0.005852
  0.001076
 -0.000302
  0.001488
  0.001114
  0.001061
  0.004470
 -0.001339
  0.000975
 -0.002489
 -0.002201
 -0.000528
  0.000023
 -0.000789
 -0.000663
  0.000713
 -0.001699
 -0.000343
  0.000908
  0.002616
  0.000448
 -0.001722
 -0.000651
 -0.002133
 -0.000333
  0.000453
  0.001414
 -0.001016
 -0.002568
 -0.002952
  0.001153
  0.000636
  0.002505
  0.000123
 -0.000030
 -0.000205
  0.000770
  0.000214
  0.000183
 -0.001647
  0.000605
  0.001347
 -0.001937
  0.000839
 -0.001021
  0.000621
 -0.000401
 -0.001103
 -0.000506
  0.000359
  0.001310
  0.001065
 -0.000700
  0.001485
  0.002264
  0.001314
  0.003171
  0.001343
 -0.001326
 -0.000694
  0.001434
 -0.002770
  0.000462
  0.000146
 -0.000286
 -0.000612
 -0.001850
  0.002696
 -0.002538
  0.000735
 -0.000779
 -0.002888
 -0.000917
  0.000911
 -0.000737
  0.000137
  0.001282
 -0.001001
 -0.001825
 -0.000919
  0.000669
  0.000576
 -0.000522
 -0.001016
  0.002149
 -0.000503
 -0.000969
  0.000578
  0.001186
 -0.000355
  0.000057
 -0.000119
 -0.002661
 -0.002008
 -0.000460
  0.000697
  0.000668
  0.000498
 -0.001513
  0.000947
  0.000665
  0.000779
  0.000039
  0.000330
  0.000156
  0.000863
  0.000327
  0.000908
  0.001811
 -0.000040
 -0.000355
 -0.001542
 -0.000827
 -0.001582
 -0.000078
 -0.001598
  0.000545
  0.001158
 -0.000409
  0.001204
 -0.001037
 -0.000991
  0.001177
 -0.000303
  0.002052
  0.000930
  0.000512
 -0.000001
 -0.000125
  0.000618
 -0.000923
 -0.000169
  0.000266
  0.001270
  0.000537
  0.001382
  0.000247
  0.000216
 -0.000010
  0.000175
  0.000182
 -0.000069
  0.000642
  0.000136
  0.000488
  0.000242
 -0.000346
 -0.000184
 -0.000714
 -0.000019
 -0.000344
 -0.000461
  0.000585
  0.000403
  0.000091
  0.000034
  0.000284
  0.000196
  0.000151
  0.000487
 -0.001508
 -0.000276
  0.000842
 -0.000749
 -0.000124
 -0.000240
  0.000157
 -0.000747
 -0.000062
 -0.000601
  0.000295
  0.000542
  0.000292
  0.000011
  0.000381
 -0.000652
 -0.001087
  0.001560
  0.000191
 -0.000493
  0.001211
 -0.000566
  0.000589
 -0.000121
 -0.000100
  0.000076
  0.000252
 -0.000736
  0.000369
 -0.000190
  0.000624
  0.000175
 -0.000280
 -0.000260
 -0.000072
 -0.000126
 -0.000546
  0.000501
 -0.000961
 -0.000573
  0.000284
 -0.000035
 -0.000230
  0.000057
 -0.000287
  0.000139
  0.000142
 -0.000718
  0.000233
  0.000031
 -0.000383
  0.000378
  0.000512
  0.000959
  0.000410
  0.000340
 -0.000270
  0.000146
  0.000284
 -0.000310
  0.000430
 -0.000280
 -0.000167
 -0.000113
 -0.000076
  0.000000
  0.000029
 -0.000375
 -0.000090
 -0.000469
  0.000666
 -0.000876
  0.000317
 -0.000378
  0.000521
  0.000001
  0.001210
 -0.000035
 -0.000017
 -0.000072
  0.000084
  0.000041
 -0.000033
 -0.000530
  0.000633
 -0.000113
 -0.001242
 -0.000400
 -0.000302
 -0.000527
  0.000537
 -0.000253
  0.000982
  0.000360
 -0.000121
 -0.000423
  0.000128
 -0.000004
 -0.000632
 -0.000878
  0.000465
 -0.000774
 -0.000074
  0.000370
 -0.000118
  0.000584
 -0.000392
  0.000244
 -0.000446
  0.001925
 -0.000199
 -0.000525
 -0.000019
  0.000777
 -0.000233
 -0.000663
  0.000006
  0.000239
  0.001050
 -0.000739
 -0.000135
  0.001234
 -0.000427
  0.000540
 -0.000273
  0.000080
 -0.000806
  0.000545
 -0.000241
 -0.000217
  0.000213
 -0.000365
 -0.000112
 -0.000734
  0.000798
  0.000207
 -0.000011
 -0.000144
  0.000182
 -0.000915
 -0.000656
 -0.000831
  0.000621
 -0.000111
  0.000387
  0.000501
  0.000104
 -0.000634
  0.000936
 -0.000395
 -0.000709
  0.000184
 -0.000341
  0.000068
 -0.000443
  0.000043
  0.000502
 -0.000458
 -0.000051
  0.000737
 -0.000201
  0.000291
  0.000078
 -0.000036
  0.000759
 -0.000676
 -0.000274
 -0.000003
 -0.000029
 -0.000147
  0.000224
  0.000583
 -0.000290
 -0.000876
 -0.000038
 -0.000755
 -0.000029
 -0.000308
  0.000126
  0.000949
  0.000562
 -0.000552
  0.000167
 -0.000376
 -0.000080
  0.001627
 -0.001129
 -0.000390
 -0.000360
  0.000237
  0.000899
  0.000252
  0.000331
 -0.000026
 -0.000024
  0.000555
  0.000122
 -0.000232
 -0.000795
  0.000391
  0.001474
 -0.000458
  0.000265
  0.001110
 -0.000809
 -0.000613
  0.000859
  0.000357
  0.000177
 -0.000215
  0.000268
  0.000170
  0.000797
  0.000952
  0.000809
 -0.000633
  0.000802
  0.001279
 -0.000437
 -0.000486
  0.001776
  0.000323
  0.000444
 -0.001296
  0.000318
  0.001253
 -0.001631
 -0.000097
  0.000674
  0.000056
  0.000242
 -0.000497
  0.000006
  0.001377
 -0.000415
 -0.000118
 -0.000160
  0.001177
 -0.000460
  0.000877
 -0.000439
 -0.000083
 -0.000433
 -0.000449
  0.000586
  0.000194
  0.000327
  0.000561
 -0.000155
  0.000440
 -0.000183
 -0.000401
 -0.000100
  0.000586
 -0.000235
  0.000264
 -0.000530
 -0.000204
 -0.000964
  0.000573
  0.000288
 -0.000220
  0.000054
 -0.000041
  0.000206
  0.000038
  0.000384
 -0.000477
  0.000088
 -0.000899
  0.001041
  0.000795
  0.000419
 -0.000085
 -0.000307
 -0.000768
 -0.000399
 -0.000154
  0.000550
 -0.000160
  0.000870
  0.000495
 -0.000093
  0.000009
 -0.000487
  0.000500
 -0.000041
 -0.000284
  0.000102
 -0.000741
  0.000353
 -0.000345
  0.000476
 -0.000611
 -0.000217
 -0.000371
  0.000476
  0.000196
 -0.000922
  0.000795
  0.000502
 -0.000545
 -0.000587
 -0.000080
  0.000791
  0.000136
 -0.000042
 -0.000849
  0.000018
 -0.000728
  0.000305
 -0.000146
  0.000483
 -0.001178
  0.000513
  0.000561
 -0.000489
 -0.000085
  0.000010
  0.000681
 -0.000819
 -0.000279
 -0.001015
  0.000131
 -0.000485
 -0.000428
 -0.000069
  0.000189
 -0.000049
 -0.000087
 -0.000127
 -0.000783
  0.000129
  0.000028
  0.000039
 -0.000105
 -0.000017
 -0.000262
 -0.000299
  0.000301
  0.000111
 -0.000055
 -0.000161
 -0.000031
  0.001002
  0.000055
 -0.000158
  0.000488
  0.000259
 -0.000360
  0.000133
  0.000101
 -0.000299
  0.000233
  0.000163
  0.001000
  0.000173
  0.000064
  0.000413
  0.000049
  0.000214
  0.000401
  0.000491
  0.000144
 -0.000151
  0.000151
 -0.000256
 -0.000011
 -0.000079
  0.000472
  0.000351
 -0.000382
  0.000345
 -0.000259
 -0.000173
 -0.000794
  0.000238
 -0.000053
  0.000226
  0.000229
  0.000223
  0.000424
 -0.000278
  0.000303
 -0.000070
 -0.000134
  0.000451
 -0.000543
  0.000074
  0.000073
 -0.000105
  0.000010
 -0.000267
  0.000193
  0.000126
  0.000037
  0.000070
 -0.000096
 -0.000218
 -0.000531
 -0.000240
 -0.000381
 -0.000471
  0.000010
 -0.000068
 -0.000261
 -0.001355
 -0.000292
  0.000059
  0.000074
 -0.000186
  0.000576
 -0.000135
 -0.000149
  0.000040
 -0.000253
 -0.000415
 -0.000244
 -0.000067
  0.000332
  0.000293
 -0.000125
 -0.000261
 -0.000349
  0.000031
 -0.000270
 -0.000061
  0.000008
 -0.000003
 -0.000211
 -0.000098
 -0.000398
 -0.000102
 -0.000324
  0.000278
 -0.000071
  0.000088
 -0.000165
  0.000288
 -0.000136
  0.000020
  0.000018
  0.000048
  0.000237
  0.000113
  0.000129
  0.000202
  0.000290
 -0.000446
  0.000037
 -0.000050
 -0.000034
 -0.000068
 -0.000225
  0.000078
 -0.000180
  0.000224
 -0.000238
 -0.000209
  0.000114
  0.000184
 -0.000286
  0.000200
 -0.000006
 -0.000481
  0.000090
 -0.000200
 -0.000439
  0.000211
  0.000122
  0.000053
 -0.000102
  0.000068
 -0.000303
  0.000163
  0.000165
  0.000032
 -0.000385
  0.000436
 -0.000126
  0.000014
 -0.000260
  0.000110
  0.000127
 -0.000036
 -0.000125
  0.000167
  0.000274
  0.000270
 -0.000108
 -0.000030
 -0.000338
 -0.000182
 -0.000159
 -0.000004
  0.000362
 -0.000267
  0.000328
 -0.000379
  0.000068
 -0.000446
  0.000089
 -0.000003
 -0.000163
 -0.000025
  0.000097
  0.000177
 -0.000100
  0.000033
  0.000037
  0.000087
  0.000012
 -0.000034
  0.000398
  0.000084
 -0.000347
 -0.000198
 -0.000199
 -0.000474
  0.000082
  0.000048
  0.000421
  0.000053
 -0.000139
  0.000043
  0.000137
 -0.000212
  0.000231
  0.000033
 -0.000186
  0.000133
  0.000213
  0.000035
  0.000004
 -0.000084
  0.000186
 -0.000095
  0.000040
  0.000031
  0.000093
  0.000025
  0.000258
 -0.000136
 -0.000187
 -0.000027
  0.000162
 -0.000279
 -0.000087
 -0.000267
 -0.000033
 -0.000172
 -0.000150
 -0.000018
 -0.000041
 -0.000143
 -0.000083
  0.000041
  0.000512
 -0.000260
 -0.000147
  0.000141
 -0.000220
 -0.000193
 -0.000154
  0.000132
  0.000094
 -0.000010
 -0.000230
 -0.000219
 -0.000110
  0.000219
  0.000040
  0.000070
 -0.000139
 -0.000011
 -0.000607
 -0.000025
  0.000070
 -0.000195
  0.000247
  0.000017
 -0.000059
 -0.000003
 -0.000007
 -0.000216
  0.000026
  0.000188
  0.000049
  0.000129
 -0.000010
  0.000010
  0.000195
  0.000050
 -0.000070
  0.000131
 -0.000038
 -0.000007
 -0.000070
 -0.000102
  0.000108
 -0.000049
  0.000079
 -0.000011
 -0.000022
  0.000222
  0.000036
  0.000117
  0.000067
 -0.000068
  0.000065
