  0.029893
  0.374753
  0.076813
  0.048404
  0.898689
  0.131871
  0.106137
  0.088480
  0.005949
  0.041085
 -0.026723
 -0.010949
  0.040195
 -0.013911
  0.002226
 -0.005952
 -0.006438
 -0.002743
  0.006756
 -0.003125
 -0.007588
 -0.006519
  0.000684
 -0.016225
 -0.003977
  0.003049
  0.002319
  0.008867
  0.001087
  0.014061
 -0.006719
  0.005617
  0.001377
  0.010579
 -0.003432
  0.004182
  0.007713
 -0.010654
  0.004155
 -0.001202
  0.004852
 -0.000103
 -0.004708
  0.001688
  0.003779
  0.000697
 -0.000748
 -0.000380
 -0.000164
  0.002054
 -0.001629
  0.005155
 -0.000447
  0.000474
 -0.000376
  0.004638
 -0.000120
  0.004153
  0.001209
 -0.001129
  0.008691
  0.000820
 -0.000812
 -0.005652
 -0.001324
 -0.002272
  0.000581
 -0.000743
 -0.000732
  0.000492
  0.001817
  0.001165
  0.003835
 -0.001416
 -0.001108
  0.002439
  0.000622
 -0.001700
  0.001186
 -0.000723
 -0.001309
 -0.001663
  0.001509
  0.001721
  0.000939
 -0.002145
  0.001327
  0.000801
  0.001644
 -0.001009
 -0.001684
 -0.002035
 -0.002034
 -0.001680
  0.001866
  0.000829
  0.000345
  0.001737
  0.001837
  0.000588
  0.000464
  0.002213
 -0.000293
  0.000541
  0.000642
  0.000140
  0.000063
 -0.000051
 -0.000193
  0.000213
 -0.003987
 -0.000083
 -0.000228
  0.000185
  0.000273
 -0.001177
 -0.000396
 -0.002531
 -0.000162
 -0.000305
 -0.001078
  0.002461
  0.000277
  0.001361
 -0.000856
 -0.000779
  0.000386
 -0.001324
 -0.000878
  0.001567
  0.000769
  0.002761
 -0.001768
  0.000165
 -0.000853
  0.000599
  0.000052
 -0.000526
  0.001431
 -0.002412
 -0.001195
  0.000261
 -0.000366
  0.000668
 -0.003142
  0.001866
 -0.005237
  0.000027
  0.001412
 -0.001416
  0.000517
 -0.000683
  0.000197
 -0.001373
  0.000353
 -0.000468
 -0.001891
  0.001552
 -0.000546
 -0.000402
 -0.001344
  0.000612
  0.000080
  0.000172
  0.001509
 -0.001533
  0.000641
  0.000625
 -0.000716
 -0.001566
 -0.001116
 -0.000853
 -0.000250
  0.001098
 -0.000522
  0.000034
  0.001638
  0.000857
 -0.000922
 -0.000612
  0.002132
  0.000987
  0.002074
  0.001597
  0.000158
 -0.000726
 -0.000356
  0.002094
  0.000539
  0.000870
 -0.000519
  0.001617
 -0.000137
  0.000111
 -0.001077
 -0.000553
  0.001702
 -0.000118
  0.000114
  0.002404
  0.000587
 -0.000708
  0.000522
 -0.001114
  0.000588
 -0.000892
  0.000438
  0.000473
  0.000356
 -0.000088
 -0.000221
  0.000552
 -0.000753
  0.000140
 -0.000182
  0.001157
 -0.000917
 -0.000670
 -0.000731
 -0.001271
 -0.000721
 -0.000113
  0.000696
 -0.000490
  0.000993
  0.000982
 -0.000531
  0.000760
 -0.000691
 -0.000219
 -0.000088
  0.000335
  0.000472
  0.000665
  0.000548
 -0.001138
  0.000326
 -0.000214
 -0.000188
 -0.000336
  0.000154
 -0.000272
  0.000343
  0.000473
 -0.000181
  0.000434
  0.000556
  0.000095
  0.000178
 -0.000578
 -0.000221
 -0.000767
  0.000263
  0.001327
  0.000126
 -0.000717
  0.000744
 -0.000320
 -0.000425
 -0.000829
  0.000149
  0.000075
 -0.000916
 -0.000026
 -0.000136
  0.000218
  0.000479
  0.000487
 -0.000162
  0.000222
  0.000627
 -0.001579
 -0.000744
 -0.000288
  0.000307
 -0.000342
 -0.000152
  0.000250
 -0.002027
  0.000278
  0.000561
 -0.000790
 -0.000405
  0.000085
 -0.001499
  0.000418
 -0.000548
 -0.000599
 -0.000461
 -0.000532
  0.001413
 -0.000648
  0.000980
  0.000142
 -0.000639
 -0.001673
  0.000950
  0.001555
 -0.001353
  0.000373
 -0.002908
 -0.003142
 -0.000325
 -0.000831
 -0.000802
  0.000088
  0.001071
 -0.000297
 -0.000547
  0.000507
 -0.000146
  0.000124
 -0.000799
  0.001013
 -0.000467
 -0.001080
 -0.001118
  0.000125
  0.000776
  0.000609
 -0.000541
 -0.000333
  0.000824
 -0.000509
  0.000064
  0.000035
  0.000365
  0.000198
  0.000246
  0.000288
 -0.000107
 -0.000304
 -0.000056
 -0.000681
  0.000422
 -0.000476
  0.000161
  0.000211
 -0.000355
 -0.000525
  0.000115
 -0.000551
 -0.000438
 -0.000071
 -0.000762
 -0.000194
  0.000701
  0.000181
 -0.000448
 -0.000201
  0.001598
  0.000242
 -0.000224
 -0.000196
  0.000159
 -0.000994
  0.000922
 -0.000151
  0.000031
 -0.000231
 -0.000070
  0.000237
 -0.000270
 -0.000070
  0.000382
 -0.000477
  0.000084
  0.000014
  0.000455
 -0.000458
  0.000756
  0.000699
  0.000864
 -0.001215
  0.000191
 -0.000012
  0.000008
  0.000606
  0.000388
  0.000244
 -0.000039
  0.000070
 -0.000329
  0.000573
 -0.000709
 -0.000033
 -0.000061
 -0.000472
  0.000051
 -0.000033
  0.000352
  0.001651
 -0.000071
 -0.000213
 -0.000085
 -0.000753
  0.000125
 -0.000263
 -0.001110
 -0.000189
  0.000161
 -0.000542
 -0.000481
  0.000413
  0.000126
  0.000242
  0.000515
  0.000339
  0.000041
 -0.000243
  0.000571
 -0.000427
  0.000106
 -0.001592
  0.000259
  0.000488
  0.000443
 -0.001508
 -0.000822
 -0.000727
  0.000514
  0.000228
  0.001928
 -0.001840
 -0.001181
  0.000573
 -0.000043
  0.000830
  0.000306
  0.000563
  0.000932
 -0.000494
  0.000751
  0.002050
 -0.000780
 -0.000408
 -0.000183
  0.001028
 -0.000596
  0.000589
 -0.000801
 -0.000318
 -0.000999
  0.000897
  0.000453
  0.000406
 -0.000575
 -0.000249
  0.000290
 -0.000966
  0.000542
 -0.000005
  0.000163
 -0.000100
  0.000345
  0.000905
 -0.000377
  0.000380
  0.000148
 -0.000230
 -0.000505
  0.000883
 -0.000206
  0.000499
 -0.000336
 -0.000045
 -0.000044
 -0.000325
 -0.001216
 -0.000254
 -0.000469
  0.000166
  0.000646
 -0.000058
 -0.000401
 -0.001001
  0.001967
 -0.000405
  0.000480
  0.000194
 -0.000088
  0.000549
  0.000145
 -0.000473
 -0.000703
 -0.000327
  0.000285
  0.000268
 -0.000004
 -0.001059
 -0.000179
 -0.000398
  0.000061
 -0.000519
  0.000271
  0.000547
 -0.000009
  0.000126
  0.000052
 -0.000546
 -0.000740
  0.000250
 -0.000836
 -0.000045
 -0.000350
  0.000825
  0.000756
 -0.001859
 -0.000118
 -0.000124
 -0.000132
  0.000143
 -0.000032
 -0.001058
  0.002587
  0.000245
  0.000688
 -0.000253
  0.001190
  0.001271
  0.000444
  0.000597
 -0.000216
  0.001000
 -0.000211
  0.001082
  0.000195
  0.000189
 -0.000277
 -0.000604
  0.000345
  0.000624
  0.001620
 -0.001101
 -0.000013
  0.000117
 -0.000130
  0.000060
 -0.000375
  0.000101
  0.000755
 -0.000163
 -0.000023
  0.000309
 -0.000475
  0.000284
 -0.000135
  0.000027
 -0.000629
  0.000609
  0.000500
  0.001427
  0.000539
 -0.000075
  0.000032
  0.000303
  0.000343
  0.000313
  0.000158
  0.000010
  0.000356
  0.000395
  0.000159
  0.000195
  0.000715
  0.000289
 -0.000172
  0.000747
 -0.000544
 -0.000234
  0.000239
 -0.000340
 -0.000174
  0.000252
 -0.000522
 -0.000516
 -0.000227
  0.000201
 -0.000211
  0.000080
 -0.000344
 -0.000279
  0.000606
 -0.000324
 -0.000015
 -0.000672
  0.000528
  0.000158
 -0.000475
 -0.000058
  0.000969
  0.000060
 -0.000272
  0.000250
  0.000213
 -0.000214
  0.000220
 -0.000064
 -0.000383
 -0.000299
 -0.000278
 -0.000350
  0.000191
  0.000122
 -0.000099
 -0.000886
 -0.000136
  0.000257
  0.000673
 -0.000583
 -0.000016
  0.000325
  0.000413
  0.000026
  0.000116
 -0.000219
  0.000013
 -0.000230
 -0.000220
 -0.000040
 -0.000191
  0.000052
 -0.000095
 -0.000133
 -0.000365
 -0.000398
  0.000513
 -0.000467
 -0.000003
 -0.000074
 -0.000499
  0.000442
  0.000384
 -0.000431
  0.000030
  0.000377
  0.000182
 -0.000092
 -0.000211
 -0.000706
 -0.000072
 -0.000806
  0.000216
  0.000200
 -0.000610
  0.000081
 -0.000355
  0.000085
  0.000004
 -0.000316
 -0.000582
  0.000006
 -0.000187
 -0.000064
  0.000033
  0.000186
 -0.000090
  0.000172
  0.000215
  0.000209
 -0.000173
 -0.000068
 -0.000296
  0.000008
  0.000128
 -0.000009
 -0.000016
 -0.000161
  0.000093
  0.000125
  0.000083
 -0.000067
  0.000095
  0.000111
  0.000144
 -0.000059
  0.000157
 -0.000296
 -0.000100
 -0.000129
  0.000086
 -0.000225
  0.000055
 -0.000377
  0.000215
  0.000095
 -0.000273
  0.000168
 -0.000541
 -0.000073
 -0.000167
  0.000112
  0.000305
 -0.000151
  0.000114
  0.000011
 -0.000092
  0.000218
 -0.000105
  0.000041
  0.000426
  0.000151
 -0.000534
 -0.000408
  0.000006
 -0.000162
 -0.000079
 -0.000027
 -0.000470
 -0.000150
 -0.000121
  0.000417
  0.000090
  0.000022
 -0.000007
 -0.000201
  0.000167
  0.000275
  0.000025
 -0.000067
 -0.000042
  0.000376
  0.000048
  0.000222
 -0.000129
 -0.000242
  0.000315
  0.000294
 -0.000022
 -0.000236
  0.000244
  0.000037
 -0.000239
 -0.000077
 -0.000401
  0.000330
 -0.000256
 -0.000246
 -0.000175
 -0.000015
 -0.000174
  0.000181
 -0.000115
 -0.000053
 -0.000112
 -0.000024
 -0.000446
  0.000434
 -0.000350
  0.000515
 -0.000174
 -0.000289
 -0.000410
 -0.000034
  0.000408
 -0.000173
  0.000091
  0.000365
  0.000415
 -0.000050
 -0.000210
 -0.000008
  0.000117
  0.000230
  0.000541
  0.000147
 -0.000065
  0.000019
 -0.000003
  0.000212
 -0.000124
 -0.000057
 -0.000300
 -0.000333
 -0.000005
  0.000109
 -0.000186
 -0.000006
  0.000033
 -0.000083
 -0.000171
  0.000247
 -0.000099
  0.000524
  0.000199
  0.000067
 -0.000210
 -0.000270
 -0.000009
 -0.000090
 -0.000065
  0.000134
  0.000050
  0.000018
 -0.000395
  0.000058
  0.000144
  0.000085
 -0.000018
  0.000101
  0.000096
 -0.000029
 -0.000016
  0.000136
  0.000327
  0.000456
  0.000035
  0.000193
 -0.000067
 -0.000177
 -0.000097
 -0.000102
  0.000079
  0.000002
 -0.000029
 -0.000142
 -0.000043
 -0.000108
  0.000027
 -0.000207
  0.000031
 -0.000073
 -0.000084
  0.000128
  0.000020
