  0.019242
  0.116638
  0.022176
 -0.159568
  0.756827
  0.078048
 -0.069549
 -0.482526
 -0.085115
 -0.028574
  0.258483
  0.018741
  0.107926
 -0.005709
  0.023140
  0.158870
 -0.004114
  0.058681
 -0.072820
 -0.002299
  0.014108
 -0.046464
 -0.012266
  0.036956
 -0.001657
 -0.002778
 -0.007872
  0.064399
 -0.027404
  0.006494
  0.001826
  0.039060
 -0.023055
  0.014754
  0.011291
 -0.005625
  0.005828
 -0.013905
  0.014846
  0.018446
  0.074788
 -0.005631
  0.011476
 -0.004106
  0.018738
 -0.008292
  0.017464
 -0.004273
  0.001227
 -0.000971
  0.003291
 -0.006942
 -0.010938
  0.010888
  0.003960
 -0.000587
 -0.004618
  0.002402
  0.016992
 -0.012803
  0.000783
  0.000125
 -0.002107
  0.000283
  0.001838
 -0.004261
  0.000963
  0.001584
 -0.001179
 -0.000650
 -0.001296
  0.010903
 -0.000761
  0.012326
  0.003627
 -0.000185
  0.005268
 -0.000573
 -0.001988
 -0.001458
 -0.004683
 -0.011279
  0.000111
  0.007081
 -0.002461
  0.000748
  0.004268
 -0.006179
 -0.011655
 -0.003980
 -0.000265
  0.001657
  0.000618
 -0.000498
 -0.001901
 -0.004302
  0.001191
 -0.001076
  0.002133
 -0.009425
  0.001637
  0.003410
  0.000305
 -0.010016
 -0.003406
  0.000465
  0.000244
 -0.004436
  0.000032
  0.001948
  0.001459
  0.001828
  0.003191
 -0.000720
 -0.003259
  0.001533
  0.000872
  0.000729
  0.001814
  0.002867
  0.001131
 -0.001330
  0.001718
 -0.001932
 -0.003908
  0.001490
  0.002256
 -0.002732
  0.004634
  0.002645
 -0.002825
 -0.004211
 -0.000427
 -0.005748
  0.000758
 -0.001747
 -0.000049
  0.002138
 -0.003193
  0.001534
 -0.001353
  0.001191
 -0.003868
  0.002004
  0.000942
 -0.002339
 -0.003160
  0.002685
  0.000359
  0.001006
  0.003407
  0.000360
  0.001646
 -0.000479
 -0.000010
 -0.000051
 -0.005352
 -0.002072
 -0.004214
  0.001543
 -0.004027
  0.001740
  0.003308
 -0.001589
 -0.000068
 -0.002300
 -0.005329
  0.001678
 -0.001113
  0.001653
  0.001073
  0.000068
  0.001802
  0.000655
 -0.007952
  0.001779
  0.005066
  0.002143
  0.001085
  0.000328
 -0.002306
 -0.001553
 -0.006848
  0.001228
 -0.000412
 -0.002474
  0.003526
 -0.000035
  0.002737
  0.000174
 -0.001697
  0.003075
  0.001260
 -0.001430
  0.002157
 -0.006051
  0.003280
  0.000249
  0.001826
  0.000803
  0.003872
 -0.000217
  0.003840
 -0.002364
  0.006226
  0.003548
 -0.000289
  0.009376
  0.004854
  0.000169
  0.001805
 -0.006351
 -0.001969
 -0.000549
 -0.001966
  0.001277
  0.000279
  0.002556
 -0.003288
 -0.000424
  0.003039
  0.004621
 -0.002585
  0.000293
  0.001168
 -0.006006
 -0.000742
  0.001479
 -0.001008
  0.000190
  0.001315
 -0.002115
  0.000156
  0.002609
 -0.000299
 -0.000344
 -0.001470
  0.003429
  0.000588
  0.003269
  0.002379
  0.001470
  0.002326
  0.000362
 -0.001236
 -0.004106
  0.001648
 -0.001188
 -0.000351
  0.002677
 -0.000162
  0.000783
 -0.000190
  0.000289
 -0.000694
  0.000358
  0.000119
  0.000529
  0.000051
  0.002106
 -0.001724
  0.000465
 -0.001958
  0.002348
  0.002321
 -0.000430
 -0.003083
  0.000546
  0.001150
 -0.000292
  0.001195
 -0.000242
 -0.003021
 -0.000622
  0.000921
  0.000074
  0.000583
  0.000392
  0.000069
 -0.000586
 -0.000237
  0.000023
 -0.001488
  0.001442
  0.000491
  0.000000
  0.003193
  0.000995
 -0.002470
 -0.000832
  0.000668
 -0.003271
  0.000757
 -0.003166
  0.005632
  0.000955
  0.000473
  0.000289
 -0.000926
  0.000609
  0.001493
 -0.001176
 -0.000937
 -0.000566
 -0.002225
 -0.000445
 -0.000801
  0.000371
 -0.000106
 -0.000688
 -0.000794
  0.000568
 -0.000116
  0.002202
  0.001004
  0.000304
  0.000183
 -0.000167
 -0.001941
  0.000424
 -0.000334
 -0.001101
 -0.000395
  0.000448
  0.002131
  0.002140
  0.001184
  0.001461
 -0.001530
 -0.000214
 -0.000569
 -0.000566
 -0.000121
  0.000607
  0.000646
 -0.001450
  0.001408
  0.001413
 -0.000761
  0.000145
  0.000296
  0.000297
 -0.002453
  0.000064
 -0.000992
  0.001055
  0.000360
  0.000935
  0.000956
  0.001494
 -0.001009
  0.000584
 -0.000154
 -0.000213
 -0.000311
 -0.000162
 -0.001049
 -0.000752
  0.001159
 -0.000618
 -0.001398
 -0.001373
 -0.000320
 -0.000823
 -0.000688
  0.000669
  0.000599
 -0.000096
 -0.001271
  0.000285
 -0.001219
  0.000234
  0.001214
 -0.000239
 -0.000540
 -0.001652
  0.001320
 -0.000056
 -0.001683
 -0.000187
  0.001011
  0.000666
  0.001100
  0.001062
  0.000198
 -0.001326
  0.001319
 -0.000348
 -0.003009
 -0.002445
  0.000893
  0.000214
 -0.000250
 -0.000661
  0.003859
 -0.001062
 -0.001133
 -0.001190
  0.001690
  0.002825
  0.002447
 -0.000618
 -0.001722
 -0.001866
 -0.001562
 -0.000790
  0.001026
  0.000622
 -0.000838
 -0.000835
  0.000050
  0.000383
  0.000720
 -0.001369
  0.000620
  0.000823
 -0.001456
  0.000197
  0.001130
 -0.001791
 -0.000342
 -0.001361
 -0.001595
 -0.000774
  0.000528
  0.000913
  0.000627
  0.001957
 -0.000533
 -0.001954
  0.000919
  0.000330
 -0.001389
 -0.000866
  0.000693
 -0.000270
 -0.000591
  0.000106
 -0.001945
  0.001230
  0.003465
  0.000719
  0.002352
 -0.000114
  0.000284
 -0.001615
  0.000568
 -0.000139
  0.000115
 -0.001447
 -0.000678
 -0.000499
 -0.000211
  0.001864
  0.002755
 -0.001943
  0.000532
 -0.002366
 -0.001243
 -0.000305
  0.000099
  0.000443
  0.002219
 -0.001413
 -0.001448
  0.002286
 -0.000389
 -0.000723
  0.000832
 -0.000133
  0.001508
  0.001583
 -0.001470
  0.000472
 -0.000084
 -0.000880
 -0.001344
  0.001415
  0.001554
  0.001769
  0.002259
  0.001239
  0.002522
  0.000201
  0.002084
 -0.001749
 -0.000864
 -0.001632
 -0.000288
  0.002460
  0.000376
 -0.000263
  0.000420
  0.000331
 -0.000529
  0.000891
  0.001108
  0.001206
 -0.001037
 -0.001249
  0.002159
  0.001212
 -0.001203
 -0.000280
 -0.001713
  0.002825
  0.000783
  0.000641
  0.000372
  0.000473
  0.000391
  0.001449
 -0.000313
 -0.000558
  0.000160
 -0.000090
  0.000018
  0.001196
 -0.001066
 -0.002506
  0.000175
  0.001000
 -0.000572
  0.000015
  0.001445
 -0.000276
  0.001139
 -0.000162
  0.001183
 -0.000803
 -0.000466
 -0.002142
  0.000019
  0.001425
 -0.000985
 -0.000321
 -0.000956
  0.001123
 -0.000697
  0.000960
  0.000377
  0.001297
  0.001452
 -0.000398
 -0.000207
 -0.001582
 -0.002964
 -0.000501
  0.000102
  0.000076
 -0.000425
 -0.001799
 -0.000038
 -0.000638
 -0.000792
  0.000303
  0.000615
  0.000300
  0.000752
 -0.000196
 -0.000184
 -0.000101
 -0.000052
 -0.000672
  0.000500
 -0.000068
 -0.000071
  0.000241
 -0.000357
  0.000621
 -0.000814
 -0.000422
  0.000153
  0.000570
  0.000930
  0.000294
 -0.000564
  0.000228
  0.000411
 -0.000119
  0.000508
 -0.000541
  0.000126
 -0.000259
  0.000385
  0.000184
  0.000055
 -0.000282
  0.000191
  0.000387
  0.000267
 -0.000260
 -0.000138
  0.001104
  0.000330
  0.000369
  0.000434
  0.000435
  0.000050
 -0.000521
 -0.000237
 -0.000421
  0.000581
  0.000356
 -0.000323
 -0.000998
 -0.000071
 -0.000376
  0.000338
 -0.000299
  0.000955
  0.000047
 -0.000560
  0.000617
  0.001131
 -0.000171
 -0.000383
  0.000616
  0.000252
 -0.000308
  0.000228
  0.000265
 -0.000338
 -0.000519
 -0.000291
 -0.000413
  0.000158
  0.000558
  0.000145
 -0.000183
 -0.000504
 -0.000276
  0.000440
 -0.000361
  0.000017
 -0.000172
 -0.000858
 -0.000341
  0.000079
  0.000686
  0.000218
 -0.000044
 -0.000484
 -0.000269
 -0.000336
  0.000008
  0.000001
  0.000456
  0.000664
 -0.000500
 -0.000450
 -0.000142
 -0.000173
 -0.000170
  0.000492
 -0.000172
 -0.000546
  0.000232
  0.000514
 -0.000069
 -0.000259
  0.000002
 -0.000796
  0.000358
  0.000193
  0.000009
 -0.000300
  0.000373
  0.000057
 -0.000257
 -0.000208
 -0.000415
  0.000778
 -0.000206
 -0.000693
  0.000082
 -0.000125
 -0.000154
 -0.000182
 -0.000128
  0.000106
 -0.000058
  0.000477
 -0.000053
 -0.000775
  0.000061
  0.000345
  0.000632
 -0.001035
 -0.000275
 -0.000685
 -0.000955
 -0.000255
  0.000012
  0.000112
  0.000272
  0.000075
 -0.000188
  0.000730
 -0.000949
 -0.000154
 -0.000104
 -0.000156
 -0.000632
 -0.000329
 -0.000008
  0.000006
 -0.000160
 -0.000126
 -0.000076
 -0.000211
  0.000558
 -0.000324
 -0.000710
 -0.000577
  0.000857
  0.000224
  0.000445
 -0.001444
  0.000708
  0.000193
  0.000175
 -0.000601
 -0.000172
  0.000977
  0.000529
 -0.000460
  0.000245
 -0.000616
 -0.000438
 -0.000618
 -0.000447
 -0.000839
 -0.000578
 -0.000298
  0.000416
  0.000038
 -0.000256
 -0.000292
  0.000700
 -0.000143
 -0.000891
  0.000567
  0.000421
  0.000323
  0.000328
 -0.000190
 -0.000428
  0.000161
  0.000521
  0.000169
  0.000151
  0.000002
  0.000024
  0.000080
  0.000130
 -0.000118
  0.000224
  0.000368
 -0.000663
 -0.000704
  0.000247
  0.000073
 -0.000365
  0.000008
  0.000054
  0.000095
 -0.000137
  0.000004
 -0.000365
  0.000096
 -0.000003
 -0.000107
  0.000354
  0.000292
 -0.000111
  0.000119
  0.000407
 -0.000348
 -0.000004
 -0.000201
 -0.000169
  0.000152
  0.000235
 -0.000145
 -0.000302
  0.000349
  0.000088
  0.000593
  0.000092
 -0.000147
  0.000106
 -0.000083
  0.000280
 -0.000271
 -0.000024
 -0.000747
 -0.000089
 -0.000037
  0.000689
 -0.000598
 -0.000121
 -0.000200
 -0.000042
  0.000027
 -0.000107
 -0.000454
  0.000024
 -0.000025
  0.000112
 -0.000212
 -0.000327
 -0.000019
  0.000193
 -0.000035
  0.000279
 -0.000007
  0.000011
 -0.000014
 -0.000189
 -0.000054
  0.000139
 -0.000146
  0.000072
 -0.000189
