 -0.000823
 -0.020862
 -0.460716
 -0.873957
 -0.107218
 -0.019010
  0.016703
  0.003145
  0.011341
  0.061654
  0.007656
  0.008438
  0.018514
  0.016658
 -0.014663
 -0.008909
  0.043856
 -0.001577
  0.003518
 -0.026631
 -0.023224
 -0.024602
  0.033630
  0.002278
  0.019570
  0.005684
 -0.007223
 -0.005447
 -0.001050
  0.001607
  0.000632
 -0.005712
  0.002400
 -0.001105
 -0.008985
 -0.011502
 -0.001826
  0.002550
  0.001004
  0.000167
  0.000437
 -0.007711
 -0.003726
  0.002983
 -0.003126
 -0.001163
 -0.006700
  0.001033
  0.000001
  0.005375
 -0.000965
  0.001331
 -0.004288
 -0.002010
  0.000810
  0.001640
  0.000930
  0.004495
  0.002223
 -0.001094
 -0.000833
 -0.005674
 -0.004303
 -0.000601
 -0.002817
  0.004838
  0.001932
 -0.001284
 -0.001547
  0.002464
 -0.002397
  0.000447
 -0.001186
 -0.000130
 -0.000506
  0.001490
  0.000038
 -0.001413
 -0.002394
  0.000109
  0.003321
 -0.002099
 -0.000467
  0.001635
 -0.000150
  0.000092
  0.001825
 -0.002040
 -0.000817
  0.000778
  0.001108
  0.001532
  0.001732
 -0.001397
  0.000353
  0.000713
  0.002359
  0.002861
  0.001128
 -0.000392
  0.000571
  0.000199
  0.000775
  0.002133
 -0.002707
  0.000562
 -0.001065
  0.000539
  0.002105
  0.000218
  0.001259
  0.000770
  0.000261
  0.001754
  0.000113
 -0.002389
  0.000185
 -0.000904
 -0.001130
  0.001240
 -0.002003
  0.000782
  0.002006
 -0.000666
  0.000063
 -0.001511
 -0.000076
 -0.001333
  0.000483
 -0.000638
 -0.000285
  0.000627
  0.000540
  0.000718
  0.003072
  0.001794
 -0.000578
 -0.000608
  0.000889
  0.001688
  0.000145
  0.002140
  0.000221
 -0.000064
  0.001430
 -0.000431
 -0.000406
  0.001261
 -0.000451
  0.000114
  0.001000
 -0.000902
  0.000241
  0.000715
  0.000395
 -0.000034
 -0.000828
 -0.000056
  0.000747
 -0.000130
 -0.001042
  0.000560
  0.001336
 -0.001120
 -0.000514
 -0.000451
 -0.001433
 -0.000549
 -0.001288
  0.000345
  0.000839
 -0.000423
  0.001343
 -0.000639
 -0.000512
 -0.000430
 -0.001375
  0.000750
  0.000573
  0.000306
 -0.002168
  0.001846
 -0.000253
  0.001312
  0.001454
 -0.001077
  0.002011
  0.001165
  0.001466
  0.000513
  0.000305
  0.000727
 -0.000116
 -0.001393
  0.000769
  0.001651
  0.000964
  0.000063
 -0.000584
  0.000584
 -0.001058
  0.000086
 -0.000189
  0.001374
  0.000018
 -0.000653
 -0.001278
 -0.001181
 -0.000171
  0.000618
 -0.001587
  0.000984
  0.000015
  0.001580
  0.000123
  0.000770
  0.000644
 -0.000321
 -0.000896
 -0.000463
 -0.000306
 -0.000624
 -0.000097
 -0.001193
 -0.000781
 -0.000193
 -0.000098
 -0.000290
 -0.001208
 -0.000192
  0.000507
  0.000575
  0.000087
 -0.000009
  0.000551
  0.000775
 -0.000258
 -0.000566
  0.000470
 -0.000738
  0.000318
  0.000105
  0.000129
  0.000047
  0.000187
 -0.000190
 -0.000108
 -0.000588
  0.000315
 -0.001693
 -0.000514
 -0.000419
  0.000313
 -0.000175
  0.000094
  0.000611
  0.001264
  0.000005
 -0.000075
  0.000208
 -0.000139
 -0.000587
  0.000401
 -0.000149
 -0.000336
 -0.000232
 -0.000152
  0.000060
 -0.000376
  0.000319
  0.001307
  0.000928
  0.000203
  0.000211
 -0.000052
 -0.001185
  0.001360
 -0.000705
 -0.000088
  0.000301
  0.000464
 -0.000383
 -0.000044
  0.000116
 -0.000060
 -0.000651
  0.000165
  0.000159
  0.000759
  0.000399
 -0.000692
 -0.000137
  0.000178
  0.000168
 -0.000622
 -0.000689
 -0.000867
 -0.000189
 -0.000592
 -0.001249
  0.000561
  0.000478
 -0.000815
  0.000231
 -0.000335
 -0.000206
 -0.000290
  0.000129
  0.000601
  0.000103
  0.001832
  0.000533
 -0.000709
  0.000550
 -0.001184
 -0.000072
  0.001852
  0.000696
 -0.000907
  0.001183
 -0.000591
  0.000215
 -0.000064
  0.000359
 -0.000291
  0.000516
 -0.001182
  0.000052
  0.000486
  0.000244
  0.000744
 -0.001041
  0.001335
  0.000438
  0.000127
 -0.001544
 -0.001200
  0.001025
 -0.000018
  0.000028
 -0.000664
 -0.000176
  0.000525
 -0.001339
 -0.000196
  0.001288
  0.000745
  0.000707
  0.000092
 -0.000809
 -0.000376
  0.000550
  0.000669
 -0.000676
  0.000258
 -0.000088
  0.000405
  0.000619
  0.000273
  0.000083
  0.001949
 -0.000067
  0.001176
 -0.000224
  0.000799
  0.000904
 -0.000239
 -0.000607
  0.000447
  0.000640
 -0.000233
  0.000564
 -0.001831
 -0.000523
 -0.000011
 -0.000815
 -0.001727
  0.001527
 -0.002270
 -0.000356
  0.002616
 -0.000572
 -0.000170
 -0.001530
  0.001127
 -0.000409
 -0.002349
 -0.001226
 -0.001486
  0.000863
  0.001331
 -0.001034
 -0.001667
  0.000043
  0.000821
  0.001689
  0.000757
 -0.000490
 -0.000517
 -0.000335
 -0.001632
 -0.000035
 -0.001073
 -0.000776
 -0.000261
  0.001223
 -0.001072
  0.000041
 -0.000397
  0.000428
  0.000212
  0.000810
  0.000060
 -0.000381
  0.000548
 -0.000852
  0.000602
 -0.000015
  0.000472
 -0.000165
 -0.000218
 -0.000264
 -0.000010
  0.000201
  0.001845
  0.000281
 -0.000880
  0.000048
 -0.001956
 -0.000234
 -0.000297
  0.000764
 -0.000111
  0.000752
  0.000786
  0.001451
  0.001087
 -0.000552
 -0.000082
  0.000129
 -0.000159
 -0.001051
  0.000193
  0.000114
  0.000033
 -0.000395
 -0.000101
 -0.000319
  0.000065
 -0.000046
  0.000133
  0.000202
 -0.000225
 -0.000167
 -0.000509
 -0.000250
  0.000465
 -0.000805
 -0.000156
  0.000183
 -0.001283
 -0.000723
  0.000512
 -0.000301
 -0.000502
  0.000292
  0.000400
 -0.000405
  0.000296
 -0.000315
 -0.000118
 -0.000278
 -0.000062
 -0.000048
 -0.000295
 -0.000219
 -0.000022
 -0.000057
  0.000193
 -0.000379
 -0.000213
 -0.000433
 -0.000978
  0.000296
 -0.000740
 -0.000118
 -0.000213
  0.000811
 -0.000265
  0.000355
 -0.000787
  0.000021
 -0.000616
 -0.000217
 -0.000242
 -0.000006
 -0.000038
  0.000384
  0.000298
  0.000116
  0.000400
 -0.000779
 -0.000087
 -0.000357
  0.000130
 -0.000481
 -0.000323
  0.000060
 -0.000041
  0.000237
 -0.000101
 -0.000650
 -0.000127
  0.000066
  0.000179
  0.000380
 -0.000138
  0.000383
  0.000148
  0.000334
  0.000263
  0.000377
 -0.000028
 -0.000108
 -0.000102
 -0.000145
 -0.000032
  0.000153
 -0.000093
  0.000030
  0.000404
  0.000402
  0.000094
 -0.000193
  0.000404
  0.000134
 -0.000044
 -0.000218
  0.000308
  0.000088
  0.000367
 -0.000095
 -0.000244
  0.000498
  0.000928
 -0.000405
  0.000123
 -0.000327
  0.000395
 -0.000217
  0.000543
 -0.000243
 -0.000498
 -0.000103
 -0.000289
 -0.000536
  0.000015
  0.000127
 -0.000170
 -0.000431
  0.000120
  0.000024
 -0.000125
  0.000566
  0.000115
 -0.000295
  0.000340
 -0.000016
  0.000581
 -0.000110
 -0.000186
  0.000204
  0.000047
 -0.000155
 -0.000155
  0.000317
 -0.000118
 -0.000151
  0.000124
  0.000005
  0.000029
 -0.000155
 -0.000255
  0.000070
 -0.000220
 -0.000322
  0.000110
 -0.000010
  0.000239
  0.000292
 -0.000444
 -0.000068
  0.000044
 -0.000193
 -0.000192
  0.000397
 -0.000188
  0.000199
 -0.000042
 -0.000223
  0.000035
  0.000051
 -0.000300
  0.000105
  0.000056
  0.000383
 -0.000020
  0.000116
 -0.000100
 -0.000463
 -0.000186
  0.000028
  0.000065
 -0.000245
 -0.000039
  0.000098
 -0.000167
 -0.000102
  0.000069
  0.000161
  0.000017
 -0.000035
 -0.000337
 -0.000131
 -0.000090
  0.000221
 -0.000116
  0.000038
 -0.000060
  0.000130
 -0.000193
 -0.000080
  0.000052
  0.000014
 -0.000328
  0.000113
 -0.000077
 -0.000199
 -0.000359
  0.000077
  0.000347
 -0.000110
  0.000047
 -0.000081
  0.000237
 -0.000115
 -0.000100
 -0.000098
 -0.000345
 -0.000211
  0.000110
 -0.000057
  0.000059
 -0.000142
  0.000059
  0.000131
 -0.000105
 -0.000109
  0.000014
  0.000102
  0.000159
 -0.000308
  0.000172
  0.000008
  0.000014
 -0.000485
 -0.000105
 -0.000094
 -0.000195
  0.000040
 -0.000294
  0.000372
 -0.000157
  0.000206
 -0.000095
 -0.000148
 -0.000155
 -0.000406
 -0.000466
 -0.000852
 -0.000143
 -0.000069
  0.000139
  0.000005
  0.000125
  0.000056
 -0.000030
  0.000006
 -0.000315
 -0.000275
  0.000071
  0.000255
  0.000036
  0.000025
  0.000279
  0.000055
 -0.000151
  0.000017
 -0.000073
 -0.000004
  0.000288
  0.000091
  0.000160
 -0.000336
  0.000121
  0.000119
  0.000225
  0.000004
 -0.000167
 -0.000214
 -0.000333
  0.000075
 -0.000036
 -0.000568
 -0.000095
  0.000146
 -0.000271
 -0.000066
 -0.000012
 -0.000368
  0.000252
  0.000240
 -0.000173
 -0.000165
  0.000073
 -0.000011
 -0.000176
  0.000153
  0.000255
  0.000524
  0.000100
 -0.000104
 -0.000122
  0.000061
  0.000305
  0.000419
  0.000013
  0.000188
  0.000093
 -0.000198
  0.000289
 -0.000054
  0.000075
 -0.000095
 -0.000001
  0.000025
  0.000062
  0.000024
 -0.000108
 -0.000070
 -0.000069
 -0.000101
 -0.000065
 -0.000333
 -0.000064
 -0.000032
  0.000036
  0.000148
 -0.000183
  0.000085
  0.000025
  0.000033
  0.000048
 -0.000070
  0.000056
  0.000113
  0.000020
  0.000067
  0.000013
 -0.000175
  0.000184
  0.000073
  0.000023
  0.000045
  0.000008
 -0.000013
  0.000056
 -0.000081
 -0.000282
  0.000113
 -0.000332
  0.000147
  0.000137
 -0.000129
 -0.000188
  0.000008
  0.000050
  0.000009
  0.000084
  0.000273
 -0.000375
  0.000021
 -0.000043
  0.000103
 -0.000187
 -0.000230
  0.000060
  0.000144
  0.000026
 -0.000111
  0.000107
  0.000062
  0.000269
  0.000016
  0.000287
  0.000041
  0.000218
 -0.000067
  0.000161
 -0.000050
 -0.000150
  0.000003
 -0.000021
  0.000007
  0.000064
  0.000199
 -0.000005
  0.000006
  0.000024
  0.000029
  0.000066
  0.000001
  0.000041
 -0.000037
  0.000019
