 -0.997889
  0.001211
  0.050939
  0.002919
  0.012814
 -0.002030
 -0.029600
  0.002108
  0.003274
 -0.002082
  0.006217
  0.003992
 -0.005850
  0.007239
  0.010402
 -0.000697
  0.003744
 -0.000605
 -0.004953
  0.000604
  0.001741
  0.000737
 -0.002202
  0.004484
  0.003026
  0.000602
  0.002496
 -0.002921
  0.006964
 -0.002492
  0.002870
  0.000968
  0.001005
 -0.000167
  0.000703
  0.001207
 -0.004343
 -0.001650
 -0.001784
 -0.001517
 -0.002692
 -0.000651
 -0.001219
 -0.000598
  0.000329
 -0.000755
 -0.000769
 -0.002712
  0.000514
  0.000330
  0.002232
 -0.002105
 -0.000179
  0.000388
  0.000975
  0.000368
 -0.001184
  0.001921
  0.000484
  0.001467
  0.000626
 -0.000351
  0.000583
 -0.001136
 -0.000738
 -0.000139
 -0.000472
 -0.000979
 -0.000152
 -0.000001
  0.001622
  0.001764
 -0.000999
  0.001273
  0.001024
 -0.000995
 -0.000100
  0.000919
 -0.000013
 -0.000635
 -0.000061
  0.000561
 -0.000632
  0.000135
  0.000337
 -0.000304
  0.000707
 -0.000718
  0.000420
 -0.000451
 -0.000491
 -0.000190
 -0.000493
 -0.000288
 -0.001621
  0.001473
 -0.000765
 -0.000907
 -0.001094
 -0.000948
 -0.000528
  0.000261
 -0.000277
  0.000165
  0.000714
  0.000589
  0.000299
 -0.000029
  0.001049
 -0.000166
 -0.000000
 -0.000162
  0.000105
 -0.000694
 -0.000436
  0.000115
 -0.000215
  0.000657
 -0.001556
  0.001015
 -0.000056
  0.000422
  0.001593
 -0.000066
  0.000632
  0.000418
 -0.002571
  0.000037
  0.000255
  0.000188
  0.000984
  0.000341
 -0.000138
 -0.000466
 -0.000379
 -0.000474
  0.001055
 -0.000385
  0.000252
 -0.000361
 -0.000425
  0.000264
  0.000167
  0.000274
 -0.000352
  0.000312
 -0.000425
 -0.000194
 -0.000381
  0.000176
  0.000201
  0.000638
 -0.000727
  0.000164
 -0.001121
 -0.000322
  0.000377
  0.000232
 -0.000021
  0.000012
 -0.000333
 -0.000506
  0.000169
  0.000009
  0.000715
 -0.000072
  0.000627
  0.000248
 -0.000030
  0.000006
 -0.000026
  0.000430
 -0.000251
 -0.000377
  0.000318
 -0.000228
  0.000250
 -0.000528
  0.000322
  0.000180
 -0.000593
 -0.000266
 -0.000497
  0.000271
  0.000610
 -0.000522
  0.000138
  0.000206
 -0.000347
 -0.000288
 -0.000211
 -0.000331
 -0.000040
  0.000090
  0.000496
 -0.000694
  0.000299
  0.000367
  0.000523
  0.000123
  0.000096
  0.000224
  0.000145
  0.000189
 -0.000308
 -0.000301
 -0.000338
  0.000366
  0.000265
  0.000377
  0.000436
  0.000509
 -0.000120
 -0.000288
  0.000067
 -0.000461
  0.000170
 -0.000345
  0.000498
  0.000208
 -0.000296
 -0.000028
  0.000597
  0.000138
  0.000118
 -0.000567
  0.000120
  0.000077
  0.000794
 -0.000161
 -0.000223
 -0.000006
 -0.000034
 -0.000156
  0.000025
  0.000133
  0.000090
 -0.000629
  0.000133
  0.000041
  0.000041
 -0.000116
 -0.000178
  0.000183
  0.000422
  0.000448
  0.000030
  0.000271
  0.000128
  0.000013
  0.000109
  0.000187
 -0.000283
 -0.000186
 -0.000072
  0.000112
  0.000044
  0.000007
 -0.000180
  0.000265
  0.000333
  0.000916
 -0.000296
  0.000243
  0.000156
 -0.000029
 -0.000142
  0.000451
  0.000067
 -0.000045
  0.000268
  0.000092
 -0.000904
  0.000280
  0.000268
  0.000289
  0.000302
 -0.000007
  0.000081
  0.000018
  0.000052
 -0.000369
 -0.000107
 -0.000170
 -0.000079
 -0.000480
 -0.000008
 -0.000035
  0.000118
  0.000074
  0.000096
 -0.000373
  0.000024
 -0.000047
 -0.000273
  0.000020
  0.000359
 -0.000210
  0.000054
  0.000017
 -0.000288
  0.000211
  0.000087
  0.000317
  0.000356
 -0.000078
 -0.000294
 -0.000188
  0.000082
  0.000061
  0.000090
 -0.000297
 -0.000179
  0.000001
 -0.000017
 -0.000048
  0.000070
 -0.000072
 -0.000252
  0.000137
  0.000056
 -0.000126
 -0.000302
 -0.000097
  0.000097
  0.000409
 -0.000262
 -0.000020
 -0.000056
  0.000091
  0.000153
  0.000074
 -0.000034
 -0.000027
  0.000233
  0.000035
 -0.000010
  0.000150
  0.000100
  0.000023
 -0.000213
 -0.000087
 -0.000247
  0.000206
  0.000018
  0.000078
  0.000106
  0.000443
 -0.000193
  0.000144
  0.000553
  0.000374
  0.000150
  0.000009
  0.000598
  0.000102
  0.000097
  0.000059
  0.000267
 -0.000198
  0.000246
 -0.000192
 -0.000133
  0.000138
 -0.000178
  0.000027
  0.000180
 -0.000687
  0.000018
  0.000247
  0.000007
  0.000151
  0.000365
 -0.000383
 -0.000309
  0.000273
 -0.000066
 -0.000140
  0.000409
  0.000391
 -0.000046
  0.000130
 -0.000091
 -0.000016
  0.000405
  0.000159
  0.000038
  0.000098
  0.000212
 -0.000025
  0.000253
  0.000056
 -0.000270
 -0.000210
 -0.000032
 -0.000206
  0.000351
 -0.000090
 -0.000307
 -0.000226
  0.000029
 -0.000074
 -0.000075
  0.000028
 -0.000098
  0.000033
  0.000335
  0.000021
  0.000017
  0.000124
 -0.000061
 -0.000400
  0.000076
  0.000257
  0.000252
 -0.000126
  0.000270
 -0.000296
  0.000107
  0.000523
  0.000134
 -0.000223
  0.000087
 -0.000064
  0.000135
 -0.000035
  0.000191
 -0.000158
 -0.000336
 -0.000135
 -0.000016
 -0.000362
  0.000146
  0.000293
  0.000197
 -0.000643
  0.000181
  0.000061
 -0.000220
 -0.000108
 -0.000003
 -0.000019
 -0.000135
 -0.000135
  0.000149
  0.000197
  0.000087
 -0.000145
  0.000005
 -0.000360
  0.000228
 -0.000028
 -0.000206
  0.000289
  0.000206
 -0.000092
  0.000022
  0.000072
 -0.000140
 -0.000003
  0.000177
  0.000279
 -0.000177
 -0.000546
 -0.000229
 -0.000104
  0.000288
 -0.000051
  0.000192
  0.000213
  0.000213
  0.000080
 -0.000202
  0.000058
  0.000143
  0.000006
 -0.000236
  0.000274
  0.000147
  0.000407
 -0.000158
 -0.000103
 -0.000178
  0.000123
 -0.000035
  0.000224
  0.000277
 -0.000097
 -0.000030
 -0.000000
  0.000068
 -0.000022
 -0.000121
  0.000168
  0.000024
  0.000290
 -0.000140
 -0.000258
  0.000121
 -0.000030
 -0.000158
  0.000031
 -0.000080
 -0.000194
 -0.000082
  0.000088
 -0.000012
  0.000046
  0.000017
  0.000087
  0.000127
  0.000049
  0.000009
 -0.000073
  0.000046
  0.000030
 -0.000102
 -0.000071
  0.000130
  0.000178
 -0.000015
 -0.000197
  0.000125
  0.000177
 -0.000082
 -0.000111
 -0.000101
  0.000066
  0.000191
 -0.000044
  0.000057
  0.000101
  0.000278
  0.000231
  0.000007
  0.000155
  0.000241
 -0.000153
 -0.000120
 -0.000134
 -0.000159
 -0.000251
 -0.000041
 -0.000322
 -0.000013
  0.000134
 -0.000094
 -0.000207
 -0.000038
  0.000012
 -0.000153
  0.000138
  0.000255
 -0.000000
  0.000015
  0.000054
  0.000280
  0.000229
 -0.000102
 -0.000008
  0.000071
 -0.000251
  0.000088
  0.000029
 -0.000011
  0.000093
  0.000059
 -0.000084
  0.000028
  0.000021
 -0.000041
 -0.000077
  0.000010
 -0.000060
 -0.000092
 -0.000047
  0.000019
 -0.000045
 -0.000266
  0.000110
  0.000163
 -0.000011
 -0.000106
 -0.000333
 -0.000020
  0.000134
  0.000120
  0.000261
  0.000312
  0.000207
 -0.000006
 -0.000001
 -0.000071
 -0.000003
 -0.000000
  0.000089
  0.000029
  0.000068
 -0.000037
  0.000201
  0.000116
  0.000052
 -0.000091
 -0.000050
 -0.000008
  0.000011
  0.000187
  0.000134
  0.000225
 -0.000062
 -0.000039
  0.000011
  0.000038
  0.000063
 -0.000322
 -0.000042
 -0.000002
  0.000000
  0.000112
 -0.000001
  0.000116
 -0.000018
 -0.000149
 -0.000035
  0.000078
  0.000177
 -0.000192
  0.000124
 -0.000027
  0.000105
  0.000011
 -0.000082
 -0.000089
 -0.000039
 -0.000003
  0.000045
  0.000011
  0.000035
 -0.000002
  0.000018
 -0.000013
  0.000079
 -0.000071
  0.000186
 -0.000032
 -0.000062
 -0.000009
  0.000157
 -0.000110
 -0.000003
  0.000087
  0.000115
  0.000041
 -0.000087
 -0.000033
 -0.000045
  0.000079
  0.000128
 -0.000026
 -0.000063
 -0.000098
  0.000070
 -0.000038
  0.000033
  0.000121
  0.000187
 -0.000046
  0.000158
 -0.000040
 -0.000084
 -0.000122
 -0.000017
 -0.000036
  0.000034
  0.000072
  0.000111
  0.000099
  0.000250
 -0.000100
  0.000014
 -0.000015
 -0.000034
 -0.000041
  0.000070
 -0.000030
 -0.000159
 -0.000121
 -0.000025
 -0.000024
  0.000097
 -0.000031
  0.000034
 -0.000320
 -0.000048
  0.000182
 -0.000209
  0.000072
 -0.000044
 -0.000248
 -0.000105
  0.000031
 -0.000041
 -0.000121
  0.000001
  0.000225
  0.000021
  0.000128
 -0.000061
  0.000087
 -0.000103
  0.000015
 -0.000082
  0.000069
 -0.000155
 -0.000062
 -0.000180
  0.000114
  0.000014
  0.000010
 -0.000034
 -0.000014
 -0.000077
 -0.000094
 -0.000057
 -0.000016
 -0.000087
  0.000022
 -0.000104
 -0.000022
  0.000151
  0.000084
 -0.000166
 -0.000014
 -0.000034
 -0.000063
 -0.000214
  0.000205
 -0.000098
 -0.000090
  0.000135
  0.000026
  0.000007
 -0.000007
  0.000083
  0.000059
 -0.000007
 -0.000010
 -0.000060
  0.000002
 -0.000006
 -0.000008
  0.000080
  0.000093
 -0.000021
 -0.000166
  0.000064
 -0.000014
  0.000285
  0.000150
 -0.000115
  0.000087
  0.000052
  0.000116
  0.000003
 -0.000085
  0.000104
  0.000075
  0.000118
 -0.000089
  0.000010
  0.000037
  0.000089
 -0.000073
  0.000037
 -0.000094
  0.000122
 -0.000054
  0.000028
  0.000049
  0.000012
  0.000040
 -0.000208
  0.000054
  0.000086
  0.000168
  0.000026
 -0.000050
 -0.000059
 -0.000065
 -0.000062
  0.000114
 -0.000012
 -0.000050
  0.000045
  0.000137
  0.000050
 -0.000040
 -0.000066
  0.000013
 -0.000005
  0.000008
  0.000012
  0.000018
  0.000022
 -0.000012
  0.000022
 -0.000019
  0.000001
 -0.000053
  0.000096
  0.000029
 -0.000068
 -0.000000
 -0.000002
  0.000055
 -0.000029
  0.000030
  0.000031
  0.000002
 -0.000014
  0.000052
  0.000023
  0.000000
  0.000003
 -0.000029
