  1    0.111008
  2    0.053666
  3    0.022990
  4    0.007080
  5    0.045507
  6    0.031985
  7    0.014387
  8    0.012462
  9    0.002335
 10    0.014757
 11    0.012604
 12    0.013614
 13    0.004723
 14    0.005793
 15    0.010513
 16    0.012588
 17    0.007009
 18    0.016229
 19    0.007589
 20    0.001249
 21    0.004468
 22    0.003901
 23    0.009835
 24    0.004543
 25    0.004574
 26    0.009864
 27    0.005840
 28    0.004297
 29    0.002757
 30    0.009135
 31    0.004110
 32    0.004721
 33    0.006764
 34    0.004262
 35    0.004660
 36    0.004954
 37    0.007058
 38    0.002423
 39    0.004127
 40    0.003834
 41    0.003158
 42    0.003378
 43    0.005133
 44    0.002543
 45    0.004175
 46    0.003439
 47    0.002262
 48    0.002763
 49    0.004499
 50    0.002474
 51    0.006549
 52    0.001110
 53    0.003452
 54    0.001351
 55    0.003410
 56    0.003180
 57    0.001497
 58    0.001843
 59    0.003184
 60    0.003263
 61    0.001961
 62    0.002090
 63    0.001322
 64    0.002479
 65    0.001717
 66    0.002047
 67    0.001074
 68    0.001513
 69    0.002541
 70    0.001349
 71    0.002452
 72    0.000738
 73    0.004388
 74    0.001190
 75    0.002948
 76    0.002524
 77    0.001562
 78    0.002322
 79    0.000888
 80    0.001078
 81    0.000806
 82    0.001904
 83    0.002703
 84    0.000781
 85    0.001066
 86    0.002518
 87    0.000610
 88    0.001605
 89    0.001873
 90    0.000360
 91    0.000886
 92    0.000983
 93    0.001901
 94    0.000908
 95    0.001784
 96    0.001998
 97    0.001878
 98    0.000504
 99    0.000730
100    0.002388
101    0.000805
102    0.001824
103    0.000741
104    0.002434
105    0.002052
106    0.001196
107    0.000648
108    0.000597
109    0.001059
110    0.002128
111    0.001471
112    0.001837
113    0.001377
114    0.000299
115    0.001559
116    0.001871
117    0.001090
118    0.001512
119    0.000992
120    0.001025
121    0.002432
122    0.001443
123    0.001417
124    0.002034
125    0.001777
126    0.000626
127    0.001616
128    0.002106
129    0.000739
130    0.000692
131    0.001580
132    0.002102
133    0.000873
134    0.002407
135    0.000945
136    0.000645
137    0.001320
138    0.001275
139    0.001869
140    0.000900
141    0.001643
142    0.001963
143    0.001040
144    0.000896
145    0.001044
146    0.000973
147    0.001118
148    0.001189
149    0.001117
150    0.000759
151    0.000996
152    0.001467
153    0.001158
154    0.002248
155    0.000758
156    0.000974
157    0.000218
158    0.000688
159    0.001733
160    0.000953
161    0.000815
162    0.001001
163    0.000282
164    0.000483
165    0.001613
166    0.000920
167    0.000695
168    0.000356
169    0.000741
170    0.001075
171    0.000527
172    0.000890
173    0.000949
174    0.001207
175    0.000686
176    0.001611
177    0.000454
178    0.000332
179    0.001714
180    0.000858
181    0.000753
182    0.000634
183    0.000685
184    0.001118
185    0.001175
186    0.000579
187    0.000692
188    0.000895
189    0.001352
190    0.001848
191    0.000562
192    0.000825
193    0.000659
194    0.001213
195    0.000788
196    0.000545
197    0.000398
198    0.000953
199    0.000692
200    0.000863
201    0.000690
202    0.000395
203    0.000591
204    0.000487
205    0.000778
206    0.000868
207    0.000282
208    0.000731
209    0.000429
210    0.000739
211    0.000713
212    0.000468
213    0.000464
214    0.000343
215    0.000325
216    0.000389
217    0.000300
218    0.000794
219    0.000487
220    0.000915
221    0.000294
222    0.000519
223    0.000864
224    0.000953
225    0.000663
226    0.000594
227    0.000740
228    0.000778
229    0.000569
230    0.000285
231    0.000627
232    0.000808
233    0.000619
234    0.000822
235    0.001038
236    0.000672
237    0.000396
238    0.001075
239    0.000651
240    0.000602
241    0.000562
242    0.000302
243    0.000530
244    0.000280
245    0.000626
246    0.000573
247    0.000512
248    0.000801
249    0.000385
250    0.000819
251    0.000435
252    0.000471
253    0.000959
254    0.000823
255    0.000793
256    0.000896
257    0.000560
258    0.000749
259    0.000245
260    0.000564
261    0.000880
262    0.000422
263    0.000509
264    0.000592
265    0.000462
266    0.000553
267    0.000698
268    0.000711
269    0.000637
270    0.000309
271    0.000518
272    0.000533
273    0.000437
274    0.000475
275    0.000716
276    0.000552
277    0.000279
278    0.000728
279    0.000258
280    0.000579
281    0.000515
282    0.000279
283    0.000711
284    0.000393
285    0.000540
286    0.000344
287    0.000690
288    0.000437
289    0.000448
290    0.000620
291    0.000171
292    0.000556
293    0.000853
294    0.000505
295    0.000606
296    0.000250
297    0.000918
298    0.000489
299    0.000594
300    0.000794
301    0.000622
302    0.000797
303    0.000537
304    0.000903
305    0.000392
306    0.000681
307    0.000824
308    0.000533
309    0.000335
310    0.000770
311    0.001218
312    0.000401
313    0.000542
314    0.000395
315    0.000682
316    0.000455
317    0.000710
318    0.000496
319    0.000457
320    0.000344
321    0.000375
322    0.000403
323    0.000575
324    0.001182
325    0.000649
326    0.000437
327    0.000704
328    0.000911
329    0.000327
330    0.000625
331    0.001158
332    0.000431
333    0.000775
334    0.000414
335    0.000670
336    0.000730
337    0.000945
338    0.000641
339    0.000543
340    0.000515
341    0.000289
342    0.000243
343    0.000458
344    0.000824
345    0.000563
346    0.000594
347    0.000543
348    0.000546
349    0.000555
350    0.000315
351    0.000493
352    0.000580
353    0.000519
354    0.000792
355    0.000540
356    0.000497
357    0.000944
358    0.000542
359    0.000305
360    0.000377
361    0.000628
362    0.000356
363    0.000461
364    0.000648
365    0.000578
366    0.000849
367    0.000383
368    0.000673
369    0.000645
370    0.000667
371    0.000887
372    0.000614
373    0.000476
374    0.000742
375    0.000580
376    0.000619
377    0.000182
378    0.000448
379    0.000625
380    0.000217
381    0.000475
382    0.001017
383    0.000568
384    0.000272
385    0.000367
386    0.000334
387    0.000329
388    0.000454
389    0.000566
390    0.000351
391    0.000387
392    0.000550
393    0.000654
394    0.001027
395    0.000717
396    0.000581
397    0.000727
398    0.000477
399    0.000416
400    0.000291
401    0.000352
402    0.000521
403    0.000424
404    0.000507
405    0.000636
406    0.000327
407    0.000618
408    0.000340
409    0.000556
410    0.000911
411    0.000496
412    0.000492
413    0.000342
414    0.000184
415    0.000428
416    0.000357
417    0.000666
418    0.000438
419    0.000328
420    0.000162
421    0.000338
422    0.000577
423    0.000508
424    0.000199
425    0.000450
426    0.000204
427    0.000401
428    0.000383
429    0.000230
430    0.000447
431    0.000072
432    0.000385
433    0.000712
434    0.000536
435    0.000597
436    0.000285
437    0.000600
438    0.000306
439    0.000789
440    0.000602
441    0.000443
442    0.000856
443    0.000431
444    0.000416
445    0.000909
446    0.000476
447    0.000379
448    0.000322
449    0.000434
450    0.000306
451    0.000463
452    0.000440
453    0.000270
454    0.000238
455    0.000557
456    0.000368
457    0.000378
458    0.000409
459    0.000627
460    0.000509
461    0.000471
462    0.000583
463    0.000280
464    0.000313
465    0.000577
466    0.000625
467    0.000430
468    0.000606
469    0.000496
470    0.000345
471    0.000260
472    0.000260
473    0.000363
474    0.000472
475    0.000362
476    0.000259
477    0.000593
478    0.000665
479    0.000408
480    0.000311
481    0.000355
482    0.000230
483    0.000322
484    0.000204
485    0.000172
486    0.000401
487    0.000268
488    0.000586
489    0.000293
490    0.000332
491    0.000352
492    0.000360
493    0.000278
494    0.000560
495    0.000442
496    0.000368
497    0.000453
498    0.000307
499    0.000342
500    0.000351
501    0.000286
502    0.000186
503    0.000361
504    0.000487
505    0.000265
506    0.000418
507    0.000719
508    0.000405
509    0.000487
510    0.000379
511    0.000434
512    0.000267
513    0.000360
514    0.000286
515    0.000205
516    0.000279
517    0.000278
518    0.000155
519    0.000322
520    0.000405
521    0.000100
522    0.000224
523    0.000162
524    0.000557
525    0.000174
526    0.000316
527    0.000369
528    0.000381
529    0.000287
530    0.000330
531    0.000660
532    0.000288
533    0.000149
534    0.000467
535    0.000232
536    0.000289
537    0.000413
538    0.000200
539    0.000206
540    0.000450
541    0.000240
542    0.000245
543    0.000231
544    0.000438
545    0.000357
546    0.000219
547    0.000280
548    0.000135
549    0.000356
550    0.000176
551    0.000363
552    0.000312
553    0.000464
554    0.000244
555    0.000286
556    0.000336
557    0.000320
558    0.000201
559    0.000168
560    0.000392
561    0.000306
562    0.000200
563    0.000324
564    0.000182
565    0.000366
566    0.000352
567    0.000420
568    0.000212
569    0.000270
570    0.000211
571    0.000321
572    0.000267
573    0.000359
574    0.000180
575    0.000217
576    0.000269
577    0.000267
578    0.000296
579    0.000520
580    0.000273
581    0.000351
582    0.000141
583    0.000081
584    0.000260
585    0.000390
586    0.000135
587    0.000298
588    0.000435
589    0.000077
590    0.000185
591    0.000293
592    0.000289
593    0.000207
594    0.000152
595    0.000325
596    0.000173
597    0.000268
598    0.000174
599    0.000364
600    0.000411
601    0.000220
602    0.000344
603    0.000269
604    0.000200
605    0.000246
606    0.000376
607    0.000229
608    0.000202
609    0.000204
610    0.000379
611    0.000224
612    0.000229
613    0.000300
614    0.000460
615    0.000318
616    0.000272
617    0.000260
618    0.000253
619    0.000300
620    0.000251
621    0.000204
622    0.000175
623    0.000383
624    0.000255
625    0.000173
626    0.000224
627    0.000479
628    0.000257
629    0.000233
630    0.000540
631    0.000245
632    0.000225
633    0.000202
634    0.000258
635    0.000210
636    0.000256
637    0.000293
638    0.000404
639    0.000245
640    0.000360
641    0.000278
642    0.000101
643    0.000197
644    0.000317
645    0.000141
646    0.000186
647    0.000251
648    0.000472
649    0.000192
650    0.000320
651    0.000178
652    0.000197
653    0.000329
654    0.000223
655    0.000142
656    0.000396
657    0.000261
658    0.000241
659    0.000118
660    0.000460
661    0.000242
662    0.000264
663    0.000327
664    0.000319
665    0.000158
666    0.000285
667    0.000140
668    0.000203
669    0.000244
670    0.000155
671    0.000272
672    0.000265
673    0.000513
674    0.000255
675    0.000135
676    0.000165
677    0.000355
678    0.000233
679    0.000194
680    0.000173
681    0.000385
682    0.000384
683    0.000333
684    0.000302
685    0.000305
686    0.000273
687    0.000245
688    0.000436
689    0.000560
690    0.000230
691    0.000227
692    0.000277
693    0.000170
694    0.000126
695    0.000183
696    0.000209
697    0.000280
698    0.000261
699    0.000297
700    0.000302
701    0.000240
702    0.000159
703    0.000288
704    0.000121
705    0.000293
706    0.000384
707    0.000169
708    0.000327
709    0.000284
710    0.000242
711    0.000207
712    0.000239
713    0.000369
714    0.000218
715    0.000239
716    0.000260
717    0.000210
718    0.000098
719    0.000236
720    0.000168
721    0.000232
722    0.000338
723    0.000271
724    0.000292
725    0.000148
726    0.000272
727    0.000499
728    0.000244
729    0.000210
730    0.000323
731    0.000293
732    0.000141
733    0.000353
734    0.000327
735    0.000247
736    0.000403
737    0.000360
738    0.000416
739    0.000455
740    0.000331
741    0.000189
742    0.000323
743    0.000181
744    0.000398
745    0.000210
746    0.000117
747    0.000284
748    0.000190
749    0.000195
750    0.000202
751    0.000381
752    0.000197
753    0.000285
754    0.000204
755    0.000111
756    0.000134
757    0.000175
758    0.000100
759    0.000040
760    0.000298
761    0.000172
762    0.000243
763    0.000268
764    0.000127
765    0.000137
766    0.000273
767    0.000218
768    0.000314
769    0.000177
770    0.000410
771    0.000164
772    0.000250
773    0.000328
774    0.000403
775    0.000249
776    0.000227
777    0.000195
778    0.000155
779    0.000082
780    0.000072
781    0.000161
782    0.000072
783    0.000240
784    0.000126
785    0.000300
786    0.000182
787    0.000184
788    0.000256
789    0.000104
790    0.000240
791    0.000211
792    0.000312
793    0.000133
794    0.000318
795    0.000152
796    0.000267
797    0.000115
798    0.000396
799    0.000086
800    0.000019
801    0.000324
802    0.000173
803    0.000160
804    0.000153
805    0.000281
806    0.000148
807    0.000177
808    0.000268
809    0.000127
810    0.000041
811    0.000143
812    0.000185
813    0.000250
814    0.000303
815    0.000069
816    0.000259
817    0.000295
818    0.000084
819    0.000384
820    0.000238
821    0.000369
822    0.000436
823    0.000137
824    0.000163
825    0.000521
