0.005215
-0.024354
-0.016685
0.009505
-0.011403
-0.016809
0.014267
-0.003268
-0.03757
0.010967
0.017819
-0.049415
0.010149
0.011982
-0.038838
816e-6
0.019374
-0.043058
-0.018989
0.018897
-0.024945
-0.002426
0.010257
-0.02198
0.012263
0.001428
-0.010741
-0.003458
-0.005578
0.006704
-0.007338
-0.011005
0.022451
-0.014531
-0.012889
0.035376
-0.022969
-0.007109
0.03461
-0.029901
-0.009287
0.045887
-0.039595
-0.003228
0.050832
-0.051829
-0.012576
0.067099
-0.072044
0.003037
0.07422
-0.088953
0.031909
0.087864
-0.11475
0.024542
0.119377
-0.102259
0.014112
0.107217
-0.10136
0.045643
0.095869
-0.08034
0.058503
0.077969
-0.063532
0.037158
0.055264
-0.049223
0.005668
0.050258
-0.030171
-0.004671
0.039478
-0.01902
-0.016056
0.04483
-0.009734
-0.014584
0.03402
0.004355
-0.019611
0.029182
0.016345
-0.012152
0.011538
0.035375
-0.011487
0.005557
0.046905
-0.00145
-0.012233
0.057282
0.005521
-0.025197
0.071047
-0.005373
-0.012994
0.080888
-0.012166
-0.005713
0.075884
-0.024061
0.013699
0.064572
-0.027813
0.022384
0.042467
-0.028843
0.031199
0.031496
-0.024597
0.02654
0.011404
-0.024674
0.038611
0.002374
-0.018633
0.0312
-0.009856
-0.018268
0.033974
-0.021762
326e-6
0.023991
-0.041628
0.019628
0.037422
-0.047723
0.056864
0.032541
-0.063206
0.078101
0.049126
-0.056924
0.118338
0.045745
-0.126042
0.204352
0.053038
-0.10302
0.342684
0.0449
-0.088968
0.32449
-0.089757
-0.100847
0.294048
-0.032385
-0.116849
0.183528
-0.120118
-0.085088
0.060863
-0.088867
-0.064488
0.041572
-0.068252
-0.048875
0.037741
-0.010186
-0.015664
-611e-6
-0.007772
0.008739
0.011727
0.019187
-0.003076
0.014629
0.016397
-0.001979
-0.005537
-0.001487
0.010861
-0.009553
0.010552
0.013053
-0.004806
0.017296
0.008195
-0.004077
0.009479
0.010161
-0.01114
0.007455
0.014619
-0.012036
0.013488
0.011632
-0.010635
0.01368
0.010005
-0.01259
0.010023
0.012283
-0.019986
0.011106
0.010237
-0.003341
0.011012
0.010031
-361e-6
0.012771
0.007426
-0.003212
0.011961
0.006126
-487e-6
0.014992
0.004262
-0.00438
0.012305
0.007501
-0.00697
0.012959
0.009304
-0.010257
0.015098
0.011825
-0.011013
0.014329
0.008826
-0.008931
0.011511
0.014454
-0.011218
0.003234
0.005569
-0.001447
-0.010598
-0.007974
0.0141
-0.016491
-0.021222
0.025727
-0.027424
-0.041602
0.039309
-0.048469
-0.058919
0.048484
-0.044518
-0.093094
0.062542
-0.037924
-0.081918
0.058496
-0.028177
-0.049792
0.039606
-0.021101
-0.032212
0.034449
0.001781
-0.016239
0.017138
0.011202
-0.004657
63e-5
0.01246
0.002276
-0.015551
0.024768
0.009493
-0.018566
0.031978
0.002973
-0.025221
0.043105
0.003951
-0.019528
0.029474
0.007777
-0.019698
0.024363
0.010098
-0.017552
0.014104
0.015176
-0.023623
0.014578
0.015787
-0.022849
0.007965
0.012112
-0.017457
719e-6
0.016485
-0.022582
-0.005714
0.020145
-0.026825
-0.004745
0.01434
-0.019566
-0.004143
0.012901
-0.016935
-0.014691
0.019111
-0.023867
-0.018503
0.018909
-0.024087
-0.01513
0.012694
-0.017017
-0.019867
0.013396
-0.016901
-0.027455
0.011049
-0.013717
-0.032204
0.00658
-0.009711
-0.026005
0.004754
-0.007771
-0.023462
235e-6
-0.002613
-0.026834
-0.002988
0.001705
-0.02796
-0.006256
0.005485
-0.02051
-0.001745
861e-6
-0.014824
772e-6
-0.002914
-0.01793
-0.003836
0.00303
-0.017331
-0.004965
0.004523
-0.008863
429e-6
-0.002251
-0.005805
-283e-6
-0.002511
-0.008781
-0.005675
0.002914
-0.003638
-0.001922
-599e-6
0.003928
0.002024
-0.00498
0.003538
-0.001869
-0.001385
0.002654
-0.004889
0.001577
0.008115
-149e-6
-0.002828
0.011791
759e-6
-0.003265
0.011032
-0.004033
566e-6
0.01328
-0.003436
-0.001456
0.01671
715e-6
-0.003987
0.019299
-0.001159
-0.002502
0.018675
-0.005162
-369e-6
0.022431
-0.002124
-0.003485
0.026803
189e-6
-0.005077
0.025419
0.004345
-0.00964
0.022441
0.00799
-0.008069
0.019813
0.010135
-0.008263
0.017016
0.014198
-0.009813
0.014585
0.014623
-0.012247
0.011664
0.011441
-0.013305
0.006683
0.013562
-0.016481
-382e-6
0.013197
-0.017897
-0.001282
0.017057
-0.023284
0.003594
0.013782
-0.016842
0.009007
0.009939
-0.014344
0.007491
0.010218
-0.016421
0.011641
0.007208
-0.011677
0.012606
0.003358
-0.008249
0.020969
0.001443
-0.004732
0.01648
0.004081
-0.004451
0.006496
677e-6
-44e-6
0.008011
0.003055
-0.002586
0.012725
0.005374
-0.007155
0.010476
0.006673
-0.009326
0.012174
0.007903
-0.010437
0.011643
0.010815
-0.012913
0.013093
0.014101
-0.011574
0.014964
0.012934
-0.00857
0.019193
0.01011
-0.004017
0.019764
0.018768
-0.010191
0.0205
0.01339
-0.009778
0.021168
0.012055
-0.010757
0.025296
0.007418
-0.010434
0.028971
0.005225
-0.00877
0.030499
0.002547
-0.008326
0.035759
-0.003109
-0.007729
0.036245
-0.002395
-0.00776
0.0391
0.002974
-0.008404
0.035496
0.002112
-0.008206
0.028689
0.008895
-0.008733
0.025847
0.014791
-0.011698
0.027812
0.021094
-0.016432
0.027817
0.027303
-0.022827
0.027158
0.033132
-0.031068
0.03182
0.03717
-0.035924
0.024554
0.037062
-0.036792
0.025972
0.036881
-0.031454
0.015632
0.028982
-0.021272
0.008172
0.028025
-0.025396
0.001906
0.027227
-0.025075
-0.003112
0.024438
-0.022496
-0.010438
0.017912
-0.016976
-0.004961
0.017416
-0.015211
-0.001194
0.015135
-0.014382
-0.002884
0.01777
-0.016197
-0.005635
0.016175
-0.015071
0.001872
0.019638
-0.018757
0.00621
0.025001
-0.023271
535e-6
0.025107
-0.023471
222e-6
0.022386
-0.020537
0.00835
0.023447
-0.021589
0.013682
0.01693
-0.014669
0.015994
0.014207
-0.011151
0.017512
0.007108
-0.007151
0.016919
0.002999
-0.004938
0.013745
0.001878
-0.003783
0.005996
0.008263
-0.008346
0.005373
0.007059
-0.007108
0.00708
0.002512
-0.004944
199e-6
0.006958
-0.008594
-0.005173
0.009744
-0.010569
-0.002319
0.00551
-0.007836
-0.003549
0.004544
-0.007453
-0.011922
0.010647
-0.013
-0.013255
0.009915
-0.011949
-0.009629
0.004815
-0.007608
-0.014774
0.008854
-0.012115
-0.022682
0.013109
-0.01638
-0.018546
0.008771
-0.011886
-0.018233
0.006122
-0.009931
-0.027597
0.012593
-0.015718
-0.031617
0.013407
-0.016931
-0.026134
0.018149
-0.022361
-0.020382
0.022393
-0.025706
-0.026643
0.02705
-0.029458
-0.022692
0.022518
-0.025295
-0.023133
0.026406
-0.028681
-0.030963
0.034862
-0.037782
-0.034514
0.04148
-0.044528
-0.037729
0.0381
-0.039029
-0.031946
0.043357
-0.039612
-0.022729
0.04025
-0.033792
-0.015213
0.041525
-0.035599
-0.01587
0.03618
-0.0337
-0.023854
0.029815
-0.02751
-0.020368
0.028414
-0.025471
-0.015496
0.029387
-0.02699
-0.023139
0.026381
-0.024673
-0.02908
0.020399
-0.020112
-0.024171
0.020115
-0.019973
-0.02275
0.019789
-0.020548
-0.032087
0.013407
-0.016532
-0.032892
0.016598
-0.019093
-0.036022
0.015078
-0.018007
-0.03276
0.014963
-0.01747
-0.032887
0.012601
-0.015458
-0.040995
0.006837
-0.009814
-0.042313
0.008183
-0.01117
-0.040802
0.006832
-0.009891
-0.048357
0.00226
-0.005359
-0.043357
-834e-6
-0.002205
-0.040516
-0.006599
0.003179
-0.044444
-0.007257
0.003924
-0.044842
-0.011802
0.008821
-0.037368
-0.006474
0.003713
-0.031363
-0.001838
-917e-6
-0.034435
-0.006066
0.003013
-0.032521
-0.006168
0.002456
-0.022583
378e-6
-0.002974
-0.022462
0.001479
-0.003962
-0.026495
-0.003509
-71e-6
-0.019342
592e-6
-0.003365
-0.012552
0.005844
-0.007479
-0.016048
0.002835
-0.005098
-0.015947
0.006058
-0.007594
-0.012573
859e-6
-0.003522
-0.006955
0.00111
-0.003535
-318e-6
-0.005567
0.002069
0.001262
-0.007535
0.002918
-0.007202
-0.004913
943e-6
-0.007309
-0.008584
0.003507
-0.006231
-0.008265
0.004447
0.001314
-0.005187
0.001605
0.003784
-0.012095
0.007752
0.00437
-0.012968
0.008785
-0.003084
-0.008567
0.005167
-0.007289
-0.011196
0.007459
-0.002632
-0.016899
0.013696
-0.007326
-0.013152
0.011593
-0.015629
-0.010076
0.009111
-0.015639
-0.015571
0.013965
-0.011265
-0.018989
0.018814
-0.018796
-0.014535
0.014099
-0.024528
-0.013565
0.013269
-0.019063
-0.019548
0.019723
-0.021155
-0.017537
0.017328
-0.029847
-0.01126
0.010605
-0.029737
-0.011181
0.009288
-0.038244
-0.014427
0.012665
-0.04096
-0.010656
0.008392
-0.037245
-0.005065
0.002503
-0.03783
