  0.053198
  0.225359
 -0.185508
 -0.298630
 -0.495588
 -0.382917
 -0.334727
  0.375866
 -0.102615
 -0.082015
 -0.045581
 -0.068610
 -0.173517
 -0.051735
 -0.243651
  0.083303
  0.074751
 -0.022639
  0.040966
  0.142778
 -0.023872
  0.026072
 -0.047370
  0.037166
 -0.004840
 -0.027886
  0.018752
  0.001554
 -0.000676
 -0.016813
 -0.008906
 -0.004579
 -0.024978
  0.049042
  0.006004
 -0.024962
  0.014068
  0.018440
 -0.010322
  0.042156
  0.001788
 -0.016748
  0.012604
  0.004100
  0.023784
  0.020239
  0.037899
 -0.011226
 -0.005022
  0.002393
 -0.002310
 -0.009764
 -0.020826
  0.007759
 -0.010815
  0.022483
 -0.016649
 -0.002881
 -0.009973
 -0.009656
 -0.005378
  0.000173
  0.001309
  0.005779
  0.002758
 -0.003273
 -0.005890
  0.002169
  0.018988
  0.001092
  0.005955
  0.011616
  0.011914
 -0.007256
 -0.016175
 -0.015345
 -0.009624
 -0.007389
  0.001713
  0.004283
 -0.003307
 -0.018262
 -0.024979
 -0.000577
 -0.006941
 -0.007622
  0.004105
  0.007620
 -0.007434
  0.010586
  0.004595
 -0.014417
 -0.000305
  0.004473
  0.011745
  0.009580
  0.001444
 -0.002043
  0.003106
 -0.003512
  0.001260
 -0.011962
 -0.020778
  0.004884
  0.010718
  0.007844
  0.014391
  0.005525
  0.008041
 -0.010357
 -0.002071
  0.010126
 -0.005623
  0.007863
  0.000377
  0.001744
  0.001917
  0.012631
  0.001947
 -0.005797
 -0.012663
 -0.004990
 -0.001249
 -0.000752
  0.001667
  0.003061
  0.008640
 -0.004886
  0.000667
  0.002582
 -0.002764
  0.005493
 -0.000854
  0.003403
  0.000665
  0.005086
 -0.004223
  0.004170
 -0.001973
 -0.001012
  0.001231
  0.004386
 -0.008449
 -0.001554
 -0.008920
  0.004913
  0.000852
  0.001871
 -0.002017
 -0.002155
 -0.001574
 -0.003707
 -0.002612
  0.004277
  0.004828
  0.004050
 -0.000039
  0.000869
 -0.001611
  0.000594
  0.004577
 -0.000316
  0.000812
  0.003614
 -0.000099
 -0.000117
  0.005481
 -0.002581
 -0.001129
 -0.000907
  0.004052
  0.007542
 -0.006635
  0.005430
  0.001391
 -0.007693
 -0.007741
  0.000365
 -0.004046
  0.000107
  0.002707
  0.011278
  0.001524
 -0.001170
 -0.010602
  0.001678
 -0.005210
  0.004354
  0.003850
 -0.005264
 -0.005335
 -0.008120
  0.003717
 -0.003642
  0.002277
 -0.002863
 -0.004356
 -0.001952
 -0.002541
 -0.008833
 -0.000959
 -0.002945
 -0.001413
  0.000269
 -0.001695
  0.000931
  0.002399
  0.000651
  0.007979
  0.007574
  0.003995
 -0.000456
  0.002717
  0.000692
  0.007755
 -0.006792
  0.002918
 -0.004192
  0.003571
  0.003620
  0.002291
 -0.001655
 -0.009170
 -0.004876
  0.001736
 -0.016043
  0.004567
 -0.002932
  0.000545
  0.001003
 -0.000382
 -0.004463
  0.000486
  0.002946
  0.000594
 -0.003539
  0.002156
 -0.000652
 -0.001448
  0.000519
  0.003967
 -0.001544
 -0.001298
  0.001678
  0.000352
  0.000067
 -0.003057
 -0.002777
  0.002986
  0.004037
  0.002345
 -0.000081
 -0.001000
 -0.002748
 -0.000748
  0.001885
 -0.002191
  0.001670
 -0.002008
  0.003846
 -0.001171
 -0.001701
  0.001850
  0.003184
 -0.001855
  0.001081
  0.001123
 -0.000451
 -0.000141
  0.001888
 -0.006362
 -0.005591
  0.003088
  0.006871
 -0.003130
  0.000273
 -0.000436
 -0.002404
  0.001274
  0.002316
  0.000664
  0.001968
  0.003194
 -0.001953
  0.002875
 -0.002139
  0.000080
  0.000200
  0.000716
  0.000059
 -0.000706
 -0.000230
  0.000335
 -0.000926
  0.001614
  0.001865
  0.000093
  0.001511
 -0.001952
 -0.002310
 -0.001519
  0.001447
  0.000352
  0.001303
 -0.000775
 -0.003002
 -0.001703
  0.004271
 -0.001521
 -0.000675
  0.004453
 -0.000287
 -0.002879
 -0.000266
 -0.002476
 -0.002136
  0.002833
  0.001268
 -0.003885
  0.000579
  0.004733
  0.002146
  0.000835
  0.000444
 -0.004359
 -0.004163
  0.002393
  0.000325
  0.000754
 -0.000202
  0.002444
  0.001800
  0.001176
  0.006944
 -0.002807
 -0.001976
  0.003261
  0.000054
 -0.002372
  0.000920
  0.001739
 -0.002577
  0.001533
  0.001033
  0.003739
 -0.003614
 -0.000325
 -0.000039
  0.002490
 -0.001074
 -0.002347
  0.002715
  0.001420
  0.000509
 -0.001372
 -0.000571
 -0.001116
  0.000472
  0.003140
 -0.000094
 -0.003834
 -0.000112
  0.000966
  0.001963
 -0.001412
 -0.000153
 -0.001262
 -0.000161
  0.000948
  0.000035
 -0.000711
  0.001004
 -0.000292
  0.001892
 -0.001151
 -0.000552
 -0.001066
 -0.000639
 -0.000270
  0.000867
  0.000433
 -0.001069
 -0.001173
 -0.000163
  0.000830
  0.000424
 -0.003269
 -0.000090
 -0.000736
 -0.000185
 -0.003142
  0.000217
 -0.001084
  0.001097
  0.003192
 -0.000905
 -0.000997
  0.002239
 -0.001283
 -0.003520
  0.005729
 -0.000612
  0.001539
 -0.005256
  0.001900
 -0.001329
 -0.001110
 -0.001371
  0.000320
  0.000939
  0.001791
  0.001449
 -0.003836
 -0.004815
  0.004643
  0.001081
 -0.001269
  0.000267
  0.001383
  0.001386
 -0.001771
  0.002053
  0.003240
 -0.000040
  0.001135
 -0.000735
 -0.000207
 -0.000343
 -0.000693
 -0.000179
  0.002159
 -0.001214
  0.000792
 -0.001873
  0.000513
 -0.000474
 -0.000057
  0.000914
  0.000407
 -0.000817
 -0.000643
 -0.000326
 -0.000925
  0.001070
  0.000479
  0.001188
 -0.001099
 -0.000815
 -0.000841
  0.001150
 -0.001184
  0.002623
  0.000749
  0.002504
 -0.001005
  0.000486
  0.000316
  0.000775
 -0.000479
  0.000126
  0.000284
  0.000128
  0.000329
 -0.000071
  0.000806
  0.000165
 -0.000142
 -0.000109
  0.000492
  0.000086
 -0.000665
 -0.000350
  0.000073
 -0.000463
 -0.000131
  0.000240
 -0.000115
  0.000852
 -0.000144
  0.000186
 -0.000171
  0.000087
 -0.000965
  0.000009
 -0.000950
 -0.000553
 -0.000197
  0.000737
 -0.000005
 -0.000395
  0.000885
 -0.001257
  0.001643
 -0.000844
 -0.000785
  0.001859
  0.000196
  0.000052
 -0.000499
  0.000883
 -0.001414
  0.000633
  0.001119
 -0.000550
  0.001182
  0.000075
 -0.001069
  0.002609
  0.000035
  0.000092
  0.001616
  0.000117
  0.002588
 -0.000451
 -0.000790
  0.000134
 -0.001980
  0.000028
 -0.000889
  0.000206
 -0.004990
 -0.001461
  0.000177
 -0.000609
 -0.000887
 -0.002277
 -0.001018
  0.001140
 -0.000039
 -0.000836
  0.000918
 -0.000163
  0.002549
 -0.001868
  0.002380
 -0.001074
 -0.001964
 -0.000872
  0.000514
 -0.000137
  0.000027
  0.000403
  0.001070
 -0.000564
 -0.001324
  0.002799
 -0.001717
  0.002606
 -0.000246
  0.001053
 -0.000760
 -0.001549
  0.000261
  0.001246
 -0.000971
  0.001260
 -0.000708
  0.000148
 -0.001971
 -0.000239
 -0.000495
 -0.001267
  0.003582
 -0.002172
  0.001015
  0.000394
  0.001206
 -0.001227
 -0.001429
  0.001136
  0.002393
 -0.000577
 -0.000705
  0.000041
 -0.001277
  0.000025
  0.000445
  0.000444
  0.000793
  0.001829
 -0.001058
 -0.001057
  0.000675
 -0.002264
  0.000176
 -0.001524
  0.000728
 -0.000925
 -0.000520
 -0.001016
  0.000857
  0.001273
  0.000206
 -0.000735
  0.000955
  0.003206
  0.000957
  0.000571
 -0.001149
  0.000358
  0.000231
 -0.002089
 -0.000115
 -0.003369
 -0.000798
 -0.000126
  0.000290
  0.000228
  0.000769
  0.000343
 -0.000618
 -0.000756
  0.000798
 -0.004516
 -0.000727
 -0.000362
  0.000380
 -0.001048
  0.000969
 -0.000547
 -0.001402
 -0.000272
 -0.000118
 -0.000273
 -0.001301
 -0.000535
  0.000610
  0.002461
 -0.000505
 -0.000013
  0.000854
 -0.001233
 -0.004041
 -0.000183
  0.001019
  0.000820
  0.000822
 -0.000221
  0.001281
  0.001453
 -0.000096
 -0.000034
  0.000087
 -0.000369
  0.001171
 -0.000630
 -0.001588
 -0.001248
 -0.001548
  0.001261
 -0.000247
  0.000396
  0.001839
  0.001408
  0.000284
 -0.001024
 -0.000181
  0.000112
 -0.000533
 -0.000333
 -0.000410
 -0.002098
 -0.000216
 -0.001708
  0.000060
 -0.000617
 -0.000878
  0.000818
 -0.001153
 -0.000291
 -0.000600
  0.000160
 -0.000016
 -0.000412
 -0.001477
 -0.000907
 -0.000054
  0.001384
 -0.000936
 -0.000421
  0.000098
 -0.000467
  0.000007
 -0.000877
  0.000348
 -0.000360
  0.000947
 -0.000656
 -0.000385
 -0.000209
  0.000033
  0.001011
 -0.000906
  0.000175
  0.000805
 -0.000115
  0.000545
 -0.000906
 -0.000768
  0.001743
  0.000956
  0.000298
  0.001111
  0.001275
 -0.000485
 -0.000911
  0.000801
  0.001232
 -0.000348
 -0.000779
 -0.000185
 -0.000160
 -0.000446
  0.000319
 -0.000158
 -0.000107
  0.000567
  0.000091
  0.000401
  0.000336
 -0.000037
 -0.000003
 -0.000129
  0.000482
  0.000031
  0.000191
  0.000238
 -0.000118
  0.000352
 -0.000377
  0.000211
 -0.000025
 -0.000138
  0.000039
  0.000584
 -0.000081
 -0.000560
 -0.001226
  0.000178
 -0.001090
 -0.001087
  0.000305
  0.000267
 -0.000564
  0.000502
 -0.000531
 -0.000176
 -0.000026
 -0.000455
 -0.000523
 -0.000580
 -0.000244
  0.000919
  0.000621
  0.000550
  0.000191
 -0.000335
  0.000079
  0.000743
  0.000255
  0.000133
  0.000118
 -0.000277
 -0.000336
  0.000322
  0.000113
  0.000644
  0.000116
 -0.000360
  0.000364
  0.000099
 -0.000144
 -0.000076
 -0.000644
 -0.000259
 -0.000228
  0.000347
 -0.000069
 -0.000292
 -0.000298
  0.000153
 -0.000043
 -0.000036
 -0.000151
 -0.000024
 -0.000214
  0.000137
  0.000160
  0.001281
 -0.000825
 -0.000404
  0.000267
  0.000151
  0.000303
  0.000199
 -0.000184
 -0.001281
 -0.000682
 -0.000344
  0.000333
 -0.000034
  0.001514
  0.000043
  0.000130
  0.000559
  0.000335
  0.000470
 -0.000136
 -0.000042
 -0.000254
 -0.000065
 -0.000032
 -0.000038
 -0.000032
  0.000031
  0.000007
  0.000105
  0.000396
  0.000042
 -0.000052
 -0.000029
 -0.000074
  0.000158
 -0.000002
 -0.000070
