  0.054465
  0.014768
 -0.139935
 -0.034177
  0.034324
  0.065264
 -0.894266
  0.181363
 -0.192203
 -0.012632
  0.107712
  0.168928
 -0.198950
 -0.035173
 -0.012789
 -0.001057
 -0.041473
  0.069164
  0.021624
 -0.013981
 -0.053276
 -0.011070
  0.016068
  0.008935
  0.008919
 -0.015421
  0.010579
  0.015511
  0.005786
 -0.024783
 -0.000903
 -0.012634
  0.011265
 -0.000920
  0.006856
 -0.009345
 -0.007701
 -0.016206
 -0.010612
 -0.010594
 -0.004113
 -0.010630
 -0.010537
  0.004250
  0.001181
 -0.004653
 -0.004296
  0.025964
 -0.016641
 -0.003398
  0.001638
  0.001022
  0.000967
 -0.020510
  0.007956
  0.001647
  0.015946
  0.003731
 -0.000628
 -0.001089
 -0.006183
  0.011915
  0.001245
 -0.006940
  0.002866
  0.017045
 -0.000410
  0.002841
 -0.013737
 -0.007996
  0.012207
  0.007514
  0.017469
  0.010105
 -0.000220
 -0.010501
  0.004353
  0.001514
  0.002990
 -0.005197
 -0.010048
  0.006698
 -0.001889
 -0.001286
 -0.000491
  0.022441
  0.001576
 -0.000791
  0.003193
 -0.014852
  0.008572
  0.002059
  0.004496
  0.005138
  0.001634
  0.003003
  0.003343
 -0.003058
 -0.009848
  0.002064
 -0.004012
  0.000874
 -0.002321
 -0.001697
 -0.001440
 -0.003800
 -0.005246
  0.004632
 -0.003189
 -0.003271
  0.007397
  0.004355
  0.003907
 -0.003839
 -0.000043
 -0.002671
  0.001570
 -0.002318
  0.000434
 -0.002609
  0.001121
  0.000152
 -0.003796
  0.005346
  0.010609
  0.003016
 -0.001897
 -0.001686
  0.005185
 -0.001118
 -0.004241
  0.004713
 -0.003985
  0.005966
  0.002976
 -0.001244
 -0.003351
  0.001093
  0.000879
  0.004556
  0.000871
 -0.006116
 -0.000946
  0.000586
  0.006854
 -0.003361
 -0.005611
  0.004145
 -0.000787
 -0.004584
  0.007591
 -0.001619
  0.000337
  0.000184
 -0.000403
  0.001363
  0.001507
  0.003175
  0.001793
  0.000038
  0.002847
 -0.002326
  0.003625
  0.000493
 -0.000618
 -0.000661
  0.000342
  0.001316
  0.001372
 -0.000924
 -0.001076
 -0.001691
 -0.001497
  0.002377
  0.001302
  0.000886
  0.003356
 -0.001545
 -0.000630
 -0.001161
  0.002893
 -0.002376
  0.001190
  0.002989
 -0.000857
  0.004414
 -0.000776
 -0.002275
  0.003755
  0.000673
  0.003669
  0.001488
  0.002223
  0.001402
  0.001436
 -0.000395
  0.002732
 -0.000747
 -0.001774
 -0.004234
  0.002673
  0.001335
  0.001547
 -0.003300
  0.001816
  0.001493
  0.002326
  0.002212
 -0.004351
  0.000269
  0.004079
  0.003681
 -0.003534
 -0.002697
  0.000611
  0.002545
  0.004083
 -0.001709
  0.001658
 -0.002023
 -0.000655
  0.001998
 -0.003685
  0.001221
  0.000040
 -0.000297
 -0.000500
  0.000358
  0.002488
  0.001685
 -0.003278
  0.001183
  0.002930
  0.000005
  0.001836
 -0.000210
  0.002816
 -0.002061
  0.000703
  0.000628
 -0.000220
 -0.001329
  0.001604
  0.000402
 -0.003621
  0.003265
 -0.000069
  0.002487
 -0.000857
  0.000241
 -0.004527
 -0.002634
 -0.001941
  0.000302
  0.001625
 -0.000345
  0.000870
 -0.002162
 -0.000215
 -0.003373
 -0.000230
  0.000442
 -0.001187
  0.000431
 -0.000919
  0.001463
 -0.000042
 -0.001139
  0.000748
 -0.003403
 -0.000245
  0.001005
  0.000816
  0.000059
 -0.003539
 -0.001248
  0.003763
  0.000958
 -0.000515
  0.001146
 -0.000856
 -0.004389
  0.001190
 -0.001462
  0.000357
 -0.000114
  0.001134
  0.001453
 -0.001377
 -0.001532
 -0.002268
 -0.001102
 -0.000869
 -0.001231
 -0.004592
 -0.000931
  0.000606
  0.001340
 -0.000881
  0.001345
 -0.001423
 -0.000838
 -0.001124
 -0.001560
 -0.001411
  0.000447
 -0.002223
  0.000954
  0.000413
  0.001152
  0.000243
  0.002811
  0.001758
 -0.001058
  0.000027
  0.000826
  0.001219
 -0.000512
 -0.000608
 -0.000302
 -0.003256
  0.003459
 -0.000266
 -0.002738
 -0.000373
  0.001303
 -0.002040
 -0.000659
  0.000627
  0.001803
 -0.002270
  0.001356
 -0.000396
  0.004079
  0.000594
  0.001597
  0.000325
  0.001702
  0.003733
 -0.001951
  0.001381
 -0.002721
 -0.000051
  0.000210
  0.001522
 -0.000711
 -0.000620
  0.001820
  0.000070
 -0.000859
 -0.001682
 -0.001105
 -0.001469
  0.000554
 -0.001413
 -0.000421
  0.001252
  0.000314
 -0.001700
  0.001810
  0.000676
 -0.001203
 -0.000488
 -0.000068
 -0.000570
  0.000012
 -0.001382
 -0.000213
 -0.002957
  0.000764
  0.001978
 -0.000096
  0.001819
  0.001409
  0.002297
 -0.000390
 -0.000664
 -0.001177
 -0.000410
  0.003035
  0.000825
  0.000043
  0.002330
 -0.000183
  0.000617
  0.000640
 -0.000015
  0.001182
  0.000747
 -0.002420
  0.001485
  0.001110
  0.000299
 -0.001552
 -0.001666
  0.000385
  0.000223
 -0.000476
 -0.000899
  0.001250
 -0.001152
 -0.000744
  0.000533
 -0.002081
  0.001003
  0.000627
  0.000566
  0.001348
 -0.000032
  0.000565
  0.000039
  0.000560
  0.001085
  0.000302
  0.000745
 -0.001316
 -0.000969
 -0.000166
 -0.000190
  0.000693
 -0.000088
 -0.001552
 -0.001999
 -0.001904
 -0.001080
 -0.000550
 -0.000378
  0.000394
  0.000120
  0.000175
  0.000478
 -0.001345
 -0.000246
 -0.000020
  0.001964
 -0.001082
 -0.001148
 -0.000910
 -0.001450
 -0.000346
  0.000620
 -0.000472
  0.002974
  0.001264
 -0.000555
  0.000732
  0.001356
  0.001047
  0.001347
  0.004204
  0.004253
 -0.002447
  0.000518
 -0.002037
 -0.003669
  0.000433
 -0.000427
 -0.000169
  0.000684
  0.000832
  0.000915
 -0.001317
  0.002989
 -0.000101
 -0.001971
 -0.000861
 -0.000968
  0.000484
  0.000685
 -0.000109
  0.000410
 -0.001092
  0.000815
 -0.001402
  0.000923
  0.000440
  0.001847
  0.001168
 -0.001077
 -0.000506
 -0.001671
  0.001728
 -0.001292
 -0.000101
  0.001040
  0.000475
  0.000722
  0.000171
  0.000648
  0.002388
  0.000622
 -0.001236
 -0.001162
 -0.001055
  0.001949
 -0.001358
  0.002861
  0.000265
 -0.000574
  0.000590
  0.000864
 -0.003780
 -0.000748
 -0.001178
  0.001418
  0.002198
 -0.002564
 -0.002475
 -0.001042
  0.000034
 -0.001170
  0.000170
  0.000682
  0.000388
 -0.000023
 -0.000136
 -0.000471
  0.001245
  0.002296
  0.000859
  0.002312
  0.000870
  0.001999
 -0.000517
 -0.002997
 -0.000325
  0.001609
  0.000581
  0.000942
  0.004293
 -0.000564
 -0.001015
  0.001519
 -0.001376
  0.001738
 -0.002204
  0.000898
 -0.002117
 -0.001707
 -0.000409
  0.000417
  0.002497
  0.000499
  0.000617
 -0.001011
 -0.000373
  0.000851
 -0.002238
  0.002768
  0.000920
 -0.000023
  0.000182
 -0.000379
 -0.000621
  0.000614
 -0.001129
 -0.000468
 -0.001749
 -0.000595
 -0.001528
 -0.002283
 -0.000466
 -0.000846
 -0.000421
  0.000815
  0.000383
 -0.000021
 -0.000268
  0.000881
 -0.000065
  0.001432
 -0.000088
  0.000306
  0.001213
  0.000175
  0.000648
 -0.000475
  0.000779
  0.000520
 -0.000168
 -0.001008
 -0.000086
 -0.000616
 -0.000104
  0.000125
 -0.000037
 -0.001149
  0.000245
 -0.001187
 -0.000111
  0.000581
 -0.000300
  0.000350
  0.000532
 -0.001610
  0.000960
  0.000213
  0.000251
  0.000056
  0.001434
 -0.000281
 -0.001956
  0.001292
  0.000560
 -0.000793
 -0.001005
  0.002237
 -0.000750
 -0.003242
  0.000004
 -0.000976
  0.002614
  0.002732
  0.000260
  0.000257
  0.000013
 -0.001245
 -0.000579
 -0.000699
 -0.001146
  0.000585
  0.001889
 -0.000745
  0.000140
  0.000981
  0.001104
  0.002256
  0.000466
  0.000528
 -0.000646
  0.000124
  0.000570
 -0.000110
  0.001361
  0.001776
 -0.002572
 -0.000563
 -0.000467
 -0.000904
  0.001060
 -0.000517
  0.000915
 -0.001038
 -0.000855
 -0.000634
 -0.000237
  0.001038
 -0.000254
  0.001677
 -0.000392
  0.000371
 -0.000103
  0.000571
 -0.000306
  0.001706
 -0.001853
 -0.000811
 -0.000215
  0.000673
 -0.000123
 -0.000096
  0.000734
  0.000880
  0.000877
  0.000755
  0.002061
  0.000034
  0.000391
  0.000357
 -0.001013
 -0.000144
  0.000082
  0.000913
 -0.001907
  0.000141
  0.000321
 -0.000971
 -0.000091
  0.000315
  0.000451
 -0.000495
 -0.000639
  0.000111
  0.000235
  0.000429
  0.000683
 -0.001193
 -0.001063
  0.002132
 -0.000313
  0.001659
 -0.000578
  0.000340
 -0.002267
 -0.000899
 -0.002472
  0.001755
 -0.001838
 -0.001943
  0.001474
  0.002639
 -0.002448
  0.000359
 -0.001138
 -0.000147
 -0.000503
 -0.000834
 -0.001568
  0.001732
  0.000062
 -0.000984
  0.001634
 -0.000177
  0.001279
  0.000728
 -0.000085
 -0.000704
  0.000583
  0.000456
  0.000760
  0.000628
 -0.000620
 -0.000803
 -0.001696
 -0.001611
 -0.000342
 -0.000212
 -0.000351
 -0.003221
  0.000503
  0.000901
  0.002188
 -0.001285
  0.000404
  0.000007
 -0.002592
  0.000771
  0.000326
  0.001190
 -0.000790
 -0.002924
 -0.001260
 -0.000374
  0.000535
  0.000933
  0.001393
 -0.004134
  0.000299
  0.000320
 -0.000143
 -0.000989
 -0.000293
  0.000766
 -0.000661
 -0.000375
 -0.001156
  0.000895
  0.000858
  0.000699
 -0.000988
  0.000986
 -0.001387
 -0.002914
  0.001517
 -0.000739
 -0.000639
 -0.000687
 -0.000855
 -0.000328
  0.000485
 -0.001087
  0.000480
 -0.001554
 -0.001303
  0.000441
  0.000209
  0.000802
 -0.000454
  0.000268
 -0.000021
 -0.000038
  0.000754
  0.000155
 -0.000732
 -0.001518
  0.000573
 -0.002595
 -0.000479
  0.000770
  0.000290
  0.003579
  0.000925
 -0.000562
  0.000607
  0.003402
 -0.000026
 -0.000211
  0.001761
  0.001110
 -0.001295
  0.000826
 -0.002435
  0.001018
  0.000028
  0.002800
 -0.000457
 -0.000371
 -0.001687
 -0.001502
  0.000738
 -0.002008
  0.001312
 -0.000009
  0.000820
  0.000412
 -0.000197
 -0.000082
 -0.000840
 -0.000525
  0.000403
 -0.000203
 -0.000188
 -0.001152
  0.001237
 -0.000210
