  0.145308
  0.091719
  0.461121
  0.346255
 -0.313978
 -0.461677
 -0.513553
  0.028780
 -0.070438
  0.019412
  0.123651
  0.027695
  0.026406
  0.134602
  0.032980
  0.062646
 -0.048852
 -0.023170
  0.033516
 -0.064167
 -0.001271
 -0.006905
  0.033579
 -0.001923
  0.012084
  0.020632
 -0.003173
  0.001154
  0.023282
  0.013605
 -0.011283
  0.005105
 -0.008989
  0.000968
 -0.005582
  0.008680
  0.006302
 -0.006080
  0.002286
  0.000576
  0.026072
 -0.002578
 -0.006578
 -0.008729
  0.011967
  0.019752
 -0.008932
 -0.010124
 -0.000715
 -0.006345
  0.002600
  0.004098
  0.012627
  0.005988
  0.007632
  0.003995
 -0.012884
 -0.005817
 -0.004773
  0.011265
 -0.005202
 -0.005960
 -0.004647
 -0.003966
 -0.005454
 -0.006106
  0.005826
 -0.003166
 -0.002872
 -0.010403
 -0.013107
 -0.002463
  0.001954
  0.005308
  0.003080
  0.000144
 -0.002761
 -0.002931
 -0.003972
  0.003030
 -0.002398
 -0.002790
 -0.000918
  0.010751
 -0.000619
  0.001581
  0.001776
  0.001591
 -0.002401
 -0.002534
 -0.004159
  0.002038
  0.002074
  0.003136
 -0.005195
  0.000130
 -0.001810
 -0.000387
 -0.001677
 -0.004014
  0.003684
  0.003286
 -0.004022
 -0.001961
 -0.002308
  0.001343
 -0.000385
  0.003748
 -0.000729
 -0.000842
  0.001401
  0.000513
 -0.007247
  0.001998
 -0.007944
 -0.000770
  0.004441
 -0.005571
 -0.006382
 -0.001673
  0.000071
  0.001948
 -0.002315
  0.000385
 -0.001951
  0.004124
 -0.002206
  0.003176
 -0.001626
  0.000662
  0.002283
  0.008641
 -0.003887
 -0.001316
  0.004982
  0.009557
  0.003412
  0.007570
  0.004207
 -0.001871
 -0.002640
  0.002899
 -0.005032
  0.001870
 -0.003115
 -0.001021
 -0.004818
  0.006623
 -0.004386
  0.004646
  0.003540
 -0.001925
 -0.005440
 -0.007642
 -0.009962
 -0.008326
  0.003001
  0.001017
  0.001439
 -0.001113
 -0.002569
 -0.001999
 -0.004472
  0.000565
 -0.002096
  0.003581
  0.003559
  0.000844
 -0.003614
 -0.000379
  0.000735
 -0.004136
 -0.001356
  0.000019
  0.000185
  0.001172
  0.002160
  0.000214
 -0.001847
  0.001701
  0.002781
 -0.002310
 -0.003050
 -0.000357
 -0.002888
 -0.000688
 -0.000308
  0.002656
  0.000949
  0.001414
  0.002983
 -0.003473
 -0.003972
  0.001092
  0.000276
  0.002826
 -0.000859
  0.002440
 -0.001452
 -0.001885
  0.000359
 -0.001884
  0.003293
  0.002847
 -0.000133
  0.000492
 -0.000469
  0.002614
  0.001484
  0.001366
 -0.000092
 -0.003516
 -0.003157
 -0.001241
 -0.003033
  0.005244
 -0.002118
 -0.000741
 -0.001240
 -0.002702
 -0.002084
 -0.001803
 -0.000580
 -0.002371
  0.000728
 -0.001050
 -0.000637
 -0.000124
 -0.001250
  0.001113
 -0.000341
  0.001601
 -0.002307
 -0.001667
 -0.000488
  0.001749
  0.004611
  0.003144
 -0.003707
  0.002774
  0.001989
 -0.002686
 -0.001483
 -0.001415
  0.000566
 -0.002599
 -0.000684
 -0.001002
 -0.000434
 -0.007275
  0.001969
  0.005050
  0.002795
 -0.002772
  0.001240
 -0.001284
 -0.004059
  0.000119
 -0.002665
  0.003331
  0.000017
 -0.000656
  0.000572
  0.000646
  0.002691
 -0.001011
  0.000625
 -0.000049
 -0.000361
  0.001009
 -0.001497
 -0.001626
 -0.001347
 -0.001274
  0.001491
 -0.000390
 -0.000599
  0.000313
  0.000903
 -0.000166
 -0.000851
 -0.000127
  0.001461
  0.000755
  0.002567
  0.000389
  0.002520
 -0.000292
  0.000173
  0.002189
  0.000264
  0.001887
  0.003345
  0.000512
  0.002445
 -0.001445
  0.000161
 -0.005836
  0.002331
  0.002810
  0.001580
  0.000505
 -0.000909
 -0.001127
  0.000903
  0.000809
 -0.003533
 -0.000644
  0.000931
 -0.000000
  0.000444
 -0.000167
  0.000244
  0.000486
  0.000625
  0.000320
 -0.000284
  0.001436
  0.001243
  0.001069
  0.002586
 -0.001551
 -0.003445
  0.000541
 -0.000186
  0.000337
 -0.000690
  0.000344
  0.000055
 -0.001275
  0.000662
 -0.001392
 -0.000889
 -0.000042
 -0.001481
 -0.000126
  0.000608
  0.000091
  0.001462
  0.000479
 -0.000203
  0.002394
  0.000172
 -0.001399
  0.000122
 -0.001251
  0.001209
 -0.001098
  0.002496
 -0.000211
  0.001962
 -0.001183
  0.001323
  0.000906
 -0.000817
 -0.001224
 -0.000317
  0.000585
 -0.000006
  0.000143
  0.001336
 -0.001045
 -0.001876
 -0.000526
 -0.001000
 -0.000525
  0.002013
  0.001734
 -0.002176
 -0.000831
 -0.002157
  0.001618
  0.003636
 -0.000173
 -0.000589
  0.000019
 -0.001268
 -0.001625
 -0.001024
 -0.001557
 -0.000974
  0.001252
  0.000079
  0.000621
  0.000058
 -0.000175
  0.000947
  0.000664
 -0.000994
 -0.000321
  0.000045
  0.000219
 -0.000238
 -0.001497
  0.002105
 -0.002302
  0.000505
 -0.000304
  0.001099
  0.000933
  0.000766
 -0.000971
 -0.001601
  0.001487
  0.000391
  0.000046
 -0.001217
 -0.000401
  0.000043
  0.000460
  0.001303
 -0.000489
 -0.001032
  0.000342
 -0.000444
 -0.000325
 -0.000458
 -0.000760
  0.000950
 -0.001024
  0.000004
 -0.001113
 -0.001202
  0.001551
  0.000042
 -0.000683
  0.000818
 -0.000386
  0.000201
 -0.000026
  0.000812
 -0.000686
 -0.000503
 -0.001051
  0.000521
 -0.000478
  0.000514
  0.000154
  0.000715
  0.000005
  0.000648
 -0.000088
  0.001079
 -0.000058
  0.000974
 -0.000901
  0.000413
  0.001097
  0.001498
  0.000836
 -0.000477
 -0.000367
 -0.000385
  0.002042
 -0.000271
 -0.000729
 -0.000879
 -0.002105
 -0.000914
 -0.001867
  0.001910
  0.000871
 -0.000847
  0.001993
 -0.003555
  0.001511
 -0.000133
 -0.002005
  0.002316
  0.000404
 -0.001065
  0.000564
  0.001704
  0.002093
  0.001621
 -0.002271
 -0.000710
  0.002689
  0.000624
 -0.000400
 -0.000415
  0.002473
  0.000309
  0.000930
  0.000743
 -0.001150
 -0.004271
  0.000900
 -0.000350
 -0.003441
 -0.000148
  0.000742
 -0.002343
 -0.002310
 -0.003358
  0.001503
  0.001039
  0.001334
  0.000659
  0.001337
 -0.002869
  0.003245
  0.000697
 -0.003505
 -0.001200
  0.003590
 -0.001030
 -0.000757
  0.003347
  0.001618
  0.000111
  0.001651
  0.000319
 -0.000771
 -0.000287
 -0.000169
 -0.000116
 -0.000504
  0.000662
 -0.000329
 -0.000133
  0.000035
  0.000870
 -0.002149
  0.001389
 -0.000913
  0.000890
 -0.001740
  0.001030
  0.000097
 -0.000021
 -0.002536
  0.002196
 -0.000622
  0.000592
 -0.001641
  0.000265
 -0.001590
  0.003485
 -0.002075
 -0.001376
 -0.000872
 -0.002107
 -0.002188
 -0.001182
  0.000511
  0.000312
  0.000632
 -0.000471
  0.001107
 -0.000298
  0.001407
  0.001002
 -0.000065
  0.000461
 -0.000889
  0.000761
 -0.000194
  0.000039
  0.000029
  0.000190
  0.000763
 -0.000372
 -0.001964
 -0.000499
 -0.000711
  0.001829
 -0.001069
 -0.000333
  0.001034
  0.000016
  0.000544
  0.000047
  0.001026
 -0.000371
  0.000621
  0.001005
  0.000877
 -0.000479
  0.001256
 -0.000400
  0.000337
  0.000049
  0.000003
 -0.000284
  0.000122
 -0.000409
 -0.000578
  0.000856
 -0.000209
 -0.000363
 -0.000656
 -0.002461
  0.001056
 -0.001014
 -0.001195
 -0.000137
 -0.000725
 -0.000549
  0.001826
 -0.001565
 -0.001488
  0.000685
  0.000197
 -0.000337
  0.000202
 -0.001770
  0.000265
  0.000259
  0.001587
  0.001475
 -0.000488
  0.000369
  0.000409
  0.001227
 -0.000675
  0.001128
 -0.000348
 -0.000135
 -0.000655
 -0.000800
  0.001107
  0.001431
  0.000560
  0.000433
  0.000383
 -0.000059
  0.001682
 -0.000067
  0.000071
 -0.000485
 -0.001318
 -0.000920
 -0.000684
  0.000650
 -0.000200
 -0.000224
 -0.000659
  0.000051
 -0.000709
 -0.000803
 -0.000607
  0.001252
 -0.000487
  0.000153
  0.001150
 -0.000179
 -0.000654
 -0.000107
 -0.000370
 -0.000122
  0.000069
  0.000871
 -0.000165
 -0.000606
  0.000301
 -0.000026
  0.000409
  0.000358
 -0.000187
 -0.000227
 -0.000128
 -0.000536
  0.000621
  0.000534
 -0.000208
  0.000098
  0.000167
  0.000202
 -0.000082
  0.000191
 -0.000111
 -0.000089
 -0.000556
 -0.000683
 -0.000736
 -0.000844
  0.000571
  0.000206
  0.000324
 -0.000094
 -0.000335
  0.000199
 -0.000697
  0.000483
  0.000152
  0.000078
 -0.000489
  0.000393
  0.000453
  0.000071
 -0.000011
 -0.000525
  0.000390
 -0.000811
  0.000949
  0.001930
 -0.000222
 -0.000414
 -0.000166
 -0.000126
 -0.000185
  0.000798
 -0.001630
 -0.000516
  0.000075
 -0.000149
  0.000032
 -0.000541
 -0.000653
  0.000273
 -0.000312
 -0.000183
  0.000053
  0.000457
  0.000125
  0.000067
  0.000007
  0.000064
  0.000150
  0.000476
 -0.000300
  0.000073
  0.000144
 -0.000218
 -0.000708
  0.000176
 -0.000481
 -0.000044
  0.000322
  0.000796
  0.000426
 -0.000213
 -0.000473
 -0.000192
  0.000412
  0.000537
 -0.000020
  0.000641
  0.000468
  0.000532
  0.000406
  0.000052
 -0.000330
  0.000125
  0.000134
  0.000319
  0.000832
 -0.000179
 -0.000045
  0.000283
  0.000075
 -0.001083
 -0.000161
  0.001229
 -0.000570
  0.000762
 -0.000194
 -0.000205
  0.000554
  0.000434
  0.000624
  0.000267
  0.000230
  0.000745
  0.000213
  0.000422
  0.000119
 -0.000436
 -0.000325
 -0.000077
 -0.000008
 -0.000670
 -0.000458
 -0.001177
 -0.000702
  0.000428
 -0.000219
  0.000073
 -0.001077
  0.000389
 -0.000089
 -0.000273
  0.000294
 -0.000157
 -0.001381
 -0.000139
 -0.000269
 -0.000655
 -0.000013
  0.000054
  0.000161
 -0.000288
 -0.000102
  0.000124
 -0.000313
 -0.000530
 -0.000055
  0.000447
  0.000152
  0.000452
 -0.000051
  0.000065
  0.000033
  0.000172
 -0.000230
 -0.000451
 -0.000057
 -0.000046
  0.000397
 -0.000208
  0.000051
 -0.000048
 -0.000140
 -0.000185
 -0.000146
 -0.000023
  0.000099
  0.000179
 -0.000023
 -0.000010
  0.000008
  0.000090
 -0.000005
 -0.000017
