  0.962412
 -0.135404
 -0.093759
  0.004102
  0.177807
 -0.022983
  0.097564
  0.009093
  0.004701
  0.008407
  0.030670
 -0.002858
 -0.003365
  0.012203
  0.023858
 -0.001812
 -0.002651
 -0.019311
  0.008730
 -0.029647
  0.004456
 -0.003575
  0.006312
  0.010032
  0.008514
  0.004866
  0.007320
  0.007431
 -0.002694
  0.003365
  0.003676
 -0.002746
 -0.004173
 -0.002872
  0.006489
 -0.007036
 -0.002452
 -0.002008
  0.002079
  0.001285
 -0.002000
 -0.001995
 -0.006975
  0.006233
  0.002558
  0.003043
 -0.014314
 -0.005181
 -0.003109
 -0.002660
 -0.002687
 -0.002137
  0.003046
 -0.001744
  0.004644
  0.002455
 -0.006153
 -0.002078
 -0.000844
  0.002042
  0.002925
  0.000304
 -0.000599
 -0.004788
 -0.003229
 -0.002962
  0.004138
 -0.001126
  0.001448
 -0.003086
 -0.003005
 -0.002534
 -0.001550
  0.001051
 -0.000682
 -0.002078
  0.002184
 -0.002011
  0.005195
 -0.001406
  0.001542
  0.003748
  0.000132
 -0.002388
  0.004452
 -0.001081
 -0.000332
  0.001190
 -0.002540
  0.004200
  0.000640
 -0.000551
 -0.002025
 -0.001848
  0.005240
  0.000188
  0.001837
 -0.000574
 -0.002327
 -0.002924
 -0.000584
  0.001671
 -0.003082
  0.004446
 -0.003988
  0.002248
 -0.000187
 -0.000767
 -0.000972
 -0.000320
 -0.001812
 -0.002579
 -0.002803
 -0.001127
 -0.002585
  0.001723
  0.001224
  0.003558
  0.001226
 -0.003487
 -0.000490
  0.001438
  0.000538
 -0.000914
  0.000840
  0.000823
 -0.003394
  0.000417
 -0.002015
 -0.000698
  0.000807
  0.002922
 -0.000702
  0.000680
  0.001758
  0.001820
  0.000353
 -0.000795
 -0.002373
 -0.001341
 -0.001795
 -0.001242
 -0.000247
  0.000737
 -0.000813
  0.000041
  0.002267
  0.003872
 -0.001875
  0.000652
 -0.001914
 -0.001307
  0.000805
 -0.001082
 -0.000970
 -0.004330
  0.000624
  0.000868
  0.001614
 -0.001064
  0.001422
 -0.000117
 -0.000894
 -0.000098
  0.001322
  0.000153
  0.002317
 -0.000094
 -0.002959
  0.001721
  0.000146
 -0.000359
 -0.000608
  0.001210
 -0.000123
  0.000667
 -0.000238
 -0.000136
 -0.000594
 -0.000624
 -0.000365
 -0.000815
 -0.000196
 -0.000518
 -0.002472
 -0.000680
  0.000316
  0.001211
  0.000338
 -0.001503
 -0.000930
 -0.000494
 -0.002365
 -0.001734
 -0.001268
 -0.002852
 -0.000739
 -0.000609
  0.000327
 -0.000039
 -0.000094
  0.001601
  0.000020
 -0.000366
 -0.000666
 -0.000912
 -0.000991
  0.000172
 -0.001243
  0.001753
 -0.000855
 -0.000399
  0.001269
  0.001211
  0.001265
  0.000753
  0.000727
 -0.000579
 -0.002009
  0.000822
  0.001120
  0.001041
 -0.001351
  0.001636
  0.001242
 -0.000517
  0.001512
 -0.000345
 -0.002264
 -0.000370
 -0.001618
 -0.000293
 -0.000683
  0.000920
  0.000218
 -0.001805
 -0.001666
 -0.000216
  0.002645
  0.000860
 -0.000662
  0.000945
  0.000370
  0.000599
  0.000064
  0.001485
 -0.000389
 -0.000213
 -0.000519
  0.002112
  0.001108
 -0.002469
 -0.000612
  0.000830
 -0.000710
  0.000129
  0.000233
 -0.000224
  0.000275
 -0.000003
  0.000300
  0.000160
 -0.000480
  0.000154
 -0.000532
 -0.000112
  0.000211
 -0.000015
 -0.000596
 -0.000580
  0.000865
  0.000671
  0.000501
  0.000029
  0.000181
  0.000070
  0.000260
  0.000232
 -0.000263
 -0.000134
 -0.000062
 -0.000563
  0.000060
  0.000346
 -0.000358
  0.000636
 -0.000739
  0.000021
  0.000701
 -0.000152
  0.000086
  0.000409
  0.000245
 -0.000616
  0.001666
 -0.002501
  0.000425
 -0.000951
  0.000448
 -0.001484
  0.000430
  0.000692
 -0.000597
  0.001315
  0.000611
 -0.001087
 -0.000380
  0.000878
 -0.000564
  0.000646
 -0.000332
 -0.000157
 -0.000400
  0.000198
 -0.000190
 -0.000511
 -0.000074
  0.000468
  0.000530
  0.000726
  0.000638
 -0.000163
 -0.000600
 -0.000179
 -0.000755
 -0.000815
  0.000120
 -0.000191
 -0.000122
 -0.000316
 -0.000097
  0.000180
  0.000200
  0.000945
 -0.000425
  0.000045
  0.000896
  0.000232
  0.000418
 -0.000110
 -0.000389
  0.000506
  0.000035
 -0.000420
 -0.000212
 -0.000075
  0.000469
  0.000369
 -0.000617
  0.000265
  0.000758
  0.000285
 -0.001088
 -0.000177
 -0.000170
 -0.000080
  0.000477
  0.000233
  0.000615
 -0.000020
 -0.000333
  0.000414
  0.000237
 -0.000361
  0.000329
 -0.000322
 -0.000699
 -0.000293
  0.001304
 -0.000536
  0.001470
  0.000226
 -0.001423
  0.000059
 -0.001084
 -0.000718
  0.000305
  0.000833
 -0.000086
  0.000699
  0.000142
 -0.000694
  0.000249
 -0.000161
  0.000086
 -0.000651
  0.000455
  0.000102
 -0.000782
  0.000523
 -0.000508
  0.001218
 -0.000267
 -0.000642
  0.000193
 -0.000673
 -0.000363
  0.000049
  0.000732
 -0.000371
 -0.000592
 -0.000049
  0.000175
  0.000073
  0.000067
  0.000713
 -0.000424
 -0.000397
 -0.000139
  0.000197
  0.001165
 -0.000605
  0.000184
  0.000308
 -0.000346
  0.000005
 -0.000266
  0.000623
  0.000965
 -0.000418
 -0.000215
  0.000130
 -0.000398
 -0.000519
  0.000383
 -0.000005
  0.000365
 -0.000143
  0.000158
  0.000302
  0.000651
 -0.001266
  0.000010
 -0.000759
 -0.000117
 -0.000368
  0.000627
 -0.000570
  0.000263
  0.000384
  0.000416
 -0.000396
 -0.000876
 -0.000185
  0.000027
 -0.000177
 -0.000044
  0.000276
 -0.000192
  0.000550
 -0.000085
 -0.000374
 -0.000314
  0.000008
 -0.000191
 -0.000403
 -0.000292
 -0.001005
 -0.000747
 -0.000645
  0.001361
  0.000301
  0.000108
  0.001145
  0.000496
 -0.000743
  0.000700
  0.000562
  0.001109
  0.002015
  0.000137
 -0.000153
  0.000270
 -0.000626
  0.000047
  0.000557
  0.000335
 -0.001005
  0.000973
 -0.000986
 -0.000043
  0.001207
  0.000951
 -0.000783
 -0.000363
 -0.000291
  0.000419
 -0.000257
 -0.000170
 -0.001717
  0.000235
  0.000302
 -0.000495
 -0.000932
 -0.000992
  0.000327
 -0.000386
  0.000709
  0.001001
  0.000780
 -0.000152
  0.000517
 -0.000124
 -0.001687
  0.000756
  0.000403
  0.000082
 -0.000057
  0.001102
 -0.000004
  0.000759
 -0.000248
  0.000290
 -0.001187
  0.000482
  0.000414
 -0.000145
 -0.000863
  0.000250
  0.000021
  0.000277
 -0.000420
  0.000680
 -0.001349
  0.000141
 -0.000191
 -0.000003
 -0.000309
  0.000464
  0.000561
  0.000190
 -0.000857
  0.000075
 -0.000363
  0.000421
 -0.000688
  0.000412
  0.000476
 -0.000338
  0.000395
 -0.000813
 -0.001160
 -0.000369
 -0.000708
  0.000166
  0.001226
 -0.001075
 -0.000123
 -0.000293
 -0.000719
 -0.000645
  0.000836
  0.000052
  0.001305
  0.000202
 -0.001414
  0.000627
  0.000294
  0.000848
 -0.000916
 -0.000266
  0.000694
 -0.000358
  0.000347
 -0.000585
 -0.000497
  0.000065
  0.000104
  0.000087
  0.000999
 -0.000095
  0.000792
  0.000066
  0.000879
 -0.000409
 -0.000152
  0.000487
  0.000337
 -0.000169
  0.000346
  0.000509
 -0.000238
 -0.000580
  0.000122
  0.000029
 -0.000454
 -0.000444
 -0.000527
 -0.000462
 -0.000037
  0.000237
  0.000753
 -0.000511
  0.000776
 -0.000068
 -0.000415
 -0.000086
 -0.000105
 -0.000438
  0.000262
  0.000590
 -0.000344
 -0.000399
  0.000057
 -0.000322
 -0.000547
  0.000845
  0.000011
 -0.000952
  0.000053
  0.000065
 -0.000085
  0.000044
 -0.000247
 -0.000207
  0.000119
 -0.000171
 -0.000372
  0.000194
 -0.000214
 -0.000162
 -0.000583
  0.000377
  0.000370
  0.000181
 -0.000026
  0.000103
 -0.000479
  0.000435
  0.000034
  0.000255
 -0.000413
  0.000480
 -0.000947
 -0.000007
 -0.000405
  0.000119
 -0.000117
  0.000398
  0.000277
  0.000068
  0.000390
  0.000197
  0.000366
 -0.000406
 -0.000121
  0.000572
  0.000196
  0.000245
  0.000138
  0.000119
 -0.000095
 -0.000056
  0.000053
  0.000351
  0.000310
  0.000364
 -0.000016
 -0.000040
 -0.000362
  0.000066
 -0.000159
  0.000628
  0.000051
 -0.000532
  0.000110
 -0.000144
 -0.000155
 -0.000312
  0.000011
 -0.000274
 -0.000370
  0.000205
  0.000246
  0.000532
  0.000389
  0.000369
  0.000168
 -0.000314
 -0.000209
 -0.000168
 -0.000006
 -0.000197
  0.000284
 -0.000089
  0.000328
  0.000114
  0.000194
 -0.000091
  0.000153
 -0.000249
  0.000260
 -0.000492
 -0.000195
  0.000315
 -0.000087
 -0.000204
  0.000182
 -0.000094
  0.000104
 -0.000247
  0.000151
 -0.000222
  0.000407
  0.000462
 -0.000155
  0.000029
 -0.000385
  0.000042
  0.000418
  0.000507
  0.000219
  0.000293
 -0.000453
  0.000116
  0.000099
  0.000178
 -0.000108
 -0.000256
 -0.000552
 -0.000029
 -0.000139
 -0.000237
 -0.000091
 -0.000094
  0.000122
  0.000115
 -0.000009
  0.000049
 -0.000178
 -0.000074
 -0.000014
  0.000077
 -0.000286
 -0.000036
  0.000230
  0.000403
  0.000193
  0.000266
  0.000336
  0.000263
 -0.000144
 -0.000247
  0.000080
 -0.000034
  0.000117
 -0.000025
 -0.000188
  0.000313
 -0.000056
  0.000098
 -0.000259
  0.000585
 -0.000169
 -0.000272
 -0.000125
 -0.000043
 -0.000247
  0.000333
  0.000788
 -0.000118
  0.000190
 -0.000138
 -0.000091
 -0.000010
 -0.000690
  0.000225
  0.000423
 -0.000250
  0.000175
  0.000411
  0.000204
 -0.000344
  0.000400
 -0.000251
  0.000156
  0.000086
  0.000173
  0.000153
  0.000400
  0.000263
  0.000211
 -0.000026
  0.000085
 -0.000447
  0.000246
  0.000003
 -0.000603
 -0.000630
  0.000289
  0.000157
  0.000385
 -0.000811
  0.000106
  0.000026
  0.000010
 -0.000205
 -0.000261
  0.000146
 -0.000008
 -0.000328
 -0.000351
  0.000166
 -0.000208
 -0.000103
 -0.000278
 -0.000420
  0.000185
  0.000018
  0.000280
  0.000004
  0.000108
 -0.000041
  0.000083
  0.000352
 -0.000005
  0.000107
  0.000120
  0.000149
  0.000021
  0.000005
  0.000030
  0.000039
  0.000009
 -0.000010
