  0.872298
 -0.014798
  0.469951
 -0.086500
  0.080128
 -0.026736
  0.000988
 -0.007962
  0.003271
 -0.015557
 -0.002955
  0.000887
 -0.017689
 -0.000762
  0.027825
 -0.010998
  0.008226
 -0.011547
 -0.019755
 -0.008130
  0.001964
  0.000504
 -0.004447
  0.007055
  0.006504
  0.000828
 -0.012857
  0.004205
 -0.000828
 -0.003303
 -0.006986
 -0.002362
 -0.009970
 -0.002547
  0.001825
 -0.000495
  0.002527
  0.002113
 -0.000589
 -0.000396
  0.000991
  0.001277
  0.001130
  0.002798
 -0.001399
 -0.000085
 -0.000156
  0.001635
  0.000163
  0.001687
 -0.001594
  0.000054
  0.004734
 -0.000527
  0.005546
 -0.000132
 -0.000251
  0.002810
 -0.004686
 -0.000399
 -0.000509
 -0.001179
  0.001347
  0.001625
  0.001229
  0.000065
 -0.000203
  0.001493
  0.001685
 -0.000319
  0.003924
 -0.001320
 -0.000717
 -0.000969
  0.002008
  0.004928
 -0.001154
  0.000707
  0.000296
  0.001510
  0.002825
  0.002518
  0.003332
 -0.001211
 -0.002413
  0.000229
 -0.001433
  0.000322
  0.000557
 -0.001946
  0.001296
  0.000532
  0.002188
 -0.002003
  0.002400
  0.002897
  0.000772
  0.005821
  0.003288
  0.001094
 -0.002251
 -0.002055
 -0.000614
  0.002382
  0.000047
  0.001246
 -0.000916
  0.003130
 -0.000184
  0.000595
 -0.000307
 -0.000589
  0.000678
  0.001702
 -0.000445
  0.000278
  0.000880
 -0.001111
  0.003436
  0.000206
  0.000818
  0.000707
  0.000116
 -0.001921
 -0.000368
 -0.005350
 -0.000329
 -0.000523
  0.003520
 -0.000283
 -0.000865
 -0.000592
  0.001563
  0.000580
 -0.001620
 -0.000857
 -0.000925
 -0.002575
  0.000368
 -0.001397
  0.000285
 -0.001668
 -0.000738
 -0.000362
  0.002574
 -0.000883
  0.001304
 -0.000685
  0.000695
 -0.000413
 -0.000597
  0.002181
 -0.001137
 -0.000187
  0.000179
  0.001231
 -0.000479
  0.001198
  0.000181
  0.000906
 -0.000539
 -0.000167
  0.001974
 -0.000511
  0.000518
 -0.000054
  0.000013
 -0.001572
 -0.000998
 -0.000461
  0.000939
 -0.001103
 -0.000064
  0.001070
  0.000989
 -0.000017
 -0.000831
 -0.001643
 -0.003305
 -0.000989
 -0.001093
 -0.003008
 -0.001151
 -0.000000
 -0.001259
  0.000657
  0.004551
 -0.000495
  0.000016
 -0.000753
  0.000271
 -0.000552
 -0.000520
 -0.000490
 -0.000638
  0.000160
 -0.000612
  0.002251
  0.001842
  0.002230
 -0.000839
 -0.001738
 -0.001982
 -0.000687
 -0.000104
 -0.000728
 -0.000918
 -0.001031
  0.001062
  0.001295
 -0.001014
  0.001562
  0.000374
 -0.001301
  0.000058
  0.000037
  0.000578
 -0.001544
 -0.001621
 -0.002881
  0.000126
 -0.000169
  0.000557
  0.000624
 -0.000043
 -0.000055
  0.000593
  0.000255
  0.000394
 -0.001949
 -0.001692
  0.001319
  0.000791
 -0.001019
 -0.001357
 -0.000307
  0.000356
 -0.000225
  0.000201
 -0.001401
  0.000431
 -0.000538
 -0.000710
  0.000385
  0.000022
 -0.000385
 -0.000225
  0.000102
  0.001191
  0.000195
 -0.001025
  0.000097
 -0.000607
  0.000522
  0.001299
 -0.000325
  0.000780
 -0.000306
  0.000627
 -0.000525
  0.000318
  0.000655
 -0.001998
 -0.000451
  0.003167
 -0.000332
  0.001378
 -0.001724
  0.002752
 -0.000529
 -0.001345
  0.000637
 -0.001029
  0.000171
 -0.000290
 -0.000201
 -0.000244
  0.000347
 -0.000188
 -0.000974
  0.001226
 -0.000878
  0.000094
  0.000070
 -0.001085
 -0.000516
  0.000126
 -0.001045
 -0.000302
  0.000626
  0.000270
  0.000098
  0.001644
  0.000538
  0.000029
  0.000240
 -0.000616
  0.001281
 -0.001061
  0.000545
  0.000622
 -0.000427
  0.000878
  0.000104
  0.001039
 -0.000980
 -0.001133
  0.000284
 -0.000259
  0.000383
 -0.000007
  0.001136
  0.001895
  0.000481
  0.000853
  0.000108
 -0.001112
  0.001035
  0.000647
  0.000166
  0.001219
 -0.000859
  0.000037
  0.000293
 -0.000236
 -0.000262
  0.000296
 -0.000524
 -0.000013
 -0.000706
 -0.001632
 -0.000505
 -0.000409
  0.000366
  0.000643
  0.000069
 -0.000692
  0.000388
 -0.000040
  0.000451
 -0.000488
 -0.000046
 -0.000096
 -0.000059
 -0.000888
 -0.000773
  0.001090
 -0.000434
  0.000024
  0.000217
  0.000497
 -0.000858
  0.001071
 -0.000088
  0.000864
 -0.000058
 -0.001180
  0.000384
  0.000069
 -0.002238
  0.000245
  0.000623
  0.000173
 -0.000349
 -0.001029
  0.000530
 -0.001562
 -0.000460
 -0.000571
  0.000976
 -0.001303
  0.000108
 -0.000069
  0.000503
 -0.000206
  0.000907
  0.000301
 -0.000517
 -0.000031
 -0.001110
  0.001396
  0.000357
 -0.000711
 -0.001179
  0.000030
  0.000828
  0.001135
  0.000068
  0.000763
  0.000979
 -0.000189
 -0.001303
  0.000176
  0.000376
 -0.000387
 -0.000597
 -0.000380
 -0.000623
  0.000205
 -0.000439
 -0.001282
  0.000020
  0.000145
  0.000719
  0.000033
 -0.000235
  0.000504
  0.000366
  0.000225
  0.000306
  0.000101
 -0.000410
 -0.000753
 -0.000921
  0.000032
 -0.000225
  0.000379
  0.000720
  0.000165
 -0.000185
 -0.000211
 -0.000795
 -0.000335
 -0.000249
  0.000168
  0.000344
  0.000039
  0.000274
 -0.000411
  0.000037
 -0.000488
  0.000011
  0.000305
 -0.000163
 -0.000498
 -0.000191
 -0.000378
  0.000469
 -0.000004
 -0.000202
 -0.000020
  0.000068
 -0.000040
 -0.000581
  0.000173
 -0.000035
 -0.000395
  0.000114
  0.000433
 -0.000147
 -0.001198
  0.000034
 -0.000331
  0.000393
  0.000433
  0.000004
  0.000246
 -0.001015
  0.000566
  0.001074
  0.000015
 -0.000634
 -0.000183
  0.000166
 -0.001094
  0.000134
  0.000261
 -0.000084
  0.000519
 -0.000238
 -0.000395
 -0.000804
 -0.000252
 -0.000221
 -0.000328
  0.000426
  0.000291
 -0.000030
  0.000660
 -0.000597
  0.000060
 -0.000272
 -0.000014
  0.000554
 -0.000872
 -0.000303
 -0.001578
 -0.000902
 -0.000578
  0.000462
  0.000121
 -0.000452
  0.000044
 -0.000127
  0.000990
 -0.000378
  0.000391
  0.000015
 -0.000106
 -0.000375
 -0.000087
 -0.000023
 -0.000137
  0.000082
 -0.000199
 -0.000001
  0.000176
 -0.000269
  0.000003
  0.000083
 -0.000875
  0.000327
 -0.000347
 -0.000086
 -0.000021
 -0.000353
  0.000230
 -0.000495
 -0.001102
  0.000809
 -0.000326
  0.000290
 -0.000358
 -0.000098
 -0.000299
 -0.000186
 -0.000027
  0.000044
  0.000468
 -0.000028
 -0.000362
 -0.000255
 -0.000061
  0.000481
  0.000235
  0.000116
 -0.000088
 -0.000299
 -0.000237
  0.000145
 -0.000682
 -0.000181
 -0.000392
  0.000280
 -0.000190
 -0.000165
  0.000254
  0.000015
 -0.000646
 -0.000166
  0.000108
  0.000183
  0.000035
  0.000446
  0.000024
 -0.000004
  0.000602
  0.000066
 -0.000076
  0.000583
 -0.000426
 -0.000334
  0.000402
 -0.000495
  0.000320
 -0.000479
  0.000004
 -0.000734
 -0.000515
  0.000151
 -0.000219
 -0.000005
 -0.000348
  0.000086
  0.000275
  0.000241
 -0.000772
 -0.000281
  0.000583
 -0.000092
 -0.000567
  0.000620
  0.000013
  0.000366
 -0.000290
  0.000147
  0.000176
 -0.000075
  0.000266
 -0.000012
  0.000178
 -0.000440
 -0.000303
 -0.000795
  0.000699
 -0.000128
 -0.000505
  0.000019
  0.000125
 -0.000271
 -0.000072
  0.000102
  0.000078
  0.000322
 -0.000527
  0.000059
 -0.000156
 -0.000254
 -0.000252
  0.000205
 -0.000555
  0.000130
  0.000273
  0.000599
  0.000323
  0.000500
 -0.000090
  0.000284
  0.000119
  0.000278
  0.000500
 -0.000782
  0.000423
  0.000231
 -0.000038
  0.000865
  0.000026
  0.000481
 -0.000194
  0.000221
 -0.000107
  0.000477
 -0.000950
 -0.000255
 -0.000153
  0.000371
 -0.000100
  0.000526
  0.000119
 -0.000071
  0.000089
 -0.000494
  0.000093
  0.000050
 -0.000986
 -0.000463
 -0.000033
  0.000480
 -0.000480
  0.000416
  0.000516
  0.000099
  0.000141
 -0.000147
  0.000219
 -0.000736
 -0.000248
  0.000404
  0.000561
 -0.000334
 -0.000014
 -0.000186
  0.000150
  0.000271
  0.000622
  0.000672
  0.000108
 -0.000153
  0.000997
  0.000268
 -0.000249
 -0.000566
  0.000185
  0.000736
 -0.000303
  0.000111
 -0.000454
 -0.000466
 -0.000931
 -0.000164
  0.000024
  0.001538
 -0.000106
 -0.000651
 -0.000258
  0.000613
 -0.000224
 -0.000297
  0.000834
  0.000007
 -0.000022
  0.000021
 -0.000098
  0.000168
 -0.001319
  0.000154
 -0.000828
  0.001540
  0.000670
  0.000929
  0.000258
 -0.000313
  0.000258
  0.000272
 -0.000468
  0.000454
  0.000166
 -0.000587
 -0.000919
 -0.000048
 -0.000570
  0.000125
  0.000316
  0.000588
  0.000166
 -0.000446
  0.000346
 -0.000027
 -0.001080
 -0.000530
 -0.000189
  0.000027
  0.000165
  0.000347
  0.000174
  0.000136
 -0.000111
 -0.000083
  0.000281
  0.000058
  0.000073
  0.000266
  0.000069
 -0.000434
  0.000505
  0.000772
 -0.000139
  0.000141
 -0.000094
 -0.000722
  0.000898
 -0.000493
 -0.000138
 -0.000486
 -0.000227
  0.000269
  0.000030
 -0.000268
 -0.000205
  0.000943
 -0.000758
 -0.000113
  0.000278
 -0.000395
 -0.000114
  0.000822
 -0.000239
  0.000295
 -0.000304
  0.000456
 -0.000472
 -0.000290
  0.000216
 -0.000123
  0.000059
 -0.000320
  0.000181
 -0.000673
  0.000084
  0.000023
 -0.000565
 -0.000467
 -0.000143
 -0.000123
  0.000365
  0.000142
 -0.000116
 -0.000286
  0.000110
 -0.000063
 -0.000027
 -0.000572
  0.000177
  0.000104
  0.000023
 -0.000300
 -0.000113
 -0.000066
 -0.000593
  0.000450
  0.000134
 -0.000299
 -0.000242
  0.000297
  0.000449
 -0.000060
  0.000014
  0.000339
  0.000321
  0.000232
  0.000210
 -0.000064
  0.000288
 -0.000360
 -0.000179
 -0.000518
  0.000482
  0.001819
  0.000671
 -0.000392
  0.000298
 -0.000803
  0.000018
  0.000189
  0.000085
 -0.000033
 -0.000019
  0.000052
 -0.000056
  0.000180
 -0.000062
  0.000029
 -0.000242
  0.000081
 -0.000080
