  1    0.039255
  2    0.039374
  3    0.025980
  4    0.021308
  5    0.007491
  6    0.015378
  7    0.016004
  8    0.002358
  9    0.004986
 10    0.012260
 11    0.018044
 12    0.005413
 13    0.004204
 14    0.008887
 15    0.009111
 16    0.012901
 17    0.005817
 18    0.012493
 19    0.007903
 20    0.008220
 21    0.007078
 22    0.008115
 23    0.007427
 24    0.005143
 25    0.010870
 26    0.009925
 27    0.006224
 28    0.001700
 29    0.003427
 30    0.005082
 31    0.004277
 32    0.007108
 33    0.007221
 34    0.003870
 35    0.005560
 36    0.004663
 37    0.005979
 38    0.004178
 39    0.002090
 40    0.005416
 41    0.003873
 42    0.005432
 43    0.005071
 44    0.004496
 45    0.003348
 46    0.001680
 47    0.003897
 48    0.004749
 49    0.002608
 50    0.003743
 51    0.003578
 52    0.004150
 53    0.002507
 54    0.004731
 55    0.002451
 56    0.002795
 57    0.003966
 58    0.001847
 59    0.003242
 60    0.003930
 61    0.001537
 62    0.002680
 63    0.000891
 64    0.001394
 65    0.002470
 66    0.001513
 67    0.001648
 68    0.002278
 69    0.001789
 70    0.001113
 71    0.001827
 72    0.001839
 73    0.003209
 74    0.001933
 75    0.001552
 76    0.001949
 77    0.002177
 78    0.002314
 79    0.001377
 80    0.002007
 81    0.002176
 82    0.001667
 83    0.001830
 84    0.002129
 85    0.001978
 86    0.002283
 87    0.002572
 88    0.002504
 89    0.000829
 90    0.002232
 91    0.002837
 92    0.003224
 93    0.001540
 94    0.001817
 95    0.001215
 96    0.000657
 97    0.002217
 98    0.001428
 99    0.001640
100    0.001996
101    0.002155
102    0.001109
103    0.002381
104    0.001327
105    0.002258
106    0.000941
107    0.001687
108    0.001694
109    0.001623
110    0.002183
111    0.001348
112    0.001544
113    0.001223
114    0.003316
115    0.001049
116    0.000653
117    0.001395
118    0.000796
119    0.000693
120    0.001338
121    0.000937
122    0.000884
123    0.000421
124    0.001325
125    0.001945
126    0.001951
127    0.001040
128    0.002554
129    0.002107
130    0.000986
131    0.001326
132    0.002126
133    0.001748
134    0.001689
135    0.001264
136    0.000927
137    0.001845
138    0.000710
139    0.000931
140    0.001658
141    0.001793
142    0.001121
143    0.000762
144    0.000565
145    0.001164
146    0.001276
147    0.000731
148    0.001360
149    0.000898
150    0.000584
151    0.002305
152    0.001253
153    0.001231
154    0.000850
155    0.001842
156    0.001184
157    0.001053
158    0.001640
159    0.000765
160    0.001419
161    0.000794
162    0.001177
163    0.001251
164    0.000624
165    0.001254
166    0.000979
167    0.000859
168    0.001190
169    0.001326
170    0.000515
171    0.000898
172    0.001144
173    0.000585
174    0.000800
175    0.000952
176    0.000804
177    0.001381
178    0.000990
179    0.001021
180    0.001248
181    0.001631
182    0.000885
183    0.001540
184    0.001167
185    0.001371
186    0.000753
187    0.000548
188    0.001321
189    0.000965
190    0.001489
191    0.001220
192    0.000504
193    0.001236
194    0.000619
195    0.000944
196    0.001259
197    0.001331
198    0.000694
199    0.001516
200    0.001274
201    0.000764
202    0.000861
203    0.000791
204    0.001372
205    0.001493
206    0.001045
207    0.000954
208    0.001063
209    0.000309
210    0.000774
211    0.001379
212    0.001049
213    0.001083
214    0.001016
215    0.001024
216    0.000808
217    0.000846
218    0.001645
219    0.001128
220    0.001101
221    0.001489
222    0.000971
223    0.001119
224    0.001186
225    0.000835
226    0.000900
227    0.001388
228    0.001819
229    0.001233
230    0.001441
231    0.000748
232    0.001095
233    0.000735
234    0.000737
235    0.000925
236    0.000877
237    0.001263
238    0.001027
239    0.001104
240    0.000670
241    0.000905
242    0.000650
243    0.000627
244    0.000540
245    0.001037
246    0.001191
247    0.000742
248    0.001114
249    0.000498
250    0.000198
251    0.000627
252    0.001094
253    0.000596
254    0.000898
255    0.000576
256    0.000424
257    0.000932
258    0.000712
259    0.000532
260    0.001060
261    0.000828
262    0.001047
263    0.000826
264    0.001046
265    0.001030
266    0.000671
267    0.000711
268    0.000643
269    0.001079
270    0.001362
271    0.000601
272    0.001038
273    0.000736
274    0.000929
275    0.001189
276    0.000679
277    0.000947
278    0.000666
279    0.000955
280    0.001034
281    0.000480
282    0.000707
283    0.000402
284    0.000675
285    0.000580
286    0.000915
287    0.000526
288    0.001187
289    0.000534
290    0.000933
291    0.001080
292    0.000402
293    0.001284
294    0.000563
295    0.000822
296    0.001005
297    0.000715
298    0.000873
299    0.000786
300    0.000920
301    0.000439
302    0.000426
303    0.000793
304    0.000755
305    0.000824
306    0.000783
307    0.001036
308    0.000588
309    0.001010
310    0.000536
311    0.000782
312    0.001246
313    0.000287
314    0.000321
315    0.001264
316    0.000619
317    0.000453
318    0.000588
319    0.000695
320    0.001002
321    0.000893
322    0.001402
323    0.000529
324    0.000515
325    0.000892
326    0.000450
327    0.000775
328    0.000536
329    0.000415
330    0.000754
331    0.001366
332    0.001369
333    0.000974
334    0.000422
335    0.001768
336    0.000389
337    0.000699
338    0.000634
339    0.000976
340    0.000669
341    0.000629
342    0.000690
343    0.000713
344    0.000622
345    0.000567
346    0.000486
347    0.000427
348    0.001012
349    0.000514
350    0.000769
351    0.001062
352    0.000736
353    0.000825
354    0.000770
355    0.000422
356    0.000707
357    0.000981
358    0.000518
359    0.000865
360    0.000324
361    0.000731
362    0.000667
363    0.000459
364    0.000514
365    0.000321
366    0.000941
367    0.000568
368    0.000725
369    0.000716
370    0.000827
371    0.000444
372    0.001040
373    0.000671
374    0.000588
375    0.000732
376    0.000582
377    0.000430
378    0.000340
379    0.000395
380    0.000704
381    0.000276
382    0.000552
383    0.000487
384    0.000366
385    0.000643
386    0.000455
387    0.000491
388    0.000811
389    0.000418
390    0.000577
391    0.000528
392    0.000787
393    0.000385
394    0.000844
395    0.000571
396    0.000873
397    0.000634
398    0.000726
399    0.000700
400    0.000424
401    0.000493
402    0.000713
403    0.000659
404    0.001098
405    0.000635
406    0.000521
407    0.000511
408    0.000972
409    0.000629
410    0.000356
411    0.000420
412    0.000341
413    0.000364
414    0.000560
415    0.000395
416    0.000596
417    0.000433
418    0.000629
419    0.000552
420    0.000461
421    0.000534
422    0.000615
423    0.000703
424    0.000487
425    0.000388
426    0.000322
427    0.000276
428    0.000264
429    0.000448
430    0.000500
431    0.000570
432    0.000551
433    0.000797
434    0.000462
435    0.000316
436    0.000362
437    0.000432
438    0.000509
439    0.000471
440    0.000491
441    0.000243
442    0.000398
443    0.000484
444    0.000462
445    0.000581
446    0.000693
447    0.000689
448    0.000558
449    0.000493
450    0.000311
451    0.000449
452    0.000551
453    0.000530
454    0.000639
455    0.000583
456    0.000812
457    0.000430
458    0.000649
459    0.000629
460    0.000467
461    0.000313
462    0.000670
463    0.000662
464    0.000469
465    0.000439
466    0.000452
467    0.000540
468    0.000550
469    0.000472
470    0.000448
471    0.000261
472    0.000593
473    0.000362
474    0.000276
475    0.000470
476    0.000607
477    0.000570
478    0.000422
479    0.000299
480    0.000498
481    0.000409
482    0.000338
483    0.000444
484    0.000324
485    0.000688
486    0.000665
487    0.000692
488    0.000487
489    0.000467
490    0.000782
491    0.000616
492    0.001013
493    0.000607
494    0.000549
495    0.000511
496    0.000315
497    0.000492
498    0.000453
499    0.000191
500    0.000714
501    0.000360
502    0.000225
503    0.000364
504    0.000534
505    0.000737
506    0.000744
507    0.000304
508    0.000433
509    0.000627
510    0.000437
511    0.000448
512    0.000533
513    0.000687
514    0.000288
515    0.000450
516    0.000517
517    0.000908
518    0.000315
519    0.000510
520    0.000587
521    0.000556
522    0.000219
523    0.000711
524    0.000335
525    0.000334
526    0.000429
527    0.000303
528    0.000514
529    0.000427
530    0.000658
531    0.000701
532    0.000475
533    0.000706
534    0.000662
535    0.000551
536    0.000531
537    0.000554
538    0.000525
539    0.000452
540    0.000379
541    0.000544
542    0.000352
543    0.000649
544    0.000402
545    0.000686
546    0.000392
547    0.000643
548    0.000340
549    0.000316
550    0.000345
551    0.000406
552    0.000321
553    0.000440
554    0.000368
555    0.000478
556    0.000412
557    0.000202
558    0.000356
559    0.000363
560    0.000429
561    0.000263
562    0.000311
563    0.000249
564    0.000338
565    0.000596
566    0.000366
567    0.000514
568    0.000515
569    0.000450
570    0.000357
571    0.000400
572    0.000267
573    0.000293
574    0.000192
575    0.000336
576    0.000495
577    0.000564
578    0.000183
579    0.000289
580    0.000404
581    0.000386
582    0.000223
583    0.000405
584    0.000554
585    0.000412
586    0.000156
587    0.000364
588    0.000288
589    0.000396
590    0.000467
591    0.000318
592    0.000385
593    0.000436
594    0.000247
595    0.000290
596    0.000408
597    0.000258
598    0.000414
599    0.000560
600    0.000547
601    0.000575
602    0.000463
603    0.000458
604    0.000440
605    0.000420
606    0.000508
607    0.000192
608    0.000275
609    0.000407
610    0.000413
611    0.000227
612    0.000303
613    0.000296
614    0.000183
615    0.000180
616    0.000409
617    0.000342
618    0.000386
619    0.000456
620    0.000595
621    0.000230
622    0.000480
623    0.000358
624    0.000482
625    0.000403
626    0.000328
627    0.000449
628    0.000555
629    0.000269
630    0.000231
631    0.000356
632    0.000255
633    0.000411
634    0.000239
635    0.000358
636    0.000596
637    0.000686
638    0.000189
639    0.000405
640    0.000220
641    0.000470
642    0.000309
643    0.000448
644    0.000456
645    0.000675
646    0.000190
647    0.000358
648    0.000348
649    0.000150
650    0.000284
651    0.000291
652    0.000312
653    0.000219
654    0.000378
655    0.000553
656    0.000320
657    0.000429
658    0.000184
659    0.000307
660    0.000565
661    0.000396
662    0.000515
663    0.000446
664    0.000290
665    0.000473
666    0.000257
667    0.000701
668    0.000307
669    0.000326
670    0.000508
671    0.000322
672    0.000654
673    0.000432
674    0.000380
675    0.000302
676    0.000433
677    0.000429
678    0.000333
679    0.000310
680    0.000372
681    0.000394
682    0.000465
683    0.000327
684    0.000264
685    0.000249
686    0.000388
687    0.000762
688    0.000300
689    0.000524
690    0.000361
691    0.000362
692    0.000401
693    0.000266
694    0.000391
695    0.000327
696    0.000140
697    0.000391
698    0.000267
699    0.000258
700    0.000432
701    0.000532
702    0.000283
703    0.000340
704    0.000381
705    0.000276
706    0.000332
707    0.000574
708    0.000355
709    0.000351
710    0.000291
711    0.000314
712    0.000393
713    0.000361
714    0.000317
715    0.000409
716    0.000438
717    0.000369
718    0.000238
719    0.000431
720    0.000337
721    0.000569
722    0.000330
723    0.000336
724    0.000458
725    0.000308
726    0.000305
727    0.000262
728    0.000221
729    0.000326
730    0.000303
731    0.000496
732    0.000544
733    0.000440
734    0.000345
735    0.000443
736    0.000483
737    0.000410
738    0.000500
739    0.000512
740    0.000220
741    0.000234
742    0.000360
743    0.000340
744    0.000239
745    0.000162
746    0.000414
747    0.000320
748    0.000217
749    0.000458
750    0.000347
751    0.000489
752    0.000307
753    0.000336
754    0.000257
755    0.000380
756    0.000635
757    0.000151
758    0.000228
759    0.000363
760    0.000363
761    0.000160
762    0.000514
763    0.000267
764    0.000218
765    0.000245
766    0.000196
767    0.000166
768    0.000173
769    0.000222
770    0.000271
771    0.000303
772    0.000435
773    0.000281
774    0.000166
775    0.000283
776    0.000151
777    0.000375
778    0.000214
779    0.000125
780    0.000362
781    0.000171
782    0.000381
783    0.000183
784    0.000246
785    0.000222
786    0.000276
787    0.000187
788    0.000541
789    0.000341
790    0.000223
791    0.000512
792    0.000481
793    0.000432
794    0.000340
795    0.000212
796    0.000365
797    0.000439
798    0.000367
799    0.000344
800    0.000302
801    0.000545
802    0.000224
803    0.000349
804    0.000631
805    0.000288
806    0.000199
807    0.000382
808    0.000205
809    0.000258
810    0.000344
811    0.000229
812    0.000118
813    0.000465
814    0.000328
815    0.000143
816    0.000509
817    0.000186
818    0.000404
819    0.000325
820    0.000689
821    0.000272
822    0.000307
823    0.000296
824    0.000407
825    0.000843
