  1    0.058739
  2    0.063490
  3    0.025137
  4    0.036919
  5    0.019939
  6    0.020648
  7    0.020110
  8    0.006683
  9    0.006521
 10    0.009507
 11    0.008180
 12    0.009865
 13    0.007632
 14    0.011491
 15    0.006265
 16    0.005701
 17    0.003586
 18    0.005739
 19    0.008151
 20    0.007948
 21    0.009235
 22    0.004248
 23    0.009487
 24    0.006129
 25    0.007568
 26    0.006999
 27    0.003487
 28    0.008685
 29    0.005956
 30    0.004880
 31    0.002928
 32    0.006114
 33    0.008258
 34    0.001784
 35    0.005948
 36    0.004897
 37    0.005487
 38    0.002334
 39    0.004914
 40    0.005738
 41    0.002449
 42    0.005034
 43    0.003458
 44    0.004053
 45    0.002439
 46    0.005532
 47    0.002183
 48    0.005052
 49    0.004077
 50    0.002911
 51    0.002792
 52    0.002400
 53    0.003116
 54    0.003662
 55    0.001612
 56    0.001936
 57    0.001624
 58    0.001921
 59    0.001711
 60    0.001166
 61    0.004726
 62    0.001692
 63    0.002215
 64    0.001022
 65    0.001497
 66    0.003474
 67    0.002848
 68    0.002358
 69    0.001017
 70    0.002291
 71    0.000840
 72    0.001135
 73    0.002000
 74    0.001210
 75    0.002958
 76    0.001609
 77    0.000902
 78    0.001983
 79    0.002342
 80    0.001910
 81    0.002821
 82    0.001242
 83    0.002219
 84    0.002278
 85    0.002092
 86    0.003164
 87    0.001951
 88    0.001627
 89    0.003016
 90    0.002405
 91    0.001208
 92    0.001399
 93    0.001392
 94    0.001876
 95    0.001520
 96    0.001303
 97    0.001643
 98    0.000913
 99    0.001100
100    0.002726
101    0.003384
102    0.000978
103    0.001036
104    0.001167
105    0.001727
106    0.002246
107    0.001459
108    0.003220
109    0.000959
110    0.000811
111    0.001299
112    0.001371
113    0.000631
114    0.000509
115    0.002427
116    0.000745
117    0.001657
118    0.001251
119    0.001543
120    0.001238
121    0.001281
122    0.003583
123    0.001275
124    0.000766
125    0.001808
126    0.000724
127    0.001355
128    0.001103
129    0.001432
130    0.000436
131    0.001153
132    0.001071
133    0.001345
134    0.001376
135    0.001854
136    0.000483
137    0.000668
138    0.001630
139    0.000922
140    0.001054
141    0.001283
142    0.000713
143    0.000897
144    0.001297
145    0.001636
146    0.001165
147    0.001085
148    0.001609
149    0.001901
150    0.000765
151    0.001478
152    0.001485
153    0.000454
154    0.001221
155    0.000350
156    0.001683
157    0.000626
158    0.000287
159    0.000677
160    0.001072
161    0.001198
162    0.001190
163    0.000868
164    0.000549
165    0.001500
166    0.000508
167    0.001208
168    0.000989
169    0.001144
170    0.001948
171    0.001020
172    0.001107
173    0.001794
174    0.001712
175    0.001856
176    0.000652
177    0.001451
178    0.000808
179    0.001199
180    0.000964
181    0.000700
182    0.001417
183    0.000869
184    0.000442
185    0.001243
186    0.001134
187    0.001075
188    0.001288
189    0.000687
190    0.001014
191    0.000589
192    0.001455
193    0.000710
194    0.000760
195    0.001148
196    0.001384
197    0.001140
198    0.000923
199    0.001084
200    0.001322
201    0.001099
202    0.001042
203    0.000621
204    0.000917
205    0.002520
206    0.000903
207    0.000425
208    0.001258
209    0.000955
210    0.001245
211    0.000743
212    0.000877
213    0.001011
214    0.001030
215    0.000568
216    0.000861
217    0.000620
218    0.002408
219    0.000659
220    0.000499
221    0.000457
222    0.001218
223    0.001014
224    0.000638
225    0.001022
226    0.001230
227    0.000451
228    0.000572
229    0.001257
230    0.000628
231    0.001176
232    0.001113
233    0.000801
234    0.001770
235    0.001150
236    0.000903
237    0.000864
238    0.000434
239    0.001138
240    0.001235
241    0.001021
242    0.000754
243    0.000810
244    0.001248
245    0.001344
246    0.000512
247    0.000567
248    0.000162
249    0.001084
250    0.000983
251    0.000660
252    0.000378
253    0.000722
254    0.000770
255    0.000406
256    0.001099
257    0.000825
258    0.000606
259    0.000400
260    0.001410
261    0.000702
262    0.000683
263    0.000608
264    0.000879
265    0.000676
266    0.000670
267    0.000295
268    0.000896
269    0.000488
270    0.000406
271    0.000769
272    0.000634
273    0.000676
274    0.000971
275    0.000692
276    0.000453
277    0.000178
278    0.000502
279    0.000506
280    0.000485
281    0.000517
282    0.000737
283    0.000286
284    0.000374
285    0.000911
286    0.001139
287    0.000749
288    0.000638
289    0.000426
290    0.000385
291    0.000581
292    0.000662
293    0.000591
294    0.000377
295    0.000542
296    0.000307
297    0.000730
298    0.000562
299    0.000473
300    0.000643
301    0.000491
302    0.000507
303    0.000827
304    0.000480
305    0.000480
306    0.000506
307    0.000290
308    0.000583
309    0.000754
310    0.000365
311    0.000714
312    0.000623
313    0.000695
314    0.000888
315    0.000640
316    0.000634
317    0.000621
318    0.000791
319    0.000420
320    0.001023
321    0.000536
322    0.000784
323    0.000641
324    0.000422
325    0.000708
326    0.000508
327    0.001321
328    0.000304
329    0.000689
330    0.000806
331    0.000473
332    0.000501
333    0.000630
334    0.000704
335    0.000581
336    0.000692
337    0.000436
338    0.000660
339    0.000529
340    0.000344
341    0.000441
342    0.000597
343    0.000934
344    0.000969
345    0.000541
346    0.000611
347    0.001392
348    0.000419
349    0.000995
350    0.000746
351    0.000392
352    0.000662
353    0.000685
354    0.000410
355    0.000642
356    0.000477
357    0.001097
358    0.000963
359    0.000367
360    0.000601
361    0.000246
362    0.000718
363    0.000575
364    0.000476
365    0.001063
366    0.000592
367    0.000767
368    0.000659
369    0.000812
370    0.000348
371    0.000739
372    0.000306
373    0.000680
374    0.000303
375    0.000669
376    0.000381
377    0.000377
378    0.000824
379    0.000383
380    0.000938
381    0.000603
382    0.000593
383    0.000357
384    0.000654
385    0.001029
386    0.000768
387    0.000461
388    0.000433
389    0.000644
390    0.000559
391    0.000375
392    0.000636
393    0.000473
394    0.000227
395    0.000562
396    0.000757
397    0.000626
398    0.000640
399    0.000404
400    0.000723
401    0.000920
402    0.000334
403    0.000115
404    0.000867
405    0.001020
406    0.000572
407    0.000669
408    0.000341
409    0.000610
410    0.000349
411    0.000698
412    0.000397
413    0.000560
414    0.000282
415    0.000574
416    0.000729
417    0.000648
418    0.000748
419    0.000700
420    0.000734
421    0.000257
422    0.000600
423    0.000596
424    0.000358
425    0.000378
426    0.000555
427    0.000440
428    0.000454
429    0.000841
430    0.000353
431    0.000266
432    0.000350
433    0.000680
434    0.000599
435    0.000668
436    0.000293
437    0.000482
438    0.000378
439    0.000898
440    0.000805
441    0.000618
442    0.000151
443    0.000425
444    0.000244
445    0.000570
446    0.000580
447    0.000552
448    0.000298
449    0.000571
450    0.000536
451    0.000412
452    0.000875
453    0.000634
454    0.000627
455    0.000191
456    0.000441
457    0.000489
458    0.000189
459    0.000375
460    0.000217
461    0.000496
462    0.000270
463    0.000348
464    0.000593
465    0.000497
466    0.000471
467    0.000577
468    0.000495
469    0.000744
470    0.000334
471    0.000629
472    0.000250
473    0.000535
474    0.000304
475    0.000341
476    0.000304
477    0.000459
478    0.000617
479    0.000452
480    0.000669
481    0.000759
482    0.000200
483    0.000486
484    0.000441
485    0.000626
486    0.000476
487    0.000508
488    0.000408
489    0.000182
490    0.000681
491    0.000356
492    0.000331
493    0.000521
494    0.000480
495    0.000614
496    0.000296
497    0.000483
498    0.000208
499    0.000382
500    0.000448
501    0.000305
502    0.000457
503    0.000565
504    0.000350
505    0.000410
506    0.000511
507    0.000498
508    0.000264
509    0.000414
510    0.000368
511    0.000489
512    0.000375
513    0.000509
514    0.000314
515    0.000475
516    0.000710
517    0.000426
518    0.000443
519    0.000437
520    0.000462
521    0.000476
522    0.000291
523    0.000347
524    0.000370
525    0.000625
526    0.000251
527    0.000637
528    0.000627
529    0.000430
530    0.000832
531    0.000556
532    0.000263
533    0.000245
534    0.000189
535    0.000379
536    0.000250
537    0.000679
538    0.000525
539    0.000467
540    0.000546
541    0.000333
542    0.000220
543    0.000465
544    0.000437
545    0.000386
546    0.000380
547    0.000714
548    0.000264
549    0.000375
550    0.000416
551    0.000463
552    0.000488
553    0.000589
554    0.000193
555    0.000304
556    0.000318
557    0.000419
558    0.000696
559    0.000295
560    0.000287
561    0.000144
562    0.000317
563    0.000275
564    0.000330
565    0.000562
566    0.000335
567    0.000184
568    0.000294
569    0.000300
570    0.000255
571    0.000205
572    0.000208
573    0.000219
574    0.000254
575    0.000195
576    0.000177
577    0.000139
578    0.000226
579    0.000267
580    0.000219
581    0.000256
582    0.000320
583    0.000260
584    0.000127
585    0.000309
586    0.000231
587    0.000321
588    0.000300
589    0.000204
590    0.000403
591    0.000311
592    0.000142
593    0.000359
594    0.000312
595    0.000260
596    0.000162
597    0.000248
598    0.000173
599    0.000219
600    0.000247
601    0.000282
602    0.000161
603    0.000227
604    0.000231
605    0.000347
606    0.000368
607    0.000376
608    0.000305
609    0.000347
610    0.000152
611    0.000332
612    0.000282
613    0.000308
614    0.000441
615    0.000325
616    0.000494
617    0.000443
618    0.000276
619    0.000140
620    0.000277
621    0.000240
622    0.000363
623    0.000277
624    0.000329
625    0.000259
626    0.000188
627    0.000331
628    0.000400
629    0.000267
630    0.000229
631    0.000343
632    0.000306
633    0.000473
634    0.000149
635    0.000304
636    0.000271
637    0.000266
638    0.000378
639    0.000239
640    0.000137
641    0.000548
642    0.000224
643    0.000282
644    0.000191
645    0.000178
646    0.000268
647    0.000383
648    0.000218
649    0.000400
650    0.000113
651    0.000287
652    0.000325
653    0.000335
654    0.000271
655    0.000370
656    0.000289
657    0.000241
658    0.000325
659    0.000375
660    0.000272
661    0.000181
662    0.000138
663    0.000447
664    0.000132
665    0.000275
666    0.000322
667    0.000432
668    0.000231
669    0.000128
670    0.000391
671    0.000346
672    0.000165
673    0.000336
674    0.000289
675    0.000258
676    0.000253
677    0.000271
678    0.000173
679    0.000283
680    0.000302
681    0.000189
682    0.000187
683    0.000222
684    0.000260
685    0.000067
686    0.000080
687    0.000323
688    0.000238
689    0.000263
690    0.000274
691    0.000270
692    0.000308
693    0.000060
694    0.000171
695    0.000278
696    0.000100
697    0.000214
698    0.000223
699    0.000229
700    0.000202
701    0.000224
702    0.000401
703    0.000360
704    0.000218
705    0.000292
706    0.000262
707    0.000367
708    0.000320
709    0.000124
710    0.000234
711    0.000141
712    0.000162
713    0.000142
714    0.000222
715    0.000240
716    0.000162
717    0.000210
718    0.000214
719    0.000252
720    0.000258
721    0.000277
722    0.000311
723    0.000254
724    0.000593
725    0.000336
726    0.000224
727    0.000321
728    0.000211
729    0.000303
730    0.000427
731    0.000218
732    0.000073
733    0.000253
734    0.000239
735    0.000275
736    0.000329
737    0.000437
738    0.000353
739    0.000289
740    0.000352
741    0.000351
742    0.000395
743    0.000186
744    0.000187
745    0.000441
746    0.000280
747    0.000241
748    0.000335
749    0.000344
750    0.000273
751    0.000347
752    0.000247
753    0.000357
754    0.000216
755    0.000194
756    0.000405
757    0.000238
758    0.000213
759    0.000186
760    0.000167
761    0.000151
762    0.000273
763    0.000402
764    0.000247
765    0.000418
766    0.000185
767    0.000175
768    0.000124
769    0.000233
770    0.000365
771    0.000229
772    0.000144
773    0.000160
774    0.000135
775    0.000197
776    0.000224
777    0.000150
778    0.000328
779    0.000310
780    0.000309
781    0.000321
782    0.000110
783    0.000134
784    0.000307
785    0.000077
786    0.000113
787    0.000467
788    0.000161
789    0.000344
790    0.000215
791    0.000164
792    0.000321
793    0.000230
794    0.000303
795    0.000083
796    0.000317
797    0.000076
798    0.000417
799    0.000156
800    0.000141
801    0.000187
802    0.000051
803    0.000112
804    0.000238
805    0.000181
806    0.000116
807    0.000189
808    0.000137
809    0.000165
810    0.000260
811    0.000158
812    0.000379
813    0.000176
814    0.000181
815    0.000085
816    0.000064
817    0.000110
818    0.000037
819    0.000248
820    0.000215
821    0.000312
822    0.000287
823    0.000388
824    0.000716
825    0.000680
