  1    0.041459
  2    0.040670
  3    0.039120
  4    0.071030
  5    0.011437
  6    0.020469
  7    0.004663
  8    0.012262
  9    0.013565
 10    0.022621
 11    0.005048
 12    0.004421
 13    0.011673
 14    0.018212
 15    0.005178
 16    0.006925
 17    0.012042
 18    0.005796
 19    0.019966
 20    0.009166
 21    0.006190
 22    0.005019
 23    0.007550
 24    0.005598
 25    0.010306
 26    0.008847
 27    0.004774
 28    0.003755
 29    0.003778
 30    0.003426
 31    0.005042
 32    0.004925
 33    0.007870
 34    0.003276
 35    0.005946
 36    0.002575
 37    0.004438
 38    0.002176
 39    0.005970
 40    0.003915
 41    0.006808
 42    0.006019
 43    0.004024
 44    0.002135
 45    0.004519
 46    0.002372
 47    0.001974
 48    0.003920
 49    0.004828
 50    0.004383
 51    0.001801
 52    0.003353
 53    0.001306
 54    0.001505
 55    0.002896
 56    0.002342
 57    0.002964
 58    0.001590
 59    0.001841
 60    0.002343
 61    0.002583
 62    0.001748
 63    0.001634
 64    0.002300
 65    0.002600
 66    0.001367
 67    0.002009
 68    0.003434
 69    0.001706
 70    0.001550
 71    0.001677
 72    0.002038
 73    0.001731
 74    0.001930
 75    0.000849
 76    0.001276
 77    0.003465
 78    0.000813
 79    0.001907
 80    0.001243
 81    0.003037
 82    0.001128
 83    0.001970
 84    0.002268
 85    0.001416
 86    0.002151
 87    0.003232
 88    0.001011
 89    0.002878
 90    0.002877
 91    0.000850
 92    0.000594
 93    0.000533
 94    0.002591
 95    0.001356
 96    0.001256
 97    0.001178
 98    0.002565
 99    0.002568
100    0.001056
101    0.001599
102    0.001901
103    0.001544
104    0.003915
105    0.001618
106    0.002887
107    0.001639
108    0.000557
109    0.001319
110    0.002428
111    0.001626
112    0.001135
113    0.001448
114    0.001771
115    0.000781
116    0.002112
117    0.001887
118    0.000601
119    0.001199
120    0.000844
121    0.001122
122    0.001159
123    0.001250
124    0.001718
125    0.001739
126    0.000500
127    0.001648
128    0.001224
129    0.001716
130    0.001125
131    0.000901
132    0.000689
133    0.001133
134    0.000524
135    0.001534
136    0.000965
137    0.001715
138    0.000979
139    0.000600
140    0.001037
141    0.000592
142    0.001494
143    0.000974
144    0.000775
145    0.000800
146    0.001413
147    0.001396
148    0.000636
149    0.000806
150    0.001448
151    0.001692
152    0.000899
153    0.001540
154    0.001319
155    0.001058
156    0.000675
157    0.001018
158    0.000889
159    0.001598
160    0.000941
161    0.001957
162    0.001226
163    0.002247
164    0.000378
165    0.001031
166    0.000775
167    0.000690
168    0.000571
169    0.001364
170    0.000544
171    0.000499
172    0.000753
173    0.000871
174    0.000615
175    0.001015
176    0.001003
177    0.001155
178    0.000941
179    0.000555
180    0.001308
181    0.001046
182    0.000635
183    0.001011
184    0.000635
185    0.000960
186    0.000795
187    0.000615
188    0.000840
189    0.000542
190    0.001108
191    0.000634
192    0.000869
193    0.001180
194    0.000798
195    0.000390
196    0.000718
197    0.000961
198    0.000418
199    0.000951
200    0.001071
201    0.000609
202    0.000722
203    0.000755
204    0.001030
205    0.001098
206    0.000515
207    0.000698
208    0.000813
209    0.000737
210    0.000672
211    0.000828
212    0.000911
213    0.000497
214    0.000532
215    0.000764
216    0.000759
217    0.000910
218    0.001039
219    0.001239
220    0.001178
221    0.001334
222    0.000856
223    0.000929
224    0.000894
225    0.000785
226    0.001501
227    0.000777
228    0.000408
229    0.001687
230    0.000697
231    0.000955
232    0.000785
233    0.000492
234    0.000491
235    0.000740
236    0.001044
237    0.000812
238    0.000678
239    0.000727
240    0.001112
241    0.000624
242    0.001254
243    0.000825
244    0.001819
245    0.000682
246    0.000485
247    0.000678
248    0.000955
249    0.001801
250    0.000704
251    0.000728
252    0.001019
253    0.001077
254    0.000713
255    0.000435
256    0.000522
257    0.000900
258    0.000935
259    0.000924
260    0.000682
261    0.000532
262    0.000412
263    0.000802
264    0.000772
265    0.000577
266    0.000704
267    0.000728
268    0.000677
269    0.000940
270    0.000966
271    0.000732
272    0.000464
273    0.000379
274    0.001150
275    0.000926
276    0.000741
277    0.000461
278    0.000919
279    0.000627
280    0.000646
281    0.000698
282    0.000758
283    0.000420
284    0.000604
285    0.000619
286    0.000601
287    0.000412
288    0.000728
289    0.000733
290    0.000715
291    0.000516
292    0.000486
293    0.000438
294    0.000657
295    0.000440
296    0.000514
297    0.000376
298    0.000513
299    0.000892
300    0.000796
301    0.000634
302    0.000703
303    0.000464
304    0.000880
305    0.000816
306    0.000427
307    0.000412
308    0.001028
309    0.000381
310    0.000480
311    0.000384
312    0.000418
313    0.000722
314    0.000318
315    0.000130
316    0.000237
317    0.000557
318    0.000496
319    0.000848
320    0.000651
321    0.000477
322    0.001341
323    0.000514
324    0.000552
325    0.000477
326    0.000570
327    0.000968
328    0.000597
329    0.000869
330    0.000609
331    0.000651
332    0.000288
333    0.000224
334    0.000347
335    0.000544
336    0.000812
337    0.000785
338    0.000517
339    0.000436
340    0.000344
341    0.000337
342    0.000315
343    0.000983
344    0.000473
345    0.000684
346    0.000666
347    0.000339
348    0.000425
349    0.000807
350    0.000484
351    0.000320
352    0.000463
353    0.000298
354    0.000709
355    0.000640
356    0.000675
357    0.000635
358    0.000630
359    0.000956
360    0.000737
361    0.000483
362    0.000461
363    0.000684
364    0.000568
365    0.001025
366    0.000653
367    0.000225
368    0.000410
369    0.000621
370    0.000248
371    0.000540
372    0.001070
373    0.000811
374    0.000295
375    0.000322
376    0.000309
377    0.000798
378    0.000360
379    0.000645
380    0.000226
381    0.000397
382    0.000612
383    0.000520
384    0.000688
385    0.000507
386    0.000646
387    0.000288
388    0.001062
389    0.001062
390    0.000903
391    0.000203
392    0.000233
393    0.000709
394    0.000629
395    0.000726
396    0.000665
397    0.000525
398    0.000483
399    0.000390
400    0.000585
401    0.000612
402    0.000529
403    0.000607
404    0.000609
405    0.000782
406    0.000367
407    0.000718
408    0.000624
409    0.000767
410    0.000735
411    0.000197
412    0.000738
413    0.000755
414    0.000438
415    0.000358
416    0.000344
417    0.000492
418    0.000322
419    0.000396
420    0.000731
421    0.000229
422    0.000462
423    0.000351
424    0.000410
425    0.000400
426    0.000392
427    0.000441
428    0.000234
429    0.000545
430    0.000345
431    0.000290
432    0.000258
433    0.000514
434    0.000255
435    0.000559
436    0.000277
437    0.000385
438    0.000510
439    0.000372
440    0.000430
441    0.000147
442    0.000342
443    0.000320
444    0.000301
445    0.000320
446    0.000325
447    0.000377
448    0.000320
449    0.000545
450    0.000396
451    0.000310
452    0.000344
453    0.000324
454    0.000246
455    0.000472
456    0.000356
457    0.000398
458    0.000380
459    0.000446
460    0.000316
461    0.000248
462    0.000321
463    0.000511
464    0.000334
465    0.000867
466    0.000417
467    0.000347
468    0.000329
469    0.000486
470    0.000425
471    0.000273
472    0.000438
473    0.000200
474    0.000326
475    0.000471
476    0.000276
477    0.000655
478    0.000555
479    0.000484
480    0.000347
481    0.000441
482    0.000249
483    0.000196
484    0.000298
485    0.000419
486    0.000382
487    0.000820
488    0.000392
489    0.000278
490    0.000329
491    0.000484
492    0.000217
493    0.000228
494    0.000351
495    0.000208
496    0.000542
497    0.000262
498    0.000284
499    0.000383
500    0.000372
501    0.000504
502    0.000452
503    0.000377
504    0.000376
505    0.000294
506    0.000382
507    0.000499
508    0.000327
509    0.000551
510    0.000324
511    0.000218
512    0.000297
513    0.000332
514    0.000202
515    0.000550
516    0.000303
517    0.000582
518    0.000543
519    0.000333
520    0.000194
521    0.000253
522    0.000474
523    0.000389
524    0.000241
525    0.000385
526    0.000147
527    0.000215
528    0.000436
529    0.000519
530    0.000349
531    0.000334
532    0.000606
533    0.000705
534    0.000477
535    0.000722
536    0.000201
537    0.000395
538    0.000505
539    0.000294
540    0.000431
541    0.000351
542    0.000443
543    0.000072
544    0.000243
545    0.000292
546    0.000331
547    0.000594
548    0.000461
549    0.000280
550    0.000360
551    0.000752
552    0.000226
553    0.000072
554    0.000328
555    0.000289
556    0.000192
557    0.000262
558    0.000312
559    0.000388
560    0.000252
561    0.000361
562    0.000387
563    0.000364
564    0.000240
565    0.000401
566    0.000419
567    0.000331
568    0.000271
569    0.000150
570    0.000300
571    0.000252
572    0.000205
573    0.000286
574    0.000228
575    0.000314
576    0.000246
577    0.000302
578    0.000215
579    0.000332
580    0.000348
581    0.000459
582    0.000284
583    0.000395
584    0.000203
585    0.000437
586    0.000343
587    0.000416
588    0.000197
589    0.000381
590    0.000244
591    0.000190
592    0.000241
593    0.000241
594    0.000353
595    0.000291
596    0.000272
597    0.000149
598    0.000360
599    0.000345
600    0.000275
601    0.000306
602    0.000297
603    0.000228
604    0.000405
605    0.000611
606    0.000357
607    0.000298
608    0.000427
609    0.000246
610    0.000228
611    0.000378
612    0.000289
613    0.000252
614    0.000380
615    0.000211
616    0.000266
617    0.000271
618    0.000142
619    0.000434
620    0.000183
621    0.000302
622    0.000320
623    0.000419
624    0.000535
625    0.000254
626    0.000294
627    0.000228
628    0.000222
629    0.000386
630    0.000190
631    0.000299
632    0.000309
633    0.000311
634    0.000244
635    0.000181
636    0.000344
637    0.000303
638    0.000300
639    0.000341
640    0.000246
641    0.000273
642    0.000132
643    0.000378
644    0.000228
645    0.000245
646    0.000230
647    0.000431
648    0.000507
649    0.000275
650    0.000340
651    0.000404
652    0.000330
653    0.000275
654    0.000202
655    0.000283
656    0.000240
657    0.000261
658    0.000325
659    0.000158
660    0.000327
661    0.000363
662    0.000326
663    0.000161
664    0.000246
665    0.000302
666    0.000288
667    0.000174
668    0.000274
669    0.000308
670    0.000272
671    0.000279
672    0.000234
673    0.000282
674    0.000192
675    0.000248
676    0.000200
677    0.000170
678    0.000179
679    0.000333
680    0.000255
681    0.000233
682    0.000299
683    0.000291
684    0.000296
685    0.000535
686    0.000288
687    0.000368
688    0.000079
689    0.000482
690    0.000336
691    0.000122
692    0.000297
693    0.000303
694    0.000404
695    0.000190
696    0.000198
697    0.000216
698    0.000221
699    0.000193
700    0.000154
701    0.000310
702    0.000219
703    0.000213
704    0.000307
705    0.000195
706    0.000254
707    0.000305
708    0.000214
709    0.000273
710    0.000217
711    0.000181
712    0.000267
713    0.000196
714    0.000189
715    0.000132
716    0.000258
717    0.000231
718    0.000180
719    0.000213
720    0.000184
721    0.000206
722    0.000289
723    0.000173
724    0.000469
725    0.000229
726    0.000303
727    0.000310
728    0.000234
729    0.000315
730    0.000298
731    0.000263
732    0.000165
733    0.000286
734    0.000227
735    0.000198
736    0.000500
737    0.000107
738    0.000199
739    0.000345
740    0.000286
741    0.000418
742    0.000233
743    0.000266
744    0.000546
745    0.000673
746    0.000440
747    0.000288
748    0.000166
749    0.000222
750    0.000449
751    0.000167
752    0.000456
753    0.000382
754    0.000043
755    0.000246
756    0.000061
757    0.000113
758    0.000278
759    0.000272
760    0.000290
761    0.000191
762    0.000312
763    0.000248
764    0.000175
765    0.000417
766    0.000353
767    0.000209
768    0.000361
769    0.000213
770    0.000287
771    0.000256
772    0.000230
773    0.000204
774    0.000235
775    0.000289
776    0.000235
777    0.000097
778    0.000197
779    0.000235
780    0.000277
781    0.000172
782    0.000141
783    0.000123
784    0.000122
785    0.000174
786    0.000149
787    0.000177
788    0.000173
789    0.000260
790    0.000387
791    0.000154
792    0.000244
793    0.000278
794    0.000177
795    0.000303
796    0.000160
797    0.000093
798    0.000165
799    0.000051
800    0.000080
801    0.000146
802    0.000164
803    0.000022
804    0.000092
805    0.000127
806    0.000105
807    0.000045
808    0.000193
809    0.000176
810    0.000115
811    0.000159
812    0.000021
813    0.000127
814    0.000165
815    0.000072
816    0.000107
817    0.000092
818    0.000065
819    0.000283
820    0.000268
821    0.000359
822    0.000212
823    0.000338
824    0.000427
825    0.000407
