  1    0.045371
  2    0.042914
  3    0.030567
  4    0.043108
  5    0.037137
  6    0.023667
  7    0.017021
  8    0.011753
  9    0.008750
 10    0.015189
 11    0.006087
 12    0.011755
 13    0.009545
 14    0.008297
 15    0.003701
 16    0.008201
 17    0.003607
 18    0.007575
 19    0.007603
 20    0.005494
 21    0.008322
 22    0.007610
 23    0.006956
 24    0.004910
 25    0.003197
 26    0.005085
 27    0.004504
 28    0.006006
 29    0.010206
 30    0.001980
 31    0.007073
 32    0.006318
 33    0.006998
 34    0.007824
 35    0.004885
 36    0.007502
 37    0.005927
 38    0.004762
 39    0.004178
 40    0.003680
 41    0.003821
 42    0.006805
 43    0.002795
 44    0.003875
 45    0.003534
 46    0.003337
 47    0.002920
 48    0.003617
 49    0.004578
 50    0.002526
 51    0.003418
 52    0.003294
 53    0.002348
 54    0.003981
 55    0.002664
 56    0.003372
 57    0.002337
 58    0.001977
 59    0.002283
 60    0.002138
 61    0.001865
 62    0.002249
 63    0.002823
 64    0.003144
 65    0.004786
 66    0.001850
 67    0.002497
 68    0.002507
 69    0.002226
 70    0.001102
 71    0.002005
 72    0.001839
 73    0.002419
 74    0.000865
 75    0.001814
 76    0.002898
 77    0.003154
 78    0.001019
 79    0.004309
 80    0.001689
 81    0.001882
 82    0.001859
 83    0.001975
 84    0.000934
 85    0.001612
 86    0.000834
 87    0.001514
 88    0.001679
 89    0.001724
 90    0.001997
 91    0.003140
 92    0.001026
 93    0.002473
 94    0.002137
 95    0.001493
 96    0.001142
 97    0.001032
 98    0.001448
 99    0.001191
100    0.002659
101    0.001327
102    0.001163
103    0.001335
104    0.001508
105    0.001254
106    0.000911
107    0.000820
108    0.001829
109    0.000776
110    0.001936
111    0.000782
112    0.001422
113    0.001526
114    0.001237
115    0.001046
116    0.000874
117    0.000812
118    0.000895
119    0.001557
120    0.001126
121    0.001684
122    0.001400
123    0.000692
124    0.001138
125    0.001379
126    0.001467
127    0.001205
128    0.001811
129    0.000811
130    0.001310
131    0.001301
132    0.001008
133    0.000684
134    0.001008
135    0.000978
136    0.001370
137    0.001625
138    0.000634
139    0.001592
140    0.001274
141    0.001369
142    0.001154
143    0.001661
144    0.000644
145    0.001293
146    0.001297
147    0.001522
148    0.001516
149    0.000519
150    0.000827
151    0.001182
152    0.000738
153    0.001083
154    0.001338
155    0.001441
156    0.000688
157    0.001465
158    0.001745
159    0.001793
160    0.000826
161    0.000614
162    0.000959
163    0.001159
164    0.000770
165    0.001908
166    0.001159
167    0.001017
168    0.000404
169    0.001197
170    0.000762
171    0.001108
172    0.001462
173    0.001215
174    0.000978
175    0.000701
176    0.000940
177    0.001359
178    0.001339
179    0.001339
180    0.000902
181    0.001088
182    0.000794
183    0.000732
184    0.000717
185    0.000892
186    0.000875
187    0.000734
188    0.000553
189    0.000764
190    0.000777
191    0.000935
192    0.001147
193    0.001076
194    0.000926
195    0.000668
196    0.000854
197    0.001080
198    0.000974
199    0.001060
200    0.001425
201    0.000554
202    0.001266
203    0.001684
204    0.000522
205    0.000553
206    0.000804
207    0.000996
208    0.000569
209    0.000894
210    0.001173
211    0.000773
212    0.000884
213    0.001035
214    0.000473
215    0.000652
216    0.000744
217    0.000571
218    0.001348
219    0.001040
220    0.001510
221    0.001000
222    0.001526
223    0.000736
224    0.001242
225    0.001516
226    0.000533
227    0.000812
228    0.000659
229    0.000767
230    0.000728
231    0.000817
232    0.000586
233    0.000815
234    0.000621
235    0.000803
236    0.000721
237    0.000450
238    0.000853
239    0.000708
240    0.000753
241    0.000312
242    0.000997
243    0.000695
244    0.000622
245    0.000474
246    0.000661
247    0.001067
248    0.000712
249    0.000758
250    0.000826
251    0.000866
252    0.000893
253    0.000629
254    0.000703
255    0.000706
256    0.000326
257    0.000695
258    0.000440
259    0.000809
260    0.001085
261    0.000532
262    0.000695
263    0.000426
264    0.001182
265    0.001269
266    0.000561
267    0.000685
268    0.000600
269    0.001226
270    0.001107
271    0.000500
272    0.001294
273    0.000715
274    0.000553
275    0.000748
276    0.000914
277    0.000941
278    0.000587
279    0.000706
280    0.000863
281    0.000667
282    0.000926
283    0.001510
284    0.001113
285    0.000595
286    0.000893
287    0.000527
288    0.000407
289    0.000732
290    0.000482
291    0.001023
292    0.000773
293    0.000647
294    0.000726
295    0.001234
296    0.000439
297    0.000628
298    0.000779
299    0.000655
300    0.000623
301    0.000425
302    0.000758
303    0.000803
304    0.000553
305    0.000447
306    0.000570
307    0.000744
308    0.000391
309    0.000340
310    0.000568
311    0.000546
312    0.000369
313    0.000328
314    0.000348
315    0.000284
316    0.000436
317    0.000607
318    0.000389
319    0.000463
320    0.000684
321    0.000775
322    0.000524
323    0.000541
324    0.000419
325    0.000389
326    0.000483
327    0.000663
328    0.001479
329    0.000319
330    0.000427
331    0.000503
332    0.000483
333    0.000898
334    0.000653
335    0.000325
336    0.000334
337    0.000693
338    0.001340
339    0.000459
340    0.000830
341    0.000500
342    0.000471
343    0.000543
344    0.000842
345    0.000350
346    0.000387
347    0.000684
348    0.000639
349    0.000730
350    0.000283
351    0.000502
352    0.000529
353    0.000563
354    0.000506
355    0.000490
356    0.000175
357    0.000641
358    0.000766
359    0.001182
360    0.000767
361    0.001169
362    0.000557
363    0.000858
364    0.000725
365    0.000304
366    0.000477
367    0.000651
368    0.000709
369    0.000663
370    0.000561
371    0.000578
372    0.000272
373    0.001234
374    0.001223
375    0.000515
376    0.000670
377    0.000287
378    0.000634
379    0.000478
380    0.000367
381    0.000252
382    0.000346
383    0.000318
384    0.000576
385    0.000494
386    0.000577
387    0.000394
388    0.000369
389    0.000558
390    0.000411
391    0.000711
392    0.000771
393    0.000685
394    0.000908
395    0.000668
396    0.000269
397    0.000377
398    0.000358
399    0.000452
400    0.000329
401    0.000412
402    0.000155
403    0.000500
404    0.000373
405    0.000566
406    0.000626
407    0.000486
408    0.000536
409    0.000518
410    0.000577
411    0.000677
412    0.000804
413    0.000580
414    0.000331
415    0.000578
416    0.000325
417    0.000416
418    0.000312
419    0.000418
420    0.000289
421    0.000892
422    0.000424
423    0.000585
424    0.000262
425    0.000268
426    0.000425
427    0.000458
428    0.000276
429    0.000232
430    0.000538
431    0.000310
432    0.000443
433    0.000413
434    0.000416
435    0.000459
436    0.000517
437    0.000519
438    0.000259
439    0.000391
440    0.000519
441    0.000248
442    0.000460
443    0.000552
444    0.000557
445    0.000313
446    0.000759
447    0.000317
448    0.000434
449    0.000703
450    0.000658
451    0.000557
452    0.000556
453    0.000357
454    0.000389
455    0.000370
456    0.000317
457    0.000442
458    0.000383
459    0.000565
460    0.000399
461    0.000557
462    0.000283
463    0.000386
464    0.000354
465    0.000375
466    0.000447
467    0.000486
468    0.000539
469    0.000520
470    0.000367
471    0.000260
472    0.000172
473    0.000430
474    0.000588
475    0.000459
476    0.000229
477    0.000389
478    0.000333
479    0.000428
480    0.000466
481    0.000482
482    0.000500
483    0.000291
484    0.000306
485    0.000280
486    0.000370
487    0.000427
488    0.000289
489    0.000295
490    0.000443
491    0.000235
492    0.000201
493    0.000572
494    0.000447
495    0.000583
496    0.000594
497    0.000305
498    0.000319
499    0.000523
500    0.000595
501    0.000236
502    0.000422
503    0.000245
504    0.000424
505    0.000489
506    0.000301
507    0.000393
508    0.000187
509    0.000330
510    0.000341
511    0.000402
512    0.000335
513    0.000294
514    0.000353
515    0.000244
516    0.000336
517    0.000438
518    0.000191
519    0.000368
520    0.000527
521    0.000315
522    0.000369
523    0.000318
524    0.000208
525    0.000355
526    0.000481
527    0.000454
528    0.000379
529    0.000370
530    0.000424
531    0.000912
532    0.000381
533    0.000146
534    0.000553
535    0.000155
536    0.000333
537    0.000338
538    0.000328
539    0.000355
540    0.000447
541    0.000406
542    0.000360
543    0.000333
544    0.000259
545    0.000421
546    0.000271
547    0.000366
548    0.000220
549    0.000227
550    0.000265
551    0.000299
552    0.000312
553    0.000379
554    0.000332
555    0.000545
556    0.000310
557    0.000229
558    0.000478
559    0.000575
560    0.000331
561    0.000535
562    0.000283
563    0.000351
564    0.000619
565    0.000216
566    0.000196
567    0.000608
568    0.000376
569    0.000203
570    0.000333
571    0.000351
572    0.000216
573    0.000306
574    0.000277
575    0.000171
576    0.000313
577    0.000228
578    0.000303
579    0.000112
580    0.000200
581    0.000423
582    0.000315
583    0.000354
584    0.000255
585    0.000284
586    0.000316
587    0.000351
588    0.000261
589    0.000381
590    0.000202
591    0.000223
592    0.000406
593    0.000312
594    0.000366
595    0.000233
596    0.000162
597    0.000323
598    0.000258
599    0.000285
600    0.000311
601    0.000504
602    0.000299
603    0.000230
604    0.000286
605    0.000177
606    0.000509
607    0.000375
608    0.000357
609    0.000221
610    0.000438
611    0.000547
612    0.000232
613    0.000526
614    0.000359
615    0.000273
616    0.000343
617    0.000219
618    0.000269
619    0.000401
620    0.000272
621    0.000259
622    0.000289
623    0.000422
624    0.000466
625    0.000411
626    0.000220
627    0.000293
628    0.000321
629    0.000246
630    0.000357
631    0.000390
632    0.000322
633    0.000264
634    0.000262
635    0.000566
636    0.000398
637    0.000480
638    0.000359
639    0.000300
640    0.000259
641    0.000314
642    0.000370
643    0.000349
644    0.000216
645    0.000419
646    0.000370
647    0.000194
648    0.000190
649    0.000413
650    0.000261
651    0.000444
652    0.000212
653    0.000218
654    0.000310
655    0.000322
656    0.000447
657    0.000348
658    0.000297
659    0.000242
660    0.000298
661    0.000487
662    0.000183
663    0.000347
664    0.000194
665    0.000300
666    0.000242
667    0.000247
668    0.000160
669    0.000192
670    0.000297
671    0.000275
672    0.000205
673    0.000241
674    0.000304
675    0.000252
676    0.000199
677    0.000262
678    0.000324
679    0.000221
680    0.000149
681    0.000360
682    0.000275
683    0.000222
684    0.000237
685    0.000236
686    0.000267
687    0.000418
688    0.000309
689    0.000281
690    0.000280
691    0.000257
692    0.000314
693    0.000380
694    0.000334
695    0.000229
696    0.000187
697    0.000168
698    0.000318
699    0.000312
700    0.000146
701    0.000237
702    0.000194
703    0.000148
704    0.000340
705    0.000216
706    0.000288
707    0.000188
708    0.000172
709    0.000228
710    0.000668
711    0.000248
712    0.000340
713    0.000266
714    0.000156
715    0.000180
716    0.000251
717    0.000186
718    0.000304
719    0.000569
720    0.000225
721    0.000250
722    0.000258
723    0.000234
724    0.000333
725    0.000212
726    0.000329
727    0.000409
728    0.000250
729    0.000222
730    0.000227
731    0.000300
732    0.000123
733    0.000221
734    0.000165
735    0.000379
736    0.000296
737    0.000333
738    0.000183
739    0.000280
740    0.000225
741    0.000339
742    0.000142
743    0.000441
744    0.000326
745    0.000268
746    0.000146
747    0.000508
748    0.000227
749    0.000200
750    0.000209
751    0.000306
752    0.000378
753    0.000230
754    0.000267
755    0.000247
756    0.000233
757    0.000247
758    0.000196
759    0.000358
760    0.000150
761    0.000189
762    0.000198
763    0.000170
764    0.000240
765    0.000449
766    0.000108
767    0.000111
768    0.000259
769    0.000188
770    0.000413
771    0.000287
772    0.000318
773    0.000201
774    0.000430
775    0.000191
776    0.000250
777    0.000242
778    0.000303
779    0.000215
780    0.000124
781    0.000254
782    0.000237
783    0.000097
784    0.000420
785    0.000267
786    0.000273
787    0.000170
788    0.000288
789    0.000246
790    0.000566
791    0.000230
792    0.000123
793    0.000213
794    0.000173
795    0.000253
796    0.000123
797    0.000287
798    0.000399
799    0.000309
800    0.000140
801    0.000127
802    0.000050
803    0.000182
804    0.000237
805    0.000502
806    0.000124
807    0.000147
808    0.000344
809    0.000189
810    0.000357
811    0.000168
812    0.000052
813    0.000201
814    0.000240
815    0.000151
816    0.000056
817    0.000092
818    0.000092
819    0.000146
820    0.000219
821    0.000295
822    0.000356
823    0.000211
824    0.000306
825    0.000412
