  0.027500
  0.011141
  0.059102
 -0.868854
 -0.087916
 -0.082842
 -0.455733
  0.061508
 -0.002386
 -0.024610
  0.027696
 -0.008944
  0.003817
  0.019054
  0.009604
  0.006354
 -0.031441
  0.080926
  0.032000
  0.033784
  0.010387
  0.012167
 -0.002219
  0.001289
  0.009775
  0.011504
 -0.010385
  0.008903
  0.000467
 -0.004054
 -0.003007
  0.012645
  0.000760
 -0.014768
  0.001436
  0.008044
  0.002664
  0.009090
  0.001347
  0.007003
  0.002063
 -0.002046
 -0.009500
 -0.008998
 -0.011298
  0.003888
 -0.003057
  0.000619
 -0.007629
  0.008311
 -0.004351
 -0.001209
  0.009835
  0.000104
 -0.007508
 -0.001050
 -0.001706
 -0.000961
 -0.000766
 -0.001407
  0.003228
  0.003678
  0.007896
 -0.004617
  0.009687
 -0.002172
 -0.001058
 -0.000650
 -0.004353
 -0.000830
 -0.000890
 -0.000896
  0.003188
  0.002412
  0.005846
 -0.002774
  0.001120
  0.000884
  0.000151
  0.000595
 -0.003194
 -0.001119
 -0.000579
  0.002426
 -0.001140
 -0.001794
  0.002637
 -0.000257
  0.000487
  0.000342
  0.001050
  0.000902
  0.001057
  0.001475
 -0.000266
  0.000277
  0.003874
  0.002346
  0.000615
  0.000846
  0.002680
 -0.000196
 -0.005070
 -0.004257
  0.000474
  0.001510
  0.003418
  0.000012
 -0.003499
  0.001329
  0.001721
 -0.000897
  0.006686
  0.003299
  0.000873
 -0.001840
 -0.001206
 -0.000120
 -0.003570
  0.002304
 -0.000168
 -0.000231
  0.001755
  0.001913
 -0.000063
 -0.003136
  0.001966
 -0.003178
 -0.000600
  0.001709
 -0.000292
 -0.000671
  0.000393
  0.001424
  0.001391
 -0.000154
  0.005126
 -0.001271
  0.000672
  0.000090
  0.002793
 -0.001001
 -0.000890
  0.000287
  0.004473
 -0.000139
  0.000104
 -0.001622
 -0.000401
  0.002058
  0.001282
  0.000176
 -0.000324
 -0.001372
  0.000946
  0.001604
 -0.000211
 -0.001868
 -0.000079
  0.000320
  0.002242
  0.002305
 -0.000250
  0.000630
 -0.001859
 -0.000711
 -0.000391
  0.001382
 -0.000514
 -0.001303
  0.000525
  0.001769
  0.001504
 -0.001170
 -0.000212
 -0.000654
 -0.000749
 -0.000936
 -0.000540
 -0.000021
 -0.001691
 -0.000898
 -0.000824
 -0.001803
  0.000008
  0.000117
  0.001958
  0.002730
  0.000395
 -0.001371
  0.000625
  0.000294
 -0.000527
 -0.002831
  0.000459
 -0.002181
  0.002541
 -0.001280
  0.001032
  0.000088
 -0.000173
 -0.000265
  0.000230
  0.000628
  0.001231
  0.000297
 -0.000764
 -0.000954
  0.001090
  0.001394
  0.001034
 -0.000145
  0.001027
  0.001245
  0.001470
 -0.001552
  0.001470
 -0.000714
 -0.002019
 -0.000837
 -0.001472
 -0.002253
 -0.004141
 -0.000648
  0.000601
  0.001088
  0.001292
 -0.002112
  0.000049
  0.000004
 -0.000330
 -0.000168
  0.002071
  0.000255
  0.000746
 -0.002075
 -0.001170
 -0.000337
 -0.000589
 -0.001771
 -0.000884
  0.000251
 -0.000676
 -0.000471
 -0.001453
  0.000193
 -0.000882
  0.000434
 -0.000105
  0.000276
  0.000773
 -0.000528
 -0.000061
 -0.001924
  0.000029
 -0.001647
  0.000446
 -0.000366
  0.001481
 -0.001812
 -0.000469
  0.001617
  0.001712
 -0.001575
  0.001367
  0.001273
  0.000218
  0.000869
  0.000241
  0.001299
  0.001355
 -0.000134
 -0.001494
 -0.001608
  0.000479
  0.000947
  0.000696
 -0.000330
 -0.000888
  0.000408
  0.001594
 -0.000139
 -0.000893
 -0.000148
  0.000625
  0.000816
  0.000955
  0.001260
 -0.001679
  0.000021
  0.001961
  0.000588
  0.001617
 -0.001733
 -0.000780
 -0.000971
  0.000213
  0.000281
  0.000737
 -0.000563
  0.001426
  0.000796
 -0.000159
  0.000604
 -0.000808
 -0.000411
  0.000185
  0.002360
 -0.001697
  0.001406
 -0.000876
 -0.001116
  0.000239
 -0.001508
  0.001241
  0.000780
  0.001132
  0.000723
  0.000975
 -0.000657
  0.000495
 -0.000715
 -0.000806
  0.000830
  0.001375
  0.001578
  0.000782
 -0.000028
 -0.000999
 -0.001337
  0.001911
  0.000550
  0.000275
  0.001436
  0.001854
  0.000187
 -0.000727
  0.000174
 -0.000178
  0.000534
 -0.000790
 -0.000923
  0.000315
 -0.000062
 -0.000703
 -0.000153
 -0.001188
 -0.000001
 -0.000135
 -0.000050
  0.000117
 -0.001063
  0.001938
  0.000210
  0.000158
  0.000084
  0.000402
 -0.000139
  0.000358
  0.000454
 -0.001338
 -0.001247
  0.001627
 -0.000028
  0.000428
 -0.000998
 -0.000062
 -0.001078
  0.001001
 -0.000311
 -0.001402
  0.000256
  0.001101
  0.000329
 -0.000606
 -0.000489
  0.000791
 -0.001225
 -0.001063
  0.000022
  0.000811
 -0.000650
  0.000402
 -0.001088
  0.000589
  0.000296
 -0.000378
  0.000218
 -0.001046
  0.000571
  0.001471
  0.000400
  0.000721
 -0.001235
 -0.000938
  0.001780
  0.000861
 -0.001429
  0.000395
 -0.000770
 -0.001315
 -0.001045
 -0.001700
 -0.001033
 -0.001332
 -0.001470
 -0.000731
  0.000529
 -0.001442
 -0.000765
  0.001899
  0.001365
 -0.000277
  0.001475
  0.000844
 -0.000232
 -0.000637
  0.000482
 -0.000491
 -0.000073
 -0.000580
 -0.000438
  0.001056
 -0.000985
  0.000046
 -0.000919
  0.000425
  0.000612
 -0.000293
 -0.000272
  0.001020
  0.000022
 -0.000492
  0.000445
 -0.000231
  0.000158
  0.000330
  0.001007
  0.000383
 -0.000593
  0.000475
  0.000169
  0.000555
  0.000271
 -0.000642
 -0.000518
  0.000585
 -0.000193
 -0.000336
 -0.000106
 -0.000605
  0.000389
 -0.000242
 -0.000582
 -0.000047
 -0.000120
 -0.000002
 -0.000984
  0.001100
 -0.000825
  0.000040
 -0.000754
  0.001442
  0.000462
  0.000359
  0.000459
 -0.001165
 -0.001072
 -0.000172
 -0.000577
 -0.000367
 -0.000996
  0.000502
 -0.000100
  0.000296
 -0.000737
  0.000294
 -0.000750
 -0.000183
 -0.000741
  0.000332
 -0.000401
  0.000156
 -0.000556
 -0.000001
  0.000464
  0.000432
 -0.000106
  0.000297
 -0.000027
  0.000657
  0.000615
 -0.001071
  0.000211
 -0.000364
  0.000109
  0.001855
  0.000152
 -0.001093
 -0.000245
  0.001079
  0.000496
  0.001357
 -0.000577
  0.000135
 -0.001015
  0.000801
  0.001602
 -0.000960
 -0.000140
 -0.000532
  0.000031
 -0.000340
 -0.000660
  0.000116
  0.001365
 -0.000257
  0.000896
 -0.000356
 -0.000024
 -0.000712
  0.001396
  0.000514
 -0.001344
 -0.001394
 -0.000106
 -0.000530
 -0.000936
 -0.002069
 -0.001409
  0.000417
 -0.001103
 -0.000679
  0.000226
 -0.000735
 -0.001495
 -0.000669
 -0.000374
  0.000314
 -0.001548
  0.000011
 -0.000765
 -0.000245
  0.001115
  0.000644
 -0.000882
  0.000919
 -0.000633
  0.000013
  0.000468
 -0.000587
 -0.000413
  0.000168
 -0.000769
  0.000684
 -0.000461
  0.000134
 -0.000047
  0.000459
  0.000696
 -0.000096
 -0.000610
  0.000457
  0.000199
 -0.000124
 -0.000226
 -0.000325
  0.000283
  0.000358
  0.000102
 -0.000021
 -0.000353
 -0.000187
  0.000235
  0.001351
  0.000298
  0.000151
  0.001101
  0.000090
 -0.000674
 -0.000946
  0.000937
  0.000787
  0.000452
 -0.000180
 -0.000275
  0.000433
  0.000550
 -0.000355
  0.000383
  0.000253
  0.000682
  0.000468
 -0.000227
 -0.000413
  0.000058
 -0.000630
  0.000031
 -0.000232
 -0.000500
  0.000053
 -0.000358
  0.000063
  0.000002
  0.000183
 -0.000266
 -0.000520
 -0.000049
 -0.000608
 -0.000189
  0.000423
 -0.000617
  0.000230
 -0.000338
  0.000450
  0.000765
 -0.000163
  0.000299
 -0.000129
  0.000029
 -0.000375
 -0.000120
  0.000552
  0.000247
  0.000140
  0.000386
  0.000170
 -0.000153
  0.000065
  0.000268
  0.000099
 -0.000304
 -0.000674
  0.000547
 -0.000147
 -0.000214
 -0.000031
  0.000160
  0.000194
  0.000628
 -0.000303
 -0.000501
  0.000293
  0.000107
 -0.000152
 -0.000386
 -0.000238
  0.000091
  0.000339
 -0.000025
 -0.000174
  0.000230
 -0.001141
 -0.000025
  0.000103
 -0.000108
  0.000124
 -0.000011
  0.000641
  0.000583
 -0.000180
  0.000277
 -0.000679
  0.000013
  0.000729
  0.000096
 -0.000190
  0.000020
  0.000108
 -0.000117
 -0.000041
 -0.000118
  0.000107
  0.000376
  0.000209
  0.000142
  0.000096
 -0.000132
  0.000007
  0.000130
 -0.000173
  0.000565
  0.000086
 -0.000472
 -0.000236
 -0.000398
  0.000856
 -0.000391
 -0.000324
 -0.000590
 -0.000708
 -0.000102
  0.000080
  0.000141
 -0.000021
 -0.000115
 -0.000198
 -0.000634
 -0.000266
 -0.001042
 -0.000176
 -0.000320
  0.000558
 -0.000351
  0.000481
  0.000331
  0.000011
 -0.000415
 -0.000065
 -0.000208
 -0.000030
 -0.000720
 -0.000710
  0.000068
 -0.000251
  0.000058
  0.000144
 -0.000944
 -0.000356
 -0.000346
  0.000715
 -0.000704
  0.000168
 -0.000207
 -0.000118
 -0.000528
  0.000288
  0.000079
  0.000158
  0.000108
  0.000371
 -0.000484
 -0.000090
 -0.000196
 -0.000353
 -0.000185
 -0.000001
  0.000188
  0.000080
  0.000119
 -0.000592
  0.000003
  0.000194
 -0.000299
  0.000136
  0.000048
  0.000837
 -0.000141
  0.000337
 -0.000009
 -0.000228
 -0.000014
 -0.000299
  0.000449
 -0.000209
 -0.000000
 -0.000230
 -0.000076
 -0.000259
 -0.000375
 -0.000021
 -0.000103
 -0.000154
 -0.000236
 -0.000230
  0.000549
  0.000500
  0.000172
  0.001344
  0.000559
  0.000084
  0.000665
 -0.000134
  0.000504
 -0.000296
 -0.000802
 -0.000702
 -0.000271
 -0.000096
  0.000152
  0.000281
  0.000120
 -0.000297
 -0.000106
  0.000036
  0.000440
  0.000566
 -0.000574
 -0.000049
 -0.000079
 -0.000047
 -0.000118
  0.001577
 -0.000383
 -0.000470
 -0.000305
  0.000127
  0.000433
 -0.000465
  0.000173
  0.000241
  0.000533
  0.000140
 -0.000263
  0.000070
 -0.000524
 -0.000134
  0.000802
  0.000067
  0.000192
 -0.000046
 -0.000009
 -0.000061
 -0.000026
  0.000278
  0.000101
  0.000090
  0.000070
  0.000165
 -0.000018
 -0.000281
  0.000129
  0.000001
  0.000173
  0.000073
