  0.001700
  0.008618
 -0.679142
 -0.071431
  0.666813
 -0.103425
 -0.235775
  0.025158
  0.017722
 -0.008768
  0.039020
  0.015228
 -0.018341
 -0.012829
  0.025393
  0.008598
  0.004303
 -0.018847
  0.012359
 -0.058224
 -0.013431
  0.011189
 -0.031517
 -0.058073
 -0.002163
  0.001471
  0.015622
 -0.007548
  0.005498
  0.020394
  0.000188
  0.018611
  0.001780
  0.018935
  0.003151
  0.000591
  0.002714
 -0.066598
 -0.002770
 -0.007093
  0.013202
  0.022159
 -0.002351
 -0.003709
  0.002449
 -0.012130
  0.009688
  0.000904
  0.006837
  0.002496
  0.002929
  0.003489
  0.001976
  0.003437
  0.004472
  0.010784
 -0.001743
 -0.005333
  0.001331
  0.003829
  0.009616
 -0.012224
 -0.007203
  0.009867
 -0.003625
  0.002194
 -0.007654
  0.003745
  0.001073
  0.010382
  0.002136
 -0.015034
 -0.000073
  0.001122
 -0.000880
 -0.001514
  0.000730
 -0.000440
  0.001565
 -0.000953
 -0.001508
  0.001464
  0.000112
  0.000251
 -0.002505
  0.001465
 -0.001175
 -0.001419
  0.001484
  0.001256
  0.004368
  0.000292
 -0.002366
  0.004510
  0.000361
  0.002150
  0.004108
  0.000007
  0.001491
  0.005178
  0.001625
  0.001743
 -0.002356
 -0.001831
 -0.000293
  0.004897
  0.002072
 -0.010706
  0.000206
 -0.005673
 -0.001986
  0.004883
 -0.001041
  0.002660
  0.001858
  0.002520
 -0.000626
  0.001745
 -0.007272
  0.005248
  0.000360
 -0.005733
  0.003440
 -0.001617
  0.007680
 -0.000060
  0.004526
 -0.001352
  0.002986
  0.002685
 -0.005107
  0.002564
  0.000259
  0.001552
 -0.001900
  0.001068
 -0.003421
 -0.001285
  0.011078
 -0.006320
 -0.003214
  0.000193
  0.003156
 -0.001465
  0.001074
  0.000552
  0.003172
  0.003054
 -0.003348
 -0.002578
  0.001038
  0.003106
  0.003965
 -0.000331
  0.000766
  0.001975
  0.001029
 -0.000824
 -0.000552
 -0.002356
  0.005653
  0.001081
  0.001249
  0.001160
  0.000247
  0.001130
  0.004940
  0.001209
 -0.000837
 -0.000527
  0.000736
  0.001732
 -0.005585
 -0.000672
  0.000276
 -0.002322
 -0.002541
 -0.000144
  0.002389
 -0.001819
 -0.000843
  0.000668
 -0.002578
  0.000483
  0.004564
 -0.000255
  0.005615
 -0.003658
  0.005358
  0.000055
 -0.001316
  0.001911
 -0.002835
 -0.001238
 -0.000599
  0.002751
 -0.000262
  0.002595
 -0.001910
  0.001849
 -0.004441
  0.001741
  0.002806
 -0.001330
 -0.000423
  0.000997
 -0.001605
  0.000891
 -0.000868
  0.001085
  0.001939
 -0.001115
 -0.003143
  0.000176
  0.000329
  0.001140
  0.000945
  0.000584
 -0.001066
  0.000677
 -0.000240
 -0.000162
 -0.000965
  0.000955
  0.000907
  0.002752
 -0.002397
 -0.000679
 -0.001188
 -0.001128
 -0.003179
 -0.001078
  0.001850
 -0.001194
  0.006168
  0.000637
  0.001166
 -0.001638
  0.001765
 -0.000434
  0.000435
  0.000950
 -0.002801
 -0.001467
 -0.002716
 -0.000070
  0.002728
  0.004252
  0.002584
 -0.000119
 -0.000616
 -0.000792
  0.001137
  0.001417
  0.001613
  0.000029
  0.000072
 -0.002521
  0.001359
  0.001085
 -0.000993
  0.000075
  0.000771
 -0.000644
 -0.001670
  0.003021
  0.000984
  0.001790
 -0.003831
  0.000831
 -0.001421
 -0.003294
 -0.001889
 -0.000725
  0.000433
  0.000162
  0.001438
 -0.002248
  0.000261
  0.001481
  0.002813
 -0.000816
  0.000877
 -0.002031
 -0.001742
 -0.001841
 -0.000683
 -0.000717
  0.001294
 -0.000398
 -0.000385
 -0.000408
  0.001469
 -0.000869
  0.000533
 -0.001907
 -0.002502
  0.000032
  0.000321
  0.001551
 -0.000382
 -0.001847
 -0.000482
  0.003103
 -0.000361
  0.000831
 -0.001402
  0.001422
  0.001096
 -0.002471
 -0.000453
  0.000912
  0.001160
 -0.001567
  0.002807
 -0.001369
  0.000080
  0.000930
 -0.000200
  0.000652
 -0.000357
 -0.001227
  0.002373
 -0.000809
  0.001964
 -0.001511
  0.000611
  0.000985
  0.000148
  0.002480
 -0.001145
 -0.001210
 -0.002378
  0.000239
 -0.000151
 -0.001547
  0.000232
  0.000010
 -0.001890
 -0.000581
 -0.000628
  0.004379
 -0.000366
 -0.000219
  0.000415
  0.000006
  0.000293
 -0.000091
 -0.000765
  0.000093
 -0.000217
  0.000042
 -0.000565
 -0.000023
  0.001015
 -0.001469
  0.000553
  0.000360
 -0.000825
  0.000456
 -0.000083
  0.000853
  0.000276
  0.000524
  0.001455
  0.000883
 -0.000430
 -0.001064
 -0.001206
  0.000564
 -0.001598
  0.001033
  0.001026
 -0.000389
  0.000314
 -0.001010
  0.000016
  0.000270
 -0.001898
  0.001347
  0.000155
  0.000542
 -0.000901
 -0.002473
 -0.000149
  0.002900
 -0.001159
 -0.002805
  0.000313
 -0.001866
  0.001230
  0.001200
 -0.000615
  0.000318
 -0.000630
 -0.001861
  0.000933
  0.000419
 -0.000896
 -0.000827
  0.000216
  0.000709
 -0.000604
 -0.001305
  0.001611
 -0.000734
 -0.000409
  0.000909
 -0.000615
  0.000636
  0.000504
  0.000645
 -0.002210
  0.000408
  0.000013
  0.000699
  0.000807
 -0.000925
  0.001173
  0.000385
  0.000493
  0.000719
 -0.000207
 -0.000247
  0.001011
  0.000474
 -0.001033
 -0.000569
  0.000090
  0.001840
 -0.001053
 -0.000588
 -0.000218
  0.000388
 -0.000278
  0.000784
  0.000254
 -0.000221
  0.001176
  0.001089
  0.000692
  0.000174
  0.000645
  0.000119
  0.001405
 -0.000076
  0.000245
 -0.000059
 -0.001124
  0.001116
 -0.001414
  0.000202
 -0.000510
 -0.000048
  0.000283
  0.000830
 -0.001535
 -0.000803
  0.000374
 -0.000401
 -0.000791
 -0.000957
  0.000492
  0.000897
 -0.000768
 -0.000548
 -0.000295
  0.000258
 -0.001410
 -0.000124
  0.000934
  0.000555
 -0.000408
 -0.001063
  0.000249
  0.000373
  0.001467
  0.000125
  0.000773
  0.003305
  0.000033
  0.001264
  0.000603
  0.000759
 -0.000030
 -0.000448
  0.000424
  0.001579
 -0.000347
  0.000089
 -0.002203
  0.000993
  0.001196
  0.004906
 -0.000186
  0.000517
  0.000506
  0.002855
 -0.003086
 -0.000841
  0.001704
  0.000521
  0.001038
 -0.001781
 -0.000362
 -0.000158
  0.001319
 -0.000551
  0.000414
 -0.001035
  0.000884
 -0.000692
 -0.000157
 -0.001731
  0.000803
 -0.001183
  0.000591
  0.000042
  0.000087
  0.000473
 -0.000983
  0.000212
 -0.001504
 -0.001161
 -0.000736
  0.002637
  0.001049
 -0.000533
  0.000735
 -0.000263
  0.000254
 -0.000985
  0.000060
 -0.000705
  0.000400
  0.001667
 -0.000475
  0.000197
 -0.000219
  0.000290
 -0.001196
 -0.002233
  0.000167
 -0.000041
 -0.000919
  0.000414
  0.001203
 -0.002994
  0.000359
  0.000651
 -0.000849
 -0.000898
  0.003314
  0.000850
  0.001650
  0.000432
 -0.002304
  0.000750
 -0.000343
  0.002873
 -0.001489
  0.000044
  0.001462
  0.002634
 -0.001050
 -0.000220
  0.000262
 -0.000800
  0.000585
 -0.000308
 -0.000804
 -0.001328
 -0.002586
 -0.000086
  0.000215
  0.000526
  0.000732
 -0.000850
 -0.000090
 -0.000565
 -0.000448
  0.000104
  0.000436
 -0.000023
  0.001848
  0.000383
 -0.000208
  0.001922
 -0.000025
 -0.002951
  0.000513
 -0.001615
 -0.001384
  0.000546
  0.001045
 -0.000825
 -0.001580
  0.000424
 -0.000090
 -0.000732
 -0.000878
 -0.000660
 -0.000339
 -0.000123
  0.000253
  0.000871
 -0.000312
 -0.000303
 -0.000487
 -0.000537
 -0.001078
  0.000780
 -0.000839
  0.000329
 -0.000322
  0.000176
 -0.000098
  0.000632
 -0.000639
  0.001016
 -0.001668
  0.000018
 -0.002243
 -0.001414
 -0.002067
 -0.000038
 -0.000684
  0.001560
 -0.001746
  0.003958
 -0.001411
 -0.000851
 -0.000586
 -0.000453
  0.000426
 -0.002339
 -0.000341
 -0.001426
  0.000367
  0.001675
  0.000678
 -0.000023
 -0.001026
  0.001246
 -0.000748
  0.002785
  0.001480
  0.002089
  0.002116
  0.000291
 -0.000845
 -0.000851
 -0.000073
  0.000454
 -0.001107
  0.000513
 -0.000894
 -0.000430
 -0.000050
  0.000360
 -0.001389
 -0.000290
 -0.000586
 -0.000646
 -0.000585
 -0.000295
  0.000395
 -0.000207
  0.000254
  0.000450
 -0.001148
  0.000705
 -0.000468
 -0.000699
 -0.000011
  0.000155
  0.000241
 -0.000263
  0.000244
 -0.000993
 -0.000241
  0.000859
 -0.000374
 -0.000450
  0.001517
  0.000012
  0.000265
 -0.000316
  0.000500
  0.000517
  0.000145
 -0.000537
 -0.001172
  0.000015
 -0.000307
  0.001359
  0.000499
  0.001090
 -0.000905
 -0.001461
 -0.001136
 -0.000392
 -0.000533
 -0.001458
  0.001122
 -0.000022
 -0.000913
 -0.000130
 -0.000745
  0.001351
 -0.001232
  0.000741
 -0.001765
 -0.000402
 -0.000713
  0.000056
  0.000547
 -0.000611
  0.000020
 -0.001150
 -0.000517
  0.001006
 -0.001829
  0.000607
  0.000308
  0.000877
 -0.000476
  0.000958
  0.000895
 -0.000425
 -0.000593
 -0.000282
 -0.000192
 -0.000584
  0.000784
  0.001297
 -0.000753
  0.000579
  0.000170
 -0.001584
 -0.002893
  0.000136
  0.000052
 -0.000090
  0.002253
  0.000799
 -0.000638
  0.000383
  0.000720
  0.002223
 -0.000445
  0.000066
 -0.000166
  0.000008
 -0.000276
 -0.000327
  0.000449
 -0.000314
  0.000148
  0.000303
  0.000491
 -0.000315
 -0.000263
 -0.000736
  0.000292
  0.000150
 -0.000009
  0.000128
  0.000574
  0.000111
 -0.000639
  0.002031
 -0.000790
  0.000160
  0.000004
 -0.000040
 -0.000592
 -0.000763
 -0.000370
  0.000561
  0.000484
 -0.000018
  0.000032
  0.000257
 -0.000733
 -0.000120
  0.001656
 -0.000357
  0.000297
  0.000447
  0.004263
  0.000184
 -0.000372
 -0.000541
  0.000826
 -0.000764
 -0.000094
  0.000002
  0.000259
 -0.000411
  0.000155
  0.000136
 -0.000549
 -0.000048
  0.000129
 -0.000054
 -0.000083
  0.000063
  0.000078
 -0.000111
 -0.000100
  0.000097
  0.000080
  0.000339
  0.000212
 -0.000195
  0.000113
  0.000298
 -0.000399
 -0.000030
  0.000100
 -0.001123
  0.000482
  0.000688
 -0.000059
