  0.022122
  0.527250
  0.836264
  0.036516
  0.083131
 -0.025376
 -0.005675
 -0.084965
  0.032312
 -0.007602
  0.012985
  0.039131
  0.001260
 -0.008569
 -0.013567
 -0.034584
 -0.003613
  0.005018
  0.007974
  0.001231
 -0.011019
 -0.001078
  0.007654
  0.008667
  0.001753
  0.013141
 -0.002471
 -0.007830
  0.007087
 -0.005137
  0.004974
  0.001680
 -0.011813
  0.005565
 -0.004915
  0.001483
  0.000182
  0.001517
  0.003215
 -0.004701
 -0.004052
  0.000387
 -0.004678
 -0.005956
  0.002284
  0.000700
 -0.001994
  0.000449
 -0.002539
  0.004683
 -0.000201
  0.002206
 -0.002571
  0.000301
 -0.000197
 -0.001912
 -0.000001
  0.000186
  0.000807
 -0.001067
  0.004297
  0.001745
 -0.001121
  0.002480
 -0.001568
 -0.000516
 -0.004199
 -0.000436
 -0.000739
  0.001054
 -0.000471
 -0.001190
 -0.000180
 -0.001822
 -0.001465
  0.001177
 -0.000603
  0.000383
  0.001316
  0.002958
  0.001136
 -0.003178
  0.004720
 -0.001149
  0.001070
 -0.001338
  0.001862
  0.001249
  0.001689
 -0.001528
 -0.001262
 -0.002025
 -0.003835
 -0.000348
 -0.002743
 -0.000369
  0.005312
  0.003289
  0.002202
  0.000550
  0.002337
 -0.000707
  0.000272
 -0.000036
 -0.001365
  0.001217
  0.001131
 -0.000099
 -0.001125
  0.001485
 -0.000881
  0.000529
 -0.000167
  0.000810
 -0.001925
 -0.001951
 -0.002480
  0.001156
 -0.000621
 -0.002990
  0.001577
 -0.001274
  0.003365
  0.006550
  0.003917
  0.002852
 -0.003392
 -0.000418
 -0.000192
  0.001282
 -0.003669
  0.000201
  0.001256
  0.002550
  0.001417
 -0.000698
 -0.002524
  0.001022
 -0.001059
 -0.001094
  0.000809
 -0.000580
 -0.000046
 -0.000189
 -0.000338
  0.000414
 -0.001231
  0.000780
  0.000078
 -0.000245
 -0.000772
 -0.000201
 -0.000071
  0.000799
  0.002099
 -0.000211
  0.001297
 -0.000108
  0.000732
 -0.002755
  0.002131
 -0.004328
  0.000406
  0.000144
  0.000868
 -0.001374
  0.000713
  0.000242
 -0.000514
 -0.001267
 -0.000731
  0.000171
 -0.000700
 -0.000067
 -0.000611
 -0.002023
  0.000030
  0.001017
  0.001111
 -0.001185
 -0.000557
  0.000584
  0.000265
 -0.000838
  0.002914
 -0.002806
  0.000018
  0.001017
  0.002069
  0.000596
 -0.000637
  0.000597
 -0.000642
 -0.000711
  0.001278
  0.001213
 -0.000252
  0.000892
 -0.000421
 -0.000199
  0.000255
 -0.000694
 -0.000555
  0.000620
  0.001276
 -0.000751
  0.000203
 -0.002662
 -0.001090
 -0.001512
 -0.000087
  0.001145
  0.000239
  0.001284
 -0.000252
  0.001244
  0.001575
  0.005385
  0.001197
  0.000955
  0.004136
  0.000214
  0.001368
 -0.000093
  0.000634
  0.000340
 -0.001956
  0.001048
 -0.000181
  0.000558
 -0.000322
  0.000731
 -0.000009
  0.000130
 -0.000231
  0.001739
 -0.000297
 -0.000183
 -0.000180
 -0.000042
 -0.000512
  0.000650
 -0.000690
 -0.000076
 -0.000023
  0.000321
  0.000834
 -0.000390
 -0.000060
  0.000929
  0.000759
 -0.000113
  0.000222
 -0.000858
 -0.000343
  0.001519
  0.000740
 -0.000392
 -0.000704
 -0.000770
 -0.000688
  0.000537
 -0.000501
 -0.000455
  0.000703
  0.000258
 -0.000176
  0.000086
 -0.000388
  0.000172
 -0.000309
  0.000606
 -0.001062
  0.000033
 -0.000457
 -0.000610
  0.000167
 -0.000732
 -0.001920
 -0.000589
 -0.000891
  0.000603
 -0.000477
 -0.000367
  0.001689
 -0.000744
  0.002271
 -0.000075
  0.000668
  0.000464
 -0.000504
 -0.000392
  0.000207
 -0.000429
  0.001040
  0.000228
  0.000905
 -0.000168
 -0.002215
  0.000121
  0.000693
 -0.000778
  0.000150
 -0.000813
 -0.000331
 -0.000541
 -0.001754
 -0.000573
 -0.000466
 -0.000028
 -0.000113
 -0.000457
 -0.000337
 -0.000821
  0.000144
  0.000116
  0.000212
  0.000202
  0.000435
  0.000639
 -0.000240
 -0.000874
 -0.000050
 -0.000216
  0.000151
  0.000340
 -0.000981
 -0.000356
 -0.000533
 -0.000137
  0.000734
  0.000047
  0.000183
 -0.002552
  0.000546
  0.000597
 -0.000028
 -0.000559
  0.000782
 -0.001125
  0.001591
  0.000628
  0.000587
  0.001073
 -0.000998
 -0.000929
 -0.000806
 -0.000441
  0.000510
 -0.000748
  0.002842
 -0.000740
  0.000484
 -0.001333
 -0.000671
  0.001237
 -0.000481
 -0.000953
  0.000330
 -0.000013
 -0.000486
 -0.000170
  0.000006
 -0.000668
  0.000712
  0.000189
  0.000568
  0.000227
  0.000060
 -0.000318
 -0.000059
 -0.000037
 -0.000442
  0.000042
  0.000257
  0.000469
  0.000655
 -0.000183
  0.000113
 -0.000116
 -0.002082
  0.000102
 -0.000547
  0.000583
 -0.000704
 -0.000540
  0.000193
 -0.000282
 -0.000467
  0.000586
 -0.001152
 -0.001490
  0.000759
  0.000035
  0.002798
 -0.000552
 -0.000166
  0.003929
 -0.001433
 -0.000295
  0.000684
 -0.000047
 -0.000201
 -0.000029
 -0.000097
 -0.000568
  0.000032
 -0.000179
  0.000234
 -0.000291
 -0.000462
 -0.000033
 -0.000100
  0.000152
  0.000509
  0.000179
 -0.000070
 -0.000510
 -0.000260
 -0.000189
  0.000043
 -0.000248
 -0.000063
  0.000294
 -0.000150
  0.000158
  0.000093
  0.000152
  0.000060
 -0.000083
  0.000468
  0.000168
  0.000089
 -0.000013
  0.000184
  0.000189
 -0.000151
  0.000017
  0.000052
  0.000018
 -0.000033
 -0.000249
 -0.000151
 -0.000081
 -0.000150
  0.000212
 -0.000663
  0.000375
 -0.000125
 -0.000018
 -0.000215
 -0.000250
  0.000364
  0.000043
 -0.000135
  0.000036
  0.000332
 -0.000408
  0.000007
 -0.000140
  0.000114
  0.000257
 -0.000131
  0.000041
 -0.000103
 -0.000058
  0.000151
 -0.000170
  0.000047
  0.000044
  0.000015
  0.000332
  0.000178
  0.000122
 -0.000225
  0.000178
 -0.000078
 -0.000089
  0.000277
 -0.000084
  0.000218
  0.000554
  0.000392
 -0.000012
 -0.000904
 -0.000536
 -0.000447
  0.000131
  0.000184
  0.000048
 -0.001536
  0.000563
  0.001486
 -0.000341
 -0.000320
 -0.000032
  0.000572
 -0.000168
  0.000668
 -0.001535
  0.000244
  0.000127
 -0.000576
  0.001911
  0.000009
  0.000697
  0.000779
  0.000120
  0.000899
  0.001484
 -0.000459
 -0.000099
  0.000016
 -0.000069
  0.000293
  0.000066
 -0.000369
 -0.000167
 -0.000816
  0.000510
  0.000395
 -0.000634
  0.001604
 -0.000092
 -0.000180
  0.000511
  0.000997
  0.000651
 -0.000315
 -0.000269
 -0.000673
  0.000523
  0.000967
 -0.000946
  0.001054
  0.000547
  0.001513
  0.000421
 -0.000616
 -0.001371
  0.000861
  0.000725
  0.000076
  0.000085
  0.002221
  0.000391
  0.000038
 -0.000100
 -0.000584
 -0.000055
 -0.000052
 -0.000333
 -0.000019
  0.000013
  0.000501
  0.000367
 -0.000770
 -0.000060
 -0.000393
 -0.000048
  0.000234
  0.000063
  0.000119
  0.000028
  0.000219
  0.000104
 -0.000239
 -0.000007
 -0.000200
  0.000436
  0.000019
  0.000150
 -0.000251
 -0.000271
  0.000202
  0.000123
 -0.000001
  0.000014
  0.000206
 -0.000268
  0.000390
  0.000194
  0.000269
  0.000081
  0.000237
 -0.000107
 -0.000014
 -0.000088
 -0.000195
  0.000237
 -0.000019
  0.000905
 -0.000194
 -0.000333
  0.000309
 -0.000315
  0.000228
 -0.000154
  0.000089
 -0.000023
  0.000193
 -0.000075
 -0.000261
 -0.000263
 -0.000089
 -0.000099
 -0.000005
  0.000057
  0.000151
  0.000150
 -0.000540
  0.000121
  0.000017
 -0.000520
  0.000720
 -0.000643
  0.000353
  0.000502
  0.000211
  0.000096
 -0.000070
 -0.000558
 -0.000450
  0.000261
  0.000949
  0.000179
  0.000472
  0.000427
 -0.000067
 -0.000313
  0.000408
 -0.000281
  0.000591
  0.000311
 -0.000095
 -0.000192
  0.000155
  0.000107
  0.000268
  0.000094
  0.000005
  0.000004
 -0.000056
  0.000169
  0.000068
  0.000009
 -0.000105
  0.000256
 -0.000417
  0.000031
  0.000564
  0.000170
  0.000160
 -0.000149
  0.000157
  0.000323
  0.000219
  0.000457
 -0.000431
  0.000325
  0.000042
 -0.000255
 -0.000489
 -0.000301
  0.000076
  0.000000
  0.000211
 -0.000661
  0.000172
  0.000793
 -0.000066
 -0.000274
  0.001273
  0.000113
 -0.000151
 -0.000164
 -0.000175
  0.000108
 -0.000045
 -0.000192
 -0.000039
 -0.000098
 -0.000049
  0.000011
  0.000173
  0.000028
 -0.000063
  0.000069
  0.000074
 -0.000431
 -0.000757
  0.000186
  0.000434
 -0.000027
 -0.000294
 -0.000025
 -0.000046
  0.000397
 -0.000194
  0.000072
  0.001170
 -0.000122
 -0.000109
 -0.000155
  0.000058
  0.000713
 -0.000275
  0.000085
 -0.000092
 -0.000220
 -0.000307
  0.000508
  0.000064
 -0.000433
 -0.000237
  0.000051
 -0.000341
  0.000206
 -0.000476
 -0.000155
 -0.000330
  0.000068
  0.000341
 -0.000505
 -0.000205
 -0.000351
  0.000316
  0.000173
  0.000533
 -0.000054
 -0.000253
  0.000285
  0.000038
 -0.000273
  0.000455
  0.000005
  0.000176
  0.000506
 -0.000204
  0.000231
  0.000734
  0.000075
  0.000213
 -0.000439
  0.000178
  0.000152
  0.000154
 -0.000230
 -0.000331
 -0.000126
  0.000348
  0.000263
  0.000104
  0.000002
  0.000064
  0.000360
 -0.000478
 -0.000081
 -0.000294
  0.000063
  0.000211
 -0.000059
  0.000068
  0.000097
 -0.000083
 -0.000130
  0.000093
  0.000200
  0.000420
 -0.000114
  0.000305
 -0.000035
 -0.000148
  0.000051
 -0.000128
 -0.000234
  0.000133
 -0.000147
 -0.000103
 -0.000124
  0.000208
  0.000135
  0.000208
  0.000076
  0.000253
 -0.000136
 -0.000539
  0.000584
 -0.000226
 -0.000408
 -0.000110
 -0.000448
  0.000212
 -0.000017
 -0.000607
  0.000861
 -0.000331
 -0.000244
 -0.000163
  0.000250
 -0.000387
  0.000783
 -0.000519
 -0.000170
 -0.000443
 -0.000090
  0.000103
  0.000179
  0.000630
  0.000004
 -0.000253
 -0.000173
  0.000118
  0.000345
 -0.000306
  0.000081
  0.000016
 -0.000045
  0.000001
 -0.000133
 -0.000019
  0.000034
  0.000016
  0.000006
  0.000016
