 -0.018508
  0.998399
  0.006381
  0.028274
 -0.022887
 -0.009186
  0.001949
 -0.002417
  0.008245
  0.001052
  0.005125
  0.003117
  0.010533
 -0.018252
  0.004314
 -0.002202
 -0.012192
  0.004905
  0.012354
  0.005377
 -0.001420
  0.000168
  0.002395
 -0.001211
 -0.007517
  0.000628
 -0.002097
  0.000374
 -0.002094
  0.001078
  0.002643
  0.000639
  0.006404
 -0.001976
  0.000052
 -0.001828
 -0.001811
 -0.002070
 -0.000137
  0.001161
  0.001120
  0.001512
 -0.001190
 -0.001869
 -0.001563
  0.003067
 -0.000444
  0.002116
 -0.002423
  0.002553
  0.000679
  0.000155
 -0.000566
  0.002274
  0.002438
  0.000750
  0.000176
  0.002570
  0.000504
 -0.003149
 -0.001387
 -0.001280
 -0.001460
 -0.002504
 -0.002708
  0.001429
  0.001657
  0.002171
  0.000228
  0.001079
 -0.000488
  0.002338
  0.000470
  0.000317
  0.000324
  0.000272
  0.001231
  0.000564
  0.000387
  0.001041
  0.003419
  0.002051
  0.000461
 -0.001002
 -0.000325
 -0.000566
 -0.001381
 -0.000566
 -0.001033
 -0.000291
 -0.002426
 -0.000736
  0.000413
 -0.000816
  0.000717
 -0.001292
 -0.002730
 -0.000220
 -0.000172
  0.001513
 -0.001072
 -0.000950
 -0.001216
 -0.003775
 -0.000848
 -0.001340
  0.001045
  0.001835
 -0.000263
  0.001712
 -0.001757
  0.000711
 -0.000915
 -0.000126
  0.000911
  0.005182
  0.001720
  0.000782
 -0.000982
  0.000173
 -0.000664
  0.001770
 -0.001607
 -0.001277
 -0.000510
 -0.000247
 -0.000598
  0.000561
 -0.000203
  0.000174
 -0.000578
  0.000585
  0.000425
  0.001459
 -0.001270
 -0.000754
  0.001311
  0.000297
 -0.001749
 -0.000166
  0.000311
 -0.000032
  0.001150
  0.000180
  0.001045
 -0.000049
 -0.000287
  0.000538
  0.000777
  0.000267
  0.000681
  0.000631
 -0.000047
 -0.000414
 -0.000368
 -0.000834
 -0.000400
 -0.000305
  0.000057
  0.000705
 -0.000497
 -0.001299
 -0.000490
 -0.001629
 -0.000104
  0.000304
  0.000554
  0.000385
  0.000546
  0.000551
  0.000829
  0.000588
 -0.000346
  0.000775
  0.000953
 -0.000077
  0.000812
 -0.000579
  0.000138
  0.000242
  0.000548
 -0.000166
 -0.000778
 -0.000591
 -0.000128
  0.000839
 -0.000945
  0.000045
  0.000151
 -0.000125
 -0.000108
  0.000185
 -0.000233
  0.001131
 -0.001307
  0.000050
 -0.000324
  0.000124
  0.002307
  0.000294
 -0.002323
 -0.000350
 -0.000905
 -0.000914
 -0.000286
 -0.000139
  0.000476
  0.000555
  0.000205
  0.000783
  0.000160
  0.000301
  0.001015
 -0.000991
 -0.001063
  0.000522
 -0.000642
 -0.000377
  0.000855
  0.000755
  0.000144
  0.001246
  0.000644
 -0.000314
 -0.000717
  0.000655
  0.000181
 -0.000220
  0.000168
  0.000265
 -0.000032
  0.000778
 -0.000171
 -0.000627
  0.000636
  0.000049
  0.000467
 -0.000442
  0.000029
  0.000356
 -0.000695
  0.000355
  0.000333
 -0.000294
 -0.000235
 -0.000596
 -0.000470
  0.000564
 -0.000589
 -0.000120
  0.000603
 -0.000437
  0.000734
  0.000871
  0.000499
  0.000417
  0.000556
 -0.000188
 -0.000740
 -0.000017
  0.000351
  0.000068
 -0.000154
 -0.000252
  0.000086
 -0.000518
 -0.000188
  0.000167
 -0.000298
 -0.000090
 -0.000204
 -0.000605
 -0.000070
  0.000209
  0.000187
  0.000078
  0.000390
  0.000245
 -0.000201
  0.000069
  0.000816
 -0.000488
 -0.000036
 -0.000750
  0.000465
 -0.000552
 -0.000113
  0.000103
  0.000099
 -0.000412
  0.000059
 -0.000080
  0.000135
 -0.000586
 -0.000540
 -0.000365
 -0.000197
  0.000049
 -0.000071
  0.000121
  0.000182
  0.000118
 -0.000410
  0.000012
 -0.000278
  0.000340
  0.000167
 -0.000512
  0.000426
 -0.000084
  0.000004
 -0.000405
  0.000076
  0.000247
  0.000036
  0.000181
  0.000048
  0.000044
  0.000375
 -0.000411
  0.000330
 -0.000011
  0.000255
  0.000088
  0.000305
  0.000155
  0.000291
 -0.000080
 -0.000045
  0.000017
 -0.000100
 -0.000117
  0.000335
 -0.000019
  0.000456
  0.000532
  0.000154
  0.000323
  0.000085
 -0.000096
 -0.000160
  0.000492
 -0.000632
  0.000390
 -0.000388
 -0.000077
  0.000068
  0.000415
 -0.000373
  0.000181
 -0.000301
  0.000257
 -0.000652
 -0.000025
 -0.000421
  0.000160
 -0.000910
  0.000034
  0.000369
  0.000513
 -0.000118
 -0.000068
 -0.000484
 -0.000500
 -0.000291
  0.000651
  0.000016
  0.000553
  0.000050
  0.000428
  0.000050
  0.000348
  0.000708
  0.000116
  0.000183
  0.000016
 -0.000319
  0.000329
 -0.000096
  0.000196
 -0.000063
  0.000056
  0.000254
  0.000226
  0.000677
 -0.000848
 -0.000476
  0.000202
 -0.000017
  0.000147
 -0.000971
 -0.000422
  0.000008
  0.000093
 -0.000147
 -0.000447
  0.000177
  0.000200
 -0.000609
  0.000401
  0.000189
 -0.000199
  0.000460
  0.000454
  0.000473
  0.000051
  0.000138
  0.000663
 -0.000095
  0.000270
  0.000031
  0.000075
  0.000298
  0.000086
  0.000144
 -0.000086
  0.000058
  0.000398
 -0.000263
 -0.000513
 -0.000289
  0.000080
 -0.000425
  0.000311
  0.000039
  0.000686
 -0.000354
 -0.000641
  0.000439
 -0.001162
 -0.000529
  0.000071
 -0.000530
  0.000203
  0.000786
 -0.000048
 -0.000326
  0.000143
 -0.000471
  0.000265
 -0.000197
 -0.000198
  0.000103
  0.000155
  0.000727
 -0.000248
 -0.000201
  0.000344
 -0.000137
 -0.000076
 -0.000093
  0.001134
 -0.000303
 -0.000345
  0.000402
  0.000102
 -0.000378
  0.000006
 -0.000301
  0.000188
  0.000879
 -0.000065
 -0.000348
 -0.000477
 -0.000563
  0.000146
  0.000225
 -0.000230
 -0.000166
 -0.000543
  0.000050
 -0.000472
  0.000523
 -0.000154
  0.000078
 -0.000110
  0.000261
  0.000211
  0.000040
  0.000204
  0.000089
 -0.000239
  0.000311
 -0.000314
  0.000026
 -0.000038
  0.000470
  0.000022
  0.000204
 -0.000298
 -0.000648
  0.000038
  0.000560
 -0.000170
  0.000187
  0.000237
  0.000125
  0.000072
  0.000281
  0.000072
  0.000112
  0.000033
  0.000182
 -0.000281
 -0.000260
  0.000203
 -0.000174
 -0.000206
  0.000210
  0.000303
 -0.000048
  0.000117
  0.000226
  0.000270
 -0.000281
 -0.000173
 -0.000440
  0.000087
 -0.000016
  0.000100
 -0.000000
  0.000273
 -0.000517
  0.000727
 -0.000152
 -0.000025
  0.000050
 -0.000446
  0.000227
 -0.000006
 -0.000042
  0.000909
  0.000078
  0.000061
  0.000132
  0.000093
 -0.000209
  0.000426
 -0.000004
 -0.000194
  0.000331
 -0.000192
 -0.000241
  0.000476
 -0.000354
 -0.000136
 -0.000145
  0.000055
  0.000236
 -0.000181
  0.000035
  0.000075
  0.000282
  0.000106
  0.000191
  0.000090
  0.000019
 -0.000192
  0.000113
  0.000125
  0.000792
  0.000022
  0.000040
  0.000394
 -0.000189
  0.000282
 -0.000184
 -0.000182
  0.000321
  0.000000
 -0.000237
 -0.000344
 -0.000611
  0.000163
  0.000337
  0.000258
  0.000083
 -0.000472
 -0.000139
 -0.000428
 -0.000140
 -0.000024
  0.000093
  0.000247
  0.000212
 -0.000267
  0.000217
  0.000344
  0.000318
  0.000367
 -0.000085
  0.000024
 -0.000113
 -0.000289
 -0.000270
 -0.000619
 -0.000600
  0.000124
 -0.000408
 -0.000061
  0.000242
  0.000679
 -0.000084
  0.000594
  0.000030
 -0.000275
  0.000087
 -0.000145
  0.000174
  0.000002
  0.000183
 -0.000020
  0.000242
  0.000155
 -0.000189
  0.000206
 -0.000004
  0.000103
  0.000576
 -0.000110
 -0.000190
 -0.000143
  0.000305
  0.000334
  0.000458
  0.000077
  0.000502
  0.000434
 -0.000366
 -0.000259
  0.000285
  0.000387
 -0.000008
 -0.000305
  0.000055
  0.000008
 -0.000772
  0.000325
 -0.000305
 -0.000381
 -0.000285
 -0.000006
  0.000220
 -0.000171
 -0.000512
  0.000406
  0.000382
  0.000259
  0.000352
  0.000154
  0.000051
 -0.000104
  0.000132
  0.000026
 -0.000121
 -0.000281
 -0.000004
 -0.000320
 -0.000261
 -0.000087
 -0.000021
 -0.000006
  0.000193
 -0.000062
 -0.000038
  0.000475
  0.000344
  0.000492
 -0.000523
  0.000151
  0.000020
 -0.000013
 -0.000174
 -0.000436
  0.000029
 -0.000198
 -0.000290
  0.000053
  0.000208
 -0.000868
  0.000168
 -0.000301
  0.000009
 -0.000135
  0.000266
 -0.000029
  0.000043
 -0.000160
  0.000007
  0.000310
 -0.000168
  0.000070
 -0.000054
 -0.000062
 -0.000126
 -0.000093
 -0.000121
  0.000541
 -0.000141
  0.000101
  0.000006
  0.000048
  0.000110
 -0.000268
 -0.000208
 -0.000130
 -0.000247
  0.000120
 -0.000058
  0.000047
  0.000063
 -0.000015
 -0.000152
  0.000340
  0.000084
 -0.000038
 -0.000217
 -0.000115
 -0.000076
  0.000016
 -0.000151
  0.000208
 -0.000262
 -0.000094
  0.000338
  0.000517
 -0.000237
  0.000161
 -0.000281
  0.000186
 -0.000704
  0.000142
 -0.000267
 -0.000046
  0.000492
 -0.000357
  0.000012
 -0.000183
 -0.000441
 -0.000404
 -0.000015
 -0.000058
 -0.000018
 -0.000150
  0.000211
 -0.000089
  0.000222
  0.000063
  0.000095
  0.000069
 -0.000090
 -0.000083
 -0.000144
  0.000065
  0.000222
  0.000164
 -0.000001
 -0.000196
  0.000205
  0.000142
  0.000271
  0.000140
  0.000211
 -0.000088
  0.000166
  0.000273
 -0.000418
  0.000253
  0.000057
  0.000106
  0.000123
 -0.000064
  0.000118
 -0.000060
 -0.000028
  0.000010
 -0.000166
  0.000234
 -0.000318
 -0.000109
 -0.000081
 -0.000041
 -0.000140
 -0.000202
 -0.000099
 -0.000091
  0.000041
 -0.000039
  0.000289
  0.000080
 -0.000397
  0.000530
  0.000203
  0.000026
  0.000274
 -0.000293
  0.000031
 -0.000046
 -0.000043
  0.000118
 -0.000013
  0.000049
  0.000093
  0.000011
 -0.000058
  0.000149
  0.000071
 -0.000044
 -0.000079
 -0.000070
  0.000104
  0.000020
 -0.000157
  0.000060
 -0.000024
  0.000020
  0.000107
  0.000039
 -0.000118
 -0.000081
 -0.000022
 -0.000126
  0.000122
 -0.000010
 -0.000062
