 -0.051691
 -0.032056
 -0.124291
  0.909876
  0.329004
  0.123986
 -0.106252
  0.022995
  0.037935
 -0.021523
  0.003409
  0.029237
  0.001087
  0.062993
  0.034708
 -0.030632
  0.042891
  0.005721
  0.031301
  0.021947
 -0.001102
  0.017459
  0.000303
  0.008497
  0.001647
  0.001406
  0.010696
 -0.001183
  0.004540
 -0.011201
 -0.002628
  0.020362
  0.007929
  0.004194
  0.005436
  0.001031
 -0.013638
 -0.007038
 -0.001263
 -0.004545
  0.010561
 -0.000366
 -0.001826
  0.004428
 -0.000013
 -0.001128
 -0.000027
  0.004392
 -0.004093
  0.004638
 -0.006096
 -0.000518
  0.000948
 -0.003801
  0.005514
 -0.009091
  0.002013
  0.011443
 -0.011153
  0.009737
  0.003209
  0.001995
 -0.000307
 -0.000982
  0.001027
  0.005300
 -0.000251
 -0.001685
 -0.004651
 -0.000689
 -0.001904
 -0.000608
  0.003967
  0.024096
  0.005245
 -0.011047
  0.015752
 -0.007040
  0.001963
 -0.008091
 -0.007368
 -0.000319
 -0.002408
  0.004552
 -0.006071
  0.002533
  0.000529
 -0.009302
 -0.001693
 -0.001040
 -0.004376
  0.004107
  0.007947
 -0.000014
  0.003748
  0.000151
  0.000766
 -0.003554
 -0.009342
  0.006226
  0.001994
 -0.001650
  0.000184
  0.006488
  0.007502
 -0.005061
  0.002467
  0.000221
  0.004457
 -0.003299
  0.000420
 -0.002519
  0.001169
  0.003037
 -0.002056
  0.009039
 -0.000517
  0.008360
 -0.008232
  0.000224
 -0.003674
 -0.001019
  0.001103
 -0.005006
 -0.006430
 -0.003744
  0.007575
  0.000232
 -0.002695
  0.003612
  0.001442
  0.000013
  0.001285
 -0.003988
 -0.004314
  0.000980
  0.000468
  0.000619
 -0.001689
  0.000955
  0.005797
  0.002005
 -0.000165
  0.003334
 -0.001029
 -0.000887
 -0.000479
 -0.000637
 -0.000298
 -0.000194
 -0.001562
 -0.000752
  0.004506
  0.001185
 -0.002323
 -0.000441
 -0.001690
  0.000069
 -0.001707
  0.002590
  0.000520
  0.000842
 -0.000617
 -0.000971
  0.000201
  0.000530
  0.001458
 -0.001322
 -0.001319
 -0.003095
  0.001418
 -0.001550
  0.000381
  0.001734
  0.001831
 -0.000218
 -0.000554
 -0.001068
  0.003088
 -0.001174
  0.002396
  0.008349
  0.000756
 -0.002502
  0.004731
 -0.001364
 -0.000884
  0.000163
 -0.003165
  0.000492
  0.000003
 -0.004512
 -0.000475
  0.003283
  0.000704
  0.000359
  0.005739
 -0.001006
 -0.000370
 -0.004724
 -0.002260
  0.001676
 -0.001357
 -0.000849
  0.000430
 -0.001369
  0.004457
 -0.002457
 -0.001817
  0.001131
 -0.000615
  0.000233
  0.001850
 -0.003047
  0.000870
 -0.000288
  0.000505
 -0.000166
 -0.001458
  0.003422
  0.000664
  0.000110
 -0.001419
  0.003511
 -0.002131
 -0.001949
 -0.002153
  0.002127
  0.002390
  0.001968
  0.002313
  0.001925
  0.000145
  0.001136
  0.000275
 -0.000031
  0.000728
  0.000474
  0.000284
  0.000616
 -0.002257
  0.000305
  0.000323
  0.000567
  0.000613
  0.000626
  0.000225
  0.000171
 -0.001430
  0.000403
  0.000205
  0.001241
  0.001116
  0.000192
 -0.000696
  0.000666
  0.001494
  0.000941
 -0.001218
 -0.001037
 -0.000003
 -0.001042
  0.000781
 -0.000759
  0.000228
  0.000583
  0.000072
 -0.002614
 -0.000301
 -0.000159
  0.000684
 -0.000147
  0.000049
  0.000840
  0.000823
 -0.000230
  0.000149
 -0.000232
 -0.000794
 -0.001613
  0.001069
  0.000623
 -0.001186
 -0.000669
  0.000463
 -0.000507
 -0.000750
  0.001071
  0.001082
  0.000333
  0.001076
 -0.001653
 -0.001464
 -0.001063
 -0.003339
 -0.001884
 -0.000566
 -0.000971
 -0.001335
  0.000517
 -0.000099
  0.001221
 -0.000004
 -0.000249
 -0.000630
 -0.000398
  0.000314
  0.000388
  0.000208
 -0.000422
 -0.001481
 -0.000543
 -0.000749
 -0.000476
 -0.001276
 -0.000667
 -0.000632
  0.002300
  0.000549
 -0.000833
  0.000220
  0.000114
 -0.000991
 -0.000050
 -0.000962
 -0.000583
 -0.000167
  0.000157
  0.000351
 -0.000152
  0.000642
 -0.000597
 -0.000514
  0.001079
 -0.000064
 -0.000233
  0.000601
  0.000294
  0.000081
 -0.000326
 -0.000456
  0.000604
  0.001874
 -0.000588
  0.000660
 -0.001285
  0.001029
 -0.000455
  0.000200
 -0.000202
  0.001502
 -0.000640
 -0.002746
 -0.000163
  0.000949
 -0.001094
  0.001422
  0.000394
 -0.000299
 -0.000093
  0.000173
 -0.000614
 -0.000100
  0.000461
 -0.000529
  0.001351
 -0.002152
 -0.000116
 -0.002220
  0.000908
  0.000134
  0.000400
 -0.000841
  0.000419
 -0.001622
  0.000429
 -0.000040
 -0.000472
 -0.000078
 -0.000088
  0.000036
  0.000248
  0.000429
  0.001730
  0.000488
  0.000229
 -0.001634
  0.000435
  0.000466
  0.000644
  0.000555
 -0.000747
  0.000836
  0.000383
  0.001135
  0.000512
 -0.000021
  0.000291
  0.001116
 -0.000933
 -0.000918
  0.000970
 -0.000056
 -0.000164
 -0.000736
  0.000369
 -0.000368
 -0.001330
  0.001109
  0.000781
  0.000163
  0.000072
  0.000247
 -0.000533
  0.000644
 -0.000474
 -0.000105
  0.000075
 -0.000002
  0.000622
  0.000366
  0.001557
  0.000661
  0.000169
 -0.000298
 -0.000403
 -0.001705
  0.000058
  0.001434
  0.000734
 -0.000001
 -0.001320
  0.001140
 -0.001391
 -0.001190
 -0.000619
  0.000640
 -0.000222
  0.000678
 -0.000785
  0.000009
  0.000459
 -0.000192
 -0.000877
 -0.000241
 -0.000903
 -0.000777
  0.000090
 -0.000147
  0.002579
  0.001991
 -0.000974
 -0.000186
  0.000897
 -0.000719
 -0.000192
 -0.000768
  0.000447
 -0.000723
  0.000343
  0.000309
  0.000850
  0.001331
 -0.000254
 -0.000786
 -0.000276
 -0.000488
  0.000923
 -0.000671
  0.001109
 -0.000861
 -0.002990
  0.000695
 -0.000171
 -0.000144
  0.000168
 -0.001034
 -0.000587
  0.000128
 -0.000866
  0.000212
 -0.000504
 -0.000442
 -0.000408
 -0.001570
  0.000589
  0.000535
  0.000885
  0.000657
  0.001038
  0.000743
  0.002708
  0.000496
  0.000548
 -0.000637
 -0.000769
  0.001262
 -0.000053
 -0.000482
 -0.000513
  0.001041
 -0.000338
 -0.000149
 -0.004624
 -0.001975
 -0.000115
  0.003210
  0.000756
 -0.002659
 -0.002066
 -0.000168
 -0.000008
 -0.000199
  0.000197
  0.000156
 -0.000415
  0.000518
  0.001103
  0.001475
 -0.001051
  0.000675
  0.000280
 -0.001167
  0.000334
 -0.000933
  0.001346
  0.000760
  0.000162
  0.000346
  0.000521
  0.000658
 -0.000234
  0.000875
 -0.000411
  0.000665
  0.000531
  0.000187
  0.000378
  0.000702
  0.000354
  0.000597
 -0.000357
 -0.000570
  0.000645
 -0.000380
 -0.000846
 -0.000086
  0.000037
 -0.000098
  0.000122
  0.001718
 -0.000674
  0.000727
 -0.000730
 -0.001377
 -0.000035
 -0.000309
 -0.000736
  0.000267
 -0.000000
  0.000101
  0.000560
  0.000792
  0.000333
  0.000791
  0.000228
 -0.000244
 -0.000206
 -0.001245
 -0.001638
 -0.000312
 -0.000567
  0.000136
  0.000631
  0.000717
 -0.000278
  0.000056
 -0.000168
 -0.000459
 -0.000191
  0.000394
  0.000054
  0.000941
 -0.000295
 -0.001561
  0.000701
  0.001489
  0.000057
  0.000692
  0.000774
 -0.000036
  0.000945
 -0.003058
 -0.001138
 -0.001043
 -0.000784
  0.000155
 -0.000385
 -0.000506
  0.000204
 -0.000706
 -0.001249
  0.000167
 -0.000497
 -0.000147
 -0.000108
 -0.000769
 -0.000112
 -0.000352
 -0.000651
 -0.000032
  0.000760
 -0.000338
 -0.000718
 -0.000443
 -0.000091
  0.000966
 -0.000957
  0.000495
 -0.000914
  0.000024
  0.000384
 -0.000043
 -0.000433
 -0.000001
 -0.000658
 -0.000092
  0.004547
  0.000236
  0.001183
 -0.000125
  0.001433
 -0.000032
 -0.000667
  0.000212
  0.000862
 -0.000698
 -0.001524
 -0.001658
 -0.000290
 -0.000191
 -0.003258
  0.001031
  0.000621
 -0.001039
 -0.000049
 -0.000658
 -0.000297
 -0.000078
 -0.000828
  0.000145
  0.000534
  0.000551
 -0.000087
 -0.000431
  0.000249
  0.001229
 -0.000161
  0.000334
 -0.000337
 -0.000824
 -0.000709
  0.000283
  0.000487
 -0.000408
 -0.000877
  0.001171
 -0.000013
 -0.000531
 -0.000424
  0.000038
  0.000161
  0.000439
  0.000202
  0.000039
  0.000604
  0.000097
 -0.000149
  0.000202
 -0.000629
  0.000432
  0.000404
  0.000568
  0.000017
  0.001878
  0.000941
 -0.000071
  0.000686
  0.002005
 -0.000663
  0.000478
 -0.000337
  0.000699
 -0.000882
 -0.001585
  0.000854
 -0.000666
  0.000118
  0.000850
  0.001536
 -0.000271
  0.000158
 -0.000114
 -0.000057
  0.000431
  0.000467
 -0.000190
 -0.001016
 -0.000096
 -0.001341
 -0.000302
  0.000381
  0.000003
 -0.000022
  0.000393
 -0.000570
 -0.000187
  0.000416
 -0.001583
 -0.000912
 -0.000027
 -0.000128
  0.000621
 -0.000302
 -0.000034
 -0.000018
  0.000641
 -0.000277
  0.000837
  0.000336
 -0.000467
 -0.000508
 -0.000471
 -0.000801
  0.000031
  0.000145
  0.000175
 -0.000490
  0.000383
  0.000317
  0.000019
  0.000324
  0.000471
  0.001006
 -0.000345
 -0.000503
  0.000730
 -0.000069
  0.000730
  0.001332
  0.000807
 -0.000721
  0.000344
 -0.000409
  0.000383
 -0.000149
 -0.000523
  0.000006
  0.000337
 -0.000112
 -0.000157
 -0.000269
  0.000122
 -0.000005
  0.000225
  0.000363
  0.000184
 -0.000955
  0.000011
 -0.000305
 -0.000373
  0.000558
 -0.000054
 -0.000439
 -0.000039
 -0.000363
  0.000723
  0.000019
 -0.000269
  0.000814
 -0.000116
 -0.000124
  0.000974
  0.000044
 -0.000436
  0.000239
 -0.000293
  0.002304
 -0.000535
 -0.001104
 -0.000928
  0.000341
  0.000267
 -0.001421
 -0.000761
 -0.000398
  0.000120
 -0.000512
  0.000005
 -0.000143
  0.000029
 -0.000179
 -0.000364
  0.000189
 -0.000094
  0.000467
 -0.000141
  0.000193
 -0.000401
 -0.000317
  0.000228
  0.000118
  0.000005
  0.000270
 -0.000061
  0.000093
  0.000325
  0.000523
 -0.000039
  0.000211
  0.000544
 -0.001409
 -0.000673
 -0.000246
 -0.000157
