  0.146924
  0.017103
 -0.732694
  0.142809
 -0.096467
 -0.414617
 -0.414454
  0.132174
  0.096600
  0.006139
  0.115386
 -0.013092
  0.009835
  0.065777
 -0.021471
 -0.006783
 -0.001515
 -0.022306
 -0.054906
 -0.022084
  0.039309
  0.014063
 -0.021441
 -0.046712
  0.001157
  0.013521
 -0.006033
 -0.000657
 -0.009884
 -0.020105
 -0.015668
  0.003681
  0.003401
  0.007430
 -0.010926
 -0.000213
  0.019082
 -0.002373
  0.006277
 -0.003862
  0.007991
 -0.022891
 -0.011129
 -0.000662
 -0.009234
 -0.010860
  0.004239
  0.012927
 -0.001576
 -0.010259
  0.006607
  0.005822
 -0.002993
  0.003179
  0.001329
 -0.005703
 -0.000658
  0.003872
 -0.004449
 -0.000016
 -0.008465
 -0.002763
 -0.005219
 -0.003424
 -0.004713
  0.001714
  0.017232
  0.000814
 -0.030772
  0.013165
 -0.039475
  0.007271
 -0.008227
  0.007932
 -0.003237
  0.012500
  0.040402
 -0.002646
  0.002644
 -0.025553
  0.006594
  0.009179
 -0.003133
  0.008758
 -0.003712
  0.010254
  0.003224
  0.003517
 -0.000351
  0.003704
 -0.004169
 -0.010693
 -0.014272
 -0.003248
  0.011364
 -0.003987
  0.005051
  0.001545
  0.002121
 -0.001170
 -0.000306
 -0.003276
 -0.003302
  0.006654
  0.002322
 -0.009473
 -0.000959
  0.003473
  0.006890
 -0.012638
 -0.000098
 -0.003400
 -0.000645
  0.001675
  0.005911
 -0.009445
 -0.017945
  0.006195
  0.016869
  0.000754
 -0.004291
 -0.003134
 -0.004461
  0.001312
  0.004468
 -0.014433
  0.008321
  0.022594
  0.000943
  0.001666
  0.002533
  0.002489
  0.001388
 -0.001209
  0.000447
 -0.001492
 -0.001943
 -0.002097
 -0.000843
 -0.003040
  0.001998
  0.003333
  0.007569
  0.000398
 -0.007212
  0.001536
 -0.000250
 -0.001961
  0.002675
 -0.005219
  0.005175
  0.004596
 -0.000982
  0.005147
 -0.002238
  0.000974
  0.000293
  0.002640
 -0.002376
 -0.000597
  0.000109
  0.003639
  0.000826
 -0.000458
  0.000288
  0.006115
  0.002186
 -0.000754
  0.006637
  0.004659
  0.003556
 -0.003222
 -0.008421
  0.000214
 -0.004863
 -0.002478
  0.008635
  0.007350
  0.003308
 -0.000872
  0.003332
  0.004872
  0.003337
  0.001338
 -0.001769
  0.000227
  0.004527
 -0.005488
 -0.009972
 -0.002181
 -0.010750
 -0.002790
 -0.005311
  0.002116
  0.003385
  0.003296
  0.003054
 -0.001866
 -0.000049
 -0.003376
 -0.001562
  0.005089
 -0.007970
 -0.003340
 -0.008420
 -0.000130
 -0.008018
  0.000289
 -0.000595
  0.001101
  0.002539
 -0.002477
 -0.004984
  0.003969
 -0.000246
  0.000073
  0.006374
  0.000124
 -0.004860
 -0.001341
  0.001247
 -0.000966
 -0.002658
 -0.000083
 -0.000994
  0.000590
 -0.001683
  0.001221
  0.001732
 -0.002270
  0.001992
  0.001345
 -0.000530
  0.003528
 -0.004951
 -0.000859
 -0.001775
  0.000398
 -0.001210
 -0.000321
  0.001917
  0.004557
  0.002244
  0.000334
 -0.000894
 -0.000204
 -0.000001
  0.003792
 -0.001657
  0.004155
 -0.000266
 -0.001995
 -0.003435
  0.001145
 -0.007230
 -0.000524
 -0.004061
 -0.000680
 -0.004777
  0.000073
 -0.002738
  0.000549
 -0.000663
 -0.001131
 -0.000609
 -0.000915
  0.001595
 -0.003508
 -0.001175
  0.000074
 -0.001652
  0.002752
  0.000115
 -0.002714
  0.000442
  0.002874
  0.000032
  0.001431
  0.000048
  0.001000
  0.000980
 -0.001352
 -0.002279
  0.003674
  0.000324
 -0.000402
  0.002515
  0.003286
 -0.006831
 -0.000712
  0.000891
  0.002635
 -0.002525
  0.001753
  0.000801
 -0.003858
  0.001611
  0.000568
 -0.000662
 -0.000481
 -0.005452
 -0.000810
  0.000491
 -0.000789
 -0.000338
  0.000135
  0.000180
 -0.001137
 -0.000097
 -0.002587
 -0.001179
  0.000111
 -0.002496
  0.000857
  0.001401
  0.000180
 -0.000283
  0.000853
  0.000343
 -0.000405
 -0.000835
 -0.003769
 -0.000469
 -0.001397
 -0.000544
  0.000578
 -0.002102
 -0.001755
  0.000539
  0.000165
  0.000714
 -0.002305
  0.000873
  0.000023
  0.002015
 -0.000687
 -0.000359
  0.000358
  0.001100
  0.002002
  0.000306
 -0.000079
 -0.001239
  0.000963
 -0.001005
 -0.000061
 -0.002672
  0.000492
  0.000675
 -0.001575
 -0.000800
  0.000550
  0.000969
 -0.000081
 -0.000039
  0.001242
  0.000532
 -0.000643
 -0.000550
 -0.000413
  0.000219
  0.000771
  0.001598
 -0.000525
 -0.000316
  0.000010
  0.000376
 -0.006113
  0.000284
 -0.002784
  0.000671
  0.001157
 -0.003232
 -0.000492
 -0.000165
 -0.000130
 -0.000116
 -0.004432
  0.003298
 -0.000195
 -0.001028
 -0.000149
  0.001300
  0.002847
 -0.001217
  0.001054
  0.002131
  0.001590
  0.001304
  0.000056
  0.000877
 -0.000550
 -0.000510
 -0.000823
 -0.000327
 -0.000726
  0.002046
 -0.000517
  0.001998
 -0.000863
  0.000081
 -0.000471
 -0.000483
  0.002817
 -0.001195
 -0.003690
 -0.000714
 -0.000874
 -0.000414
 -0.000109
  0.000078
  0.002064
 -0.001651
  0.000014
  0.000368
 -0.001455
 -0.001597
  0.000270
  0.001777
 -0.000126
  0.000547
 -0.000624
 -0.001208
  0.002910
  0.001108
 -0.000172
  0.000646
  0.000938
  0.000322
  0.002182
  0.000608
 -0.002510
  0.002653
  0.001008
  0.000109
 -0.000599
 -0.000301
 -0.000994
  0.000216
 -0.000345
 -0.000738
 -0.001079
  0.000239
 -0.000562
 -0.000425
  0.001012
  0.000782
 -0.001509
 -0.000566
  0.001022
  0.000795
  0.001739
 -0.001744
  0.000506
  0.002321
  0.000404
 -0.000584
 -0.000832
  0.000433
  0.000668
  0.000134
  0.000565
  0.001350
 -0.001887
 -0.002303
  0.002037
 -0.000572
 -0.001474
 -0.002089
 -0.001163
 -0.002503
 -0.001197
 -0.001727
  0.000248
  0.000093
 -0.000466
 -0.000944
 -0.001065
  0.001552
 -0.002083
  0.001300
 -0.001434
 -0.004410
  0.003223
  0.001243
 -0.003076
  0.001933
  0.001464
 -0.000367
  0.002814
  0.000218
 -0.000835
 -0.002258
  0.000709
 -0.001127
  0.000449
  0.000973
 -0.000138
  0.000448
 -0.000658
  0.001495
 -0.000697
 -0.001777
 -0.000269
 -0.002062
 -0.000695
 -0.000354
 -0.000272
  0.002929
 -0.000688
  0.000640
  0.000703
  0.001757
 -0.000230
  0.001021
  0.000733
 -0.002374
  0.000031
  0.001129
  0.001393
 -0.000754
 -0.000318
  0.000524
  0.000270
 -0.000339
  0.001142
  0.001002
  0.000800
  0.000363
  0.001276
 -0.000183
  0.000040
 -0.001950
  0.000065
  0.000356
 -0.000101
 -0.000266
 -0.000050
 -0.000123
 -0.000741
 -0.000207
  0.000119
  0.000390
  0.002283
 -0.000808
  0.000680
 -0.000708
 -0.001498
  0.000283
  0.000293
  0.000111
  0.001789
  0.000860
  0.001484
 -0.001704
  0.000266
 -0.000302
  0.001568
  0.002380
  0.005015
  0.000102
 -0.000561
  0.000397
  0.000320
  0.000016
 -0.002226
 -0.000171
 -0.003114
 -0.000471
  0.001990
 -0.001940
  0.000576
  0.000388
  0.001110
 -0.000851
  0.000433
  0.002335
  0.000430
 -0.000869
  0.000535
  0.000957
  0.002366
  0.000615
 -0.000231
  0.000149
  0.000174
  0.001310
  0.000552
  0.000704
  0.000255
 -0.001102
 -0.000632
 -0.000502
 -0.000046
 -0.000192
  0.000331
 -0.000104
  0.000067
 -0.000243
  0.000246
 -0.000025
 -0.000103
  0.001016
 -0.000105
  0.000113
  0.000861
 -0.001293
 -0.000568
  0.000245
 -0.001116
 -0.000786
 -0.000373
 -0.000025
 -0.000199
  0.001120
 -0.000566
 -0.000027
 -0.000040
  0.001162
 -0.000234
 -0.000101
  0.000469
  0.001047
  0.000738
  0.000299
  0.000083
 -0.001367
  0.000311
  0.001902
 -0.000233
 -0.000029
 -0.001159
 -0.000368
 -0.000509
  0.000347
  0.000672
 -0.000552
 -0.000457
  0.000330
 -0.000887
  0.000906
  0.000124
  0.000208
  0.001915
  0.001411
 -0.000058
  0.003052
  0.001651
 -0.000000
  0.001998
 -0.000724
 -0.001197
  0.000556
 -0.000447
 -0.000042
  0.001075
 -0.000180
 -0.000177
  0.000217
  0.000314
 -0.000826
  0.000182
  0.000159
  0.001949
 -0.001107
  0.000342
 -0.001113
  0.000322
  0.001713
 -0.001534
  0.000782
  0.000328
  0.001280
  0.000508
 -0.000268
  0.001301
 -0.000471
  0.000434
  0.000882
  0.001630
  0.000104
  0.001175
 -0.000256
 -0.000471
 -0.000515
  0.000038
 -0.000233
  0.000831
 -0.000369
 -0.000637
  0.000935
  0.000021
 -0.001135
 -0.000714
  0.000723
 -0.000257
 -0.000344
  0.000843
  0.000166
  0.000073
  0.000644
 -0.000253
 -0.000375
  0.000722
 -0.000559
 -0.000000
 -0.000421
 -0.000321
 -0.000109
  0.000112
  0.000586
  0.000500
 -0.000010
  0.000067
  0.000984
 -0.001495
  0.000975
 -0.001029
  0.000721
 -0.000073
 -0.000169
 -0.001040
  0.000131
 -0.000726
  0.000238
  0.000173
 -0.000578
  0.000302
 -0.000416
  0.000663
 -0.000696
 -0.000314
 -0.000982
 -0.001027
  0.001499
 -0.001740
 -0.000266
 -0.000677
  0.001349
 -0.001328
  0.002335
  0.001453
  0.000277
  0.001808
  0.001559
 -0.001011
  0.000241
 -0.000776
 -0.000218
 -0.000578
  0.000701
 -0.000520
 -0.000196
  0.001214
  0.000191
  0.000171
  0.000575
  0.000021
  0.000051
 -0.000154
 -0.000695
  0.000154
 -0.000635
  0.000098
  0.001010
  0.001795
 -0.000122
  0.000517
 -0.000084
  0.000781
  0.000034
 -0.000146
 -0.000602
  0.000105
  0.000183
  0.000045
  0.000814
 -0.000171
  0.000630
 -0.000168
  0.000811
 -0.000622
  0.001066
  0.000649
 -0.000224
 -0.000575
  0.000428
 -0.000149
  0.000140
 -0.000023
 -0.000490
 -0.000768
  0.000887
 -0.000305
 -0.000127
  0.000083
 -0.000138
 -0.000266
 -0.000238
 -0.000105
  0.000779
  0.000074
  0.000221
 -0.001016
 -0.001469
 -0.000549
 -0.001095
 -0.000403
 -0.001789
  0.000142
 -0.000220
  0.000126
  0.000201
  0.000316
 -0.000129
  0.000295
  0.000427
  0.000692
 -0.000447
 -0.000064
  0.000136
 -0.001526
 -0.000122
  0.000035
 -0.000129
