    1  13.39   0.000
    2   9.64   0.000
    3  15.55   0.000
    4  12.54   0.000
    5  11.07   0.000
    6  17.43   0.000
    7  16.29   0.000
    8  25.11   0.000
    9  19.66   0.000
   10  11.80   0.000
   11  16.97   0.000
   12  13.10   0.000
   13  21.65   0.000
   14  28.04   0.000
   15  21.03   0.000
   16  17.92   0.000
   17  38.46   0.000
   18  30.18   0.010
   19  24.40   8.320
   20  13.32  17.650
   21  10.29  12.630
   22  12.14   5.380
   23  16.26   0.630
   24  13.74   0.000
   25  11.93   0.000
   26  10.52   0.000
   27  10.01   0.000
   28  12.83   0.000
   29  13.18   0.000
   30  26.64   0.000
   31  38.18   0.000
   32  79.86   0.000
   33 188.13   0.000
   34 113.85   0.000
   35 109.25   0.000
   36  59.92   0.000
   37  27.00   0.000
   38  24.98   0.000
   39  12.08   0.000
   40   8.82   0.000
   41   7.99   0.000
   42   6.93   0.000
   43   8.55   0.170
   44  10.64   0.220
   45   9.97   2.250
   46  15.05  41.910
   47  23.71 231.890
   48  27.28 224.620
   49  19.75 222.010
   50  25.21 170.680
   51  28.38 229.590
   52  47.30  97.970
   53  29.74 118.630
   54  20.12  29.920
   55  27.62   1.510
   56  21.72   7.370
   57  11.93   4.340
   58  11.30   0.100
   59  18.06   0.090
   60  12.78   9.270
   61   8.16   0.170
   62  10.15   0.030
   63   9.82   0.000
   64   7.59   0.080
   65   7.62   0.000
   66  11.67   0.000
   67   8.00   0.000
   68  11.49   0.000
   69  10.07   0.000
   70  10.78   0.000
   71   6.41   0.000
   72   6.73   0.000
   73   7.40   0.000
   74   7.25   0.000
   75   6.31   0.000
   76   7.69   0.000
   77   8.00   0.000
   78   6.73   0.000
   79   9.92   0.060
   80  11.51   0.230
   81  18.17   0.640
   82  22.00   0.730
   83  16.55   1.090
   84  11.13   0.890
   85  11.88   0.510
   86   7.51   0.420
   87   6.80   0.000
   88   9.43   0.000
   89  11.59   0.000
   90  11.97   0.000
   91  13.55   0.000
   92  15.49   0.000
   93  12.78   0.000
   94  11.42   0.000
   95   8.94   0.000
   96   6.70   0.000
   97   8.87   0.000
   98  10.85   0.000
   99  10.09   0.000
  100   8.68   0.000
  101  11.35   0.000
  102  17.73   0.000
  103  18.74   0.000
  104  14.18   0.000
  105  30.98   0.000
  106  36.48   0.000
  107  15.54   0.000
  108  19.82   0.000
  109   9.36   0.000
  110  10.66   0.000
  111  12.65   0.000
  112   7.85   0.000
  113   6.24   0.000
  114   8.25   0.000
  115   6.25   0.000
  116   6.00   0.000
  117   8.24   0.000
  118   8.07   0.000
  119   5.31   0.000
  120   6.27   0.000
  121   6.93   0.000
  122   7.57   0.000
  123   5.00   0.000
  124   7.88   0.000
  125   8.63   0.000
  126   7.69   0.000
  127   7.89   0.000
  128  13.21   0.000
  129  12.21   0.000
  130  16.99   0.000
  131   8.19   0.000
  132   7.46  13.910
  133   6.48   9.460
  134   5.20  11.300
  135   5.27   0.340
  136   5.24   0.000
  137   6.20   0.000
  138   6.64   0.000
  139   7.84   0.000
  140   8.73   0.000
  141   6.54   0.000
  142   6.65   0.000
  143   8.17   0.000
  144   9.73   0.000
  145  17.41   0.000
  146  12.64   0.000
  147  15.16   0.000
  148  10.56   0.000
  149   7.05   0.000
  150   6.54   0.000
  151   5.53   0.000
  152   6.72   0.000
  153   6.89   4.400
  154   5.97   4.030
  155   7.94   9.370
  156   7.18   8.740
  157   8.17   7.510
  158   9.18  11.810
  159  11.06  30.290
  160   9.57 135.840
  161  14.01  82.490
  162  27.00 240.280
  163  49.84 289.100
  164  80.87 264.340
  165 219.06 154.330
  166 146.44 209.520
  167  57.79 268.990
  168  23.09 269.190
  169  11.87 234.040
  170  13.60 248.660
  171   9.09 100.610
  172  14.39 293.570
  173  17.99  54.200
  174  12.55   5.390
  175   9.58   2.640
  176   9.49   0.000
  177   8.74   0.000
  178   6.19   0.000
  179   5.51   0.000
  180   5.33   0.000
  181   7.38   0.000
  182   9.99   0.000
  183  10.07   1.420
  184   9.78   2.070
  185  21.78   0.000
  186  20.38   2.600
  187  10.98  10.470
  188  11.25  12.950
  189   8.06  16.780
  190   8.37   0.000
  191   6.87   0.000
  192   6.76   0.000
  193   5.46   0.000
  194   5.25   0.000
  195   4.83   0.000
  196   5.46   0.000
  197   5.16   0.000
  198   4.72   0.000
  199   6.06   0.000
  200   5.03   0.000
  201   5.52   0.000
  202   5.66   0.000
  203   5.90   0.000
  204   6.65   0.000
  205   5.85   0.000
  206   6.28   0.000
  207   8.96   0.000
  208   8.07   0.000
  209   7.82   0.000
  210  12.91   0.000
  211  16.71   0.000
  212  10.51   0.000
  213  12.37   0.000
  214  25.08   0.000
  215  52.43   0.000
  216  21.52   0.000
  217  24.16   0.000
  218  15.18   0.000
  219  19.57   0.000
  220  18.76   0.000
  221  11.44   0.000
  222  12.24   0.000
  223  20.10   0.000
  224  17.30   0.000
  225  12.26   0.000
  226  18.20   0.000
  227  28.59   0.000
  228  19.13   0.000
  229  26.62   0.000
  230  11.72   0.000
  231  10.72   0.000
  232  12.71   0.000
  233  10.10   0.000
  234   9.33   0.000
  235  16.50   0.000
  236  11.88   0.000
  237  10.79   0.000
  238  12.98   0.000
  239  13.37   0.000
  240  11.91   0.000
  241   7.44   0.000
  242   7.95   0.000
  243  14.25   0.000
  244   9.11   0.000
  245   6.09   0.000
  246   8.07   0.000
  247   9.65   0.000
  248   5.64   0.000
  249   5.46   0.000
  250   9.02   0.000
  251  10.79   0.000
  252  13.05   0.000
  253   8.37   0.000
  254  15.42   0.000
  255  13.45   0.000
  256   7.67   0.000
  257   8.30   0.000
  258   8.61   0.000
  259   6.28   0.000
  260   9.38   0.000
  261  13.24   0.000
  262   6.90   0.000
  263   8.86   0.000
  264  12.64   0.000
  265   9.42   0.000
  266   7.21   0.000
  267  10.10   0.000
  268  15.51   0.000
  269   9.10   0.000
  270   8.67   0.000
  271  15.96   0.000
  272  16.36   0.000
  273  10.79   0.000
  274  14.93   0.000
  275  16.27   0.000
  276  10.48   0.000
  277   9.65   0.000
