Frame	Volume
1	1036.51
2	1039
3	1038.07
4	1034.64
5	1034.88
6	1038.87
7	1035.98
8	1037.49
9	1037.46
10	1036.37
11	1038.87
12	1036.63
13	1037.75
14	1039.9
15	1036.49
16	1033.9
17	1034.83
18	1037.78
19	1035.17
20	1032.03
21	1035.92
22	1037.29
23	1041.21
24	1033.43
25	1040.14
26	1036.64
27	1035.56
28	1037.42
29	1041.15
30	1036.74
31	1037.48
32	1036.15
33	1035.43
34	1042.8
35	1040.03
36	1038.92
37	1038.92
38	1038.16
39	1035.49
40	1033.67
41	1037.53
42	1032.71
43	1038.78
44	1031.64
45	1034.57
46	1041.44
47	1035.42
48	1041.61
49	1037.17
50	1029.43
51	1035.3
52	1037.94
53	1038.05
54	1040.04
55	1030.57
56	1042.95
57	1030.89
58	1032.86
59	1037.12
60	1031.21
61	1039.5
62	1037.93
63	1030.28
64	1038.65
65	1038.58
66	1042.4
67	1039.98
68	1033.91
69	1038.89
70	1045.37
71	1035.71
72	1039.52
73	1029.88
74	1061.45
75	1021.16
76	1044.27
77	1029.87
78	1027.76
79	1035.8
80	1037.67
81	1037.44
82	1033.85
83	1041.07
84	1052.75
85	1031.46
86	1032.47
87	1047.39
88	1031.35
89	1046.67
90	1029.71
91	1049.43
92	1051.28
93	1041.86
94	1024.46
95	1049.98
96	1055.86
97	1053.18
98	1023.24
99	1055.79
100	1042.23
101	1045.68
102	1037.61
103	1066.14
104	1050.14
105	1043
106	1030.99
107	1060.75
108	1054.94
109	1058.45
110	1052.22
111	1039.97
112	1038.85
113	1015.25
114	1037.2
115	1057.47
116	1028.16
117	1041.88
118	1057.69
119	1029.78
120	1041.79
121	1062.8
122	1065.28
123	1036.26
124	1068.93
125	1028.23
126	1046.88
127	1041.18
128	1030.03
129	1051.22
130	1049.89
131	1052.04
132	1081.22
133	1053.38
134	1049.86
135	1035.53
136	1051.7
137	1035.64
138	1057.29
139	1015.21
140	1044.17
141	1054.11
142	1045.84
143	1019.85
144	1028.88
145	1029.39
146	1032.56
147	1049.57
148	1033.5
149	1035.42
150	1058.38
151	1009.54
152	1027.11
153	1114.7
154	1008.15
155	1053.91
156	1020.26
157	1043
158	1069.78
159	1061.58
160	1030.1
161	1045.96
162	1041.05
163	1046.65
164	1017.42
165	1023.05
166	1068.2
167	1061.9
168	1056.31
169	983.573
170	1012.97
171	1043.63
172	1065.42
173	1036.03
174	1037.02
175	1059.21
176	1027.88
177	1032.83
178	1051.98
179	1050.82
180	1029.6
181	1039.96
182	1066.6
183	1067.99
184	1024.24
185	1013.12
186	1040.2
187	1052.51
188	1038.27
189	1034.88
190	1049.19
191	1066.41
192	1021.96
193	1057.19
194	1090.51
195	1041.42
196	1046.39
197	1048.52
198	1035.45
199	1061.63
200	1075.38
201	1046.73
202	1058.41
203	1061.71
204	1036.19
205	1053.9
206	1038.2
207	1045.76
208	1072.84
209	1083.72
210	1063.2
211	1051.68
212	1037.16
213	1044.15
214	1047.92
215	1051.42
216	1065.15
217	1065.83
218	1044.9
219	1039.83
220	1042.58
221	1060.28
222	1032.75
223	1061.13
224	1051.28
225	1068.6
226	1051.12
227	1050.08
228	1089.23
229	1072.49
230	1030.79
231	1038.47
232	1051.69
233	1090.95
234	1032.06
235	1040.38
236	1063.06
237	1061.8
238	1019.78
239	1072.53
240	1055.11
241	1035.17
242	1068.95
243	1047.08
244	1043.61
245	1030.71
246	1059.73
247	1080.41
248	1071.64
249	1079.31
250	1031.8
251	1052.12
252	1074.18
253	1036.45
254	1006.52
255	1075.18
256	1046.31
257	1050.34
258	1059.54
259	1052.08
260	1088.87
261	1046.37
262	1047.82
263	1073.36
264	1087.16
265	1031.34
266	1061.03
267	1066.35
268	1037.52
269	1041.56
270	1036.05
271	1076.35
272	1049.97
273	1091.25
274	1018.09
275	1056.96
276	1055.96
277	1044.76
278	1036.05
279	1084.04
280	1012.89
281	1036.48
282	1044.26
283	1042.27
284	1047.3
285	1068.29
286	1038.2
287	1062.26
288	1028.54
289	1062.38
290	1077.49
291	1052.1
292	1096.55
293	1049.34
294	1066.54
295	1062.81
296	1041.31
297	1074.91
298	1040.11
299	1060.45
300	1028.82
301	1077.08
302	1036.41
303	1047.78
304	1028.06
305	1065.1
306	1038.9
307	1043.02
308	1062.23
309	1062.23
310	1052.58
311	1046.21
312	1069.92
313	1031.24
314	1064.07
315	1054.45
316	1047.06
317	1055.18
318	1081.35
319	1001.44
320	1063.68
321	995.767
322	1036.66
323	1023.03
324	1070.82
325	1074.39
326	1092.44
327	1047.6
328	1073.26
329	1062.48
330	1042.82
331	1066.34
332	1056.33
333	1044.89
334	1044.15
335	1053.2
336	1058.91
337	1011.24
338	1039.81
339	1087.79
340	1046.75
341	1031.72
342	1042.31
343	1025.45
344	1072.21
345	1056.9
346	1042.75
347	1006.63
348	1056
349	1069.92
350	1052.09
351	1053.86
352	1103.62
353	966.659
354	1035.76
355	1043.98
356	1023.25
357	1141.72
358	1038.81
359	1054.38
360	1052.46
361	1059.74
362	1046.53
363	1083.95
364	1058.87
365	1057.77
366	1001.82
367	1016.62
368	1043.53
369	1063.87
370	1039.99
371	1074.06
372	1079.64
373	1044.42
374	1047.1
375	1020.34
376	1023.57
377	968.079
378	1024.59
379	1056.3
380	1054.81
381	1044.09
382	1011.68
383	1029.7
384	1018.75
385	1068.71
386	1005.54
387	1028.99
388	1027.76
389	1089.37
390	1030.58
391	1113.35
392	1039.84
393	1118.37
394	1034.24
395	1175.99
396	996.665
397	1073.01
398	1104.32
399	1124.03
400	1067.6
401	1116.7
402	1074.32
403	1009.21
404	1056.85
405	1054.27
406	1064.27
407	1068.62
408	1049.79
409	1071.39
410	1048.69
411	1081.44
412	1097.38
413	1082.08
414	1029.41
415	1063.34
416	1070.28
417	1054.24
418	1073.01
419	1020.6
420	1021.63
421	1000.44
422	1024.48
423	1029.72
424	1046.98
425	1043.33
426	1011.67
427	1091.1
428	1073.36
429	1108.15
430	1049.41
431	1046.95
432	1056.79
433	1100.29
434	1057.05
435	988.405
436	1025.24
437	1034.46
438	1045.45
439	1043.05
440	1051.98
441	1085.63
442	1080.12
443	1055.06
444	1099.73
445	1060.92
446	1046.36
447	1034.12
448	1011.16
449	1088.11
450	1077.32
451	1056.16
452	1065.68
453	1047.38
454	1039.86
455	1053.47
456	1037.31
457	1051.39
458	1025.88
459	1027.5
460	1087.62
461	1023.67
462	1063.93
463	1059.62
464	1023.42
465	1020.25
466	1040.11
467	1067.66
468	1057.6
469	1099.98
470	1064.61
471	1017.71
472	1031.66
473	1057.9
474	1052.27
475	1061.62
476	1059.98
477	1048.44
478	1057.52
479	1072.01
480	1088.31
481	1025.44
482	1088.5
483	1052.56
484	1095.96
485	1069.92
486	1086.54
487	1034.73
488	1029.82
489	1041.59
490	1030.39
491	1053.91
492	1058.6
493	1031.78
494	1072.62
495	1058.79
496	1095.75
497	1063.06
498	1054.92
499	1041.7
500	1044.76
501	1099.36
502	1103.54
503	1012.61
504	1082.3
505	1072.28
506	1080.5
507	1001.38
508	1041.06
509	1025.37
510	1003.18
511	1170.41
512	1040.14
513	1087.17
514	1087.25
515	1058.81
516	1164.21
517	992.451
518	985.251
519	1059.68
520	1077.79
521	1002.16
522	971.803
523	1122.62
524	1107.36
525	1096.33
526	965.619
527	1043.29
528	1052.17
529	1018.73
530	1018.01
531	1028.33
532	1055.34
533	1085.62
534	1061.74
535	1072.81
536	1112.84
537	1031.08
538	1075.16
539	1028.91
540	1069.35
541	1089.74
542	1051.44
543	1042.78
544	1040.97
545	1084.99
546	1105.57
547	1095.03
548	1110.51
549	1087.84
550	1059.98
551	1088.13
552	1173.27
553	797.545
554	1167.09
555	1319.81
556	1446.48
557	1156.32
558	1485.86
559	1514.62
560	1231.45
561	1205.43
562	1707.6
563	1310.43
564	1665.21
565	1263.83
566	1551.72
567	958.207
568	1352.48
569	1513.09
570	1805.4
571	1606.34
572	1681.53
573	1132.26
574	1104.38
575	1317.35
576	2847.22
577	1579.77
578	1355.56
579	1238.74
580	998.991
581	1476.62
582	1914.85
583	1702.77
584	2658.86
585	1082.96
586	1694.29
587	1265.76
588	1810.81
589	1698.83
590	1394.32
591	1858.26
592	1694.32
593	1405.46
594	1459.64
595	931.95
596	1756.28
597	1384.58
598	1298.13
599	2265.56
600	1066.3
601	1591.96
602	1933.33
603	1586.94
604	1545.43
605	1129.42
606	2601.52
607	1116.69
608	1268.08
609	1854.94
610	1022.62
611	1207.88
612	1130.36
613	1543.98
614	1088.84
615	963.774
616	1938.45
617	1299.69
618	1544.43
619	1950.88
620	1344.01
621	1244.9
622	1147.88
623	1249.72
624	2049.26
625	1583.52
626	3046.44
627	2337.71
628	2411.25
629	1558.24
630	2333.3
631	1797.83
632	1752.07
633	1310.45
634	1256.22
635	1139.51
636	1734.16
637	1201.19
638	1350.57
639	1388.35
640	1325.6
641	2013.73
642	1421.89
643	888.634
644	1702.98
645	1302.44
646	1252.92
647	1612.78
648	1570.82
649	1442.4
650	1059.56
651	1422.48
652	1348.48
653	1136.94
654	1105.51
655	1539.76
656	1349.25
657	1529.06
658	2119.31
659	2002.14
660	1644.45
661	1418.64
662	2089.32
663	2143.39
664	1897.29
665	1276.97
666	943.278
667	1891.84
668	2003.45
669	1032.19
670	1542.73
671	2199.38
672	1019.9
673	1244.32
674	1478.09
675	1271.61
676	1470.31
677	1043.17
678	1207.53
679	1725.25
680	2136.63
681	1620.73
682	1456.86
683	1205.12
684	1888.35
685	1002.76
686	1899.05
687	1646.45
688	1727.84
689	1611.25
690	1586.58
691	1199.22
692	1164.53
693	3333.68
694	977.195
695	1389.17
696	1566.04
697	1262.6
698	934.84
699	1409.4
700	1733.51
701	1260.29
702	1703.17
703	2196.91
704	1395.87
705	1348.9
706	1174.44
707	2062.52
708	1991.68
709	1269.17
710	1644.03
711	1284.93
712	1155.75
713	1340.05
714	2528.26
715	2852.41
716	953.219
717	2003.32
718	1597.54
719	1917.03
720	1413.74
721	1475.1
722	1292.17
723	1950.35
724	1640.69
725	1614.47
726	1641.02
727	1900.64
728	2092.8
729	1683.55
730	1267.8
731	1692.15
732	1981.67
733	1494.92
734	1264.91
735	1723.86
736	1962.97
737	1917.22
738	1885.09
739	1458.46
740	2593.23
741	1676.67
742	1928.55
743	1051.81
744	3075.01
745	1437.67
746	1327.76
747	1701.47
748	860.802
749	1430.92
750	1272.76
751	3027.62
752	1995.17
753	1936.46
754	1735.6
755	2069.95
756	1454.66
757	1839.71
758	1466.2
759	2725.29
760	1039.47
761	1281.23
762	2400.38
763	1180.89
764	1709.71
765	1520.59
766	2257.77
767	1153.84
768	1698.76
769	1553.93
770	1818.49
771	897.555
772	1202.44
773	1196.93
774	1382.17
775	1779.17
776	1866.35
777	1766.76
778	2193.83
779	2419.49
780	2451.75
781	904.882
782	2150.15
783	1980.92
784	1557.39
785	1213.21
786	1435.82
787	3198.34
788	1343.74
789	1098.05
790	1822.35
791	1352.69
792	2125.41
793	2289.33
794	917.02
795	1385.09
796	1043.3
797	1502.21
798	3175.05
799	1672.31
800	1444.03
801	1995.24
802	1037.56
803	1229.72
804	1018.01
805	1562.28
806	1501.25
807	2901.88
808	2582.06
809	1152.7
810	2217.55
811	983.173
812	1111.29
813	972.101
814	1308.97
815	1252.54
816	1974.41
817	2058.86
818	810.217
819	1479.85
820	2513.97
821	1546.42
822	1400.76
823	993.648
824	942.768
825	1896.52
