4023370756622397e-20	4023370898924436e-20	39274557696015234e-21	38090187845189446e-21	39302199241729686e-21	30942306632828554e-21	33144255613492896e-21	3562725220643434e-20	30387578226437606e-21	3401420903568216e-20	41276877231109e-18	3332447019981103e-20	399261946157296e-19	27629201719210704e-21	3254855036004946e-20	3394343030787955e-20	3271138354486167e-20	42250033740898954e-21	3313766413537263e-20	3400919465257384e-20	3885559996794124e-20	3310685750821571e-20	23224105544310935e-21	3159760849814613e-20	3575737246591928e-20	4519462953286774e-20	28035048698506978e-22	12822717707959482e-21
392745564210454e-19	3998618313264656e-20	3998618224041256e-20	3866686410804253e-20	3981642043185236e-20	31480810486185466e-21	3380491364061691e-20	3630647102868302e-20	3117295696335575e-20	3471636825426008e-20	4234720651396461e-20	33687000525785e-18	40501866077368944e-21	27957663073107106e-21	3330904054789702e-20	3445513323449958e-20	33279820089464956e-21	4280318323430367e-20	33576590246042857e-21	34553387942712425e-21	3962183235167458e-20	33451957778606366e-21	23377820317508044e-21	31972779788787095e-21	36253922791689396e-21	4621030996112535e-20	31526814547141235e-22	12905215740870467e-21
38090172752574686e-21	38666849451643905e-21	38324288639902806e-21	383243034279215e-19	3950803544309352e-20	31826215081463995e-21	3356913026554992e-20	3561254453556801e-20	3102181330073093e-20	3413121488077916e-20	4176932557217783e-20	3345863998200771e-20	40412470894267215e-21	27989374845556612e-21	32933421540239257e-21	3390883569543072e-20	3279264882872928e-20	43007666559329274e-21	3365343761001478e-20	3382964207822997e-20	3931953262272784e-20	3303192684999108e-20	23103100929284867e-21	31518959070677204e-21	36141852534729435e-21	4585951224559734e-20	25180032733233804e-22	12894751575351683e-21
3930219434041811e-20	3981641760232997e-20	3950803303884383e-20	3823595571337514e-20	3823594392583544e-20	3090107691400566e-20	3287978299312045e-20	34802563763507506e-21	302725461730401e-19	3341407770497303e-20	409343463556789e-19	33135872736572776e-21	3892081514797579e-20	2666320165083846e-20	3188770915342573e-20	3354804973725124e-20	3230318870370735e-20	4100073408163848e-20	3222869434116406e-20	33133233414423704e-21	3791041080317835e-20	3225708473155302e-20	22670265877296123e-21	308288158411211e-19	3534507568565916e-20	4422308468863109e-20	27708809734049655e-22	12564015338672678e-21
3094228750837493e-20	3148079313437644e-20	3182619711401527e-20	3090106900327983e-20	3128231531834138e-20	3128233163289816e-20	3330426897983014e-20	35370857202566004e-21	30379639295286598e-21	3436450014741642e-20	416116454537764e-19	33823458364562544e-21	40238394094181805e-21	27813489841307347e-21	3258853395140739e-20	3443759562319162e-20	3345472737482942e-20	4233918313413935e-20	32971077322517475e-21	3417567468919106e-20	3947746859622969e-20	3315080706568203e-20	23308622948869095e-21	3177215414969376e-20	3568527591937235e-20	4498723677155249e-20	3879510585831549e-21	12852645169800415e-21
3314423955297919e-20	3380489871230999e-20	3356911430288361e-20	3287977810897188e-20	33304254952977985e-21	27640659272250795e-21	2764065432637864e-20	29478667760687733e-21	26528428156390927e-21	27454908342721384e-21	3355507031194734e-20	27796063746611267e-21	3181386032131468e-20	225385466512001e-19	2747869917638711e-20	27970887998785467e-21	27340837752124876e-21	34133981324934446e-21	28208561320373193e-21	26647894332504552e-21	3138037667124987e-20	27339549007485043e-21	19331270364302877e-21	25659231280961863e-21	29626171025236918e-21	3606830398588639e-20	3062294039505729e-21	12011071479843212e-21
3562726728813896e-20	363064868642104e-19	3561255982873013e-20	348025915736465e-19	3537087513940786e-20	2947869691276867e-20	3070472972266107e-20	3070470063118908e-20	27596178268735743e-21	29296805699201928e-21	3841057464056244e-20	29324589447156943e-21	34089350179846205e-21	23965585096728563e-21	282650697245782e-19	29774460581916444e-21	28518821504021713e-21	3616605536486724e-20	2866052030252375e-20	29114401423436395e-21	3338227511469854e-20	28748450075978934e-21	20447712320629255e-21	2737468422966548e-20	3155143412313295e-20	40436356482084896e-21	3066048872166774e-21	11570925561308646e-21
3038757258263061e-20	3117295214834127e-20	31021808210175495e-21	30272550080671007e-21	3037963684903969e-20	265284396866256e-19	27596184031415552e-21	28501068663049988e-21	28501086255137693e-21	3309863726525746e-20	3898494471896441e-20	3083412237761289e-20	36552303301060555e-21	24743348315782846e-21	29543903901832017e-21	31166609372768614e-21	3276938206789105e-20	3852495253352697e-20	32977113365789866e-21	3225946219226428e-20	35637805772689346e-21	31218274027922334e-21	22607853415930896e-21	3009887478172339e-20	3289914286758581e-20	4235053227365461e-20	6648230112045983e-21	13987287313599188e-21
3401420724583392e-20	3471636916985372e-20	34131215436138874e-21	3341409238822108e-20	34364500272152356e-21	2745492111369698e-20	29296817244520753e-21	33098622957016105e-21	26831058200147837e-21	2683105489492689e-20	3291634326277597e-20	27279351187924333e-21	3094689620434047e-20	22126536106874952e-21	28101823541257345e-21	27399975850277568e-21	25777731085396903e-21	33227543685337906e-21	26446825867293126e-21	2584127970447899e-20	30311058234516965e-21	26094708608791576e-21	1912547190816414e-20	2518814484590698e-20	2906781934422735e-20	35189189424859754e-21	2220521610070333e-21	12020250792408244e-21
4127689772900901e-20	4234722210434628e-20	41769340070597414e-21	4093437712325377e-20	4161166422773836e-20	3355510301087584e-20	3841060802957183e-20	3898494389074301e-20	3291636565677376e-20	3607780258835038e-20	36077789387217485e-21	289492439353157e-19	35105737413111175e-21	240244759279435e-19	285920423431618e-19	29942885596591668e-21	3188038162311786e-20	36173093938387045e-21	30112695779591374e-21	32429903327776835e-21	3416406752800701e-20	2967442320130081e-20	21138082039939793e-21	28636640687101796e-21	31051684789709426e-21	395076380460221e-19	23816145604868488e-22	13858074020485247e-21
3332443740080992e-20	3368696884019456e-20	33458606212911626e-21	3313584941864468e-20	3382342784381952e-20	27796058618377126e-21	2932457679586004e-20	3083407929387586e-20	2727933154872506e-20	2894921837305251e-20	3628665752193631e-20	36286714270646106e-21	4316542216648699e-20	2841871129568123e-20	3409447437984903e-20	3778386122032966e-20	37116091363846307e-21	4485795949453517e-20	35663464298940224e-21	37012570082557506e-21	4237078687785043e-20	3617188737797063e-20	2406655664155688e-20	33709256753253416e-21	39448229274028507e-21	5399605227546402e-20	25988395248968815e-22	1254076047997498e-20
3992616830010653e-20	40501839321068034e-21	4041244644937324e-20	3892080405578356e-20	4023837105847413e-20	31813860377543185e-21	34089342785262325e-21	3655226170926009e-20	3094688329201546e-20	3510571361829371e-20	4316536659434041e-20	3437593025429684e-20	3437591840403299e-20	24362784970383848e-21	28560212701317728e-21	308642903006395e-19	2833958642200001e-20	3620475477167308e-20	28244831221418233e-21	28933294189850915e-21	3365670624815964e-20	2903451199814978e-20	21464051817372255e-21	2850925461274585e-20	31864695363970335e-21	3788510345930391e-20	32504768504860395e-22	11545310610967623e-21
2762919223057702e-20	2795765693144835e-20	27989367487745403e-21	26663201760919053e-21	2781348358875263e-20	22538553963556416e-21	23965583955268393e-21	2474332862393533e-20	22126532619075795e-21	24024468557530824e-21	28418687640369577e-21	24362797244698506e-21	28037386975936785e-21	28037383580450625e-21	33119453039541455e-21	3485826971188073e-20	3405270716973889e-20	4333022403220181e-20	33937607270244396e-21	3495307305069927e-20	3990191183265018e-20	3408811331879707e-20	2365969336024014e-20	32492664215630834e-21	3686237997845949e-20	4711999204888431e-20	30650227358792124e-22	12763982084262928e-21
3254857822230962e-20	3330906578749472e-20	3293344765684669e-20	3188774630202706e-20	32588565812042815e-21	27478739832069678e-21	28265104797395908e-21	29543914690079238e-21	2810185419554876e-20	28592068762830353e-21	3409449061748372e-20	2856026211217109e-20	3311950047321827e-20	2398971995087999e-20	2398969401109273e-20	2454558472709839e-20	22821508815733437e-21	30132923296170935e-21	23405105910984935e-21	23285216574146405e-21	29049178168393714e-21	23547028028953754e-21	17548121853311653e-21	2294552348946626e-20	25569850914019918e-21	30768370493437505e-21	259726135802927e-20	10961416750838431e-21
3394343934314295e-20	34455143765462935e-21	33908843680681755e-21	335480695934142e-19	3443760857179699e-20	27970915743088833e-21	29774483497792513e-21	31166606119408976e-21	27399990081021234e-21	29942897593740022e-21	3778385883945162e-20	30864332111114584e-21	3485830385920903e-20	24545594021724275e-21	29043538492206168e-21	29043554520560508e-21	27537663734305206e-21	35443721645232645e-21	27583446137850723e-21	27970489642971857e-21	3229053910967452e-20	2816559274508906e-20	20334269712221526e-21	27379566173013162e-21	3072833392330405e-20	3699979127055662e-20	3094949357241782e-21	12944452416402115e-21
3271137557329595e-20	3327981243863423e-20	3279264185265471e-20	3230319699374154e-20	3345472089880277e-20	27340844770438568e-21	28518826858102272e-21	32769360822384826e-21	25777728198035336e-21	3188037065386121e-20	3711607432333651e-20	28339609436969058e-21	3405272735669009e-20	2282151175982412e-20	27537631026093636e-21	29578745808695187e-21	29578763134666842e-21	36427360328094296e-21	28515463540468587e-21	29668248996839797e-21	3425606459630499e-20	2948910781195692e-20	21009072647706005e-21	2857747329757328e-20	32181620068034525e-21	38646037147178524e-21	31274627395901945e-22	11789768873513968e-21
42250020602241196e-21	42803170233677215e-21	43007651268508425e-21	41000733795581244e-21	42339174679675126e-21	3413399253347435e-20	3616605979294689e-20	3852492337254865e-20	3322753982740154e-20	36173083936721655e-21	448579234188152e-19	3620477727214518e-20	4333023544171029e-20	30132924345288647e-21	3544368226801187e-20	3642733842707101e-20	3477507445883655e-20	3477507985666537e-20	30213069918627857e-21	31615228418812925e-21	33478389664383036e-21	2939810665037576e-20	2166715903824014e-20	27351701280026924e-21	30141006943704426e-21	392418753066394e-19	6746621828990769e-21	17100562357974507e-21
3313766112622158e-20	3357658910371212e-20	3365343533359025e-20	3222870279949823e-20	3297107667226239e-20	28208575450275747e-21	2866052907349357e-20	3297709727530807e-20	26446826374546324e-21	3011269227265923e-20	35663445903176715e-21	2824485378567698e-20	3393762567633249e-20	2340511344240147e-20	27583422641269028e-21	28515452388031343e-21	302130722663812e-19	36764436216174363e-21	36764425724905845e-21	3617433957241444e-20	4200486063888154e-20	3571919263738654e-20	25069664047847725e-21	3415317659156004e-20	3885716562432868e-20	49592640530521956e-21	3125617188352836e-21	14161761439092822e-21
34009164038205625e-21	3455335874157321e-20	338296123298173e-19	33133218930796644e-21	3417564428782083e-20	2664788886181773e-20	291143915598806e-19	3225942095254109e-20	25841264891307486e-21	3242987604677683e-20	37012519928531514e-21	2893330054016087e-20	3495306872158627e-20	2328520793132836e-20	27970442820266168e-21	29668212793476915e-21	3161520843964327e-20	36174320269920654e-21	3066350476077739e-20	30663520766590354e-21	3313574283843485e-20	29855778850592613e-21	2184595520986086e-20	2756248240585446e-20	30560274903160185e-21	39251946233086494e-21	8323897787086644e-21	13905441258478839e-21
3885556890159995e-20	3962179952647148e-20	3931950367340471e-20	3791039633522135e-20	39477440338665184e-21	3138037191159129e-20	33382264403123954e-21	35637760919961735e-21	30311040882220188e-21	3416403734698288e-20	42370731782688586e-21	3365671477416968e-20	39901906215034535e-21	29049169646930427e-21	3229048621357469e-20	34256027257550545e-21	3347836550247776e-20	42004843160277254e-21	3313571853400413e-20	3410780881500519e-20	341078080910244e-19	3053886841767206e-20	21997605824692665e-21	29234696821016902e-21	3103340582000917e-20	3987458167847466e-20	618616225470445e-20	15567166337822848e-21
3310685725788038e-20	33451959275810853e-21	3303192340590752e-20	32257094434934346e-21	33150807198149074e-21	2733956634564693e-20	28748464846234313e-21	3121825954491192e-20	26094715056888e-18	29674424734563195e-21	36171869740695286e-21	29034542074371308e-21	34088138565856065e-21	23547035917934964e-21	281655713877905e-19	29489098678783516e-21	29398112948464186e-21	3571920425541174e-20	29855781219928304e-21	3053889508519946e-20	3297995449388728e-20	3297992679950751e-20	2270809615825627e-20	31565077154115975e-21	3551495300271686e-20	45929683329850244e-21	18351432323733485e-22	12569036488003353e-21
2322410838552345e-20	2337782523442864e-20	2310310160271517e-20	2267027291394957e-20	23308627842613536e-21	19331282433894182e-21	2044772291574519e-20	22607845788057875e-21	1912547627214668e-20	21138084062190538e-21	24066548530007243e-21	2146407381253156e-20	236597079285338e-19	17548127286151026e-21	20334254852787662e-21	21009069627378155e-21	2166716760684789e-20	25069673668276172e-21	21845956627535804e-21	21997621108258185e-21	22708114051699495e-21	2126745828694425e-20	21267458422909328e-21	28255797360201e-18	31212533352925856e-21	3849935506212738e-20	5764078329227992e-21	15232523822495095e-21
31597602688476825e-21	31972774463207925e-21	3151895011540374e-20	3082881815946985e-20	3177214984456634e-20	25659244172882803e-21	2737469347301272e-20	30098854363396438e-21	25188146134559857e-21	28636639855968308e-21	33709238636256255e-21	2850927709264984e-20	3249268000963421e-20	2294552460388553e-20	273795374811734e-19	28577459933638834e-21	27351705852011273e-21	34153179737379903e-21	27562481838283528e-21	29234716783717682e-21	3156509607760227e-20	2825579286867532e-20	21674470388151274e-21	2167447699600664e-20	2214209167625674e-20	25630044589022856e-21	16363282857741416e-21	11573093653523351e-21
3575737486604586e-20	36253926248648995e-21	36141853000205434e-21	35345087272100836e-21	3568528007977513e-20	29626190389076036e-21	3155145034661216e-20	32899129839852165e-21	2906782380020505e-20	31051688447440215e-21	3944821518844812e-20	31864724924384354e-21	3686240714050522e-20	25569860572911382e-21	3072830863585773e-20	3218161044344814e-20	30141015280954018e-21	3885717994046926e-20	30560279488431366e-21	3103343290808365e-20	3551498320927832e-20	3121253093722679e-20	22142090179786858e-21	2992324527235709e-20	29923240411592812e-21	35657304350347436e-21	24648004291786645e-22	14097530095357254e-21
4519463430205983e-20	4621030971736285e-20	4585951240013655e-20	4422310479994636e-20	4498724164675522e-20	3606831898087407e-20	40436373731614975e-21	4235051297498522e-20	35189192677172257e-21	3950763971904466e-20	53996030711572346e-21	3788513998744199e-20	4712003245168884e-20	3076838354334297e-20	3699975999460935e-20	3864602448717336e-20	392418867694655e-19	4959265793475508e-20	3925194731201413e-20	39874623176175733e-21	4592972553287332e-20	3849935748175815e-20	2563004167923226e-20	356573103027998e-19	4183395274057616e-20	41833959253503084e-21	36804212291619245e-22	12189874880363372e-21
28035073014602036e-22	31526827035234854e-22	25180050306095263e-22	2770880548527109e-21	3879514862604874e-21	3062295608300658e-21	30660489535522273e-22	6648232681887227e-21	22205224121002643e-22	23816146164683705e-22	2598839882036488e-21	3250476738655705e-21	3065022351800584e-21	2597264018697295e-21	30949498769409938e-22	3127465820265908e-21	6746631931966305e-21	31256175178376733e-22	832390263942908e-20	6186172010264009e-21	1835143594096286e-21	576408660783679e-20	16363295223993437e-21	24648017690620922e-22	36804229733626154e-22	28740236650203382e-22	28740189511580637e-22	13345313359383626e-21
12822713716206744e-21	12905211542825636e-21	12894747002863407e-21	1256401397273046e-20	12852643364622666e-21	1201107474547367e-20	11570921679817124e-21	13987276941617913e-21	12020248208090808e-21	13858068791698749e-21	12540750734168343e-21	11545314110285847e-21	12763977969613782e-21	109614134190702e-19	12944437401742613e-21	11789762373268415e-21	17100564074143964e-21	14161758909500706e-21	13905435236182593e-21	15567165464328567e-21	12569038205699132e-21	15232517411756885e-21	1157308814865691e-20	14097527128079194e-21	12189871542197708e-21	13345307541562168e-21	11331411908167713e-21	11331429625969407e-21
