           1   675.87944787295453     
           2   269.14681102291615     
           3   217.42704118386882     
           4   268.26144184495683     
           5   212.07557548928759     
           6   251.67277181718765     
           7   315.53333444732931     
           8   403.94363027792315     
           9   303.63902810026292     
          10   284.24794149290267     
          11   345.50451567704812     
          12   340.69469498343972     
          13   408.39450753966537     
          14   446.85052491910830     
          15   367.40327740861989     
          16   357.91629006304970     
          17   584.03582806344605     
          18   707.50317354550884     
          19   1219.5947323085090     
          20   1209.3485212920164     
          21   836.40833349133641     
          22   527.95064121388884     
          23   377.43181134667270     
          24   262.24808266952829     
          25   214.21016777065168     
          26   179.06039093546636     
          27   199.67581385507219     
          28   235.30044318506498     
          29   225.91194482124479     
          30   364.35798883268967     
          31   559.12397397398001     
          32   1174.1496929883131     
          33   1773.9434265098505     
          34   1477.0370873383495     
          35   1453.0642793117097     
          36   913.19804934328249     
          37   495.74654341943778     
          38   329.38437321488993     
          39   210.64315071406799     
          40   118.91810028056537     
          41   115.31919190336662     
          42   144.87048993270739     
          43   196.28071370298903     
          44   248.61351202629939     
          45   358.83271379883064     
          46   531.24363394115505     
          47   1160.9365136052061     
          48   931.26854507556891     
          49   469.93968136579139     
          50   503.90849352976380     
          51   627.13382030723005     
          52   611.71403732670512     
          53   338.12625064669129     
          54   262.69706549214561     
          55   293.94208679358326     
          56   239.08044358502463     
          57   168.38263181347656     
          58   176.09673777082662     
          59   190.81312097812457     
          60   136.70869937105579     
          61   125.37835260412136     
          62   158.11349759447438     
          63   140.69592589067142     
          64   114.23951560974524     
          65   125.14085513269563     
          66   150.89598346895701     
          67   150.82905057425566     
          68   149.54561838092320     
          69   117.85763766334600     
          70   152.36378576021735     
          71   81.563517330888203     
          72   89.189037901158599     
          73   112.46155984472938     
          74   119.89617225432298     
          75   112.97297625766531     
          76   111.58220208332627     
          77   126.51538099926202     
          78   134.45504964875568     
          79   172.10918917710077     
          80   328.48848989478262     
          81   396.25078831355847     
          82   892.12167626588268     
          83   341.89425774347251     
          84   192.57794890298308     
          85   159.05346765194025     
          86   118.96855544657234     
          87   91.938506149494216     
          88   126.42298789552723     
          89   135.82208759468571     
          90   141.65390669886466     
          91   147.08837540448047     
          92   204.07068381872369     
          93   158.55412360437728     
          94   140.75032855641251     
          95   119.39497007724039     
          96   97.377513716095422     
          97   107.65038778850541     
          98   146.56230285553210     
          99   134.24442533527483     
         100   115.99081326348849     
         101   164.36671991333372     
         102   206.08873624008342     
         103   223.28189238215163     
         104   222.70743499181850     
         105   444.92761007356847     
         106   386.61813572795256     
         107   231.17712118800441     
         108   197.22717394858515     
         109   124.28913591376090     
         110   110.73772695657752     
         111   102.61415185623669     
         112   83.832296101936464     
         113   82.156130972626784     
         114   85.924356055438523     
         115   77.267163089567802     
         116   58.943623939276506     
         117   61.023434921207489     
         118   70.022721788870882     
         119   65.726787465540710     
         120   65.000304266527849     
         121   77.992678847675307     
         122   78.402499547858667     
         123   75.756189889518055     
         124   93.183442354263832     
         125   99.197904193570679     
         126   106.83074161509828     
         127   115.57747065527488     
         128   193.75768604481334     
         129   183.69087944948336     
         130   164.01982815417665     
         131   127.30309426300610     
         132   117.96886440910527     
         133   95.388015217683119     
         134   90.250534620778140     
         135   91.015115263504867     
         136   92.434410720591572     
         137   105.16298980849785     
         138   93.817803071144596     
         139   114.41631473866369     
         140   87.451525258598650     
         141   81.806253622494921     
         142   95.287817960141282     
         143   107.00776252381729     
         144   132.51132174898265     
         145   178.74157176241241     
         146   207.66871657819064     
         147   137.66299198747149     
         148   111.41158726142578     
         149   87.070967844017360     
         150   87.440843983354171     
         151   81.567657685612573     
         152   114.66571282499369     
         153   104.26170848972563     
         154   112.98896281985724     
         155   135.22614657524477     
         156   123.25083621534208     
         157   128.41754999696397     
         158   176.46556548142584     
         159   267.21840390566177     
         160   6727.7830456534548     
         161   24710.571909047383     
         162   21268.322950000485     
         163   18776.549115803849     
         164   7577.8358308428260     
         165   9452.1658773876188     
         166   6898.4094044656849     
         167   7739.9020702329253     
         168   4149.5921788915184     
         169   695.58546555203816     
         170   658.50144536699736     
         171   643.10031530729702     
         172   423.55202348918255     
         173   565.09350280089245     
         174   330.90887562631440     
         175   221.95759689147292     
         176   161.02341519061386     
         177   197.74469915650502     
         178   106.17502452260800     
         179   118.07097684127415     
         180   113.56180091310941     
         181   171.72627766800025     
         182   191.84406185852009     
         183   164.05387954683877     
         184   216.97774766278303     
         185   288.23626629367658     
         186   344.55894892037287     
         187   309.13794151968546     
         188   229.10525279189727     
         189   167.91716558472558     
         190   132.33738646956226     
         191   98.486575785156177     
         192   96.178842160764361     
         193   87.031544976207897     
         194   72.797624945285762     
         195   64.411849129994067     
         196   66.434052719105125     
         197   62.471416574276901     
         198   58.287710087370016     
         199   61.105384416202654     
         200   66.710130579028601     
         201   71.971372623717016     
         202   66.200611164910029     
         203   68.354853781238049     
         204   63.902806156494215     
         205   66.903538086699356     
         206   93.604969615707304     
         207   95.750183218553587     
         208   114.33821102618143     
         209   110.85534368379764     
         210   164.18346071816052     
         211   286.37747166845355     
         212   216.56435510840262     
         213   225.32654323828285     
         214   638.28160420729682     
         215   970.62290596424452     
         216   477.52671989837756     
         217   519.30521991320086     
         218   424.35162942443668     
         219   448.22058601215309     
         220   374.31154972927953     
         221   258.08971931053077     
         222   287.92193521491134     
         223   366.94358442807174     
         224   325.16962180419398     
         225   248.48393055446809     
         226   341.70900595670196     
         227   456.32585718556459     
         228   451.94565119510025     
         229   356.10180095521537     
         230   252.03017998275737     
         231   191.51240355032252     
         232   231.86021921714683     
         233   175.37293343550203     
         234   153.56687114897505     
         235   218.06558821591835     
         236   170.52161334683825     
         237   143.79640958254706     
         238   126.91255585098729     
         239   185.52088082868181     
         240   209.06643430321265     
         241   127.26193178817506     
         242   111.44146028251504     
         243   143.01887423065278     
         244   104.84320911221539     
         245   83.062769406633237     
         246   107.74929730489063     
         247   117.75465803389940     
         248   83.024998159180754     
         249   106.40977668859159     
         250   149.10576023150318     
         251   206.02553169108484     
         252   207.74094423926260     
         253   135.12606794906648     
         254   207.31862543123853     
         255   195.79545124123206     
         256   100.43706983054594     
         257   115.05677147409497     
         258   102.86415614359038     
         259   99.718188409547736     
         260   121.00353406392549     
         261   110.37053353032904     
         262   87.769013320410778     
         263   87.182649316189355     
         264   116.09279554877472     
         265   112.20615510455049     
         266   89.192181959209961     
         267   112.24831121585427     
         268   143.78205467505464     
         269   122.08720920274354     
         270   114.11423695119595     
         271   179.96207411124388     
         272   182.98656481551293     
         273   120.95774712947673     
         274   206.15503256165914     
         275   212.17990159944122     
         276   134.29581743980373     
         277   135.07292440828550     
