           7   3.4493364482285446E-002   6.8026816965278242E-004
           8   4.3773944848353466E-002   4.0551824718426284E-003
           9  0.36415379653346541        6.7957916992723950E-003
          10   6.9168618549872954E-002   8.2591860971346735E-003
          11  0.29276692439089669        1.1381994816734657E-002
          12   6.2716757820703697E-002   1.4811250536434945E-002
          13  0.16083920448948708        2.3217758773818108E-002
          14  0.22957127464505733        2.5212602938727475E-002
          15  0.36174035303961261        3.7393211188612122E-002
          16  0.29993003539555479        4.2974032140885805E-002
          17  0.27666269497489843        4.7195673927179417E-002
          18  0.42301419908254823        5.8163540310281259E-002
          19  0.17174052698897779        6.3429483954089622E-002
          20  0.36094802888298683        6.4219874692509879E-002
          21  0.16036926056758655        6.9397089802221160E-002
          22  0.27020631645691162        7.3078633036831570E-002
          23  0.33474020544902816        7.7845135057107967E-002
          24  0.19268910305825654        8.5319931338011010E-002
          25  0.16129865490424247        9.1087842870044011E-002
          26  0.31103407458802629        9.1718830260660841E-002
          27  0.16237307773629245       0.10155086746840503     
          28  0.10764224015136316       0.10636926533974479     
          29  0.17161575804752940       0.11103118764381660     
          30  0.42322952092431254       0.11616640448778248     
          31  0.37587509795108320       0.12534918314278842     
          32  0.29576740983718136       0.12809333609125906     
          33  0.26193723277761305       0.13469159077466894     
          34  0.41427887779404093       0.14829737803831142     
          35  0.46360395819337513       0.15676884489687229     
          36  0.43874987428992995       0.16384567652631479     
          37  0.56731091966708536       0.17203044786584415     
          38  0.37497522088775015       0.18029331094862774     
          39  0.26794940969371717       0.18885337678307293     
          40  0.32777785690907890       0.19485309528508157     
          41  0.56945322604521331       0.19662887469288581     
          42  0.18845560430684080       0.20675374909333738     
          43  0.29241512515656043       0.21380568607329908     
          44  0.13985238401753988       0.21718089079242442     
          45  0.47590672984114368       0.22315992488349451     
          46  0.22229823227252193       0.22867683796742205     
          47  0.44376758402981603       0.23457427437298597     
          48  0.44600310556298983       0.24054699349144351     
          49  0.40796857135400050       0.24386809046544611     
          50  0.50991643732519554       0.25573323036851486     
          51  0.44928409275041586       0.26803868258163360     
          52  0.22013493783404897       0.27548721646793611     
          53  0.26039288687607709       0.27645346884974070     
          54  0.31207337750126268       0.28252275328102722     
          55  0.39997020171189285       0.29399099515842125     
          56  0.18597253772462166       0.29931580634456190     
          57  0.44168750896015657       0.30451187594932605     
          58  0.38255102125902324       0.31402093119767061     
          59  0.50722419360768201       0.32262909121836353     
          60  0.36081494405102948       0.33092549074318706     
          61  0.45139590431762938       0.33377253650524297     
          62  0.55276501807747724       0.34066594391581417     
          63  0.48085566099259963       0.34671108022220720     
          64  0.61633461080056184       0.35485450438855964     
          65  0.30537766809793532       0.35991585094701573     
          66  0.58654086989732823       0.36863740518617627     
          67  0.57627704356049425       0.37653514875931321     
          68  0.54200048141406898       0.38201987809706572     
          69  0.51982800351167890       0.39608800332236238     
          70  0.52697409941621642       0.40185189028751439     
          71  0.31120378819374545       0.41633292009398337     
          72  0.38189124945331210       0.42304020107704376     
          73  0.43567983718348985       0.43146508107731302     
          74  0.48880570747898450       0.44446514865062664     
          75  0.51234439943553900       0.45376449118613765     
          76  0.40249390227831777       0.46327384549521367     
          77  0.48722158401824950       0.46817204792197914     
          78  0.38596970601451691       0.46982629124932535     
          79  0.54348377215425370       0.48622949927722253     
          80  0.30401584708582058       0.49308973105559212     
          81  0.31755166295091702       0.49866297757143480     
          82  0.22245794113880157       0.50021071180602872     
          83  0.26838133066931869       0.51270716898985713     
          84  0.45052117639586614       0.52037441980179078     
          85  0.45469185139517543       0.53364227056083824     
          86  0.44580543937603784       0.54404303415033739     
          87  0.54738306842440021       0.55967846628922824     
          88  0.50943235518972851       0.56546710369016362     
          89  0.60504172432719205       0.58376272672039975     
          90  0.42893774778604243       0.59014981506269204     
          91  0.37123443194701855       0.59586557516674410     
          92  0.36643647318256711       0.60600720502973260     
          93  0.46812088496894710       0.61097855204940510     
          94  0.40250036196595401       0.61896774411272304     
          95  0.43080098195565608       0.62209875356681166     
          96  0.47776378864815860       0.62419977031475449     
          97  0.48774185231237965       0.63507899059634032     
          98  0.37473316871917717       0.64945702447514497     
          99  0.47787548773636307       0.65400094455079028     
         100  0.55451888644198399       0.67674864445587612     
         101  0.44745797749673255       0.68528198480597258     
         102  0.49215424997843604       0.69562247011040579     
         103  0.55095899086798694       0.70307005982277648     
         104  0.42041415026765150       0.71013404325918728     
         105  0.36022382759916849       0.72000911976318493     
         106  0.39925940555885259       0.72340685397707882     
         107  0.29402058731777342       0.73069144851406820     
         108  0.48035907512559939       0.73659813652127781     
         109  0.47601847126013197       0.75461229684797970     
         110  0.37903660582543092       0.75560158695086566     
         111  0.41603827688354406       0.75919305110877422     
         112  0.34156756721937276       0.77211451407263143     
         113  0.44380158695836841       0.77920846713704750     
         114  0.38532496371498293       0.78559393270638700     
         115  0.35002540671596477       0.79973470756967346     
         116  0.46859968364823751       0.80340035456699421     
         117  0.43733701679656856       0.80750106465276150     
         118  0.39855778835810146       0.81466297933637866     
         119  0.41013546322460087       0.83121678208190219     
         120  0.51360996328282449       0.83538240321204849     
         121  0.28301980797647791       0.84873748290794981     
         122  0.40201604317550588       0.84944276953495002     
         123  0.48235113490458237       0.87248380500558909     
         124  0.20878267811695014       0.87431614927335988     
         125  0.39663175734063255       0.88530566987089765     
         126  0.48790863576197224       0.89157992556746390     
         127  0.24737673629427415       0.90891016630010679     
         128  0.36088909850378759       0.91815442385855994     
         129  0.42397313517856589       0.93138571194365438     
         130  0.30900503908361460       0.94101091590708164     
         131  0.38710283238159815       0.95204469379517942     
         132  0.45673831990187486       0.96068124760207840     
         133  0.46567885912360962       0.97696708156443557     
         134  0.40437217909364376       0.97961241946973621     
         135  0.46409096448904158       0.98556187912287596     
         136  0.38142131446944205       0.98990876935684169     
         137  0.51287401368153751        1.0034494671236895     
         138  0.47262342525317164        1.0144778751928256     
         139  0.37327060104543153        1.0187019205115502     
         140  0.28820813972674653        1.0323320001000094     
         141  0.49873977998512387        1.0370971110737084     
         142  0.44471950060050153        1.0500853947184883     
         143  0.40194039900593109        1.0614761597239959     
         144  0.36410068531590550        1.0731069981197754     
         145  0.49156787104846572        1.0787002951510463     
         146  0.26434057180901038        1.0917119492083180     
         147  0.42537871771239799        1.1010733724805311     
         148  0.47520354326562647        1.1115889134487027     
         149  0.49079517543756007        1.1178137338514975     
         150  0.45055172040064934        1.1259006960181337     
         151  0.48854797928406457        1.1388656470738148     
         152  0.50084213063339367        1.1579511406082255     
         153  0.48564263307439132        1.1679266510986914     
         154  0.47634584183908368        1.1715144200246201     
         155  0.43019607790366682        1.1908850481520907     
         156  0.22723586761206538        1.1996047863125348     
         157  0.53411304163848439        1.2064310664722069     
         158  0.51589343158296253        1.2117074714889640     
         159  0.18261892995630008        1.2214067433008526     
         160  0.50610191540278804        1.2380194607882462     
         161  0.51063930961478465        1.2470148051836922     
         162  0.44768061566449385        1.2518126449803717     
         163  0.54742275142807539        1.2675156425012881     
         164  0.29087255521881517        1.2768735477320712     
         165  0.55044093243723113        1.2884252957739228     
         166  0.41873201072871552        1.2990048149133364     
         167  0.39642075445622627        1.3027530573110451     
         168  0.39015058958223414        1.3127386111689201     
         169  0.50657386510160118        1.3235958231244680     
         170  0.53614166131467178        1.3354713479453941     
         171  0.52250025170241199        1.3563786999807335     
         172  0.28036832535708578        1.3765639093347100     
         173  0.48579131106188483        1.3832653782454858     
         174  0.57575903648368210        1.3997830746593050     
         175  0.38975703612778884        1.4105338575831368     
         176  0.40249943260330984        1.4196181988024013     
         177  0.45333655806210077        1.4276935738891463     
         178  0.58849684801338986        1.4378555921768286     
         179  0.50486280326048782        1.4445009941750544     
         180  0.53019164757404480        1.4541412071065993     
         181  0.36588445734372282        1.4612877256077590     
         182  0.42833668329670072        1.4746620825249315     
         183  0.61804272795859805        1.4757797761822176     
         184  0.48696065732992366        1.4808087886476158     
         185  0.48297451144451387        1.4845361424688717     
         186  0.39683166148247900        1.4980948110446923     
         187  0.51289270738638293        1.5130938575179493     
         188  0.38381579711846431        1.5206246007101705     
         189  0.40673256509966660        1.5300646417760209     
         190  0.33454737109330362        1.5373321879356270     
         191  0.50116149619291850        1.5472062371347544     
         192  0.47479468074106895        1.5671232679850358     
         193  0.46559205458862279        1.5725910329495862     
         194  0.47704882778198793        1.5842876617163175     
         195  0.48052954219672728        1.5947388769562183     
         196  0.37843781887082972        1.6030729783670656     
         197  0.53128650194609828        1.6119193879379927     
         198  0.45795340910941068        1.6167670149093609     
         199  0.50842139824203880        1.6240856449114638     
         200  0.39177277291461710        1.6459211357096455     
         201  0.44059749332840520        1.6495112520296622     
         202  0.47895808571746523        1.6681607991577854     
         203  0.52571983574085235        1.6749452098749169     
         204  0.49827875975559466        1.6783937828933122     
         205  0.49613530163780739        1.6891778200792260     
         206  0.46312282658616105        1.6979776688827695     
         207  0.43911508148183676        1.7106336066151755     
         208  0.45392577946264628        1.7133052899717536     
         209  0.42355232681964816        1.7272373467185340     
         210  0.47921429136970733        1.7390949541041065     
         211  0.41685033138538802        1.7503447916282262     
         212  0.53571733017053824        1.7565222564568044     
         213  0.32202390543402076        1.7699599974098428     
         214  0.44648923481617209        1.7739315107515463     
         215  0.36769749893535508        1.7895137499102172     
         216  0.46093276496972846        1.8061975351252795     
         217  0.50666414721466480        1.8182577562621474     
         218  0.38666115743405421        1.8270795950250576     
         219  0.51283963168262148        1.8309075863967952     
         220  0.47148175223568495        1.8513131836388288     
         221  0.44069774159545161        1.8596312317385677     
         222  0.27713400974411057        1.8618043186820445     
         223  0.43491025624080920        1.8701868507283417     
         224  0.45979540361629267        1.8725660039191594     
         225  0.22799451596194520        1.8957781428347635     
         226  0.44907887760000315        1.8976929561939879     
         227  0.54614813789306915        1.9008847449638109     
         228  0.44628909807810557        1.9205841337688567     
         229  0.44088387596142287        1.9312001735233344     
         230  0.41090119991035201        1.9378286220178795     
         231  0.43028922151784144        1.9536879824798190     
         232  0.37824937939725706        1.9559515650160715     
         233  0.57358455866805103        1.9611833082655323     
         234  0.48293932551801105        1.9714121787790351     
         235  0.54890176613301767        1.9757851920524327     
         236  0.45642782624860795        1.9868275174890657     
         237  0.56339527053681582        2.0069332019361616     
         238  0.44717475092782000        2.0218737456073499     
         239  0.45710117931004746        2.0258712994011212     
         240  0.40046460463341577        2.0352428905481941     
         241  0.53115479818182199        2.0389812968208578     
         242  0.54705144451982335        2.0447693363059991     
         243  0.33050994103200243        2.0491314742933526     
         244  0.34182152938825883        2.0547036819012381     
         245  0.28770098597896360        2.0646914861712666     
         246  0.38518054647659072        2.0668770793143532     
         247  0.46739193658363959        2.0852518292913040     
         248  0.40466508033975446        2.0872914825111559     
         249  0.20209457429296204        2.1016733276344994     
         250  0.31857722590312976        2.1075535102916851     
         251  0.51658311444418359        2.1143932898013911     
         252  0.40524949650587150        2.1310585819718826     
         253  0.54000049402624217        2.1383426980523663     
         254  0.45049511581846524        2.1495159917091318     
         255  0.47726557120657276        2.1617039357854799     
         256  0.42977941400874198        2.1667225833786969     
         257  0.34326326025122178        2.1737360380725703     
         258  0.50054903907098702        2.1831255196490558     
         259  0.50712957281288695        2.1915394521496885     
         260  0.50851056873733003        2.1927974629071425     
         261  0.42615692835865082        2.2036266342802944     
         262  0.58615042461596600        2.2152989702419981     
         263  0.49984067539917487        2.2217881375668971     
         264  0.46614859406821346        2.2320300002684821     
         265  0.41765580811720826        2.2411341088411478     
         266  0.48171310589426714        2.2495398921887464     
         267  0.42392981301714344        2.2551812065179395     
         268  0.45710134972884353        2.2615532624452177     
         269  0.47805124955708145        2.2730110532227465     
         270  0.41275903984789453        2.2824741940801214     
         271  0.56684389606806207        2.3096964601720034     
         272  0.58044355736977504        2.3113246594751446     
         273  0.61489514464704309        2.3154827718299598     
         274  0.51610196961177701        2.3403180568894126     
         275  0.55141818679891241        2.3497646875067320     
         276  0.49479348340649637        2.3540331575017350     
         277  0.55122555095044434        2.3613061220817695     
         278  0.33646088291783610        2.3730803020807518     
         279  0.42632186154671642        2.3856138672860139     
         280  0.49075230019848964        2.3960051786691960     
         281  0.46506537111898061        2.3996533913598661     
         282  0.50822098620550138        2.4083956728476950     
         283  0.37018167398791224        2.4253233205535190     
         284  0.33842927320137967        2.4277848597656964     
         285  0.50835325006408150        2.4368867911677263     
         286  0.45880762507531220        2.4485562167508492     
         287  0.42077898511679246        2.4575205873238417     
         288  0.55446749515024063        2.4727266050404499     
         289  0.48176047832646141        2.4793686804359107     
         290  0.54832956203942418        2.4929673331975675     
         291  0.48766379803195842        2.5077606946662820     
         292  0.57191800777317936        2.5143037365831455     
         293  0.47530588719878952        2.5283336770608003     
         294  0.50885846521142175        2.5340487764364310     
         295  0.39417429974417539        2.5452383574129871     
         296  0.51979202609640751        2.5506541938598795     
         297  0.59153649117624452        2.5555370080323025     
         298  0.32355893102894689        2.5619570393726780     
         299  0.49795236657260250        2.5758292639978122     
         300  0.53678585450561700        2.5863197213482318     
         301  0.44743555963587495        2.6103621276572855     
         302  0.54469994894552221        2.6170954407131095     
         303  0.24246037918756380        2.6236088352308444     
         304  0.44395370789591793        2.6305322612382063     
         305  0.44525845880169751        2.6403963676642404     
         306  0.48050230047005726        2.6453462213504020     
         307  0.44966854682758717        2.6519930308963158     
         308  0.47244963108410010        2.6626745485747545     
         309  0.45186349441857004        2.6686380381579187     
         310  0.49423079260143926        2.6722081591722286     
         311  0.40830560850540221        2.6811730129004263     
         312  0.44727095243287823        2.6935212540729849     
         313  0.54101515302516612        2.7058625834617329     
         314  0.36921218470411404        2.7275624270715948     
         315  0.48327075811059750        2.7355247100265156     
         316  0.53128691827648056        2.7370006771986475     
         317  0.42032543566692027        2.7481978490613939     
         318  0.44899854906226383        2.7606240483886006     
         319  0.46225662531673167        2.7700498210481626     
         320  0.51070965706280380        2.7803456071572556     
         321  0.41250384023323272        2.7913611521207886     
         322  0.52253931780734519        2.7969404306894665     
         323  0.45854935952929438        2.8124865322907282     
         324  0.54241755516774737        2.8213688445923086     
         325  0.40847654242293624        2.8298314282543764     
         326  0.51265910578315121        2.8377282694726236     
         327  0.48514549775674187        2.8439824015589701     
         328  0.40679451438697872        2.8559882129702321     
         329  0.46691290653970607        2.8631249168825947     
         330  0.50334290481271560        2.8658382411875083     
         331  0.48724568265311302        2.8797358465769642     
         332  0.45559526784146742        2.8811442389646005     
         333  0.55842704452135972        2.8884193628148651     
         334  0.51070708003425980        2.8994926771419820     
         335  0.34100003633698506        2.9076595771035287     
         336  0.47500028686138401        2.9162654848641165     
         337  0.53940626303293082        2.9201348717357276     
         338  0.54481081715170498        2.9226491469167790     
         339  0.29176469562392360        2.9361442156838335     
         340  0.55871269235650378        2.9433162711153935     
         341  0.44870568275212686        2.9511592792579244     
         342  0.44230465423294429        2.9640910158269431     
         343  0.57905626476877581        2.9704671159783902     
         344  0.52286718273256905        2.9749696674034833     
         345  0.48115424180660155        2.9813729336630264     
         346  0.36970520830140285        2.9975290246028332     
         347  0.55709462247133756        3.0010336362151921     
         348  0.52261531854044785        3.0032000248440105     
         349  0.52422921972494974        3.0154174378033916     
         350  0.40689805484319591        3.0294414349738021     
         351  0.48298639758865608        3.0434586522803109     
         352  0.53329810582587300        3.0607946507392607     
         353  0.38405643643235787        3.0616881707901498     
         354  0.53408886267437916        3.0732164330804048     
         355  0.52943058475247573        3.0875756520536495     
         356  0.45586458464608637        3.1084231818728605     
         357  0.57131109381233935        3.1131326114183384     
         358  0.49932683767831543        3.1215585017166885     
         359  0.42968722650719576        3.1256107596016021     
         360  0.49039193531769770        3.1299513366336740     
         361  0.45855191513606230        3.1405413431474067     
         362  0.55039366188117078        3.1477907804692871     
         363  0.39578816024752073        3.1592997355253365     
         364  0.54019165974175876        3.1661721627622783     
         365  0.48379619153815934        3.1729217945419461     
         366  0.54371673627165507        3.1943750477958974     
         367  0.42039445728942509        3.1999509284672940     
         368  0.50841322489789498        3.2057524729880744     
         369  0.42777701362231385        3.2105683019047917     
         370  0.42447733010509947        3.2320572469924760     
         371  0.35972665162620909        3.2393434629245927     
         372  0.55844877873609777        3.2486151962063983     
         373  0.48205692998972011        3.2521071979101763     
         374  0.52416211724994199        3.2581326206202395     
         375  0.53660360831283149        3.2718732833328326     
         376  0.39819883654698446        3.2797455842671606     
         377  0.55345957422623604        3.2870484369869781     
         378  0.42927048248391703        3.2941013140773818     
         379  0.46886673332950152        3.3094444952795734     
         380  0.37473430148995307        3.3211973566231654     
         381  0.41035389176260950        3.3295162308847197     
         382  0.53287588064566693        3.3379038411571087     
         383  0.40794095185312867        3.3398645888446614     
         384  0.54658266795887489        3.3513862223805044     
         385  0.34225411166282910        3.3626114755473875     
         386  0.49152025971993157        3.3738174656850028     
         387  0.44787549950906852        3.3823062607518954     
         388  0.39338595598245091        3.3838260988828233     
         389  0.49683616934884284        3.3918877316115958     
         390  0.49254363853576982        3.4046540429565426     
         391  0.45040762837226306        3.4098465203807962     
         392  0.49312633788978999        3.4215390977484370     
         393  0.45031716148485773        3.4362737381110011     
         394  0.54377712408016543        3.4465739722146256     
         395  0.40037110351834904        3.4536704170734187     
         396  0.54101343318119643        3.4696674230515918     
         397  0.51598294572994019        3.4733779497498576     
         398  0.48290553839973643        3.4869099363135376     
         399  0.37764391035009176        3.4916210684831812     
         400  0.35603845874487167        3.5050427740234307     
         401  0.46746941519461110        3.5091536508702106     
         402  0.47655561856347478        3.5226042929521570     
         403  0.48146827857588609        3.5254431550597611     
         404  0.39167331201047262        3.5315290790799940     
         405  0.44935713762699558        3.5420155464804881     
         406  0.44050216126771891        3.5618380800481462     
         407  0.29771419782331066        3.5713784576856540     
         408  0.26549720226338425        3.5723186617540530     
         409  0.31460543577849021        3.5841659466236582     
         410  0.39867797774973979        3.6000345676731027     
         411  0.51301691538659044        3.6039651507307191     
         412  0.45745813579512989        3.6074600262035164     
         413  0.40559692139754833        3.6162023525930036     
         414  0.49009151887390506        3.6255821518689975     
         415  0.58902131887412790        3.6350787745326953     
         416  0.54876188633104850        3.6559645329055099     
         417  0.53301543574994703        3.6625974088124345     
         418  0.48870420751958654        3.6686716562592174     
         419  0.45735755020201979        3.6784600645415839     
         420  0.49237831387182834        3.6868736651213929     
         421  0.48656854300675562        3.6921801962304510     
         422  0.52821244443410509        3.7201016691147704     
         423  0.47677704505221663        3.7222146157118488     
         424  0.52786344120897555        3.7239449277182253     
         425  0.52470782626141410        3.7371236962318384     
         426  0.48907821567230630        3.7517279025055292     
         427  0.48901076687212658        3.7595795731236188     
         428  0.51859936579821120        3.7726738200208585     
         429  0.50578893151862636        3.7781612276662373     
         430  0.53179902182743688        3.7824704182516848     
         431  0.47672095516808999        3.8031204514496646     
         432  0.33780567547167090        3.8172690785236827     
         433  0.49679444734266576        3.8199564355198845     
         434  0.58810166802926400        3.8271396080502522     
         435  0.48942290649423803        3.8336199069328902     
         436  0.49479377106749456        3.8449301428704912     
         437  0.47194772578091565        3.8631538622743840     
         438  0.54256604226216509        3.8646922208602543     
         439  0.52929915599381805        3.8722064257398014     
         440  0.52791979702615999        3.8866546513149958     
         441  0.53118077052336399        3.8918937337392800     
         442  0.50645648680291167        3.9088623636973940     
         443  0.48019609426627591        3.9165171772264959     
         444  0.46614099048004554        3.9313941226553069     
         445  0.49944727928481769        3.9362019905726320     
         446  0.37250016834518435        3.9506020411131937     
         447  0.53998265210079244        3.9585063398293072     
         448  0.50939216458859793        3.9656181194237270     
         449  0.53522682443179626        3.9758227876998493     
         450  0.48210320055099415        3.9945777651227359     
         451  0.52163539773267220        3.9961519469399112     
         452  0.34388952493931535        4.0147185987310765     
         453  0.43086485162108551        4.0278383952912575     
         454  0.53761809113908565        4.0321716876323181     
         455  0.54768870617565191        4.0485626017449823     
         456  0.53848832803529401        4.0519082952942655     
         457  0.43315675347098359        4.0631341089879607     
         458  0.45699853751976299        4.0879150943385314     
         459  0.38310063263884847        4.0898040008459082     
         460  0.51990864871478060        4.1077452976961224     
         461  0.43968372534783967        4.1161391829195590     
         462  0.38532938587554122        4.1241659610006032     
         463  0.50717141342413030        4.1422934740168342     
         464  0.46754030595022361        4.1656986216272953     
         465  0.41740108333272441        4.1716290810076639     
         466  0.47462376248675614        4.1744040377236944     
         467  0.44648860843891586        4.1912843380851950     
         468  0.60099373399111911        4.1986644463414002     
         469  0.48125708117386867        4.2141348911111915     
         470  0.41573704377697834        4.2241704439170240     
         471  0.28654811569326216        4.2302480278495125     
         472  0.31197312482453904        4.2322189309225466     
         473  0.41792260928613628        4.2493656672578117     
         474  0.51167454126038592        4.2791584925783734     
         475  0.48917208199070994        4.2947881337052927     
         476  0.50553258102828857        4.3065581018707855     
         477  0.49024778128301078        4.3152157406140859     
         478  0.48762354693327842        4.3242480204347444     
         479  0.49212195126834796        4.3285087277555574     
         480  0.43184040207664831        4.3496422358747058     
         481  0.52070272202519530        4.3522348780736655     
         482  0.51262493528179409        4.3657446061510061     
         483  0.32048403796854252        4.3737746238144881     
         484  0.51039460943061876        4.3881040426158631     
         485  0.54131161639079939        4.3907635406943895     
         486  0.39968719368163835        4.4058135516860633     
         487  0.51934785842063425        4.4237828606375853     
         488  0.53889245486178228        4.4450604558294931     
         489  0.44946018947920086        4.4495948061400457     
         490  0.48644856778964868        4.4571126821889466     
         491  0.53927703821987150        4.4825138151298525     
         492  0.45954414858954989        4.4902180092518309     
         493  0.37749848477762327        4.4960239636008374     
         494  0.36572987805737267        4.5017736063655835     
         495  0.41182931367565900        4.5150006127047595     
         496  0.51651613215312797        4.5228067738703910     
         497  0.53450972430641175        4.5283266502817403     
         498  0.50618343118724562        4.5363212511895288     
         499  0.51131418372682103        4.5475561595190532     
         500  0.46391604378169560        4.5572316370597408     
         501  0.54293316259731050        4.5753225293429516     
         502  0.48902975790149000        4.5783039064595235     
         503  0.58488894019150450        4.5909818696720972     
         504  0.46681317966050878        4.6148524067288683     
         505  0.55390557652226569        4.6272269100486696     
         506  0.55765353593010880        4.6480000267187229     
         507  0.53236517043984877        4.6542230708328578     
         508  0.54298192144668755        4.6627220657889090     
         509  0.43836453549480053        4.6949411077744205     
         510  0.39755119079799944        4.7065056515825390     
         511  0.39979527649325475        4.7221000561070161     
         512  0.48082323586301523        4.7313629924437475     
         513  0.50033954239560052        4.7375520777457378     
         514  0.42334770200897909        4.7522711287033381     
         515  0.43287589493867540        4.7666420692314331     
         516  0.43751564642048885        4.7697699077779081     
         517  0.51238123651256351        4.7973672300506429     
         518  0.50866326301061626        4.8023495151728772     
         519  0.52951975058026290        4.8233044094770205     
         520  0.50134393678086131        4.8285905968483460     
         521  0.45306933838900593        4.8379384689862386     
         522  0.55322019690263224        4.8396520970747012     
         523  0.50803481213454915        4.8488235294593549     
         524  0.44704902300542221        4.8784159566450338     
         525  0.57016408337994018        4.8897412490148797     
         526  0.39483488726837385        4.8993880387290965     
         527  0.52311432113877110        4.9072758952758937     
         528  0.49718594777514313        4.9186391459235592     
         529  0.52397267798540659        4.9314053829125593     
         530  0.49677219758511776        4.9463957845209565     
         531  0.45428162915883513        4.9543991085733285     
         532  0.55481045440826027        4.9688175497499936     
         533  0.55669796852099884        4.9745453768560477     
         534  0.53854996231116392        4.9928642455439505     
         535  0.60241177877714414        5.0130664369437401     
         536  0.58515232583053634        5.0277506068404625     
         537  0.54621372730830620        5.0401660886495732     
         538  0.58706254244348688        5.0420800751175676     
         539  0.44277895792658900        5.0612767569497512     
         540  0.57553563609812708        5.0671570359594513     
         541  0.49888867517272889        5.0816845939857940     
         542  0.53978402150914562        5.0964156122511675     
         543  0.54488238057030725        5.1071236860913762     
         544  0.48501805654194691        5.1192802743727652     
         545  0.45362543935595473        5.1301715806383879     
         546  0.53900300970747361        5.1495987102018361     
         547  0.52900668098602699        5.1569951972159913     
         548  0.42063768392193002        5.1657991568508477     
         549  0.58697500280354731        5.1946785714878931     
         550  0.51231300965993054        5.2009163982809206     
         551  0.60351714353097918        5.2196146259453426     
         552  0.48259700348991003        5.2392767680497174     
         553  0.54397052833632142        5.2503813955421359     
         554  0.53046860638617477        5.2665246176128759     
         555  0.56523221948269531        5.2746382181934797     
         556  0.31171025391909951        5.2829177767138145     
         557  0.58367258071007577        5.3006241693697005     
         558  0.54071348880292691        5.3109242112393114     
         559  0.48187470442728370        5.3179214825617267     
         560  0.50403981348344407        5.3388577719801384     
         561  0.50629657180717114        5.3613890520105931     
         562  0.51316714541195296        5.3734441853837742     
         563  0.47845388572390923        5.3831757982927906     
         564  0.32566758797807899        5.3913434883150693     
         565  0.54253799623119325        5.4041022125106686     
         566  0.44505042048393634        5.4140581959304948     
         567  0.40068452503599039        5.4317974571038583     
         568  0.50848035096776212        5.4404161743361863     
         569  0.41690252552355483        5.4413393175474880     
         570  0.54224936191065420        5.4578370472636211     
         571  0.51587362609225496        5.4686536388002516     
         572  0.54973377264345846        5.4844627771079626     
         573  0.51952652733573124        5.4876488261275513     
         574  0.49905487032518131        5.5239685604607009     
         575  0.53501178819391659        5.5323473222439699     
         576  0.54316841131254590        5.5581921042888185     
         577  0.33680403861106900        5.5632053923267000     
         578  0.53857288343609255        5.5754008154538424     
         579  0.51398008497827730        5.5941242193301708     
         580  0.47642844991253086        5.5995613645137094     
         581  0.53542706737106704        5.6058350443262013     
         582  0.49443258657243661        5.6162474822462967     
         583  0.51288773966848167        5.6291671591721313     
         584  0.54373443440651914        5.6342840118138637     
         585  0.49975368048839064        5.6464855117086961     
         586  0.48336398856708279        5.6625932456649517     
         587  0.36074118591778304        5.6875380914941838     
         588  0.38905622194209127        5.6959540174376615     
         589  0.43664884553296546        5.7084685052274251     
         590  0.43845682773202255        5.7207444287078921     
         591  0.53419789112011751        5.7314439808944373     
         592  0.53099253236838662        5.7550433983319156     
         593  0.38515663251372906        5.7600062364821047     
         594  0.54134841475204365        5.7675001731611371     
         595  0.51922786074412031        5.7830305210209350     
         596  0.51930719896362143        5.7917226654981118     
         597  0.53671661562392980        5.7968012528514450     
         598  0.57922995684227374        5.8228929392502762     
         599  0.47060387339121329        5.8384464187107081     
         600  0.53297917757144742        5.8516936458129054     
         601  0.51979144208132644        5.8568941025604211     
         602  0.38893405848475043        5.8627850770781338     
         603  0.52279901158415620        5.8819283900324866     
         604  0.47436502793003710        5.8833700038902705     
         605  0.48493474713846069        5.9078869081598544     
         606  0.49427410174453146        5.9183986040854029     
         607  0.52913843101371671        5.9343699015305669     
         608  0.53029433648096769        5.9586335701002273     
         609  0.49326016609978873        5.9640865031062322     
         610  0.41379137153001716        5.9801638508051322     
         611  0.55605216797540502        5.9845184824582391     
         612  0.47123730826609161        6.0077922928935719     
         613  0.47961366321896315        6.0152407877222460     
         614  0.55897460261078102        6.0227479178448204     
         615  0.51730739357508781        6.0359078960904924     
         616  0.58251785668115275        6.0514997421902397     
         617  0.49736008983059954        6.0661503583073797     
         618  0.49734753354298439        6.0778229388212672     
         619  0.51216316097633385        6.0994796248065422     
         620  0.47194427968581798        6.1026415679467636     
         621  0.50750684221995257        6.1290760978376051     
         622  0.46452942527281893        6.1386035886948473     
         623  0.47753061603106156        6.1578516101095859     
         624  0.51455520968462409        6.1779923732690349     
         625  0.39352554415858898        6.1791743799366241     
         626  0.51599414976624969        6.2103485389462074     
         627  0.54827806007018898        6.2198335600557604     
         628  0.49947221060254748        6.2398518633285809     
         629  0.44012028751574839        6.2488189824950773     
         630  0.52474332861206463        6.2554052970205491     
         631  0.48757009129064882        6.2602290734832664     
         632  0.48594968627855251        6.2691930997438980     
         633  0.49515334833851832        6.3117460534518148     
         634  0.50010383354712185        6.3269452845916856     
         635  0.45075787397023009        6.3416905020904242     
         636  0.48428839082867631        6.3466843322482847     
         637  0.48395572470835324        6.3607155734263960     
         638  0.54598767472611132        6.3632117261430272     
         639  0.54909383781023524        6.3914823653136699     
         640  0.42648330225457565        6.3984535348167881     
         641  0.46456299726143629        6.4167669207343430     
         642  0.42978536759375396        6.4199616431354425     
         643  0.47269287792373982        6.4335269230182366     
         644  0.40709607803369119        6.4458564323669147     
         645  0.51830671951977325        6.4519571372911226     
         646  0.52182422588494370        6.4691425344207847     
         647  0.40424841406022077        6.4755273496129346     
         648  0.43725809073272226        6.5054795777021104     
         649  0.42545239281085417        6.5095103385657476     
         650  0.48797321709929353        6.5272007209281302     
         651  0.47720156908508360        6.5377968738202901     
         652  0.46690006385223221        6.5586616252139729     
         653  0.48224733294551225        6.5730780004346379     
         654  0.55439950839759178        6.6171953901374101     
         655  0.45611597943451049        6.6306616469217143     
         656  0.48771915099965985        6.6355915096479663     
         657  0.44349888548348965        6.6464346812624688     
         658  0.52836274995643118        6.6631436260894219     
         659  0.39328525481678117        6.6756514894269960     
         660  0.52106107065327945        6.6907686935020623     
         661  0.53095481164647773        6.7046695017451645     
         662  0.45614977933713990        6.7180823783821664     
         663  0.51153407335251422        6.7226579977362988     
         664  0.46321083949619712        6.7453402966360683     
         665  0.50064866186083923        6.7585048771035918     
         666  0.49625334531918386        6.7816111759533442     
         667  0.49602696460064472        6.7881154403082311     
         668  0.52225637052146912        6.8000410542817340     
         669  0.46146646118243784        6.8194603096667832     
         670  0.47378493366548230        6.8316670443155800     
         671  0.51828635103245391        6.8461591673738065     
         672  0.49780545502570728        6.8742372280044304     
         673  0.48918269102209910        6.8868636419422629     
         674  0.56183178548193380        6.9102909093271121     
         675  0.51113238941603678        6.9369006883770767     
         676  0.45137629590485978        6.9489653393411075     
         677  0.52427144200118403        6.9714481759656381     
         678  0.41191058701696698        6.9730671418343366     
         679  0.49905843199391176        6.9886698534540912     
         680  0.54017986005092078        6.9984890323263889     
         681  0.47502596904709138        7.0082222466039710     
         682  0.39425213613906229        7.0312638015141351     
         683  0.44028933098877099        7.0389957988905660     
         684  0.47045816294453940        7.0498483817339714     
         685  0.50662731469691946        7.0948036618176378     
         686  0.47208615029827361        7.1079289442934979     
         687  0.46251574740447882        7.1328548324524430     
         688  0.42646940798813499        7.1610956493658513     
         689  0.44150331302407225        7.1656679056738337     
         690  0.44677195674579773        7.1832069762169617     
         691  0.50183867058128451        7.1902811812268776     
         692  0.30745333812999781        7.2235472696104646     
         693  0.52762141394312945        7.2356844436370231     
         694  0.53550994979407029        7.2514159906718367     
         695  0.45511880603673754        7.2669677003751270     
         696  0.45845685823090665        7.2750896377279615     
         697  0.46711995876978391        7.3038517512232248     
         698  0.45097341012689551        7.3134150540348699     
         699  0.34193632544361502        7.3366036463769726     
         700  0.46800208641894508        7.3510914066159492     
         701  0.52254287985410219        7.3565444750698505     
         702  0.50704573729912683        7.4249359910947277     
         703  0.50794579057368205        7.4271335926755633     
         704  0.44878419099720701        7.4503787354142048     
         705  0.50770793398315694        7.4732617963356809     
         706  0.45529092517528841        7.4854696985790916     
         707  0.44555185651687479        7.4898810701051399     
         708  0.43600917918683968        7.5122729020784318     
         709  0.44916369416653468        7.5277408918972455     
         710  0.40202125228917757        7.5440274683851971     
         711  0.49453941898855225        7.5876242013886870     
         712  0.48439829764112458        7.6069145567584613     
         713  0.30673670257646013        7.6400863379767792     
         714  0.44800591175897697        7.6504897153451665     
         715  0.43149724015924196        7.6540512426442788     
         716  0.52713022502080897        7.6883064271189197     
         717  0.49050439814245295        7.6955576139683775     
         718  0.41996218032034272        7.7033286960156557     
         719  0.46381424929848492        7.7143191567477007     
         720  0.42345082597673139        7.7458142658343228     
         721  0.28108491926580953        7.7622956147751783     
         722  0.37212416230025958        7.7947517515439788     
         723  0.48928263426890461        7.8108160883989282     
         724  0.48808606763428442        7.8309000824672816     
         725  0.33771083408322466        7.8500764554787557     
         726  0.38547740222428017        7.8692017277927082     
         727  0.51391046266105889        7.8821609739965171     
         728  0.41066047780829323        7.9084516239972702     
         729  0.50058231951784837        7.9396111091988901     
         730  0.45692814255550257        7.9560813584912298     
         731  0.42606780073265266        7.9780479975399050     
         732  0.45110276277882022        8.0001415502217874     
         733  0.26622063222284598        8.0236942737067771     
         734  0.44707142010497719        8.0329417326230548     
         735  0.36840248184935914        8.0532623845033822     
         736  0.45126717485561513        8.0709954933497272     
         737  0.40020489262980002        8.1152761267538818     
         738  0.37147045359626596        8.1565147553407193     
         739  0.43194602843965219        8.1695784086417493     
         740  0.47501898597691522        8.1882729705105888     
         741  0.43344540698148071        8.2434279157178363     
         742  0.39704630368550980        8.2513424056253140     
         743  0.46392199595688666        8.2660053999106538     
         744  0.36932924854586840        8.2831461615090305     
         745  0.51428085521413824        8.3193611020186431     
         746  0.47224226008396764        8.3383231474505308     
         747  0.36639948199114281        8.3531805065646623     
         748  0.46739872214014566        8.3609373956973059     
         749  0.45485588095492596        8.3910957414548797     
         750  0.37531546076765609        8.4411052149048054     
         751  0.42522404762703814        8.4501136557376881     
         752  0.44333338064473005        8.5040455829932018     
         753  0.42941116594395767        8.5104605546757739     
         754  0.39521413552988927        8.5366386981536682     
         755  0.31998835021365102        8.5604624565761860     
         756  0.38293730447799734        8.5826470556309680     
         757  0.39372210142991987        8.6750770240921629     
         758  0.39706384136964007        8.7007276407887009     
         759  0.36284350746837191        8.7286179111312485     
         760  0.39778633564766430        8.7766690708676798     
         761  0.36571199943021238        8.8166379478999559     
         762  0.35717337856260029        8.8250058388637154     
         763  0.42293662423489448        8.8440659732975018     
         764  0.45696121388931082        8.8650780724505474     
         765  0.38042689097051402        8.8946621098593699     
         766  0.31775310024766268        8.9148741354090184     
         767  0.35725775080716254        8.9484305415021677     
         768  0.43999227774596311        8.9702421425199521     
         769  0.46973924898000580        9.0283920555166670     
         770  0.47063954892291227        9.0683998554424079     
         771  0.39628437545622958        9.1008670645413261     
         772  0.35776759751653686        9.1322471222058290     
         773  0.34312332376421517        9.1560803608098489     
         774  0.42055618536139106        9.1882615232649094     
         775  0.36452374970727003        9.2140790029010979     
         776  0.40451935445580284        9.2344424975073434     
         777  0.42017740899319800        9.2522509311954213     
         778  0.41287678310062326        9.2938861406610691     
         779  0.40088890690371520        9.3249958675098874     
         780  0.44872947175901357        9.3562849522038967     
         781  0.46568282976473285        9.3881092316199517     
         782  0.39532557425030163        9.4255909536663829     
         783  0.43013204218181034        9.4455341396950310     
         784  0.43028609103128873        9.5010996127781198     
         785  0.38657698497168375        9.5356342820632758     
         786  0.23650555335255985        9.5700328686342822     
         787  0.38938825386745046        9.5881968008338276     
         788  0.35674255828914281        9.6193594928354713     
         789  0.44026510649638156        9.6479171881924213     
         790  0.48279135774294102        9.6705625156569539     
         791  0.41546097150262085        9.7251746343457732     
         792  0.39842888085851547        9.7378060264443285     
         793  0.34366469875737332        9.7946472876501538     
         794  0.40266840412465937        9.8289477276470159     
         795  0.38078891659939001        9.8731569710588154     
         796  0.35050382190843848        9.8906865998562097     
         797  0.37235925282629456        9.9113754807947245     
         798  0.36637655954486181        9.9464703214310966     
         799  0.37287245097129501        10.010047936296974     
         800  0.37837756889811158        10.052575378110376     
         801  0.27171984193515697        10.092546337657611     
         802  0.30880203909514625        10.114646507580595     
         803  0.32010366872553164        10.206263568958805     
         804  0.29227275055468366        10.347128768879283     
         805  0.32953618531120149        10.368021486334063     
         806  0.36870707880979720        10.419191633227008     
         807  0.23762937894872838        10.446663550582866     
         808  0.21777591180115427        10.480065961580268     
         809  0.34310551113869070        10.488392546509402     
         810  0.38501323368058038        10.530181516085372     
         811  0.33109570147520345        10.581994723282472     
         812  0.32123671043397078        10.597426761165950     
         813  0.32926808332332785        10.677341095021550     
         814  0.28754723270500349        10.711325506036582     
         815  0.28616140898026765        10.794775208269124     
         816  0.24534801937781814        10.857235174103595     
         817  0.17465900221025452        10.879369536551206     
         818  0.14334800633241326        11.053360356003120     
         819  0.32186690513356087        11.101651131922425     
         820  0.28356895109562796        11.217463617178478     
         821  0.27645126122031843        11.247785095096512     
         822  0.24003586802282026        11.318855059641830     
         823  0.24892170453991097        11.363085002046333     
         824  0.21601499694294196        11.476118914962358     
         825  0.26624404552483721        11.554706266897183     
         826  0.21516635579566887        11.665671397725513     
         827  0.18361588205636190        11.697932035727019     
         828  0.18286428679222289        11.919242057906693     
         829  0.11306970113662579        12.170059931665749     
         830   9.0275264184880397E-002   12.323196288586198     
         831   8.0819052786550966E-002   12.582569050264821     
