  1    0.077496
  2    0.042805
  3    0.101858
  4    0.036539
  5    0.021197
  6    0.021492
  7    0.026059
  8    0.021078
  9    0.022212
 10    0.015868
 11    0.011350
 12    0.005953
 13    0.017008
 14    0.010451
 15    0.005672
 16    0.003778
 17    0.003948
 18    0.004608
 19    0.001560
 20    0.003605
 21    0.005133
 22    0.013882
 23    0.001478
 24    0.007121
 25    0.001745
 26    0.005989
 27    0.004479
 28    0.007265
 29    0.006601
 30    0.007031
 31    0.005539
 32    0.007822
 33    0.003295
 34    0.002929
 35    0.005627
 36    0.005535
 37    0.001325
 38    0.003559
 39    0.001963
 40    0.003354
 41    0.003813
 42    0.003225
 43    0.003650
 44    0.007769
 45    0.004563
 46    0.002672
 47    0.002983
 48    0.002018
 49    0.004588
 50    0.002722
 51    0.004097
 52    0.001237
 53    0.003372
 54    0.003428
 55    0.001912
 56    0.001855
 57    0.002589
 58    0.001921
 59    0.004355
 60    0.002194
 61    0.001942
 62    0.003100
 63    0.002708
 64    0.002496
 65    0.002060
 66    0.001902
 67    0.002212
 68    0.001524
 69    0.001724
 70    0.001082
 71    0.001100
 72    0.001256
 73    0.002282
 74    0.002712
 75    0.001367
 76    0.000653
 77    0.001121
 78    0.001521
 79    0.000762
 80    0.000863
 81    0.001320
 82    0.001603
 83    0.002990
 84    0.001650
 85    0.001965
 86    0.001590
 87    0.001164
 88    0.000507
 89    0.001471
 90    0.001377
 91    0.001494
 92    0.000643
 93    0.000808
 94    0.001647
 95    0.001197
 96    0.000803
 97    0.001751
 98    0.001046
 99    0.000781
100    0.000831
101    0.001461
102    0.001393
103    0.001326
104    0.001662
105    0.000993
106    0.003378
107    0.002981
108    0.002792
109    0.000830
110    0.000661
111    0.001985
112    0.000969
113    0.001417
114    0.002796
115    0.001049
116    0.001756
117    0.001473
118    0.001312
119    0.000434
120    0.000955
121    0.001894
122    0.000353
123    0.001265
124    0.000918
125    0.000595
126    0.002779
127    0.000941
128    0.001617
129    0.001832
130    0.000726
131    0.001193
132    0.001516
133    0.001558
134    0.000855
135    0.000502
136    0.000756
137    0.000708
138    0.000980
139    0.001052
140    0.000703
141    0.001093
142    0.000962
143    0.001035
144    0.000557
145    0.000481
146    0.001419
147    0.000572
148    0.000938
149    0.000965
150    0.000530
151    0.001056
152    0.000991
153    0.001117
154    0.001431
155    0.000987
156    0.000966
157    0.000654
158    0.001044
159    0.000828
160    0.001268
161    0.001613
162    0.000856
163    0.000561
164    0.000538
165    0.001090
166    0.000609
167    0.000762
168    0.001253
169    0.000839
170    0.000557
171    0.001116
172    0.001067
173    0.000736
174    0.000832
175    0.000768
176    0.001099
177    0.001150
178    0.001297
179    0.000673
180    0.000516
181    0.000803
182    0.000973
183    0.000543
184    0.000570
185    0.000825
186    0.000646
187    0.000803
188    0.000218
189    0.000320
190    0.000711
191    0.000926
192    0.000245
193    0.001069
194    0.000816
195    0.001188
196    0.000549
197    0.000686
198    0.000721
199    0.001532
200    0.000951
201    0.000827
202    0.000514
203    0.000651
204    0.001013
205    0.000330
206    0.000515
207    0.000519
208    0.001001
209    0.000369
210    0.000589
211    0.000709
212    0.000464
213    0.000669
214    0.000710
215    0.000510
216    0.000403
217    0.000659
218    0.000957
219    0.000853
220    0.000813
221    0.000610
222    0.000274
223    0.000585
224    0.000440
225    0.000350
226    0.000291
227    0.000755
228    0.000441
229    0.000426
230    0.000829
231    0.000662
232    0.000347
233    0.000579
234    0.000599
235    0.000667
236    0.000649
237    0.000282
238    0.000751
239    0.000712
240    0.000285
241    0.000507
242    0.000384
243    0.000168
244    0.000639
245    0.000328
246    0.000498
247    0.000892
248    0.000677
249    0.000782
250    0.000327
251    0.000685
252    0.000352
253    0.000632
254    0.000644
255    0.000698
256    0.001004
257    0.000497
258    0.000730
259    0.000523
260    0.000488
261    0.000759
262    0.000420
263    0.000724
264    0.000509
265    0.000394
266    0.000313
267    0.000412
268    0.000609
269    0.000594
270    0.000595
271    0.000601
272    0.000663
273    0.000578
274    0.000470
275    0.000382
276    0.000959
277    0.000523
278    0.000764
279    0.000683
280    0.000856
281    0.000689
282    0.000419
283    0.000295
284    0.000642
285    0.000367
286    0.000602
287    0.000869
288    0.000543
289    0.000625
290    0.000195
291    0.000425
292    0.000610
293    0.000961
294    0.000373
295    0.000423
296    0.000536
297    0.001030
298    0.000601
299    0.000659
300    0.000693
301    0.000270
302    0.000261
303    0.000403
304    0.000395
305    0.000234
306    0.000359
307    0.000554
308    0.000466
309    0.000485
310    0.000407
311    0.000407
312    0.000956
313    0.000380
314    0.000391
315    0.000627
316    0.000580
317    0.000361
318    0.000536
319    0.000348
320    0.000504
321    0.000287
322    0.000446
323    0.000360
324    0.000519
325    0.000389
326    0.000421
327    0.000463
328    0.000530
329    0.000586
330    0.000337
331    0.000807
332    0.000550
333    0.000400
334    0.000367
335    0.000495
336    0.000291
337    0.000398
338    0.000394
339    0.000374
340    0.000607
341    0.000563
342    0.000391
343    0.000765
344    0.000217
345    0.000429
346    0.000610
347    0.000362
348    0.000358
349    0.000355
350    0.000569
351    0.000411
352    0.000417
353    0.000700
354    0.000548
355    0.000504
356    0.000529
357    0.000838
358    0.000418
359    0.000428
360    0.000329
361    0.000301
362    0.000690
363    0.000408
364    0.000335
365    0.000777
366    0.000451
367    0.000427
368    0.000523
369    0.000240
370    0.000500
371    0.000398
372    0.000296
373    0.000318
374    0.000264
375    0.000543
376    0.000286
377    0.000420
378    0.000429
379    0.000424
380    0.000666
381    0.000415
382    0.000325
383    0.000385
384    0.000479
385    0.000466
386    0.000377
387    0.000303
388    0.000692
389    0.001067
390    0.000696
391    0.000404
392    0.000374
393    0.000406
394    0.000590
395    0.000277
396    0.000402
397    0.000302
398    0.000361
399    0.000505
400    0.000358
401    0.000355
402    0.000195
403    0.000577
404    0.000228
405    0.000417
406    0.000559
407    0.000491
408    0.000334
409    0.000220
410    0.000326
411    0.000673
412    0.000266
413    0.000377
414    0.000219
415    0.000370
416    0.000547
417    0.000774
418    0.000235
419    0.000271
420    0.000312
421    0.000153
422    0.000400
423    0.000405
424    0.000426
425    0.000171
426    0.000384
427    0.000171
428    0.000435
429    0.000514
430    0.000421
431    0.000158
432    0.000394
433    0.000226
434    0.000441
435    0.000460
436    0.000243
437    0.000352
438    0.000364
439    0.000352
440    0.000452
441    0.000408
442    0.000271
443    0.000123
444    0.000158
445    0.000330
446    0.000431
447    0.000485
448    0.000632
449    0.000312
450    0.000645
451    0.000334
452    0.000360
453    0.000164
454    0.000335
455    0.000192
456    0.000395
457    0.000167
458    0.000421
459    0.000407
460    0.000117
461    0.000406
462    0.000334
463    0.000319
464    0.000290
465    0.000204
466    0.000251
467    0.000126
468    0.000166
469    0.000220
470    0.000330
471    0.000239
472    0.000606
473    0.000212
474    0.000305
475    0.000278
476    0.000263
477    0.000146
478    0.000338
479    0.000261
480    0.000401
481    0.000247
482    0.000291
483    0.000187
484    0.000210
485    0.000160
486    0.000419
487    0.000438
488    0.000329
489    0.000278
490    0.000206
491    0.000342
492    0.000466
493    0.000385
494    0.000369
495    0.000402
496    0.000303
497    0.000386
498    0.000358
499    0.000273
500    0.000386
501    0.000157
502    0.000354
503    0.000286
504    0.000469
505    0.000459
506    0.000210
507    0.000248
508    0.000531
509    0.000270
510    0.000551
511    0.000316
512    0.000545
513    0.000439
514    0.000211
515    0.000388
516    0.000140
517    0.000197
518    0.000337
519    0.000155
520    0.000413
521    0.000591
522    0.000459
523    0.000180
524    0.000277
525    0.000458
526    0.000242
527    0.000464
528    0.000115
529    0.000294
530    0.000194
531    0.000311
532    0.000240
533    0.000250
534    0.000308
535    0.000381
536    0.000220
537    0.000393
538    0.000184
539    0.000238
540    0.000208
541    0.000350
542    0.000250
543    0.000299
544    0.000251
545    0.000350
546    0.000327
547    0.000129
548    0.000384
549    0.000249
550    0.000495
551    0.000297
552    0.000213
553    0.000160
554    0.000390
555    0.000263
556    0.000139
557    0.000217
558    0.000175
559    0.000335
560    0.000211
561    0.000146
562    0.000176
563    0.000162
564    0.000303
565    0.000187
566    0.000205
567    0.000420
568    0.000297
569    0.000330
570    0.000204
571    0.000656
572    0.000303
573    0.000162
574    0.000222
575    0.000128
576    0.000351
577    0.000093
578    0.000200
579    0.000087
580    0.000254
581    0.000179
582    0.000131
583    0.000358
584    0.000191
585    0.000182
586    0.000153
587    0.000259
588    0.000143
589    0.000195
590    0.000269
591    0.000224
592    0.000248
593    0.000369
594    0.000180
595    0.000095
596    0.000266
597    0.000176
598    0.000206
599    0.000388
600    0.000292
601    0.000138
602    0.000292
603    0.000170
604    0.000136
605    0.000229
606    0.000234
607    0.000261
608    0.000206
609    0.000329
610    0.000426
611    0.000170
612    0.000146
613    0.000155
614    0.000258
615    0.000334
616    0.000172
617    0.000269
618    0.000206
619    0.000159
620    0.000117
621    0.000249
622    0.000198
623    0.000245
624    0.000309
625    0.000294
626    0.000230
627    0.000420
628    0.000135
629    0.000331
630    0.000167
631    0.000302
632    0.000195
633    0.000295
634    0.000322
635    0.000262
636    0.000309
637    0.000252
638    0.000157
639    0.000302
640    0.000301
641    0.000311
642    0.000108
643    0.000192
644    0.000323
645    0.000293
646    0.000180
647    0.000241
648    0.000247
649    0.000178
650    0.000273
651    0.000238
652    0.000190
653    0.000227
654    0.000112
655    0.000219
656    0.000253
657    0.000197
658    0.000253
659    0.000474
660    0.000172
661    0.000191
662    0.000182
663    0.000228
664    0.000090
665    0.000215
666    0.000270
667    0.000175
668    0.000200
669    0.000162
670    0.000317
671    0.000228
672    0.000187
673    0.000282
674    0.000190
675    0.000252
676    0.000149
677    0.000171
678    0.000181
679    0.000450
680    0.000376
681    0.000172
682    0.000253
683    0.000295
684    0.000204
685    0.000260
686    0.000114
687    0.000487
688    0.000105
689    0.000128
690    0.000065
691    0.000295
692    0.000143
693    0.000088
694    0.000174
695    0.000134
696    0.000258
697    0.000221
698    0.000233
699    0.000189
700    0.000199
701    0.000225
702    0.000223
703    0.000321
704    0.000203
705    0.000075
706    0.000359
707    0.000227
708    0.000230
709    0.000090
710    0.000162
711    0.000174
712    0.000257
713    0.000201
714    0.000117
715    0.000160
716    0.000107
717    0.000173
718    0.000241
719    0.000162
720    0.000295
721    0.000273
722    0.000289
723    0.000093
724    0.000143
725    0.000333
726    0.000217
727    0.000283
728    0.000281
729    0.000160
730    0.000297
731    0.000369
732    0.000296
733    0.000219
734    0.000239
735    0.000117
736    0.000123
737    0.000277
738    0.000280
739    0.000331
740    0.000221
741    0.000129
742    0.000288
743    0.000219
744    0.000117
745    0.000133
746    0.000202
747    0.000057
748    0.000327
749    0.000142
750    0.000228
751    0.000166
752    0.000289
753    0.000303
754    0.000189
755    0.000155
756    0.000220
757    0.000123
758    0.000296
759    0.000170
760    0.000146
761    0.000095
762    0.000307
763    0.000145
764    0.000161
765    0.000141
766    0.000129
767    0.000205
768    0.000154
769    0.000247
770    0.000182
771    0.000122
772    0.000147
773    0.000278
774    0.000200
775    0.000099
776    0.000164
777    0.000056
778    0.000251
779    0.000115
780    0.000204
781    0.000099
782    0.000211
783    0.000297
784    0.000196
785    0.000096
786    0.000147
787    0.000219
788    0.000102
789    0.000231
790    0.000248
791    0.000172
792    0.000087
793    0.000123
794    0.000112
795    0.000173
796    0.000094
797    0.000220
798    0.000075
799    0.000167
800    0.000221
801    0.000192
802    0.000048
803    0.000160
804    0.000111
805    0.000137
806    0.000168
807    0.000128
808    0.000073
809    0.000089
810    0.000062
811    0.000139
812    0.000103
813    0.000186
814    0.000128
815    0.000084
816    0.000110
817    0.000169
818    0.000332
819    0.000267
820    0.000230
821    0.000098
822    0.000144
823    0.000087
824    0.000331
825    0.000591
