 -0.038639
 -0.075890
 -0.079753
 -0.082577
  0.098486
  0.862425
 -0.200437
  0.043304
  0.208764
 -0.284213
  0.032067
 -0.005846
 -0.027775
 -0.061784
  0.083333
 -0.123506
 -0.074233
  0.026693
  0.016923
 -0.015966
 -0.028994
 -0.064141
  0.052781
  0.010843
 -0.061458
 -0.027068
  0.003629
 -0.028457
 -0.043079
 -0.014770
 -0.015050
 -0.012128
 -0.003304
  0.012839
  0.019349
 -0.017552
 -0.001568
  0.017421
  0.014112
  0.008688
 -0.010868
 -0.013788
  0.003150
  0.014630
 -0.016565
  0.001473
  0.014156
  0.003666
 -0.001923
 -0.003318
  0.001476
 -0.004828
 -0.006699
 -0.002647
  0.003062
  0.008886
  0.001592
  0.007400
 -0.000670
 -0.002322
 -0.003401
  0.003169
 -0.027355
  0.005645
 -0.006303
 -0.012295
  0.007974
  0.007508
  0.014840
  0.010186
  0.000248
 -0.000052
  0.017677
  0.002536
 -0.005528
 -0.004543
 -0.003602
  0.013140
 -0.002783
  0.003548
  0.012614
 -0.001428
  0.003252
  0.009960
  0.005842
  0.004336
  0.003576
  0.005805
  0.001041
  0.009914
  0.014817
 -0.008883
  0.005323
  0.008819
 -0.004598
 -0.000225
  0.000920
  0.002396
  0.006969
  0.007509
  0.000394
 -0.010012
  0.002189
  0.005205
 -0.004047
  0.004193
  0.007527
  0.004423
  0.002145
  0.005634
  0.005972
  0.000102
 -0.014125
 -0.003882
 -0.009212
  0.004447
  0.001066
  0.002643
 -0.003253
  0.000256
  0.001222
  0.004214
  0.000711
 -0.006418
 -0.006878
  0.004610
  0.007272
  0.006197
  0.001320
  0.000589
  0.009255
  0.001135
  0.001988
 -0.001197
 -0.007757
  0.000922
 -0.003162
  0.005530
 -0.001834
 -0.001255
  0.000809
  0.000252
  0.003452
  0.002003
 -0.003397
 -0.003559
  0.001085
  0.004024
 -0.001310
  0.005770
  0.000662
  0.003236
 -0.000279
  0.001158
  0.002423
  0.000273
  0.000560
  0.006696
 -0.002595
 -0.001484
 -0.000939
 -0.001661
 -0.003178
 -0.002147
 -0.000011
 -0.002694
 -0.002530
  0.001621
  0.002017
  0.002782
  0.004923
 -0.002009
  0.005781
 -0.004022
  0.006813
  0.001412
 -0.015000
 -0.003479
 -0.001795
 -0.000918
 -0.002942
 -0.003307
 -0.007306
 -0.001729
  0.003630
 -0.009998
  0.004537
 -0.000789
  0.000787
 -0.003275
  0.002425
  0.003971
  0.001001
  0.006973
  0.002656
  0.001953
  0.007166
  0.000107
  0.002308
  0.001987
 -0.002099
 -0.001768
 -0.004514
 -0.002022
 -0.001144
 -0.002715
 -0.002009
 -0.001576
 -0.000173
  0.000237
 -0.002947
  0.003555
 -0.002989
  0.000618
 -0.002667
 -0.000310
 -0.002514
  0.000997
 -0.004509
 -0.002460
 -0.000281
 -0.000525
 -0.000911
  0.000124
  0.000112
  0.003817
 -0.002659
  0.008464
 -0.002384
 -0.000232
 -0.003539
 -0.001380
  0.000061
 -0.007015
  0.008187
  0.005027
 -0.001029
 -0.005802
 -0.001760
  0.004467
  0.003313
  0.001753
 -0.000355
  0.004468
 -0.006141
 -0.000067
  0.002500
  0.003490
 -0.003907
 -0.001286
 -0.003635
 -0.001435
  0.000686
  0.000840
 -0.000027
  0.004018
  0.007199
  0.003538
 -0.001018
 -0.006336
 -0.000136
 -0.004860
 -0.001049
  0.002500
  0.002953
  0.001047
  0.000068
 -0.000351
 -0.002519
  0.004467
 -0.006075
 -0.000670
 -0.000576
  0.002548
 -0.002777
  0.000367
  0.001118
 -0.003907
  0.004212
  0.001301
 -0.004865
 -0.000275
 -0.002669
  0.003146
 -0.001010
  0.000144
  0.000211
 -0.001680
  0.000592
 -0.003437
  0.000032
 -0.003112
  0.002982
  0.000500
 -0.003281
  0.000619
  0.003348
 -0.000671
  0.000216
 -0.002508
 -0.004223
 -0.000481
  0.002373
 -0.000928
  0.002903
  0.000289
 -0.001318
  0.000547
 -0.000104
 -0.000801
 -0.001507
  0.000331
  0.000451
  0.001846
 -0.002931
 -0.001013
 -0.002149
 -0.000842
 -0.000667
  0.000312
  0.000723
  0.000123
 -0.001082
 -0.001011
  0.001473
  0.000655
 -0.000222
  0.001349
  0.002331
  0.001027
  0.000796
 -0.001028
 -0.002133
 -0.000251
  0.000094
 -0.001517
  0.000481
 -0.001949
 -0.000895
  0.000645
  0.000254
  0.000728
  0.000722
  0.001884
 -0.001031
  0.000016
 -0.001328
  0.000802
  0.000019
 -0.000845
 -0.001338
 -0.000246
  0.000960
  0.001454
  0.000637
  0.002323
 -0.000882
  0.001466
  0.002090
  0.000107
  0.002781
  0.002499
  0.001453
  0.002535
 -0.000055
  0.000746
  0.003499
  0.000810
 -0.001314
  0.001478
  0.000996
  0.001476
  0.000993
 -0.001393
  0.001686
 -0.000447
  0.001002
  0.000164
  0.000821
 -0.001433
  0.000390
  0.001107
  0.000217
 -0.001054
  0.001957
  0.001392
 -0.001627
  0.000283
  0.000981
 -0.000657
 -0.000040
  0.001004
  0.000718
 -0.000038
 -0.000855
 -0.000355
 -0.000619
  0.001966
  0.000280
  0.000158
 -0.000481
  0.000105
 -0.002042
  0.000953
  0.000241
  0.000108
 -0.000170
  0.000556
 -0.001216
  0.000059
  0.001551
  0.001829
  0.001082
 -0.000684
  0.000225
 -0.001545
  0.002364
  0.001033
 -0.000243
  0.000436
 -0.000832
  0.001587
 -0.000008
  0.002793
  0.000366
 -0.000316
  0.000462
 -0.000778
  0.000098
  0.000019
 -0.001008
  0.000353
  0.001078
  0.002042
  0.001528
 -0.001453
 -0.001046
  0.000437
 -0.002316
 -0.001050
 -0.002199
  0.000864
  0.001029
  0.000554
 -0.002282
 -0.000048
  0.002785
  0.001039
  0.000468
  0.004521
  0.002970
 -0.001505
  0.000828
  0.001644
 -0.001035
 -0.001808
 -0.000890
  0.001481
 -0.000358
 -0.000036
  0.001416
  0.000016
  0.000927
 -0.000375
 -0.001228
  0.000900
 -0.000547
  0.000803
  0.000254
 -0.000006
  0.000165
  0.000587
  0.001049
  0.000545
 -0.000292
 -0.000902
  0.000655
  0.000814
 -0.001311
  0.001010
  0.001490
  0.000667
 -0.000675
 -0.000871
  0.000905
  0.000388
 -0.000114
 -0.001225
 -0.000726
 -0.000154
  0.000748
  0.000865
  0.004865
 -0.000750
 -0.000836
  0.001135
 -0.001777
  0.001094
  0.000692
 -0.000153
 -0.003307
 -0.001575
 -0.001735
 -0.001317
 -0.002675
 -0.005254
  0.002287
  0.000079
  0.002154
  0.000444
 -0.000476
 -0.000504
  0.003832
  0.001685
  0.000158
 -0.000806
  0.000034
 -0.002556
 -0.000403
 -0.000641
 -0.002157
 -0.002151
  0.000824
 -0.002468
  0.001074
 -0.001059
 -0.001520
  0.000174
 -0.000781
  0.000803
 -0.000368
 -0.000993
 -0.001194
  0.003736
 -0.000018
  0.001032
  0.000492
 -0.000521
 -0.000183
  0.000781
  0.001008
  0.001694
  0.002550
  0.000956
  0.001945
  0.001441
 -0.001424
  0.001112
 -0.000157
  0.000689
  0.002108
 -0.001799
  0.000644
  0.000251
 -0.001337
  0.001409
 -0.000732
  0.000351
  0.000733
  0.001480
 -0.000468
  0.001428
 -0.000994
 -0.000040
  0.000667
 -0.000768
  0.000479
 -0.000303
 -0.001063
  0.000805
 -0.001189
  0.000780
  0.001207
 -0.000437
  0.000638
 -0.000023
 -0.000198
 -0.001066
  0.000994
 -0.000153
  0.000215
  0.000586
 -0.002624
 -0.000095
  0.000058
 -0.000974
 -0.000652
 -0.000221
 -0.001284
  0.000715
  0.000964
 -0.001310
 -0.000865
  0.000985
 -0.000076
 -0.000827
  0.000364
 -0.000233
  0.000381
  0.001876
  0.001143
 -0.000220
 -0.000881
  0.000444
 -0.001429
 -0.000076
  0.000009
  0.001163
  0.000180
 -0.000787
  0.000752
  0.000132
 -0.000354
  0.000666
 -0.000143
  0.000237
 -0.002129
  0.001452
 -0.001722
  0.000318
  0.002207
  0.001954
 -0.001800
 -0.000198
  0.000143
 -0.000992
  0.000898
  0.000945
 -0.002948
  0.000813
 -0.001037
  0.000262
  0.000284
  0.000712
  0.000198
 -0.000656
 -0.000051
  0.000532
  0.000960
  0.000259
 -0.001143
 -0.000197
 -0.001954
 -0.000066
  0.000691
 -0.000555
 -0.000297
  0.001232
 -0.002125
  0.000814
 -0.001962
 -0.000906
  0.002379
  0.000551
  0.000908
 -0.000351
  0.000362
  0.000401
 -0.001357
  0.000734
  0.000116
  0.000816
 -0.000585
 -0.001416
 -0.000692
 -0.000428
  0.000394
  0.001514
 -0.000616
 -0.000462
  0.001611
 -0.000459
  0.001670
 -0.000601
 -0.000181
  0.002284
 -0.000584
 -0.000026
 -0.000786
  0.001339
  0.001111
 -0.000519
  0.000859
  0.000102
  0.000510
  0.000447
  0.001486
 -0.000388
  0.000998
  0.000993
 -0.000709
 -0.000459
  0.000295
  0.001201
 -0.000557
  0.000883
  0.001805
 -0.001169
  0.000130
 -0.000648
 -0.001826
  0.000055
  0.000578
  0.000035
  0.000697
  0.000604
  0.000028
 -0.000550
  0.000478
 -0.000359
  0.000582
  0.000429
 -0.000034
 -0.001315
 -0.000777
  0.000756
  0.000344
 -0.000398
  0.000469
 -0.000023
  0.000272
  0.000237
 -0.000081
  0.000428
 -0.000119
 -0.000585
 -0.000185
  0.000082
 -0.000440
 -0.000727
 -0.000436
 -0.000480
  0.000271
  0.000180
 -0.000860
  0.000434
 -0.000908
  0.001105
  0.000382
 -0.000885
  0.000840
  0.000449
  0.001577
  0.000648
 -0.000056
 -0.000025
 -0.000521
 -0.000043
 -0.000052
  0.000233
 -0.000511
  0.000051
 -0.000392
  0.000198
  0.000827
  0.000411
 -0.000697
  0.000153
 -0.000142
 -0.000557
  0.000320
  0.002728
  0.001304
  0.000350
 -0.000272
 -0.000217
 -0.000004
 -0.001025
 -0.000672
  0.000493
 -0.000307
  0.000947
  0.000248
  0.001104
  0.000073
 -0.000381
 -0.000205
 -0.000823
 -0.000281
 -0.000248
 -0.000004
 -0.000024
  0.000208
 -0.001062
  0.000504
 -0.000417
 -0.000745
 -0.001219
  0.000533
  0.002859
  0.004041
  0.002216
  0.000985
 -0.001297
 -0.000821
 -0.001903
 -0.000017
 -0.000878
 -0.001103
  0.001613
 -0.000713
  0.001209
  0.000337
  0.000689
 -0.000012
  0.000222
  0.000813
 -0.000699
  0.000839
 -0.000989
 -0.000336
  0.000985
  0.000021
 -0.000008
  0.000413
  0.000244
 -0.000761
 -0.000357
 -0.000608
 -0.000159
 -0.000495
 -0.000068
 -0.000137
 -0.000565
  0.000213
