  0.019673
 -0.050319
  0.097168
 -0.006543
 -0.027183
 -0.314522
 -0.058122
  0.409972
 -0.223513
 -0.766251
 -0.109597
  0.095308
  0.023286
  0.031195
 -0.024157
 -0.087174
  0.017132
 -0.089771
  0.052968
  0.021068
  0.026936
 -0.040301
  0.096148
  0.044743
 -0.011596
 -0.039616
  0.018811
  0.028075
 -0.002961
  0.015983
  0.009075
 -0.013364
 -0.011515
  0.007839
 -0.005354
  0.023334
 -0.015747
  0.020036
 -0.039940
 -0.024216
 -0.016582
  0.037403
 -0.008800
  0.038277
  0.000767
  0.002657
  0.004153
  0.002178
 -0.049494
 -0.005776
  0.001295
  0.007280
 -0.000937
  0.006214
  0.004118
 -0.013078
  0.013262
 -0.029988
 -0.000853
 -0.014351
 -0.014881
  0.007468
 -0.019189
 -0.026757
  0.016492
 -0.000398
  0.023601
 -0.009027
 -0.004168
 -0.001795
 -0.000145
  0.003073
 -0.001005
 -0.007610
 -0.001286
  0.004539
 -0.005218
  0.009197
  0.003239
 -0.018073
  0.002734
 -0.003766
 -0.018148
 -0.009790
 -0.012921
  0.002817
  0.000192
  0.004494
 -0.010981
  0.003986
  0.014073
 -0.001332
 -0.011257
  0.004636
 -0.004265
  0.006458
  0.002357
  0.003499
 -0.002071
 -0.002761
  0.006056
 -0.004201
 -0.000669
  0.001322
  0.001468
  0.008629
 -0.010270
 -0.003504
 -0.007877
  0.006690
 -0.001917
  0.002327
 -0.000219
 -0.003935
 -0.005705
  0.008786
  0.009423
 -0.005443
  0.004320
 -0.000715
 -0.001310
  0.001610
  0.007501
 -0.008192
  0.000148
  0.001150
 -0.006772
 -0.004098
 -0.002836
  0.008565
 -0.006815
 -0.000064
 -0.001549
  0.002507
  0.001361
 -0.002168
  0.000634
 -0.001548
 -0.005748
 -0.005273
  0.001075
  0.000054
  0.010466
 -0.002384
  0.008836
 -0.004959
 -0.000997
  0.003027
 -0.003266
  0.002062
 -0.007393
  0.003914
 -0.006926
  0.002516
  0.004705
  0.005630
 -0.001440
 -0.008847
  0.005498
  0.006166
 -0.001798
  0.002386
  0.000131
  0.002493
 -0.008383
  0.006721
 -0.002385
  0.002021
 -0.002695
  0.001591
 -0.002279
 -0.002051
 -0.001079
  0.001197
  0.000013
  0.002829
 -0.001369
  0.002745
  0.008572
  0.012717
  0.004217
  0.001800
  0.004372
 -0.003638
 -0.003162
  0.001183
  0.002341
  0.000021
 -0.005512
  0.000504
  0.006869
  0.001331
  0.003037
 -0.004280
  0.005858
  0.002779
 -0.003466
 -0.003239
  0.003476
  0.001531
  0.003645
  0.000234
 -0.002186
 -0.002041
  0.002230
 -0.001218
  0.004740
 -0.001118
  0.000648
 -0.005537
 -0.000236
  0.002998
  0.001665
  0.000632
  0.000674
  0.001656
 -0.002265
 -0.000840
  0.001028
  0.002046
 -0.002443
 -0.001703
  0.002331
  0.001604
 -0.001310
  0.001556
 -0.004390
  0.001341
  0.000305
  0.001110
  0.003475
 -0.002761
 -0.001218
  0.003165
 -0.000668
 -0.000584
 -0.000275
 -0.000237
  0.002236
 -0.000623
 -0.001441
  0.001019
 -0.004090
 -0.001660
 -0.002510
  0.002318
  0.001102
  0.001848
 -0.001676
  0.002219
 -0.002063
  0.002265
 -0.004991
  0.001561
  0.000595
 -0.002569
 -0.000713
 -0.003056
  0.000365
 -0.003044
 -0.001518
 -0.002304
 -0.001655
  0.000699
 -0.000266
 -0.002898
 -0.001864
 -0.000846
 -0.004267
 -0.005262
 -0.001884
 -0.001064
 -0.004043
  0.002852
  0.001088
  0.005467
 -0.001932
 -0.001167
  0.000911
  0.000160
  0.002390
  0.003052
 -0.000060
 -0.002220
 -0.000032
 -0.003481
  0.002308
  0.004040
  0.007402
 -0.002297
  0.001454
 -0.001097
 -0.002084
  0.000312
  0.000359
 -0.003215
 -0.004045
  0.004122
 -0.002910
  0.007962
  0.000263
  0.003208
  0.001826
  0.003861
 -0.000113
 -0.002092
 -0.002437
 -0.003741
  0.000488
  0.000529
  0.005562
 -0.005024
  0.004664
  0.002370
  0.003036
 -0.001278
  0.003687
 -0.004617
 -0.007509
  0.005268
 -0.001448
 -0.009033
  0.001359
  0.001799
  0.000788
  0.000783
  0.002507
 -0.001991
  0.000137
  0.000383
 -0.006438
  0.002299
  0.005629
  0.002885
  0.006169
  0.000439
 -0.004869
 -0.001908
  0.003362
  0.001708
 -0.000741
  0.000696
 -0.001776
 -0.002407
 -0.002021
  0.001323
  0.000252
  0.001490
  0.000905
  0.000570
  0.001603
 -0.000829
  0.001983
 -0.000022
 -0.000192
  0.001088
  0.002545
  0.002851
 -0.002116
 -0.001861
 -0.000862
 -0.001150
  0.000772
  0.002689
  0.001206
 -0.002304
  0.004600
  0.001508
  0.000660
  0.001454
  0.001024
  0.000302
  0.002502
 -0.001290
  0.000451
  0.000355
  0.000145
 -0.001179
 -0.000889
 -0.002141
 -0.002040
 -0.001950
  0.000125
  0.001942
 -0.001993
  0.002941
 -0.000493
 -0.000866
  0.001443
 -0.002992
 -0.000665
  0.001153
  0.003597
  0.000690
 -0.002070
  0.001337
  0.000495
  0.002228
  0.001829
 -0.000507
  0.000325
  0.001963
 -0.002450
 -0.001590
 -0.001230
 -0.001126
 -0.001227
  0.001883
 -0.003788
  0.006430
 -0.000479
  0.003429
  0.002437
 -0.002406
  0.003981
  0.002572
  0.001951
  0.000488
  0.004427
  0.002988
 -0.002688
 -0.003221
 -0.003968
 -0.008641
  0.000676
  0.000317
  0.002235
 -0.003866
  0.000778
  0.002396
 -0.001667
  0.003850
 -0.001953
 -0.000868
  0.003223
  0.004558
  0.003085
 -0.001398
 -0.006777
 -0.005677
  0.006491
 -0.000063
  0.004931
  0.002014
 -0.002296
 -0.000970
  0.005632
 -0.005809
 -0.002197
  0.003120
  0.009544
 -0.004707
  0.001673
  0.005969
 -0.002477
  0.003623
 -0.003151
 -0.001354
  0.001706
 -0.000671
 -0.002946
  0.002075
 -0.001272
  0.003921
  0.003356
  0.000831
  0.001212
  0.000496
 -0.000936
 -0.002314
 -0.000733
 -0.001680
  0.003186
 -0.002238
  0.000484
 -0.000371
  0.002826
  0.001263
  0.001235
 -0.000750
 -0.005292
 -0.003273
 -0.002956
 -0.004034
 -0.000970
  0.000991
  0.000159
  0.000512
 -0.001261
  0.003360
  0.000590
  0.000418
  0.000646
 -0.001093
  0.000569
  0.000046
 -0.000684
 -0.000591
  0.001717
 -0.000510
 -0.002185
 -0.004040
  0.001657
  0.000488
 -0.000018
 -0.000857
  0.000259
 -0.002352
 -0.001047
  0.001804
  0.000129
 -0.000672
 -0.001064
  0.002820
 -0.000081
  0.003489
 -0.000346
 -0.001883
 -0.001361
  0.000639
  0.000396
 -0.001490
 -0.001852
 -0.000532
  0.002354
 -0.001695
  0.000082
  0.001134
 -0.000077
 -0.000419
 -0.000095
  0.001682
  0.000597
 -0.001758
 -0.001050
  0.002150
 -0.001572
  0.001246
 -0.001596
  0.000395
 -0.000700
 -0.001317
 -0.002235
 -0.000376
 -0.000290
 -0.001464
 -0.001191
 -0.000233
  0.001083
 -0.000936
  0.002069
  0.000542
 -0.001040
 -0.000443
  0.000357
 -0.000804
 -0.000095
 -0.000556
  0.000389
  0.000198
  0.000130
  0.001846
  0.001016
 -0.000599
  0.000198
  0.000882
  0.000249
 -0.001612
 -0.000239
 -0.001303
  0.001379
 -0.002335
  0.000060
  0.001326
 -0.000003
 -0.001393
 -0.000339
  0.001396
  0.001073
  0.002779
 -0.001529
 -0.003685
 -0.002568
 -0.001591
 -0.000023
  0.000288
  0.000977
 -0.000160
 -0.001535
  0.001986
  0.000184
  0.000092
  0.001903
  0.000234
 -0.000738
  0.001272
  0.001167
  0.002116
 -0.000642
 -0.000026
  0.001109
  0.001952
 -0.000613
  0.001441
 -0.002698
 -0.001257
 -0.001042
  0.000850
  0.000789
 -0.001932
 -0.000082
 -0.002199
  0.002538
  0.000979
 -0.000704
  0.000159
  0.000363
 -0.000711
 -0.002099
  0.001703
 -0.001691
 -0.000600
 -0.000306
 -0.000865
  0.001254
 -0.000665
 -0.000206
  0.001905
  0.000886
  0.001224
 -0.000147
 -0.000547
  0.000971
  0.000565
 -0.001944
 -0.001127
  0.000532
  0.001618
  0.000170
  0.001396
 -0.000844
  0.002082
  0.000743
 -0.000130
  0.001400
 -0.000205
 -0.001617
  0.001907
 -0.002741
 -0.001807
 -0.001588
  0.000645
 -0.001721
 -0.002848
  0.000106
 -0.000455
  0.001494
 -0.000722
  0.002875
 -0.004271
  0.000621
 -0.001569
  0.001625
 -0.001415
 -0.000979
  0.002367
  0.000171
  0.001466
 -0.000330
  0.002398
 -0.001219
  0.000285
 -0.001101
  0.000345
  0.000641
  0.000912
  0.001266
 -0.001645
  0.001966
 -0.001367
 -0.002288
 -0.001591
  0.002095
  0.000337
 -0.000182
 -0.002612
  0.000746
  0.000147
 -0.000489
 -0.000607
 -0.000162
  0.001963
 -0.002520
  0.001046
  0.000942
  0.001878
  0.001303
 -0.000032
  0.001109
 -0.001214
 -0.000397
  0.001152
 -0.000645
  0.001298
 -0.000459
 -0.001184
  0.000979
  0.000767
  0.000442
 -0.000434
 -0.001121
  0.000130
 -0.000432
 -0.000188
 -0.000498
 -0.000036
 -0.000150
  0.000290
 -0.001318
  0.002049
  0.000072
  0.000644
  0.000416
 -0.000081
 -0.002312
  0.001016
 -0.000484
 -0.000797
  0.000350
 -0.000050
  0.000828
  0.000020
  0.001790
  0.000518
  0.000159
  0.002297
  0.001383
  0.000722
 -0.000824
  0.000818
  0.000775
  0.000441
 -0.000864
  0.000491
 -0.000398
  0.000217
  0.000851
  0.001001
  0.000932
  0.000074
  0.000689
 -0.000368
  0.000215
 -0.000513
 -0.000640
 -0.001754
 -0.000445
  0.000166
  0.000365
 -0.000687
 -0.000089
  0.000225
  0.000402
 -0.000403
  0.000099
 -0.001085
  0.000275
  0.000530
 -0.000455
 -0.000692
  0.000355
 -0.001189
 -0.001720
  0.000479
 -0.000201
 -0.000247
 -0.000252
  0.001024
  0.000191
 -0.001005
 -0.001596
  0.000379
  0.001830
 -0.000471
 -0.000611
  0.000391
  0.000174
  0.001332
  0.000252
 -0.000603
  0.000627
  0.000372
 -0.000175
 -0.000755
 -0.000176
 -0.000027
  0.000204
 -0.001375
 -0.000172
  0.000704
 -0.000318
  0.000053
  0.000186
 -0.000158
  0.000253
  0.001421
 -0.000831
  0.000515
  0.000389
 -0.000235
  0.001444
  0.001846
 -0.001160
 -0.000162
  0.000249
  0.000218
  0.000450
  0.000095
  0.000337
  0.000216
  0.000668
  0.000040
  0.000145
  0.000280
  0.000204
