 -0.176869
 -0.179001
  0.471690
  0.735820
  0.353070
 -0.175728
  0.022637
 -0.003401
 -0.033377
  0.032106
 -0.036506
 -0.000604
 -0.036545
  0.030949
  0.026825
 -0.035386
 -0.043916
  0.014875
  0.020093
  0.020706
  0.026311
 -0.002798
  0.012905
 -0.022690
 -0.002729
  0.015690
  0.001032
  0.015921
 -0.003652
  0.007467
 -0.002827
 -0.025345
 -0.005254
  0.007522
  0.008656
 -0.001304
  0.021948
 -0.018640
 -0.002926
  0.005977
  0.003240
 -0.003532
 -0.008336
 -0.007222
  0.002015
  0.003158
  0.002436
 -0.001292
 -0.003553
 -0.004105
  0.007807
  0.004094
 -0.007684
 -0.003878
 -0.000323
  0.010355
 -0.001480
 -0.000187
 -0.002545
 -0.002884
  0.001882
 -0.005359
 -0.003807
  0.001661
 -0.006955
 -0.005461
 -0.011421
  0.004438
 -0.000537
 -0.014354
 -0.001346
  0.002521
  0.001878
 -0.000481
 -0.001080
  0.002785
  0.000400
 -0.000805
  0.000930
  0.000307
 -0.000395
  0.004296
  0.004085
 -0.000276
 -0.000350
 -0.002092
 -0.008017
  0.001103
  0.001089
  0.001867
  0.001300
 -0.007876
 -0.002527
  0.001788
 -0.002916
  0.005802
 -0.003557
 -0.000407
 -0.000150
  0.003309
  0.001813
  0.000402
  0.003007
  0.002409
  0.002615
  0.001902
  0.001353
 -0.001703
 -0.001632
 -0.000240
  0.000703
 -0.002877
 -0.004029
  0.000330
  0.001781
 -0.002676
  0.001304
 -0.002569
 -0.001589
  0.002426
  0.002186
 -0.001440
 -0.002970
  0.000324
 -0.001180
  0.001362
 -0.001197
  0.000290
  0.000656
  0.000799
  0.003072
  0.002378
  0.000890
  0.000159
  0.000333
  0.000015
 -0.000438
 -0.001491
  0.001471
 -0.000305
 -0.007052
  0.002228
  0.000209
 -0.000356
  0.000477
 -0.001649
 -0.000182
 -0.002536
  0.002822
  0.003120
 -0.003158
 -0.003524
 -0.001056
  0.000470
  0.001001
  0.000474
  0.000704
  0.000756
 -0.001421
  0.002403
  0.000815
 -0.000388
 -0.002088
  0.004852
 -0.001489
  0.000217
  0.003317
 -0.001821
  0.001372
  0.000770
  0.003019
 -0.001790
 -0.003229
  0.002235
 -0.001644
 -0.000998
 -0.002718
 -0.001769
 -0.000308
 -0.000422
  0.001734
 -0.001612
  0.000743
  0.002169
 -0.001313
 -0.000691
  0.000020
  0.000068
  0.002599
  0.003453
 -0.002814
 -0.000334
  0.001774
 -0.002341
  0.001150
 -0.000663
  0.003089
 -0.002027
 -0.003139
 -0.002613
  0.005390
  0.002924
 -0.002859
 -0.001323
 -0.002453
  0.000359
 -0.000473
  0.001384
 -0.001272
 -0.000563
 -0.000274
 -0.002305
  0.000541
 -0.001394
 -0.001440
  0.002326
 -0.001882
 -0.001568
  0.000937
  0.000208
 -0.000942
 -0.002663
 -0.002423
 -0.001792
 -0.001457
 -0.003418
 -0.000114
  0.001474
 -0.000699
  0.001645
 -0.004113
  0.000243
  0.000283
  0.003066
  0.001913
  0.000079
 -0.001672
  0.000346
 -0.000824
  0.001381
  0.001969
 -0.002029
  0.000207
  0.002822
 -0.002417
 -0.000191
  0.000064
 -0.002475
 -0.001285
  0.000136
  0.001032
  0.000217
  0.000791
  0.001295
  0.000457
  0.001154
  0.000933
  0.000357
 -0.000466
  0.000453
  0.002236
  0.001715
  0.000406
  0.002269
  0.001098
 -0.000563
  0.001786
  0.001893
  0.000176
  0.000503
  0.000329
  0.000849
 -0.001007
  0.001433
 -0.001680
  0.000547
 -0.002520
 -0.001378
 -0.000398
 -0.000397
  0.000645
 -0.000471
  0.001519
 -0.001855
 -0.000491
  0.000729
 -0.000012
  0.000126
  0.000886
 -0.000430
 -0.000398
  0.000597
  0.001080
  0.000124
 -0.000873
 -0.000164
  0.000226
  0.000441
  0.000701
 -0.000205
 -0.000512
 -0.000363
  0.000137
  0.000339
 -0.001021
  0.000475
  0.000455
 -0.000398
  0.001271
 -0.000829
 -0.000301
  0.000088
  0.000704
  0.000690
  0.000096
 -0.001393
  0.001231
  0.000464
 -0.000996
 -0.002087
 -0.001837
  0.001273
 -0.000385
 -0.000902
 -0.001799
 -0.001100
 -0.000010
  0.000192
 -0.000093
 -0.000166
 -0.000830
  0.000164
  0.000067
 -0.000389
  0.001139
 -0.000557
  0.000308
 -0.001959
 -0.000168
  0.001727
 -0.000062
 -0.000458
 -0.000779
  0.000366
 -0.000938
 -0.000557
 -0.001084
 -0.000159
 -0.000276
  0.000498
  0.000210
  0.000366
  0.000209
  0.000899
  0.000993
  0.001324
  0.000929
 -0.001095
  0.000581
  0.001026
 -0.002516
  0.000150
  0.001113
  0.000572
  0.000898
  0.000245
  0.000281
 -0.000947
  0.000173
  0.000986
  0.000288
  0.000093
 -0.001784
  0.001046
  0.000749
 -0.000301
 -0.000430
 -0.000552
  0.000449
 -0.000318
  0.000861
  0.000212
 -0.000139
 -0.000834
  0.000023
  0.001118
  0.000525
  0.001281
  0.001052
  0.000041
 -0.001312
  0.000392
  0.000694
 -0.001330
 -0.000503
 -0.000687
  0.000458
 -0.000110
  0.001832
 -0.000296
  0.000913
  0.000024
 -0.000953
  0.000745
  0.000995
  0.000281
  0.000814
  0.001592
 -0.002412
 -0.000518
 -0.000652
 -0.000253
 -0.000346
 -0.001515
 -0.000748
 -0.000050
 -0.001293
  0.000304
 -0.001503
  0.001266
  0.000928
 -0.000651
  0.000031
 -0.000409
  0.002336
  0.000359
  0.002720
  0.000058
  0.001159
 -0.003407
  0.003442
  0.001128
 -0.001091
 -0.003034
 -0.000394
 -0.000331
  0.000025
 -0.001212
  0.000030
  0.000502
 -0.001369
  0.000505
  0.000265
  0.000218
 -0.000996
  0.001257
 -0.001116
  0.000423
 -0.001870
  0.000891
 -0.001060
 -0.001414
 -0.000183
  0.001746
  0.000726
 -0.001954
  0.000995
  0.000216
  0.001399
  0.000661
  0.001122
 -0.000167
 -0.000328
 -0.001211
 -0.002518
  0.000869
 -0.000271
  0.000679
  0.000424
 -0.001557
 -0.000508
  0.000225
 -0.002253
 -0.000646
 -0.001239
 -0.002052
 -0.000701
 -0.002043
 -0.000042
  0.000383
  0.000489
 -0.001996
  0.001763
 -0.000223
  0.003953
  0.001675
  0.001499
 -0.000359
 -0.000815
 -0.000798
  0.001722
 -0.000106
  0.000724
 -0.001684
  0.000298
  0.002904
 -0.000668
 -0.001046
  0.002873
  0.000072
 -0.003045
  0.000717
 -0.000407
 -0.000146
  0.001007
  0.000957
 -0.001626
 -0.000099
 -0.000164
 -0.000892
 -0.001364
  0.001409
 -0.000444
 -0.001782
  0.000584
 -0.000420
  0.000260
  0.000472
 -0.000220
 -0.001130
  0.001416
  0.000144
 -0.000177
  0.000189
 -0.000922
 -0.000768
  0.000261
 -0.000524
  0.001858
  0.001087
  0.000276
  0.001268
  0.001690
 -0.000320
 -0.000846
  0.001572
  0.000039
  0.000210
 -0.000102
 -0.000516
  0.000552
 -0.000327
 -0.001051
  0.000563
 -0.000373
 -0.000503
 -0.000483
  0.000533
 -0.000195
 -0.000198
 -0.001004
 -0.000629
  0.001209
  0.000094
 -0.000084
  0.000134
  0.000691
 -0.000188
  0.000024
  0.001130
  0.000729
 -0.000228
  0.000285
  0.000468
  0.001619
  0.000297
  0.001351
 -0.001255
  0.001454
 -0.000117
  0.000542
  0.000797
  0.001974
 -0.000600
  0.000703
 -0.000043
  0.000240
 -0.000696
 -0.003841
 -0.000012
 -0.000236
  0.001083
 -0.000556
  0.000302
 -0.000020
 -0.000159
 -0.000460
  0.000136
 -0.001669
  0.001090
 -0.000344
  0.000053
  0.000167
  0.000543
  0.001007
  0.001294
 -0.000897
  0.001439
 -0.000813
  0.000138
 -0.000090
  0.000455
 -0.000576
  0.000175
 -0.000218
 -0.000425
  0.000217
 -0.000956
 -0.001080
  0.000856
 -0.001186
  0.000212
 -0.000865
 -0.001323
 -0.000192
 -0.000739
  0.001192
  0.000077
  0.000438
  0.000240
  0.001096
 -0.000578
  0.001027
  0.000181
  0.000539
 -0.000426
  0.000552
 -0.000259
  0.001136
 -0.000477
 -0.000541
 -0.000107
  0.000140
 -0.000408
  0.000074
  0.000202
  0.000014
 -0.000162
  0.000460
  0.000030
 -0.000624
  0.000663
  0.000135
 -0.000352
  0.000060
 -0.000662
  0.000116
 -0.000222
  0.000096
  0.001578
  0.000706
  0.000179
  0.000336
 -0.000124
 -0.000150
  0.001023
 -0.000598
  0.001100
 -0.000032
 -0.000034
 -0.000002
  0.000707
 -0.000470
  0.001042
  0.000038
 -0.000201
  0.000957
  0.000898
  0.001044
 -0.000694
 -0.000518
 -0.000993
 -0.000057
 -0.001287
 -0.000664
 -0.001846
 -0.000158
  0.000323
 -0.000467
 -0.001148
 -0.000029
  0.000508
 -0.000057
  0.000184
  0.000579
  0.000185
  0.000243
 -0.000077
 -0.000475
 -0.000641
 -0.001970
  0.000424
 -0.000294
 -0.000287
  0.000666
  0.000028
  0.000017
 -0.000171
  0.000978
 -0.000168
  0.000156
 -0.000064
  0.001242
  0.001114
 -0.000094
  0.000237
 -0.000107
  0.001766
  0.000895
  0.000458
 -0.001189
  0.000617
 -0.000395
 -0.000234
 -0.001145
 -0.000234
  0.000799
  0.000088
  0.000700
  0.000487
 -0.000251
  0.000407
 -0.000718
 -0.000092
 -0.000433
 -0.000960
  0.000357
  0.000394
 -0.000680
  0.000931
  0.000957
  0.000237
 -0.000301
  0.000254
  0.000250
  0.000128
 -0.001064
 -0.000551
 -0.000460
 -0.000495
  0.000336
  0.000314
 -0.000363
  0.000225
 -0.001338
  0.000021
  0.000356
  0.000347
  0.001877
 -0.000775
 -0.000153
 -0.001175
  0.000309
 -0.000449
 -0.000353
 -0.000321
  0.000343
  0.000863
  0.001694
 -0.000654
 -0.000656
  0.000280
 -0.000390
  0.000754
  0.000508
  0.001156
  0.000059
 -0.000653
 -0.000479
 -0.000686
 -0.000591
  0.000798
 -0.000133
 -0.000573
  0.000430
  0.001636
 -0.000262
 -0.000294
  0.000322
  0.000851
 -0.000617
 -0.000020
 -0.001273
  0.000238
 -0.000562
 -0.000047
 -0.000119
  0.000627
  0.000828
 -0.000040
 -0.000245
 -0.000283
 -0.001353
  0.000472
  0.000236
  0.000708
 -0.000068
 -0.000025
  0.000306
 -0.000101
  0.000375
  0.000074
  0.000096
 -0.000224
  0.000044
 -0.000265
  0.000081
 -0.000272
 -0.000138
  0.000200
 -0.000100
 -0.000090
 -0.000153
  0.000018
  0.000144
 -0.000191
  0.000111
  0.000040
  0.000200
  0.000109
  0.000192
  0.000140
  0.000026
  0.000214
 -0.000144
