  0.014590
 -0.162058
  0.288385
  0.231893
  0.897829
  0.035395
  0.029079
  0.091982
 -0.011013
  0.042471
  0.011426
 -0.083605
  0.030161
  0.038397
 -0.027681
 -0.029562
  0.003134
 -0.004940
  0.005040
 -0.000816
 -0.014516
  0.016476
  0.013609
  0.001379
  0.008361
 -0.012274
 -0.004218
 -0.011002
 -0.025360
 -0.017486
 -0.005022
  0.015158
 -0.007650
 -0.031675
  0.014361
 -0.020860
 -0.001400
  0.001962
  0.009401
 -0.014443
 -0.005518
 -0.011673
 -0.010111
 -0.006519
 -0.001976
  0.004829
 -0.002119
 -0.003881
  0.001123
  0.002159
 -0.002464
  0.001063
 -0.007393
 -0.001579
  0.004530
  0.004109
 -0.003276
  0.000012
 -0.003025
  0.002364
 -0.004632
 -0.001801
 -0.002335
  0.005054
 -0.001756
 -0.006239
 -0.008737
  0.006357
 -0.004293
  0.008599
  0.004425
  0.002020
 -0.002922
 -0.003274
  0.001122
 -0.002395
  0.003121
  0.007896
 -0.003562
  0.003679
 -0.004782
  0.006126
  0.000713
 -0.001049
  0.008982
  0.002905
  0.001651
 -0.000072
 -0.002421
  0.000011
 -0.003978
 -0.004769
 -0.000413
  0.001163
  0.003391
 -0.005237
  0.002444
 -0.004030
  0.002171
  0.000023
 -0.003484
 -0.005332
 -0.000172
  0.006086
 -0.004872
  0.005100
 -0.000991
  0.007758
 -0.000580
 -0.002881
 -0.000909
 -0.007688
 -0.004002
  0.000398
 -0.000918
 -0.005170
 -0.000007
  0.001278
 -0.002029
  0.001052
  0.004299
  0.001132
  0.002327
  0.009218
 -0.003145
 -0.004725
 -0.000576
  0.005376
 -0.002446
  0.001089
 -0.000430
 -0.002257
  0.000779
 -0.000473
  0.003875
  0.000915
  0.001306
  0.000818
 -0.002132
 -0.000825
  0.003580
 -0.000612
  0.004057
  0.003769
  0.003556
 -0.003338
  0.004919
  0.000949
  0.000275
  0.000296
  0.000031
 -0.001801
 -0.000998
  0.003775
  0.003302
 -0.001603
 -0.001171
 -0.000909
  0.000048
 -0.002403
  0.002828
  0.003973
 -0.001739
 -0.001197
 -0.006443
  0.002908
  0.002390
 -0.000969
  0.001380
 -0.000196
  0.001629
 -0.000501
 -0.002608
  0.001562
 -0.002861
 -0.001352
 -0.000893
 -0.001721
 -0.000715
  0.003998
  0.002072
  0.000654
  0.004985
 -0.003543
  0.000231
  0.001597
  0.000161
 -0.001505
 -0.001846
 -0.001989
 -0.001369
  0.000226
 -0.000324
 -0.000040
 -0.001807
  0.000497
  0.000788
 -0.001868
  0.000016
  0.000934
 -0.000592
 -0.002692
  0.001695
  0.002154
 -0.000322
  0.000626
 -0.004874
 -0.001808
  0.002008
  0.001784
 -0.000072
 -0.000328
 -0.000125
 -0.003135
 -0.000286
  0.001638
  0.000005
 -0.000517
 -0.001191
 -0.000431
  0.000509
  0.001045
  0.002186
 -0.001375
  0.000584
  0.000060
 -0.001641
 -0.000890
 -0.000997
  0.002429
  0.001956
  0.000587
 -0.000118
  0.000863
  0.000853
  0.000784
  0.001615
 -0.001204
 -0.001381
  0.000099
 -0.000884
  0.001699
  0.000071
 -0.001410
 -0.000300
  0.000113
 -0.001308
  0.001428
  0.001250
 -0.000790
  0.001106
 -0.001331
  0.000711
  0.003228
 -0.000792
 -0.000071
  0.000968
  0.001125
  0.000988
  0.000515
  0.001560
  0.002839
 -0.001952
 -0.000047
 -0.000817
 -0.001197
 -0.000004
  0.002223
 -0.001736
  0.001372
 -0.002387
  0.000299
 -0.004652
 -0.002249
  0.000953
 -0.001081
  0.002355
  0.002212
 -0.000329
  0.002168
  0.000116
  0.002755
 -0.001118
  0.002648
 -0.001048
  0.001788
  0.001879
 -0.001385
  0.000681
  0.000439
 -0.000411
 -0.000598
  0.000138
  0.000300
 -0.001063
 -0.005265
 -0.001181
  0.001478
  0.001223
  0.001232
 -0.001836
  0.000109
 -0.000471
 -0.001746
  0.000041
 -0.000908
  0.000188
  0.001042
  0.001685
  0.000760
  0.000049
  0.000633
  0.000145
 -0.000480
  0.000380
 -0.000157
 -0.000178
  0.000717
 -0.000103
 -0.000260
 -0.000382
  0.000249
  0.000279
  0.000780
 -0.000085
  0.000921
 -0.001386
  0.000616
 -0.000272
  0.000057
  0.000165
 -0.001214
 -0.000226
  0.000018
  0.000929
  0.000274
 -0.000153
 -0.000520
  0.000062
  0.000181
 -0.000618
  0.001254
  0.000956
  0.000969
 -0.001555
 -0.000774
  0.000785
  0.000749
  0.000856
 -0.000290
  0.000604
 -0.000014
  0.000264
  0.000199
  0.000452
  0.000110
 -0.001246
  0.000548
  0.000494
 -0.000622
 -0.000592
  0.000434
 -0.001501
  0.000069
  0.000180
  0.000273
  0.001727
 -0.000668
 -0.000368
 -0.000009
  0.000163
 -0.000359
  0.000076
 -0.001486
 -0.000596
  0.000708
 -0.000541
 -0.001200
 -0.001129
 -0.000117
 -0.002502
 -0.000574
 -0.000542
  0.000420
  0.001697
 -0.000078
 -0.000078
 -0.001456
 -0.000165
  0.001649
  0.002432
 -0.001954
  0.001048
  0.000005
  0.000298
 -0.001829
  0.000506
 -0.000723
 -0.000908
 -0.000150
  0.000469
  0.000373
 -0.001663
  0.000479
  0.000478
  0.000985
  0.000488
  0.000118
 -0.001026
  0.000185
  0.000138
  0.000071
  0.000102
  0.000223
  0.000451
 -0.000949
  0.000217
 -0.001242
  0.000109
 -0.000334
  0.002190
 -0.000750
  0.001977
  0.000206
 -0.000486
  0.000136
 -0.000323
  0.001407
  0.000805
 -0.000766
  0.000193
 -0.002134
  0.000621
  0.001047
 -0.000148
 -0.000763
 -0.000783
  0.000873
  0.000684
 -0.000960
 -0.000764
 -0.000123
  0.000204
 -0.001112
  0.000219
 -0.001513
  0.001623
  0.000224
 -0.000352
  0.000531
  0.000510
  0.000112
  0.001400
 -0.000231
  0.000542
 -0.000539
  0.001097
  0.000082
 -0.000111
  0.000252
 -0.001397
 -0.000370
  0.001088
  0.000858
  0.001657
  0.001007
 -0.001106
  0.000783
  0.001389
  0.000821
  0.000030
  0.000105
 -0.001780
  0.000266
  0.000234
 -0.000282
  0.001163
 -0.000301
  0.000036
  0.000487
  0.000786
  0.001686
  0.000557
 -0.000229
  0.000425
  0.000197
  0.000350
 -0.000815
  0.000217
 -0.001304
 -0.000821
  0.000411
 -0.000737
 -0.000279
 -0.000375
  0.000067
  0.000097
  0.001555
  0.000141
  0.000082
 -0.000190
  0.000567
 -0.000278
  0.000307
  0.000017
 -0.000348
  0.000194
 -0.000173
  0.000237
 -0.000241
 -0.000117
  0.000516
  0.000556
 -0.000100
  0.001116
 -0.000785
 -0.000218
  0.000455
 -0.000502
 -0.000039
  0.000653
  0.000968
 -0.000774
 -0.000048
  0.000738
 -0.001250
  0.000472
  0.000418
  0.001697
 -0.000470
  0.000146
  0.000868
 -0.000732
 -0.000537
 -0.000667
  0.001287
 -0.000946
  0.000436
  0.000356
  0.000523
 -0.000214
 -0.000928
 -0.001817
 -0.000144
  0.000546
 -0.001113
  0.000035
  0.000110
  0.000438
 -0.000440
 -0.000429
 -0.000752
 -0.000199
  0.000037
  0.000070
  0.000055
 -0.000573
 -0.000413
 -0.000258
  0.000036
 -0.000691
 -0.000661
  0.000041
  0.001063
  0.000876
 -0.000167
  0.000389
  0.001491
  0.000282
 -0.000026
  0.000182
  0.001125
  0.000285
 -0.000155
  0.000621
 -0.000517
  0.000276
  0.000085
 -0.000709
 -0.000255
  0.000665
  0.000430
 -0.000326
  0.000762
  0.000353
 -0.000901
 -0.000921
 -0.000807
  0.000466
 -0.000702
 -0.000600
 -0.000995
 -0.000164
  0.001006
  0.001091
  0.000403
 -0.000373
 -0.000059
  0.000699
  0.000511
 -0.000668
  0.000713
 -0.000153
  0.000306
  0.001332
 -0.000480
  0.000404
  0.000278
 -0.000578
 -0.000450
  0.000384
 -0.000597
 -0.000651
  0.000056
  0.000014
  0.000109
  0.000062
 -0.000076
  0.000560
 -0.000392
  0.000362
  0.000024
  0.000116
 -0.000024
 -0.000235
 -0.000120
  0.000550
 -0.000486
  0.000328
  0.000420
  0.000689
 -0.000059
 -0.000224
  0.000812
 -0.000159
 -0.000235
 -0.000252
 -0.000052
 -0.000148
 -0.000376
  0.000123
 -0.000891
 -0.000005
 -0.000754
  0.000094
 -0.000141
 -0.000066
 -0.000789
  0.000353
  0.000034
 -0.000190
 -0.000806
  0.001755
  0.000427
  0.000282
 -0.001210
  0.000068
  0.001019
 -0.000034
  0.000578
  0.000067
  0.000869
  0.000442
 -0.000323
  0.000438
 -0.000265
 -0.000054
  0.000291
  0.000155
 -0.000418
  0.000053
 -0.000393
  0.000160
  0.000012
  0.000282
 -0.000547
 -0.001110
 -0.000531
  0.000155
 -0.000060
 -0.000480
  0.000365
  0.000650
 -0.000297
  0.000194
  0.001015
 -0.000540
 -0.000071
 -0.000180
  0.000339
 -0.000042
 -0.000653
 -0.000698
  0.000452
  0.000293
 -0.001305
  0.000602
  0.000258
 -0.000647
 -0.000339
  0.000135
  0.000870
 -0.000335
  0.000076
  0.000202
  0.000208
  0.000161
  0.000055
  0.000439
  0.000083
  0.000381
 -0.000400
  0.000251
 -0.000444
  0.001206
 -0.000605
  0.000408
 -0.000471
  0.000223
  0.000132
 -0.000573
 -0.000201
  0.000591
  0.000301
 -0.000330
  0.000066
 -0.000406
  0.001010
  0.000684
  0.000340
  0.000105
  0.000483
  0.000014
 -0.000377
 -0.000152
 -0.000290
  0.000356
  0.000277
  0.000015
 -0.000329
 -0.000225
  0.000139
  0.000166
 -0.000025
  0.001044
 -0.000772
 -0.000199
 -0.002025
 -0.001268
 -0.001686
  0.000147
  0.000234
 -0.000751
 -0.001026
  0.000412
  0.000528
  0.000383
 -0.000477
  0.000355
  0.000789
  0.000583
  0.000327
 -0.000500
  0.000585
  0.000220
  0.000280
 -0.000259
  0.000157
  0.000023
 -0.000166
 -0.000037
 -0.000183
  0.000401
 -0.000305
 -0.000030
  0.000144
  0.000290
 -0.000585
  0.000416
  0.000054
  0.000275
 -0.000443
 -0.000059
 -0.000377
  0.000233
  0.000067
  0.000124
 -0.000359
 -0.000448
 -0.000083
 -0.000300
 -0.000137
 -0.000099
 -0.000031
 -0.000029
 -0.000163
 -0.000160
  0.000134
 -0.000555
 -0.000075
 -0.000096
  0.000022
 -0.000017
 -0.000091
  0.000075
  0.000066
 -0.001037
  0.000406
 -0.000592
  0.000135
  0.000731
  0.000067
  0.000466
  0.000106
 -0.000221
  0.000016
  0.000029
 -0.000152
  0.000103
  0.000030
  0.000031
 -0.000084
  0.000158
 -0.000020
  0.000000
